	45.00000000	2.8781		1.38826     0.2    0.2		4.1705503158		-1.0
	90.00000000	2.94169		1.60011     0.2    0.2		4.1705503158		-1.0
	135.00000000	3.04376		1.55588     0.2    0.2		4.1705503158		-1.0
	180.00000000	2.87337		1.24767     0.2    0.2		4.1705503158		-1.0
	225.00000000	2.81722		1.07511     0.2    0.2		4.1705503158		-1.0
	270.00000000	2.95477		0.69047     0.2    0.2		4.1705503158		-1.0
	315.00000000	2.95043		0.19464     0.2    0.2		4.1705503158		-1.0
	360.00000000	2.85213		0.19321     0.2    0.2		4.1705503158		-1.0
	405.00000000	2.95657		-0.06313     0.2    0.2		4.1705503158		-1.0
	450.00000000	2.94405		-0.02668     0.2    0.2		4.1705503158		-1.0
	495.00000000	3.06448		-0.14952     0.2    0.2		4.1705503158		-1.0
	540.00000000	2.91951		-0.32977     0.2    0.2		4.1705503158		-1.0
	585.00000000	2.90745		-0.78818     0.2    0.2		4.1705503158		-1.0
	630.00000000	2.88208		-0.91448     0.2    0.2		4.1705503158		-1.0
	675.00000000	2.94695		-1.27567     0.2    0.2		4.1705503158		-1.0
	720.00000000	2.87941		-1.59039     0.2    0.2		4.1705503158		-1.0
	765.00000000	2.9683		-1.34261     0.2    0.2		4.1705503158		-1.0
	810.00000000	2.85984		-1.41129     0.2    0.2		4.1705503158		-1.0
	855.00000000	2.88565		-0.98536     0.2    0.2		4.1705503158		-1.0
	900.00000000	2.85546		-1.05842     0.2    0.2		4.1705503158		-1.0
	945.00000000	2.83952		-1.00751     0.2    0.2		4.1705503158		-1.0
	990.00000000	2.75448		-1.45861     0.2    0.2		4.1705503158		-1.0
	1035.00000000	2.89096		-1.58056     0.2    0.2		4.1705503158		-1.0
	1080.00000000	2.9734		-1.85859     0.2    0.2		4.1705503158		-1.0
	1125.00000000	3.03126		-2.18129     0.2    0.2		4.1705503158		-1.0
	1170.00000000	2.85681		-2.34516     0.2    0.2		4.1705503158		-1.0
	1215.00000000	2.92415		-2.63895     0.2    0.2		4.1705503158		-1.0
	1260.00000000	2.95138		-3.04136     0.2    0.2		4.1705503158		-1.0
	1305.00000000	2.85541		3.02994     0.2    0.2		4.1705503158		-1.0
	1350.00000000	2.88347		2.37339     0.2    0.2		4.1705503158		-1.0
	1395.00000000	3.06723		2.19077     0.2    0.2		4.1705503158		-1.0
	1440.00000000	2.75878		2.08809     0.2    0.2		4.1705503158		-1.0
	1485.00000000	2.94983		1.98074     0.2    0.2		4.1705503158		-1.0
	1530.00000000	2.78679		1.76709     0.2    0.2		4.1705503158		-1.0
	1575.00000000	3.00451		2.09587     0.2    0.2		4.1705503158		-1.0
	1620.00000000	2.9399		1.89103     0.2    0.2		4.1705503158		-1.0
	1665.00000000	2.99013		1.9326     0.2    0.2		4.1705503158		-1.0
	1710.00000000	3.02312		1.91146     0.2    0.2		4.1705503158		-1.0
	1755.00000000	2.95535		1.89762     0.2    0.2		4.1705503158		-1.0
	1800.00000000	3.06262		1.79447     0.2    0.2		4.1705503158		-1.0
	1845.00000000	2.90212		1.27043     0.2    0.2		4.1705503158		-1.0
	1890.00000000	2.87154		0.86275     0.2    0.2		4.1705503158		-1.0
	1935.00000000	2.87879		0.58635     0.2    0.2		4.1705503158		-1.0
	1980.00000000	2.89859		0.60126     0.2    0.2		4.1705503158		-1.0
	2025.00000000	3.01393		0.54884     0.2    0.2		4.1705503158		-1.0
	2070.00000000	3.07306		0.41636     0.2    0.2		4.1705503158		-1.0
	2115.00000000	3.05326		0.60984     0.2    0.2		4.1705503158		-1.0
	2160.00000000	2.86243		0.56769     0.2    0.2		4.1705503158		-1.0
	2205.00000000	2.93346		0.93731     0.2    0.2		4.1705503158		-1.0
	2250.00000000	2.98233		0.82334     0.2    0.2		4.1705503158		-1.0
	2295.00000000	3.10978		1.31086     0.2    0.2		4.1705503158		-1.0
	2340.00000000	2.95704		1.37631     0.2    0.2		4.1705503158		-1.0
	2385.00000000	2.87614		1.41666     0.2    0.2		4.1705503158		-1.0
	2430.00000000	2.88624		1.39865     0.2    0.2		4.1705503158		-1.0
	2475.00000000	2.96174		1.01572     0.2    0.2		4.1705503158		-1.0
	2520.00000000	3.00337		0.89846     0.2    0.2		4.1705503158		-1.0
	2565.00000000	2.86876		0.99125     0.2    0.2		4.1705503158		-1.0
	2610.00000000	3.18626		1.07994     0.2    0.2		4.1705503158		-1.0
	2655.00000000	2.89859		1.25306     0.2    0.2		4.1705503158		-1.0
	2700.00000000	2.99368		1.35259     0.2    0.2		4.1705503158		-1.0
	2745.00000000	2.85104		1.29863     0.2    0.2		4.1705503158		-1.0
	2790.00000000	3.09889		0.79711     0.2    0.2		4.1705503158		-1.0
	2835.00000000	3.19809		0.76523     0.2    0.2		4.1705503158		-1.0
	2880.00000000	2.72478		1.01578     0.2    0.2		4.1705503158		-1.0
	2925.00000000	2.75239		0.9193     0.2    0.2		4.1705503158		-1.0
	2970.00000000	2.9481		1.06221     0.2    0.2		4.1705503158		-1.0
	3015.00000000	3.32269		1.21441     0.2    0.2		4.1705503158		-1.0
	3060.00000000	3.17328		1.34251     0.2    0.2		4.1705503158		-1.0
	3105.00000000	2.84152		1.47647     0.2    0.2		4.1705503158		-1.0
	3150.00000000	3.02961		1.60227     0.2    0.2		4.1705503158		-1.0
	3195.00000000	3.21358		1.84939     0.2    0.2		4.1705503158		-1.0
	3240.00000000	3.06952		2.19213     0.2    0.2		4.1705503158		-1.0
	3285.00000000	2.8104		2.29671     0.2    0.2		4.1705503158		-1.0
	3330.00000000	2.86147		2.88718     0.2    0.2		4.1705503158		-1.0
	3375.00000000	2.94307		-2.93685     0.2    0.2		4.1705503158		-1.0
	3420.00000000	3.01953		-2.65931     0.2    0.2		4.1705503158		-1.0
	3465.00000000	2.83688		-2.57074     0.2    0.2		4.1705503158		-1.0
	3510.00000000	2.83093		-2.13898     0.2    0.2		4.1705503158		-1.0
	3555.00000000	2.993		-1.83404     0.2    0.2		4.1705503158		-1.0
	3600.00000000	3.03851		-1.50081     0.2    0.2		4.1705503158		-1.0
	3645.00000000	3.11989		-1.69229     0.2    0.2		4.1705503158		-1.0
	3690.00000000	3.09127		-1.81149     0.2    0.2		4.1705503158		-1.0
	3735.00000000	2.92861		-2.01778     0.2    0.2		4.1705503158		-1.0
	3780.00000000	2.79652		-2.26269     0.2    0.2		4.1705503158		-1.0
	3825.00000000	2.80019		-2.21421     0.2    0.2		4.1705503158		-1.0
	3870.00000000	2.83905		-2.4981     0.2    0.2		4.1705503158		-1.0
	3915.00000000	2.87922		-2.92357     0.2    0.2		4.1705503158		-1.0
	3960.00000000	3.00904		2.91565     0.2    0.2		4.1705503158		-1.0
	4005.00000000	2.92325		2.37024     0.2    0.2		4.1705503158		-1.0
	4050.00000000	2.97178		2.70691     0.2    0.2		4.1705503158		-1.0
	4095.00000000	2.78934		3.13762     0.2    0.2		4.1705503158		-1.0
	4140.00000000	2.85534		-2.62271     0.2    0.2		4.1705503158		-1.0
	4185.00000000	2.81584		-2.83471     0.2    0.2		4.1705503158		-1.0
	4230.00000000	2.90971		-2.92914     0.2    0.2		4.1705503158		-1.0
	4275.00000000	2.87814		3.10518     0.2    0.2		4.1705503158		-1.0
	4320.00000000	2.99404		3.09906     0.2    0.2		4.1705503158		-1.0
	4365.00000000	2.87235		2.73431     0.2    0.2		4.1705503158		-1.0
	4410.00000000	2.81548		2.82942     0.2    0.2		4.1705503158		-1.0
	4455.00000000	2.89573		2.5311     0.2    0.2		4.1705503158		-1.0
	4500.00000000	2.87145		2.52755     0.2    0.2		4.1705503158		-1.0
	4545.00000000	2.91585		2.57464     0.2    0.2		4.1705503158		-1.0
	4590.00000000	3.0107		2.75183     0.2    0.2		4.1705503158		-1.0
	4635.00000000	2.91079		3.05352     0.2    0.2		4.1705503158		-1.0
	4680.00000000	2.90232		-2.93786     0.2    0.2		4.1705503158		-1.0
	4725.00000000	2.96213		-2.7248     0.2    0.2		4.1705503158		-1.0
	4770.00000000	2.97878		-2.52176     0.2    0.2		4.1705503158		-1.0
	4815.00000000	2.9829		-2.32857     0.2    0.2		4.1705503158		-1.0
	4860.00000000	2.77689		-2.20278     0.2    0.2		4.1705503158		-1.0
	4905.00000000	2.91336		-2.05475     0.2    0.2		4.1705503158		-1.0
	4950.00000000	2.87365		-1.9217     0.2    0.2		4.1705503158		-1.0
	4995.00000000	2.82316		-1.62373     0.2    0.2		4.1705503158		-1.0
	5040.00000000	3.07153		-1.46967     0.2    0.2		4.1705503158		-1.0
	5085.00000000	2.97057		-0.96103     0.2    0.2		4.1705503158		-1.0
	5130.00000000	2.88783		-0.63385     0.2    0.2		4.1705503158		-1.0
	5175.00000000	3.01367		-0.49534     0.2    0.2		4.1705503158		-1.0
	5220.00000000	2.95276		-0.40532     0.2    0.2		4.1705503158		-1.0
	5265.00000000	3.04023		-0.32743     0.2    0.2		4.1705503158		-1.0
	5310.00000000	2.93999		-0.71996     0.2    0.2		4.1705503158		-1.0
	5355.00000000	2.98626		-0.34595     0.2    0.2		4.1705503158		-1.0
	5400.00000000	3.01929		-0.74465     0.2    0.2		4.1705503158		-1.0
	5445.00000000	3.03344		-0.54524     0.2    0.2		4.1705503158		-1.0
	5490.00000000	3.03067		-0.86697     0.2    0.2		4.1705503158		-1.0
	5535.00000000	2.88186		-1.26683     0.2    0.2		4.1705503158		-1.0
	5580.00000000	2.91577		-1.17552     0.2    0.2		4.1705503158		-1.0
	5625.00000000	3.11822		-1.2162     0.2    0.2		4.1705503158		-1.0
	5670.00000000	2.74909		-1.05399     0.2    0.2		4.1705503158		-1.0
	5715.00000000	2.77239		-0.4856     0.2    0.2		4.1705503158		-1.0
	5760.00000000	3.06538		-0.76445     0.2    0.2		4.1705503158		-1.0
	5805.00000000	3.25581		-0.31857     0.2    0.2		4.1705503158		-1.0
	5850.00000000	3.04182		-0.6964     0.2    0.2		4.1705503158		-1.0
	5895.00000000	2.82439		-0.44361     0.2    0.2		4.1705503158		-1.0
	5940.00000000	2.85063		-0.65426     0.2    0.2		4.1705503158		-1.0
	5985.00000000	2.789		-0.90595     0.2    0.2		4.1705503158		-1.0
	6030.00000000	2.75439		-0.65222     0.2    0.2		4.1705503158		-1.0
	6075.00000000	2.77363		-1.14755     0.2    0.2		4.1705503158		-1.0
	6120.00000000	2.77344		-1.53266     0.2    0.2		4.1705503158		-1.0
	6165.00000000	3.22791		-1.49148     0.2    0.2		4.1705503158		-1.0
	6210.00000000	2.84767		-1.72051     0.2    0.2		4.1705503158		-1.0
	6255.00000000	3.12549		-1.86366     0.2    0.2		4.1705503158		-1.0
	6300.00000000	2.78235		-1.81915     0.2    0.2		4.1705503158		-1.0
	6345.00000000	2.97011		-1.7902     0.2    0.2		4.1705503158		-1.0
	6390.00000000	3.24261		-1.85148     0.2    0.2		4.1705503158		-1.0
	6435.00000000	2.91891		-1.80752     0.2    0.2		4.1705503158		-1.0
	6480.00000000	3.00317		-2.1001     0.2    0.2		4.1705503158		-1.0
	6525.00000000	3.00504		-2.09252     0.2    0.2		4.1705503158		-1.0
	6570.00000000	2.79563		-2.50848     0.2    0.2		4.1705503158		-1.0
	6615.00000000	3.08579		-2.56182     0.2    0.2		4.1705503158		-1.0
	6660.00000000	2.90553		-2.73839     0.2    0.2		4.1705503158		-1.0
	6705.00000000	2.94263		-3.09378     0.2    0.2		4.1705503158		-1.0
	6750.00000000	2.83374		3.04201     0.2    0.2		4.1705503158		-1.0
	6795.00000000	3.00771		2.91453     0.2    0.2		4.1705503158		-1.0
	6840.00000000	3.33399		3.03047     0.2    0.2		4.1705503158		-1.0
	6885.00000000	3.11614		3.02721     0.2    0.2		4.1705503158		-1.0
	6930.00000000	3.16095		-2.87237     0.2    0.2		4.1705503158		-1.0
	6975.00000000	2.64769		-2.95019     0.2    0.2		4.1705503158		-1.0
	7020.00000000	3.01604		-2.61883     0.2    0.2		4.1705503158		-1.0
	7065.00000000	3.17971		-2.95038     0.2    0.2		4.1705503158		-1.0
	7110.00000000	2.65518		-2.55636     0.2    0.2		4.1705503158		-1.0
	7155.00000000	2.94157		-2.94294     0.2    0.2		4.1705503158		-1.0
	7200.00000000	3.3342		-2.90735     0.2    0.2		4.1705503158		-1.0
	7245.00000000	3.30091		3.09365     0.2    0.2		4.1705503158		-1.0
	7290.00000000	2.87422		-3.09232     0.2    0.2		4.1705503158		-1.0
	7335.00000000	2.85654		2.89005     0.2    0.2		4.1705503158		-1.0
	7380.00000000	3.17499		2.62329     0.2    0.2		4.1705503158		-1.0
	7425.00000000	2.97111		2.22219     0.2    0.2		4.1705503158		-1.0
	7470.00000000	2.8723		2.26782     0.2    0.2		4.1705503158		-1.0
	7515.00000000	2.92007		2.50553     0.2    0.2		4.1705503158		-1.0
	7560.00000000	2.73087		2.87818     0.2    0.2		4.1705503158		-1.0
	7605.00000000	2.87655		-2.92476     0.2    0.2		4.1705503158		-1.0
	7650.00000000	2.71962		-2.59532     0.2    0.2		4.1705503158		-1.0
	7695.00000000	3.20256		-2.40396     0.2    0.2		4.1705503158		-1.0
	7740.00000000	3.11698		-2.17086     0.2    0.2		4.1705503158		-1.0
	7785.00000000	2.62215		-1.86835     0.2    0.2		4.1705503158		-1.0
	7830.00000000	3.06778		-1.83715     0.2    0.2		4.1705503158		-1.0
	7875.00000000	2.84431		-1.62364     0.2    0.2		4.1705503158		-1.0
	7920.00000000	2.78589		-1.49112     0.2    0.2		4.1705503158		-1.0
	7965.00000000	2.95214		-1.19873     0.2    0.2		4.1705503158		-1.0
	8010.00000000	3.16169		-1.19168     0.2    0.2		4.1705503158		-1.0
	8055.00000000	3.14288		-1.22155     0.2    0.2		4.1705503158		-1.0
	8100.00000000	3.11944		-0.98851     0.2    0.2		4.1705503158		-1.0
	8145.00000000	3.15941		-0.95125     0.2    0.2		4.1705503158		-1.0
	8190.00000000	2.67563		-1.07264     0.2    0.2		4.1705503158		-1.0
	8235.00000000	2.86007		-1.26721     0.2    0.2		4.1705503158		-1.0
	8280.00000000	2.79986		-1.27454     0.2    0.2		4.1705503158		-1.0
	8325.00000000	3.06076		-1.15351     0.2    0.2		4.1705503158		-1.0
	8370.00000000	3.03182		-1.58062     0.2    0.2		4.1705503158		-1.0
	8415.00000000	3.13731		-1.36529     0.2    0.2		4.1705503158		-1.0
	8460.00000000	3.07119		-1.41561     0.2    0.2		4.1705503158		-1.0
	8505.00000000	3.27047		-1.30751     0.2    0.2		4.1705503158		-1.0
	8550.00000000	2.88428		-1.47144     0.2    0.2		4.1705503158		-1.0
	8595.00000000	2.72288		-1.1865     0.2    0.2		4.1705503158		-1.0
	8640.00000000	3.16735		-1.3715     0.2    0.2		4.1705503158		-1.0
	8685.00000000	2.65685		-1.70715     0.2    0.2		4.1705503158		-1.0
	8730.00000000	2.79661		-2.23565     0.2    0.2		4.1705503158		-1.0
	8775.00000000	2.87135		-2.53592     0.2    0.2		4.1705503158		-1.0
	8820.00000000	3.3301		-2.85875     0.2    0.2		4.1705503158		-1.0
	8865.00000000	3.27688		-2.98443     0.2    0.2		4.1705503158		-1.0
	8910.00000000	3.17615		3.07116     0.2    0.2		4.1705503158		-1.0
	8955.00000000	2.95352		-3.12315     0.2    0.2		4.1705503158		-1.0
	9000.00000000	2.84596		2.70387     0.2    0.2		4.1705503158		-1.0
	9045.00000000	2.79403		2.24283     0.2    0.2		4.1705503158		-1.0
	9090.00000000	2.75379		1.83597     0.2    0.2		4.1705503158		-1.0
	9135.00000000	2.74731		1.65534     0.2    0.2		4.1705503158		-1.0
	9180.00000000	2.83558		1.60407     0.2    0.2		4.1705503158		-1.0
	9225.00000000	2.95818		1.49933     0.2    0.2		4.1705503158		-1.0
	9270.00000000	3.17841		1.68398     0.2    0.2		4.1705503158		-1.0
	9315.00000000	3.23284		1.89439     0.2    0.2		4.1705503158		-1.0
	9360.00000000	2.93134		2.18748     0.2    0.2		4.1705503158		-1.0
	9405.00000000	2.69203		2.60233     0.2    0.2		4.1705503158		-1.0
	9450.00000000	2.8474		2.77965     0.2    0.2		4.1705503158		-1.0
	9495.00000000	3.33547		2.76123     0.2    0.2		4.1705503158		-1.0
	9540.00000000	3.0075		2.72899     0.2    0.2		4.1705503158		-1.0
	9585.00000000	2.86504		2.74787     0.2    0.2		4.1705503158		-1.0
	9630.00000000	2.95635		2.40688     0.2    0.2		4.1705503158		-1.0
	9675.00000000	3.14708		2.34801     0.2    0.2		4.1705503158		-1.0
	9720.00000000	3.13422		2.34101     0.2    0.2		4.1705503158		-1.0
	9765.00000000	2.97431		2.47991     0.2    0.2		4.1705503158		-1.0
	9810.00000000	2.94398		2.88589     0.2    0.2		4.1705503158		-1.0
	9855.00000000	2.82856		-2.78713     0.2    0.2		4.1705503158		-1.0
	9900.00000000	2.90108		-2.59952     0.2    0.2		4.1705503158		-1.0
	9945.00000000	2.80335		-2.62951     0.2    0.2		4.1705503158		-1.0
	9990.00000000	3.11041		-2.53397     0.2    0.2		4.1705503158		-1.0
	10035.00000000	3.13691		-2.33907     0.2    0.2		4.1705503158		-1.0
	10080.00000000	3.23395		-2.11144     0.2    0.2		4.1705503158		-1.0
	10125.00000000	3.25987		-2.07264     0.2    0.2		4.1705503158		-1.0
	10170.00000000	3.30272		-1.81795     0.2    0.2		4.1705503158		-1.0
	10215.00000000	3.30826		-1.59721     0.2    0.2		4.1705503158		-1.0
	10260.00000000	3.29366		-1.26108     0.2    0.2		4.1705503158		-1.0
	10305.00000000	3.25989		-1.10511     0.2    0.2		4.1705503158		-1.0
	10350.00000000	3.21658		-0.73028     0.2    0.2		4.1705503158		-1.0
	10395.00000000	3.22259		-0.43648     0.2    0.2		4.1705503158		-1.0
	10440.00000000	2.80105		-0.40348     0.2    0.2		4.1705503158		-1.0
	10485.00000000	2.94356		-0.01536     0.2    0.2		4.1705503158		-1.0
	10530.00000000	2.80926		0.10963     0.2    0.2		4.1705503158		-1.0
	10575.00000000	2.86327		0.31213     0.2    0.2		4.1705503158		-1.0
	10620.00000000	2.82144		0.63073     0.2    0.2		4.1705503158		-1.0
	10665.00000000	2.71888		0.98776     0.2    0.2		4.1705503158		-1.0
	10710.00000000	3.26137		1.09919     0.2    0.2		4.1705503158		-1.0
	10755.00000000	2.93899		0.65437     0.2    0.2		4.1705503158		-1.0
	10800.00000000	2.87614		0.25022     0.2    0.2		4.1705503158		-1.0
	10845.00000001	3.01958		0.1875     0.2    0.2		4.1705503158		-1.0
	10890.00000001	2.85579		-0.02946     0.2    0.2		4.1705503158		-1.0
	10935.00000001	2.70133		-0.1681     0.2    0.2		4.1705503158		-1.0
	10980.00000001	3.03241		0.28937     0.2    0.2		4.1705503158		-1.0
	11025.00000001	2.96059		0.01468     0.2    0.2		4.1705503158		-1.0
	11070.00000001	2.98841		0.46984     0.2    0.2		4.1705503158		-1.0
	11115.00000001	2.78395		0.28259     0.2    0.2		4.1705503158		-1.0
	11160.00000001	3.25652		0.1643     0.2    0.2		4.1705503158		-1.0
	11205.00000001	2.84943		0.06722     0.2    0.2		4.1705503158		-1.0
	11250.00000001	3.05946		0.26323     0.2    0.2		4.1705503158		-1.0
	11295.00000001	3.06396		0.26419     0.2    0.2		4.1705503158		-1.0
	11340.00000001	2.86129		0.41248     0.2    0.2		4.1705503158		-1.0
	11385.00000001	2.80241		0.76536     0.2    0.2		4.1705503158		-1.0
	11430.00000001	2.68653		0.8058     0.2    0.2		4.1705503158		-1.0
	11475.00000001	2.67416		0.71966     0.2    0.2		4.1705503158		-1.0
	11520.00000001	3.12381		0.88821     0.2    0.2		4.1705503158		-1.0
	11565.00000001	2.81743		1.14226     0.2    0.2		4.1705503158		-1.0
	11610.00000001	3.3126		1.00597     0.2    0.2		4.1705503158		-1.0
	11655.00000001	2.73676		1.01554     0.2    0.2		4.1705503158		-1.0
	11700.00000001	3.21312		1.33923     0.2    0.2		4.1705503158		-1.0
	11745.00000001	3.31659		1.52053     0.2    0.2		4.1705503158		-1.0
	11790.00000001	2.95607		1.81956     0.2    0.2		4.1705503158		-1.0
	11835.00000001	2.70865		1.79969     0.2    0.2		4.1705503158		-1.0
	11880.00000001	3.20017		1.57526     0.2    0.2		4.1705503158		-1.0
	11925.00000001	2.60094		1.67434     0.2    0.2		4.1705503158		-1.0
	11970.00000001	2.76467		1.54079     0.2    0.2		4.1705503158		-1.0
	12015.00000001	2.7339		1.42141     0.2    0.2		4.1705503158		-1.0
	12060.00000001	2.7313		1.23326     0.2    0.2		4.1705503158		-1.0
	12105.00000001	2.72268		1.1555     0.2    0.2		4.1705503158		-1.0
	12150.00000001	2.77682		0.80119     0.2    0.2		4.1705503158		-1.0
	12195.00000001	2.78456		0.52072     0.2    0.2		4.1705503158		-1.0
	12240.00000001	3.38221		0.22848     0.2    0.2		4.1705503158		-1.0
	12285.00000001	3.00417		0.15897     0.2    0.2		4.1705503158		-1.0
	12330.00000001	2.64097		-0.21     0.2    0.2		4.1705503158		-1.0
	12375.00000001	2.72687		-0.3103     0.2    0.2		4.1705503158		-1.0
	12420.00000001	3.12951		-0.59088     0.2    0.2		4.1705503158		-1.0
	12465.00000001	2.81975		-0.56452     0.2    0.2		4.1705503158		-1.0
	12510.00000001	2.75625		-0.49815     0.2    0.2		4.1705503158		-1.0
	12555.00000001	2.71221		-1.03591     0.2    0.2		4.1705503158		-1.0
	12600.00000001	2.82841		-0.94173     0.2    0.2		4.1705503158		-1.0
	12645.00000001	2.70263		-0.66644     0.2    0.2		4.1705503158		-1.0
	12690.00000001	2.73658		-0.73728     0.2    0.2		4.1705503158		-1.0
	12735.00000001	2.75278		-0.64641     0.2    0.2		4.1705503158		-1.0
	12780.00000001	2.71408		-0.84867     0.2    0.2		4.1705503158		-1.0
	12825.00000001	2.80085		-0.97132     0.2    0.2		4.1705503158		-1.0
	12870.00000001	2.72835		-0.84227     0.2    0.2		4.1705503158		-1.0
	12915.00000001	2.64565		-1.49376     0.2    0.2		4.1705503158		-1.0
	12960.00000001	2.76763		-1.87345     0.2    0.2		4.1705503158		-1.0
	13005.00000001	2.80465		-2.17994     0.2    0.2		4.1705503158		-1.0
	13050.00000001	3.1054		-2.43848     0.2    0.2		4.1705503158		-1.0
	13095.00000001	3.2332		-2.43603     0.2    0.2		4.1705503158		-1.0
	13140.00000001	3.25786		-2.56013     0.2    0.2		4.1705503158		-1.0
	13185.00000001	2.76468		-2.4853     0.2    0.2		4.1705503158		-1.0
	13230.00000001	2.86988		-2.14603     0.2    0.2		4.1705503158		-1.0
	13275.00000001	2.89156		-1.95693     0.2    0.2		4.1705503158		-1.0
	13320.00000001	3.35419		-1.5879     0.2    0.2		4.1705503158		-1.0
	13365.00000001	2.66301		-1.70139     0.2    0.2		4.1705503158		-1.0
	13410.00000001	2.77946		-1.96204     0.2    0.2		4.1705503158		-1.0
	13455.00000001	2.67807		-2.14136     0.2    0.2		4.1705503158		-1.0
	13500.00000001	2.91651		-2.4289     0.2    0.2		4.1705503158		-1.0
	13545.00000001	3.30332		-2.63404     0.2    0.2		4.1705503158		-1.0
	13590.00000001	3.30993		-2.58354     0.2    0.2		4.1705503158		-1.0
	13635.00000001	3.31317		-2.78964     0.2    0.2		4.1705503158		-1.0
	13680.00000001	2.7955		-2.47901     0.2    0.2		4.1705503158		-1.0
	13725.00000001	2.78693		-2.85063     0.2    0.2		4.1705503158		-1.0
	13770.00000001	2.72709		-2.95162     0.2    0.2		4.1705503158		-1.0
	13815.00000001	2.80525		2.88697     0.2    0.2		4.1705503158		-1.0
	13860.00000001	2.81233		2.54621     0.2    0.2		4.1705503158		-1.0
	13905.00000001	2.80148		2.07195     0.2    0.2		4.1705503158		-1.0
	13950.00000001	2.79519		1.80458     0.2    0.2		4.1705503158		-1.0
	13995.00000001	2.86817		1.68091     0.2    0.2		4.1705503158		-1.0
	14040.00000001	2.92471		1.78963     0.2    0.2		4.1705503158		-1.0
	14085.00000001	3.26845		1.92778     0.2    0.2		4.1705503158		-1.0
	14130.00000001	3.29026		2.32186     0.2    0.2		4.1705503158		-1.0
	14175.00000001	3.23787		2.6984     0.2    0.2		4.1705503158		-1.0
	14220.00000001	3.23019		2.78643     0.2    0.2		4.1705503158		-1.0
	14265.00000000	3.122		2.8136     0.2    0.2		4.1705503158		-1.0
	14310.00000000	3.09647		2.60657     0.2    0.2		4.1705503158		-1.0
	14355.00000000	3.10813		2.20858     0.2    0.2		4.1705503158		-1.0
	14400.00000000	3.35134		1.77872     0.2    0.2		4.1705503158		-1.0
	14445.00000000	2.88205		1.30551     0.2    0.2		4.1705503158		-1.0
	14490.00000000	3.11922		0.90714     0.2    0.2		4.1705503158		-1.0
	14535.00000000	3.24091		0.48205     0.2    0.2		4.1705503158		-1.0
	14580.00000000	2.66057		0.33321     0.2    0.2		4.1705503158		-1.0
	14625.00000000	2.73855		0.1222     0.2    0.2		4.1705503158		-1.0
	14670.00000000	2.87245		0.07262     0.2    0.2		4.1705503158		-1.0
	14715.00000000	2.92274		-0.38873     0.2    0.2		4.1705503158		-1.0
	14760.00000000	3.33048		-0.18154     0.2    0.2		4.1705503158		-1.0
	14805.00000000	3.06354		-0.08665     0.2    0.2		4.1705503158		-1.0
	14850.00000000	3.17857		-0.04191     0.2    0.2		4.1705503158		-1.0
	14895.00000000	3.3147		0.17603     0.2    0.2		4.1705503158		-1.0
	14940.00000000	3.24024		0.63213     0.2    0.2		4.1705503158		-1.0
	14985.00000000	3.37324		0.69795     0.2    0.2		4.1705503158		-1.0
	15030.00000000	3.21668		1.08988     0.2    0.2		4.1705503158		-1.0
	15075.00000000	2.99648		0.85971     0.2    0.2		4.1705503158		-1.0
	15120.00000000	2.79413		0.71169     0.2    0.2		4.1705503158		-1.0
	15165.00000000	3.17271		0.35754     0.2    0.2		4.1705503158		-1.0
	15210.00000000	3.15487		0.44889     0.2    0.2		4.1705503158		-1.0
	15255.00000000	2.68221		0.37054     0.2    0.2		4.1705503158		-1.0
	15300.00000000	2.6343		0.54936     0.2    0.2		4.1705503158		-1.0
	15345.00000000	2.69809		0.47148     0.2    0.2		4.1705503158		-1.0
	15390.00000000	2.83268		1.11418     0.2    0.2		4.1705503158		-1.0
	15435.00000000	3.19611		0.92131     0.2    0.2		4.1705503158		-1.0
	15480.00000000	3.28697		1.14813     0.2    0.2		4.1705503158		-1.0
	15525.00000000	2.72217		1.3502     0.2    0.2		4.1705503158		-1.0
	15570.00000000	2.75991		1.62655     0.2    0.2		4.1705503158		-1.0
	15615.00000000	2.73111		1.95435     0.2    0.2		4.1705503158		-1.0
	15660.00000000	2.70618		2.29482     0.2    0.2		4.1705503158		-1.0
	15705.00000000	2.63501		2.72169     0.2    0.2		4.1705503158		-1.0
	15750.00000000	2.5739		2.80752     0.2    0.2		4.1705503158		-1.0
	15795.00000000	3.36745		3.09396     0.2    0.2		4.1705503158		-1.0
	15840.00000000	2.68802		-2.9521     0.2    0.2		4.1705503158		-1.0
	15885.00000000	2.72398		3.08305     0.2    0.2		4.1705503158		-1.0
	15930.00000000	2.70038		2.95682     0.2    0.2		4.1705503158		-1.0
	15975.00000000	2.73239		-3.04298     0.2    0.2		4.1705503158		-1.0
	16020.00000000	2.64987		-2.846     0.2    0.2		4.1705503158		-1.0
	16065.00000000	2.73117		-2.84456     0.2    0.2		4.1705503158		-1.0
	16110.00000000	2.81352		3.03927     0.2    0.2		4.1705503158		-1.0
	16155.00000000	2.69806		2.31081     0.2    0.2		4.1705503158		-1.0
	16200.00000000	2.77416		2.00158     0.2    0.2		4.1705503158		-1.0
	16245.00000000	2.78801		2.12547     0.2    0.2		4.1705503158		-1.0
	16290.00000000	2.73246		2.55692     0.2    0.2		4.1705503158		-1.0
	16335.00000000	2.70461		2.91569     0.2    0.2		4.1705503158		-1.0
	16380.00000000	2.83126		-3.0995     0.2    0.2		4.1705503158		-1.0
	16425.00000000	2.65075		-2.91841     0.2    0.2		4.1705503158		-1.0
	16470.00000000	2.63383		-2.66655     0.2    0.2		4.1705503158		-1.0
	16515.00000000	2.69133		-2.23432     0.2    0.2		4.1705503158		-1.0
	16560.00000000	3.23618		-2.07971     0.2    0.2		4.1705503158		-1.0
	16605.00000000	2.76304		-1.84419     0.2    0.2		4.1705503158		-1.0
	16650.00000000	2.68065		-1.42545     0.2    0.2		4.1705503158		-1.0
	16695.00000000	2.74682		-1.21417     0.2    0.2		4.1705503158		-1.0
	16740.00000000	3.35497		-0.88256     0.2    0.2		4.1705503158		-1.0
	16785.00000000	2.75831		-0.25344     0.2    0.2		4.1705503158		-1.0
	16830.00000000	3.28187		-0.21605     0.2    0.2		4.1705503158		-1.0
	16875.00000000	2.72661		-0.20451     0.2    0.2		4.1705503158		-1.0
	16920.00000000	3.26616		-0.24656     0.2    0.2		4.1705503158		-1.0
	16965.00000000	3.2916		-0.44054     0.2    0.2		4.1705503158		-1.0
	17010.00000000	2.67778		-0.35668     0.2    0.2		4.1705503158		-1.0
	17055.00000000	3.29649		-0.74323     0.2    0.2		4.1705503158		-1.0
	17100.00000000	3.18079		-0.69738     0.2    0.2		4.1705503158		-1.0
	17145.00000000	3.34019		-1.0745     0.2    0.2		4.1705503158		-1.0
	17190.00000000	3.33673		-0.74143     0.2    0.2		4.1705503158		-1.0
	17235.00000000	3.08975		-0.92821     0.2    0.2		4.1705503158		-1.0
	17280.00000000	3.29329		-0.86636     0.2    0.2		4.1705503158		-1.0
	17325.00000000	3.42578		-0.54489     0.2    0.2		4.1705503158		-1.0
	17370.00000000	2.80289		-0.64851     0.2    0.2		4.1705503158		-1.0
	17415.00000000	3.20197		-0.27998     0.2    0.2		4.1705503158		-1.0
	17460.00000000	3.36336		-0.25199     0.2    0.2		4.1705503158		-1.0
	17505.00000000	2.71442		0.00796     0.2    0.2		4.1705503158		-1.0
	17550.00000000	3.19085		0.33891     0.2    0.2		4.1705503158		-1.0
	17595.00000000	3.35063		0.43791     0.2    0.2		4.1705503158		-1.0
	17640.00000000	3.31522		0.44781     0.2    0.2		4.1705503158		-1.0
	17685.00000000	3.27089		0.841     0.2    0.2		4.1705503158		-1.0
	17730.00000000	3.19122		0.86846     0.2    0.2		4.1705503158		-1.0
	17775.00000000	2.9744		1.02345     0.2    0.2		4.1705503158		-1.0
	17820.00000000	2.79917		1.12981     0.2    0.2		4.1705503158		-1.0
	17865.00000000	3.09145		1.23614     0.2    0.2		4.1705503158		-1.0
	17910.00000000	3.10885		1.40954     0.2    0.2		4.1705503158		-1.0
	17955.00000000	2.97859		1.69871     0.2    0.2		4.1705503158		-1.0
	18000.00000000	3.14504		1.91449     0.2    0.2		4.1705503158		-1.0
	18045.00000000	3.40826		2.31525     0.2    0.2		4.1705503158		-1.0
	18090.00000000	3.21939		2.44799     0.2    0.2		4.1705503158		-1.0
	18135.00000000	3.33417		2.68937     0.2    0.2		4.1705503158		-1.0
	18180.00000000	3.31397		2.89907     0.2    0.2		4.1705503158		-1.0
	18225.00000000	3.26805		-3.00112     0.2    0.2		4.1705503158		-1.0
	18270.00000000	3.30845		-2.95686     0.2    0.2		4.1705503158		-1.0
	18315.00000000	3.34019		-2.79689     0.2    0.2		4.1705503158		-1.0
	18360.00000000	3.33744		-2.68161     0.2    0.2		4.1705503158		-1.0
	18405.00000000	3.10847		-2.32151     0.2    0.2		4.1705503158		-1.0
	18450.00000000	3.22343		-2.32415     0.2    0.2		4.1705503158		-1.0
	18495.00000000	3.28736		-2.06822     0.2    0.2		4.1705503158		-1.0
	18540.00000000	3.28266		-1.84967     0.2    0.2		4.1705503158		-1.0
	18585.00000000	3.35749		-1.57037     0.2    0.2		4.1705503158		-1.0
	18630.00000000	3.04461		-1.4153     0.2    0.2		4.1705503158		-1.0
	18675.00000000	2.61704		-1.64186     0.2    0.2		4.1705503158		-1.0
	18720.00000000	3.52163		-1.93152     0.2    0.2		4.1705503158		-1.0
	18765.00000000	3.25374		-2.11192     0.2    0.2		4.1705503158		-1.0
	18810.00000000	3.36835		-2.14523     0.2    0.2		4.1705503158		-1.0
	18855.00000000	3.34391		-2.2218     0.2    0.2		4.1705503158		-1.0
	18900.00000000	3.49959		-2.31302     0.2    0.2		4.1705503158		-1.0
	18945.00000000	2.92712		-2.45308     0.2    0.2		4.1705503158		-1.0
	18990.00000000	2.63452		-2.37608     0.2    0.2		4.1705503158		-1.0
	19035.00000000	2.67839		-1.97266     0.2    0.2		4.1705503158		-1.0
	19080.00000000	3.4459		-1.4935     0.2    0.2		4.1705503158		-1.0
	19125.00000000	2.65737		-1.06135     0.2    0.2		4.1705503158		-1.0
	19170.00000000	3.17977		-0.97341     0.2    0.2		4.1705503158		-1.0
	19215.00000000	3.29451		-0.60147     0.2    0.2		4.1705503158		-1.0
	19260.00000000	2.99347		-0.53609     0.2    0.2		4.1705503158		-1.0
	19305.00000000	3.37509		-0.547     0.2    0.2		4.1705503158		-1.0
	19350.00000000	2.734		-0.21309     0.2    0.2		4.1705503158		-1.0
	19395.00000000	3.3263		-0.01984     0.2    0.2		4.1705503158		-1.0
	19440.00000000	2.70411		-0.0355     0.2    0.2		4.1705503158		-1.0
	19485.00000000	3.41118		0.20691     0.2    0.2		4.1705503158		-1.0
	19530.00000000	2.75274		0.13838     0.2    0.2		4.1705503158		-1.0
	19575.00000000	2.64402		0.28203     0.2    0.2		4.1705503158		-1.0
	19620.00000000	2.81899		0.38811     0.2    0.2		4.1705503158		-1.0
	19665.00000000	3.30428		0.68336     0.2    0.2		4.1705503158		-1.0
	19710.00000000	2.88478		0.66253     0.2    0.2		4.1705503158		-1.0
	19755.00000000	2.74366		0.98747     0.2    0.2		4.1705503158		-1.0
	19800.00000000	3.11851		1.14335     0.2    0.2		4.1705503158		-1.0
	19845.00000000	3.33425		1.74253     0.2    0.2		4.1705503158		-1.0
	19890.00000000	3.21554		2.05515     0.2    0.2		4.1705503158		-1.0
	19935.00000000	3.25444		2.17499     0.2    0.2		4.1705503158		-1.0
	19980.00000000	3.23954		2.19591     0.2    0.2		4.1705503158		-1.0
	20025.00000000	3.38222		2.20449     0.2    0.2		4.1705503158		-1.0
	20070.00000000	3.35701		2.31932     0.2    0.2		4.1705503158		-1.0
	20115.00000000	3.34283		2.47267     0.2    0.2		4.1705503158		-1.0
	20160.00000000	3.22526		2.81129     0.2    0.2		4.1705503158		-1.0
	20205.00000000	3.25736		3.07884     0.2    0.2		4.1705503158		-1.0
	20250.00000000	3.23443		-2.66577     0.2    0.2		4.1705503158		-1.0
	20295.00000000	3.42651		-2.76019     0.2    0.2		4.1705503158		-1.0
	20340.00000000	3.23398		-2.53146     0.2    0.2		4.1705503158		-1.0
	20385.00000000	3.44842		-2.33919     0.2    0.2		4.1705503158		-1.0
	20430.00000000	3.41927		-2.50498     0.2    0.2		4.1705503158		-1.0
	20475.00000000	2.99346		-2.17961     0.2    0.2		4.1705503158		-1.0
	20520.00000000	3.19099		-2.14087     0.2    0.2		4.1705503158		-1.0
	20565.00000000	2.95156		-2.10199     0.2    0.2		4.1705503158		-1.0
	20610.00000000	2.97522		-1.62067     0.2    0.2		4.1705503158		-1.0
	20655.00000000	2.81665		-1.33131     0.2    0.2		4.1705503158		-1.0
	20700.00000000	2.94006		-1.06989     0.2    0.2		4.1705503158		-1.0
	20744.99999999	3.1784		-1.0012     0.2    0.2		4.1705503158		-1.0
	20789.99999999	2.81704		-0.51379     0.2    0.2		4.1705503158		-1.0
	20834.99999999	2.9256		-0.24261     0.2    0.2		4.1705503158		-1.0
	20879.99999999	2.72202		0.25224     0.2    0.2		4.1705503158		-1.0
	20924.99999999	2.6874		0.09245     0.2    0.2		4.1705503158		-1.0
	20969.99999999	2.77698		-0.23964     0.2    0.2		4.1705503158		-1.0
	21014.99999999	3.33475		-0.51774     0.2    0.2		4.1705503158		-1.0
	21059.99999999	3.38403		-0.95127     0.2    0.2		4.1705503158		-1.0
	21104.99999999	3.18703		-1.36761     0.2    0.2		4.1705503158		-1.0
	21149.99999999	2.78474		-1.70867     0.2    0.2		4.1705503158		-1.0
	21194.99999999	2.70163		-2.06286     0.2    0.2		4.1705503158		-1.0
	21239.99999999	2.7437		-1.88223     0.2    0.2		4.1705503158		-1.0
	21284.99999999	2.79872		-1.72136     0.2    0.2		4.1705503158		-1.0
	21329.99999999	2.64374		-1.3262     0.2    0.2		4.1705503158		-1.0
	21374.99999999	2.69609		-0.93396     0.2    0.2		4.1705503158		-1.0
	21419.99999999	2.93994		-0.76997     0.2    0.2		4.1705503158		-1.0
	21464.99999999	3.47753		-0.82968     0.2    0.2		4.1705503158		-1.0
	21509.99999999	3.19556		-0.30095     0.2    0.2		4.1705503158		-1.0
	21554.99999999	3.02803		-0.41694     0.2    0.2		4.1705503158		-1.0
	21599.99999999	3.27901		-0.05434     0.2    0.2		4.1705503158		-1.0
	21644.99999999	3.19382		0.05574     0.2    0.2		4.1705503158		-1.0
	21689.99999999	3.34401		0.07292     0.2    0.2		4.1705503158		-1.0
	21734.99999999	3.12425		0.525     0.2    0.2		4.1705503158		-1.0
	21779.99999999	3.19849		0.25696     0.2    0.2		4.1705503158		-1.0
	21824.99999999	3.12088		0.70275     0.2    0.2		4.1705503158		-1.0
	21869.99999999	2.97124		0.60045     0.2    0.2		4.1705503158		-1.0
	21914.99999999	2.68926		0.68136     0.2    0.2		4.1705503158		-1.0
	21959.99999999	2.64599		0.68321     0.2    0.2		4.1705503158		-1.0
	22004.99999999	2.72417		0.98578     0.2    0.2		4.1705503158		-1.0
	22049.99999999	2.7602		1.32216     0.2    0.2		4.1705503158		-1.0
	22094.99999999	2.75545		1.88071     0.2    0.2		4.1705503158		-1.0
	22139.99999999	2.6979		2.37733     0.2    0.2		4.1705503158		-1.0
	22184.99999999	2.74322		2.8358     0.2    0.2		4.1705503158		-1.0
	22229.99999999	2.61842		-3.09717     0.2    0.2		4.1705503158		-1.0
	22274.99999999	2.76649		-3.01652     0.2    0.2		4.1705503158		-1.0
	22319.99999999	2.92827		-2.80352     0.2    0.2		4.1705503158		-1.0
	22364.99999999	3.33459		3.02201     0.2    0.2		4.1705503158		-1.0
	22409.99999999	3.47909		2.92796     0.2    0.2		4.1705503158		-1.0
	22454.99999999	3.18573		2.65159     0.2    0.2		4.1705503158		-1.0
	22499.99999999	3.11357		2.63505     0.2    0.2		4.1705503158		-1.0
	22544.99999999	3.06144		2.33638     0.2    0.2		4.1705503158		-1.0
	22589.99999999	3.53146		2.60839     0.2    0.2		4.1705503158		-1.0
	22634.99999999	2.70081		2.7361     0.2    0.2		4.1705503158		-1.0
	22679.99999999	2.79707		3.09058     0.2    0.2		4.1705503158		-1.0
	22724.99999999	3.71097		-3.08508     0.2    0.2		4.1705503158		-1.0
	22769.99999999	2.81678		-3.0801     0.2    0.2		4.1705503158		-1.0
	22814.99999999	3.03169		-3.09306     0.2    0.2		4.1705503158		-1.0
	22859.99999999	3.48075		-3.09323     0.2    0.2		4.1705503158		-1.0
	22904.99999999	3.43459		3.13678     0.2    0.2		4.1705503158		-1.0
	22949.99999999	3.05149		3.04404     0.2    0.2		4.1705503158		-1.0
	22994.99999999	3.34603		2.78379     0.2    0.2		4.1705503158		-1.0
	23024.99999999	2.71923		2.56244     0.2    0.2		4.1705503158		-1.0
	23069.99999999	2.68515		2.26357     0.2    0.2		4.1705503158		-1.0
	23114.99999999	2.77092		1.8504     0.2    0.2		4.1705503158		-1.0
	23159.99999999	2.62112		1.367     0.2    0.2		4.1705503158		-1.0
	23204.99999999	2.69397		1.17158     0.2    0.2		4.1705503158		-1.0
	23249.99999999	2.61878		1.20477     0.2    0.2		4.1705503158		-1.0
	23294.99999999	2.67812		1.33633     0.2    0.2		4.1705503158		-1.0
	23339.99999999	2.74693		1.63579     0.2    0.2		4.1705503158		-1.0
	23384.99999999	2.7256		2.0727     0.2    0.2		4.1705503158		-1.0
	23429.99999999	2.66571		2.4649     0.2    0.2		4.1705503158		-1.0
	23474.99999999	2.65416		3.09868     0.2    0.2		4.1705503158		-1.0
	23519.99999999	2.62551		3.13645     0.2    0.2		4.1705503158		-1.0
	23564.99999999	2.60743		3.12385     0.2    0.2		4.1705503158		-1.0
	23609.99999999	2.62278		2.97406     0.2    0.2		4.1705503158		-1.0
	23654.99999999	2.69356		2.55803     0.2    0.2		4.1705503158		-1.0
	23699.99999999	3.32137		2.02888     0.2    0.2		4.1705503158		-1.0
	23744.99999999	3.0806		1.70516     0.2    0.2		4.1705503158		-1.0
	23789.99999999	3.21819		1.66796     0.2    0.2		4.1705503158		-1.0
	23834.99999999	3.20056		1.57569     0.2    0.2		4.1705503158		-1.0
	23879.99999999	3.35871		1.82189     0.2    0.2		4.1705503158		-1.0
	23924.99999999	3.22285		1.62516     0.2    0.2		4.1705503158		-1.0
	23969.99999999	3.18013		1.70699     0.2    0.2		4.1705503158		-1.0
	24014.99999999	3.22835		1.65624     0.2    0.2		4.1705503158		-1.0
	24059.99999999	3.45033		1.56028     0.2    0.2		4.1705503158		-1.0
	24104.99999999	3.37923		1.25246     0.2    0.2		4.1705503158		-1.0
	24149.99999999	3.36603		1.17608     0.2    0.2		4.1705503158		-1.0
	24194.99999999	3.40008		0.84488     0.2    0.2		4.1705503158		-1.0
	24239.99999999	3.39259		0.60287     0.2    0.2		4.1705503158		-1.0
	24284.99999999	3.40421		0.77461     0.2    0.2		4.1705503158		-1.0
	24329.99999999	3.42852		1.02933     0.2    0.2		4.1705503158		-1.0
	24374.99999999	2.82508		1.6846     0.2    0.2		4.1705503158		-1.0
	24419.99999999	3.40854		2.09905     0.2    0.2		4.1705503158		-1.0
	24464.99999999	3.10168		2.19838     0.2    0.2		4.1705503158		-1.0
	24509.99999999	2.67192		2.06813     0.2    0.2		4.1705503158		-1.0
	24554.99999999	2.6857		1.95925     0.2    0.2		4.1705503158		-1.0
	24599.99999999	2.72528		1.91927     0.2    0.2		4.1705503158		-1.0
	24644.99999999	2.78791		1.70597     0.2    0.2		4.1705503158		-1.0
	24689.99999999	2.65452		1.30153     0.2    0.2		4.1705503158		-1.0
	24734.99999999	2.58692		0.96396     0.2    0.2		4.1705503158		-1.0
	24779.99999999	2.64375		0.71688     0.2    0.2		4.1705503158		-1.0
	24824.99999999	2.79915		0.6015     0.2    0.2		4.1705503158		-1.0
	24869.99999999	2.83793		0.35406     0.2    0.2		4.1705503158		-1.0
	24914.99999999	2.88969		0.22648     0.2    0.2		4.1705503158		-1.0
	24959.99999999	3.10604		0.21097     0.2    0.2		4.1705503158		-1.0
	25004.99999999	3.34845		0.49843     0.2    0.2		4.1705503158		-1.0
	25049.99999999	3.00197		0.47049     0.2    0.2		4.1705503158		-1.0
	25094.99999999	2.77064		0.36689     0.2    0.2		4.1705503158		-1.0
	25139.99999999	2.78661		0.04831     0.2    0.2		4.1705503158		-1.0
	25184.99999999	3.45926		-0.52182     0.2    0.2		4.1705503158		-1.0
	25229.99999999	2.61783		-0.83539     0.2    0.2		4.1705503158		-1.0
	25274.99999999	2.64961		-0.78496     0.2    0.2		4.1705503158		-1.0
	25319.99999999	2.71922		-1.02315     0.2    0.2		4.1705503158		-1.0
	25364.99999999	2.60842		-1.15509     0.2    0.2		4.1705503158		-1.0
	25409.99999999	2.73159		-1.49398     0.2    0.2		4.1705503158		-1.0
	25454.99999999	2.67187		-1.61957     0.2    0.2		4.1705503158		-1.0
	25499.99999999	2.75181		-1.59061     0.2    0.2		4.1705503158		-1.0
	25544.99999999	2.6868		-1.41852     0.2    0.2		4.1705503158		-1.0
	25589.99999999	2.71722		-1.40541     0.2    0.2		4.1705503158		-1.0
	25634.99999999	2.63829		-1.32792     0.2    0.2		4.1705503158		-1.0
	25679.99999999	2.62245		-1.41822     0.2    0.2		4.1705503158		-1.0
	25724.99999999	2.72894		-1.51811     0.2    0.2		4.1705503158		-1.0
	25769.99999999	2.74906		-2.04187     0.2    0.2		4.1705503158		-1.0
	25814.99999999	2.5983		-2.49991     0.2    0.2		4.1705503158		-1.0
	25859.99999999	2.5877		-2.63568     0.2    0.2		4.1705503158		-1.0
	25904.99999999	2.60142		-2.35584     0.2    0.2		4.1705503158		-1.0
	25949.99999999	2.70342		-2.10784     0.2    0.2		4.1705503158		-1.0
	25994.99999999	2.63651		-1.90503     0.2    0.2		4.1705503158		-1.0
	26039.99999999	2.74038		-2.21373     0.2    0.2		4.1705503158		-1.0
	26084.99999999	2.75593		-2.30756     0.2    0.2		4.1705503158		-1.0
	26129.99999999	2.69782		-2.68417     0.2    0.2		4.1705503158		-1.0
	26174.99999999	2.61653		-2.8791     0.2    0.2		4.1705503158		-1.0
	26219.99999999	2.65392		-2.56741     0.2    0.2		4.1705503158		-1.0
	26264.99999999	2.80581		-2.22208     0.2    0.2		4.1705503158		-1.0
	26309.99999999	3.44469		-1.94624     0.2    0.2		4.1705503158		-1.0
	26354.99999999	3.40922		-1.57646     0.2    0.2		4.1705503158		-1.0
	26399.99999999	3.41167		-1.3883     0.2    0.2		4.1705503158		-1.0
	26444.99999999	3.38404		-1.27107     0.2    0.2		4.1705503158		-1.0
	26489.99999999	3.09956		-1.15296     0.2    0.2		4.1705503158		-1.0
	26534.99999999	3.61655		-1.09539     0.2    0.2		4.1705503158		-1.0
	26579.99999999	3.39206		-0.92374     0.2    0.2		4.1705503158		-1.0
	26624.99999999	2.67052		-1.23286     0.2    0.2		4.1705503158		-1.0
	26669.99999999	2.60985		-0.96876     0.2    0.2		4.1705503158		-1.0
	26714.99999999	2.63807		-0.76721     0.2    0.2		4.1705503158		-1.0
	26759.99999999	2.68574		-0.45029     0.2    0.2		4.1705503158		-1.0
	26804.99999999	2.7235		0.07241     0.2    0.2		4.1705503158		-1.0
	26849.99999999	3.26662		0.55976     0.2    0.2		4.1705503158		-1.0
	26894.99999999	3.54926		0.75555     0.2    0.2		4.1705503158		-1.0
	26939.99999999	3.03691		1.06985     0.2    0.2		4.1705503158		-1.0
	26984.99999999	3.28343		1.44974     0.2    0.2		4.1705503158		-1.0
	27029.99999999	3.35107		1.41389     0.2    0.2		4.1705503158		-1.0
	27074.99999999	2.90419		1.65753     0.2    0.2		4.1705503158		-1.0
	27119.99999999	2.64546		1.37407     0.2    0.2		4.1705503158		-1.0
	27164.99999999	2.66069		1.37094     0.2    0.2		4.1705503158		-1.0
	27209.99999999	2.60502		1.33378     0.2    0.2		4.1705503158		-1.0
	27254.99999998	3.03904		1.82634     0.2    0.2		4.1705503158		-1.0
	27299.99999998	3.17817		1.64339     0.2    0.2		4.1705503158		-1.0
	27344.99999998	3.23406		1.61791     0.2    0.2		4.1705503158		-1.0
	27389.99999998	2.89708		1.40831     0.2    0.2		4.1705503158		-1.0
	27434.99999998	3.41114		1.18271     0.2    0.2		4.1705503158		-1.0
	27479.99999998	3.45596		1.21165     0.2    0.2		4.1705503158		-1.0
	27524.99999998	3.02912		1.1374     0.2    0.2		4.1705503158		-1.0
	27569.99999998	3.06257		0.92459     0.2    0.2		4.1705503158		-1.0
	27614.99999998	3.0073		0.71656     0.2    0.2		4.1705503158		-1.0
	27659.99999998	3.48971		1.14558     0.2    0.2		4.1705503158		-1.0
	27704.99999998	3.56164		1.11796     0.2    0.2		4.1705503158		-1.0
	27749.99999998	3.54912		1.16164     0.2    0.2		4.1705503158		-1.0
	27794.99999998	3.48953		1.16513     0.2    0.2		4.1705503158		-1.0
	27839.99999998	4.17759		1.20262     0.2    0.2		4.1705503158		-1.0
	27884.99999998	6.33177		1.20226     0.2    0.2		4.1705503158		-1.0
	27929.99999998	7.92123		1.39117     0.2    0.2		4.1705503158		-1.0
	27974.99999998	8.57862		1.48188     0.2    0.2		4.1705503158		-1.0
	28019.99999998	9.02771		1.76057     0.2    0.2		4.1705503158		-1.0
	28064.99999998	9.31252		1.93516     0.2    0.2		4.1705503158		-1.0
	28109.99999998	9.41245		2.36509     0.2    0.2		4.1705503158		-1.0
	28154.99999998	9.05115		2.82186     0.2    0.2		4.1705503158		-1.0
	28199.99999998	8.30328		2.96778     0.2    0.2		4.1705503158		-1.0
	28244.99999998	7.90588		-2.95185     0.2    0.2		4.1705503158		-1.0
	28289.99999998	8.3432		3.10997     0.2    0.2		4.1705503158		-1.0
	28334.99999998	8.94473		-2.83415     0.2    0.2		4.1705503158		-1.0
	28379.99999998	8.80281		-2.69151     0.2    0.2		4.1705503158		-1.0
	28424.99999998	8.16926		-2.40728     0.2    0.2		4.1705503158		-1.0
	28469.99999998	7.21853		-2.68217     0.2    0.2		4.1705503158		-1.0
	28514.99999998	6.36464		-2.3331     0.2    0.2		4.1705503158		-1.0
	28559.99999998	5.91921		-2.05746     0.2    0.2		4.1705503158		-1.0
	28604.99999998	5.78302		-2.12211     0.2    0.2		4.1705503158		-1.0
	28649.99999998	6.24276		-2.50997     0.2    0.2		4.1705503158		-1.0
	28694.99999998	7.02222		-3.08552     0.2    0.2		4.1705503158		-1.0
	28739.99999998	6.77661		-3.08578     0.2    0.2		4.1705503158		-1.0
	28784.99999998	6.12628		-2.80069     0.2    0.2		4.1705503158		-1.0
	28829.99999998	5.37485		-2.46135     0.2    0.2		4.1705503158		-1.0
	28874.99999998	5.6086		-2.29343     0.2    0.2		4.1705503158		-1.0
	28919.99999998	6.74832		-2.3753     0.2    0.2		4.1705503158		-1.0
	28964.99999998	8.02164		-2.43253     0.2    0.2		4.1705503158		-1.0
	29009.99999998	8.8434		3.11493     0.2    0.2		4.1705503158		-1.0
	29054.99999998	8.13308		2.91723     0.2    0.2		4.1705503158		-1.0
	29099.99999998	6.62857		2.65978     0.2    0.2		4.1705503158		-1.0
	29144.99999998	5.1924		2.76355     0.2    0.2		4.1705503158		-1.0
	29189.99999998	5.25325		2.78877     0.2    0.2		4.1705503158		-1.0
	29234.99999998	6.76157		2.82338     0.2    0.2		4.1705503158		-1.0
	29279.99999998	8.10416		2.74992     0.2    0.2		4.1705503158		-1.0
	29324.99999998	9.19462		2.96509     0.2    0.2		4.1705503158		-1.0
	29369.99999998	10.48211		-3.01132     0.2    0.2		4.1705503158		-1.0
	29414.99999998	10.46421		-2.81766     0.2    0.2		4.1705503158		-1.0
	29459.99999998	10.78011		-2.36652     0.2    0.2		4.1705503158		-1.0
	29504.99999998	9.9001		-2.68617     0.2    0.2		4.1705503158		-1.0
	29549.99999998	8.99495		-2.28717     0.2    0.2		4.1705503158		-1.0
	29594.99999998	7.91925		-2.65466     0.2    0.2		4.1705503158		-1.0
	29639.99999998	6.80762		-2.7988     0.2    0.2		4.1705503158		-1.0
	29684.99999998	6.24934		-2.92191     0.2    0.2		4.1705503158		-1.0
	29729.99999998	5.55884		-2.64579     0.2    0.2		4.1705503158		-1.0
	29774.99999998	5.41921		-2.48534     0.2    0.2		4.1705503158		-1.0
	29819.99999998	5.37945		-2.73945     0.2    0.2		4.1705503158		-1.0
	29864.99999998	6.53045		-2.66053     0.2    0.2		4.1705503158		-1.0
	29909.99999998	8.0541		-2.77799     0.2    0.2		4.1705503158		-1.0
	29954.99999998	9.53219		-2.50414     0.2    0.2		4.1705503158		-1.0
	29999.99999998	10.44317		-2.41873     0.2    0.2		4.1705503158		-1.0
	30044.99999998	11.02263		-1.3561     0.2    0.2		4.1705503158		-1.0
	30089.99999998	10.51042		-1.03659     0.2    0.2		4.1705503158		-1.0
	30134.99999998	9.34886		-0.90372     0.2    0.2		4.1705503158		-1.0
	30179.99999998	8.64608		-1.18883     0.2    0.2		4.1705503158		-1.0
	30224.99999998	7.80423		-1.36639     0.2    0.2		4.1705503158		-1.0
	30269.99999998	7.31258		-1.86639     0.2    0.2		4.1705503158		-1.0
	30314.99999998	6.57071		-2.39663     0.2    0.2		4.1705503158		-1.0
	30359.99999998	6.66649		-2.58385     0.2    0.2		4.1705503158		-1.0
	30404.99999998	7.66746		-2.3765     0.2    0.2		4.1705503158		-1.0
	30449.99999998	9.30274		-2.22603     0.2    0.2		4.1705503158		-1.0
	30494.99999998	10.47474		-1.91416     0.2    0.2		4.1705503158		-1.0
	30539.99999998	11.06027		-1.1488     0.2    0.2		4.1705503158		-1.0
	30584.99999998	11.31832		-0.11221     0.2    0.2		4.1705503158		-1.0
	30629.99999998	11.39728		0.1761     0.2    0.2		4.1705503158		-1.0
	30674.99999998	11.8108		0.38534     0.2    0.2		4.1705503158		-1.0
	30719.99999998	12.39193		0.6801     0.2    0.2		4.1705503158		-1.0
	30764.99999998	12.74054		0.40364     0.2    0.2		4.1705503158		-1.0
	30809.99999998	12.91484		0.31344     0.2    0.2		4.1705503158		-1.0
	30854.99999998	13.56591		0.11543     0.2    0.2		4.1705503158		-1.0
	30899.99999998	14.11141		-0.11632     0.2    0.2		4.1705503158		-1.0
	30944.99999998	14.71101		-0.32107     0.2    0.2		4.1705503158		-1.0
	30989.99999998	15.51919		-0.81217     0.2    0.2		4.1705503158		-1.0
	31034.99999998	15.96052		-1.00182     0.2    0.2		4.1705503158		-1.0
	31079.99999998	16.49977		-1.14488     0.2    0.2		4.1705503158		-1.0
	31124.99999998	16.09622		-1.29335     0.2    0.2		4.1705503158		-1.0
	31169.99999998	15.24249		-1.67745     0.2    0.2		4.1705503158		-1.0
	31214.99999998	14.15637		-1.96627     0.2    0.2		4.1705503158		-1.0
	31259.99999998	13.93344		-2.17128     0.2    0.2		4.1705503158		-1.0
	31304.99999998	13.78998		-2.53726     0.2    0.2		4.1705503158		-1.0
	31349.99999998	13.76636		3.10907     0.2    0.2		4.1705503158		-1.0
	31394.99999998	13.322		2.95199     0.2    0.2		4.1705503158		-1.0
	31439.99999998	13.27524		2.51612     0.2    0.2		4.1705503158		-1.0
	31484.99999998	12.46089		2.56465     0.2    0.2		4.1705503158		-1.0
	31529.99999998	12.03427		2.02455     0.2    0.2		4.1705503158		-1.0
	31574.99999998	11.12403		2.17445     0.2    0.2		4.1705503158		-1.0
	31619.99999998	10.90074		1.17469     0.2    0.2		4.1705503158		-1.0
	31664.99999998	10.67032		1.35394     0.2    0.2		4.1705503158		-1.0
	31709.99999998	11.17333		1.75917     0.2    0.2		4.1705503158		-1.0
	31754.99999998	11.43918		2.44339     0.2    0.2		4.1705503158		-1.0
	31799.99999998	11.93821		2.36501     0.2    0.2		4.1705503158		-1.0
	31844.99999998	12.17902		-3.09728     0.2    0.2		4.1705503158		-1.0
	31889.99999998	12.89281		-2.07149     0.2    0.2		4.1705503158		-1.0
	31934.99999998	13.1507		-1.92994     0.2    0.2		4.1705503158		-1.0
	31979.99999998	13.09339		-2.93965     0.2    0.2		4.1705503158		-1.0
	32024.99999998	12.76789		-2.83128     0.2    0.2		4.1705503158		-1.0
	32069.99999998	12.22482		-2.09666     0.2    0.2		4.1705503158		-1.0
	32114.99999998	11.91382		-0.32729     0.2    0.2		4.1705503158		-1.0
	32159.99999998	11.64934		-0.82793     0.2    0.2		4.1705503158		-1.0
	32204.99999998	11.49747		2.95858     0.2    0.2		4.1705503158		-1.0
	32249.99999998	11.06951		2.64896     0.2    0.2		4.1705503158		-1.0
	32294.99999998	10.44824		2.7706     0.2    0.2		4.1705503158		-1.0
	32339.99999998	9.79575		2.77324     0.2    0.2		4.1705503158		-1.0
	32384.99999998	8.98419		3.07192     0.2    0.2		4.1705503158		-1.0
	32429.99999998	8.87031		2.51574     0.2    0.2		4.1705503158		-1.0
	32474.99999998	8.39984		-0.22904     0.2    0.2		4.1705503158		-1.0
	32519.99999998	8.66837		-0.08559     0.2    0.2		4.1705503158		-1.0
	32564.99999998	9.24613		-0.17721     0.2    0.2		4.1705503158		-1.0
	32609.99999998	10.28479		-0.21868     0.2    0.2		4.1705503158		-1.0
	32654.99999998	10.48952		-0.86447     0.2    0.2		4.1705503158		-1.0
	32699.99999998	10.89509		-1.43522     0.2    0.2		4.1705503158		-1.0
	32744.99999998	10.1066		-1.15271     0.2    0.2		4.1705503158		-1.0
	32789.99999998	9.08282		-1.39576     0.2    0.2		4.1705503158		-1.0
	32834.99999998	7.52141		-1.05712     0.2    0.2		4.1705503158		-1.0
	32879.99999998	6.16547		-0.74797     0.2    0.2		4.1705503158		-1.0
	32924.99999998	5.69481		-0.17123     0.2    0.2		4.1705503158		-1.0
	32969.99999998	6.25653		0.20879     0.2    0.2		4.1705503158		-1.0
	33014.99999998	7.59226		0.24754     0.2    0.2		4.1705503158		-1.0
	33059.99999998	8.37423		0.36074     0.2    0.2		4.1705503158		-1.0
	33104.99999998	9.08822		0.11345     0.2    0.2		4.1705503158		-1.0
	33149.99999998	10.09762		-0.10611     0.2    0.2		4.1705503158		-1.0
	33194.99999998	9.96823		-0.7555     0.2    0.2		4.1705503158		-1.0
	33239.99999998	9.25456		-1.52279     0.2    0.2		4.1705503158		-1.0
	33284.99999998	8.28494		-2.14492     0.2    0.2		4.1705503158		-1.0
	33329.99999998	8.27963		-2.1582     0.2    0.2		4.1705503158		-1.0
	33374.99999998	9.15141		-2.10485     0.2    0.2		4.1705503158		-1.0
	33419.99999998	10.19309		-1.35472     0.2    0.2		4.1705503158		-1.0
	33464.99999998	10.74952		-1.63348     0.2    0.2		4.1705503158		-1.0
	33509.99999998	11.19687		-2.51203     0.2    0.2		4.1705503158		-1.0
	33554.99999998	11.00576		-2.84666     0.2    0.2		4.1705503158		-1.0
	33599.99999998	10.40949		3.08115     0.2    0.2		4.1705503158		-1.0
	33644.99999998	9.86939		2.8646     0.2    0.2		4.1705503158		-1.0
	33689.99999998	9.63559		1.98806     0.2    0.2		4.1705503158		-1.0
	33734.99999997	10.04912		2.06988     0.2    0.2		4.1705503158		-1.0
	33779.99999997	11.10217		-3.07588     0.2    0.2		4.1705503158		-1.0
	33824.99999997	11.40341		-2.16805     0.2    0.2		4.1705503158		-1.0
	33869.99999997	11.69168		-2.37418     0.2    0.2		4.1705503158		-1.0
	33914.99999997	11.17395		-2.43988     0.2    0.2		4.1705503158		-1.0
	33959.99999997	10.24638		-2.55823     0.2    0.2		4.1705503158		-1.0
	34004.99999997	9.0925		-2.96165     0.2    0.2		4.1705503158		-1.0
	34049.99999997	9.27991		3.02835     0.2    0.2		4.1705503158		-1.0
	34094.99999997	9.7836		-2.76123     0.2    0.2		4.1705503158		-1.0
	34139.99999997	10.23878		-2.90817     0.2    0.2		4.1705503158		-1.0
	34184.99999997	10.76523		3.13822     0.2    0.2		4.1705503158		-1.0
	34229.99999997	11.45566		2.76519     0.2    0.2		4.1705503158		-1.0
	34274.99999997	12.40651		2.35824     0.2    0.2		4.1705503158		-1.0
	34319.99999997	12.88675		2.73772     0.2    0.2		4.1705503158		-1.0
	34364.99999997	13.4562		-2.99073     0.2    0.2		4.1705503158		-1.0
	34409.99999997	13.69528		-2.50741     0.2    0.2		4.1705503158		-1.0
	34454.99999997	13.25954		-2.32764     0.2    0.2		4.1705503158		-1.0
	34499.99999997	13.16081		-1.87733     0.2    0.2		4.1705503158		-1.0
	34544.99999997	13.66542		-2.02439     0.2    0.2		4.1705503158		-1.0
	34589.99999997	14.65429		-1.82745     0.2    0.2		4.1705503158		-1.0
	34634.99999997	15.01652		-2.2192     0.2    0.2		4.1705503158		-1.0
	34679.99999997	15.62694		-2.14341     0.2    0.2		4.1705503158		-1.0
	34724.99999997	15.77553		-2.72556     0.2    0.2		4.1705503158		-1.0
	34769.99999997	16.21877		-2.60298     0.2    0.2		4.1705503158		-1.0
	34814.99999997	15.90788		-2.94286     0.2    0.2		4.1705503158		-1.0
	34859.99999997	16.3071		-3.10489     0.2    0.2		4.1705503158		-1.0
	34904.99999997	15.77997		2.68584     0.2    0.2		4.1705503158		-1.0
	34949.99999997	15.16291		2.34862     0.2    0.2		4.1705503158		-1.0
	34994.99999997	14.28465		2.87417     0.2    0.2		4.1705503158		-1.0
	35039.99999997	13.4051		-2.58002     0.2    0.2		4.1705503158		-1.0
	35084.99999997	13.46846		-1.41563     0.2    0.2		4.1705503158		-1.0
	35129.99999997	13.10855		-0.89646     0.2    0.2		4.1705503158		-1.0
	35174.99999997	13.68227		-0.7821     0.2    0.2		4.1705503158		-1.0
	35219.99999997	14.25113		-0.76829     0.2    0.2		4.1705503158		-1.0
	35264.99999997	14.87691		-0.46433     0.2    0.2		4.1705503158		-1.0
	35309.99999997	15.26082		0.0972     0.2    0.2		4.1705503158		-1.0
	35354.99999997	14.9863		1.0951     0.2    0.2		4.1705503158		-1.0
	35399.99999997	14.20972		1.94179     0.2    0.2		4.1705503158		-1.0
	35444.99999997	12.45136		1.916     0.2    0.2		4.1705503158		-1.0
	35489.99999997	10.90537		1.57431     0.2    0.2		4.1705503158		-1.0
	35534.99999997	10.16915		0.78796     0.2    0.2		4.1705503158		-1.0
	35579.99999997	10.15399		0.35677     0.2    0.2		4.1705503158		-1.0
	35624.99999997	10.89641		0.32412     0.2    0.2		4.1705503158		-1.0
	35669.99999997	11.96823		0.40873     0.2    0.2		4.1705503158		-1.0
	35714.99999997	13.25219		0.51503     0.2    0.2		4.1705503158		-1.0
	35759.99999997	13.92995		0.46121     0.2    0.2		4.1705503158		-1.0
	35804.99999997	14.11811		0.3942     0.2    0.2		4.1705503158		-1.0
	35849.99999997	13.77781		0.1365     0.2    0.2		4.1705503158		-1.0
	35894.99999997	13.07461		0.57521     0.2    0.2		4.1705503158		-1.0
	35939.99999997	12.55156		0.91694     0.2    0.2		4.1705503158		-1.0
	35984.99999997	11.68091		0.9649     0.2    0.2		4.1705503158		-1.0
	36029.99999997	10.94308		0.54526     0.2    0.2		4.1705503158		-1.0
	36074.99999997	10.3211		0.13835     0.2    0.2		4.1705503158		-1.0
	36119.99999997	9.86985		-0.19009     0.2    0.2		4.1705503158		-1.0
	36164.99999997	9.16445		-0.56571     0.2    0.2		4.1705503158		-1.0
	36209.99999997	8.56104		-0.66925     0.2    0.2		4.1705503158		-1.0
	36254.99999997	7.77052		-0.94551     0.2    0.2		4.1705503158		-1.0
	36299.99999997	7.1631		-0.64252     0.2    0.2		4.1705503158		-1.0
	36344.99999997	6.92616		-0.56537     0.2    0.2		4.1705503158		-1.0
	36389.99999997	6.13419		-0.53922     0.2    0.2		4.1705503158		-1.0
	36434.99999997	5.31095		-0.82948     0.2    0.2		4.1705503158		-1.0
	36479.99999997	5.64208		-0.92896     0.2    0.2		4.1705503158		-1.0
	36524.99999997	7.0084		-1.05154     0.2    0.2		4.1705503158		-1.0
	36569.99999997	8.11025		-1.15528     0.2    0.2		4.1705503158		-1.0
	36614.99999997	8.83284		-1.31045     0.2    0.2		4.1705503158		-1.0
	36659.99999997	9.70749		-1.50484     0.2    0.2		4.1705503158		-1.0
	36704.99999997	10.33275		-1.71943     0.2    0.2		4.1705503158		-1.0
	36749.99999997	10.48086		-2.06036     0.2    0.2		4.1705503158		-1.0
	36794.99999997	10.01478		-2.32858     0.2    0.2		4.1705503158		-1.0
	36839.99999997	9.68438		-1.93824     0.2    0.2		4.1705503158		-1.0
	36884.99999997	9.36812		-1.23233     0.2    0.2		4.1705503158		-1.0
	36929.99999997	9.383		-0.8427     0.2    0.2		4.1705503158		-1.0
	36974.99999997	10.01465		-0.44379     0.2    0.2		4.1705503158		-1.0
	37019.99999997	10.10233		-0.41298     0.2    0.2		4.1705503158		-1.0
	37064.99999997	9.7201		-0.40445     0.2    0.2		4.1705503158		-1.0
	37109.99999997	9.1057		-0.7192     0.2    0.2		4.1705503158		-1.0
	37154.99999997	8.6188		-1.17725     0.2    0.2		4.1705503158		-1.0
	37199.99999997	8.9281		-1.33934     0.2    0.2		4.1705503158		-1.0
	37244.99999997	9.78781		-1.6445     0.2    0.2		4.1705503158		-1.0
	37289.99999997	10.3691		-1.85443     0.2    0.2		4.1705503158		-1.0
	37334.99999997	9.88864		-2.43902     0.2    0.2		4.1705503158		-1.0
	37379.99999997	8.81681		2.63903     0.2    0.2		4.1705503158		-1.0
	37424.99999997	8.9707		0.99528     0.2    0.2		4.1705503158		-1.0
	37469.99999997	9.56222		-0.21532     0.2    0.2		4.1705503158		-1.0
	37514.99999997	9.07156		-0.78549     0.2    0.2		4.1705503158		-1.0
	37559.99999997	8.77506		-0.76091     0.2    0.2		4.1705503158		-1.0
	37604.99999997	7.94287		-1.26946     0.2    0.2		4.1705503158		-1.0
	37649.99999997	7.04208		-1.55215     0.2    0.2		4.1705503158		-1.0
	37694.99999997	7.19782		-1.5331     0.2    0.2		4.1705503158		-1.0
	37739.99999997	7.51079		-1.36206     0.2    0.2		4.1705503158		-1.0
	37784.99999997	8.37304		-0.908     0.2    0.2		4.1705503158		-1.0
	37829.99999997	8.34524		-0.49079     0.2    0.2		4.1705503158		-1.0
	37874.99999997	7.7713		-0.05594     0.2    0.2		4.1705503158		-1.0
	37919.99999997	6.80206		0.47087     0.2    0.2		4.1705503158		-1.0
	37964.99999997	6.30903		0.9037     0.2    0.2		4.1705503158		-1.0
	38009.99999997	6.23912		1.3248     0.2    0.2		4.1705503158		-1.0
	38054.99999997	6.2571		1.33778     0.2    0.2		4.1705503158		-1.0
	38099.99999997	7.11297		1.28204     0.2    0.2		4.1705503158		-1.0
	38144.99999997	8.16536		1.29778     0.2    0.2		4.1705503158		-1.0
	38189.99999997	8.31678		1.71408     0.2    0.2		4.1705503158		-1.0
	38234.99999997	7.28767		1.81548     0.2    0.2		4.1705503158		-1.0
	38279.99999997	6.65065		2.10936     0.2    0.2		4.1705503158		-1.0
	38324.99999997	6.39274		2.25158     0.2    0.2		4.1705503158		-1.0
	38369.99999997	6.49429		2.38165     0.2    0.2		4.1705503158		-1.0
	38414.99999997	7.28997		2.72042     0.2    0.2		4.1705503158		-1.0
	38459.99999997	8.62012		2.71788     0.2    0.2		4.1705503158		-1.0
	38504.99999997	9.33441		2.27034     0.2    0.2		4.1705503158		-1.0
	38549.99999997	8.92638		1.46059     0.2    0.2		4.1705503158		-1.0
	38594.99999997	9.16957		1.02329     0.2    0.2		4.1705503158		-1.0
	38639.99999997	8.93786		0.76794     0.2    0.2		4.1705503158		-1.0
	38684.99999997	8.49252		0.22931     0.2    0.2		4.1705503158		-1.0
	38729.99999997	7.74772		0.30911     0.2    0.2		4.1705503158		-1.0
	38774.99999997	7.11228		0.52843     0.2    0.2		4.1705503158		-1.0
	38819.99999997	7.33219		0.90611     0.2    0.2		4.1705503158		-1.0
	38864.99999997	8.19549		1.06297     0.2    0.2		4.1705503158		-1.0
	38909.99999997	9.64537		1.07287     0.2    0.2		4.1705503158		-1.0
	38954.99999997	10.29186		1.08932     0.2    0.2		4.1705503158		-1.0
	38999.99999997	10.17359		1.178     0.2    0.2		4.1705503158		-1.0
	39044.99999997	9.98071		1.76561     0.2    0.2		4.1705503158		-1.0
	39089.99999997	9.73704		2.51092     0.2    0.2		4.1705503158		-1.0
	39134.99999997	10.05458		2.12658     0.2    0.2		4.1705503158		-1.0
	39179.99999997	10.7743		1.98688     0.2    0.2		4.1705503158		-1.0
	39224.99999997	11.2005		2.28605     0.2    0.2		4.1705503158		-1.0
	39269.99999997	11.92169		-2.439     0.2    0.2		4.1705503158		-1.0
	39314.99999997	12.55404		-1.3032     0.2    0.2		4.1705503158		-1.0
	39359.99999997	13.28833		-0.56849     0.2    0.2		4.1705503158		-1.0
	39404.99999997	13.41912		-0.09011     0.2    0.2		4.1705503158		-1.0
	39449.99999997	13.38448		-0.06709     0.2    0.2		4.1705503158		-1.0
	39494.99999997	13.66286		-0.14913     0.2    0.2		4.1705503158		-1.0
	39539.99999997	13.97486		-0.49283     0.2    0.2		4.1705503158		-1.0
	39584.99999997	14.38194		0.20739     0.2    0.2		4.1705503158		-1.0
	39629.99999997	14.90492		-2.91047     0.2    0.2		4.1705503158		-1.0
	39674.99999997	14.81638		2.36752     0.2    0.2		4.1705503158		-1.0
	39719.99999997	14.49155		3.13972     0.2    0.2		4.1705503158		-1.0
	39764.99999997	13.84117		-1.20802     0.2    0.2		4.1705503158		-1.0
	39809.99999997	13.36879		-1.23679     0.2    0.2		4.1705503158		-1.0
	39854.99999997	12.5262		-0.64242     0.2    0.2		4.1705503158		-1.0
	39899.99999997	12.41434		-0.60603     0.2    0.2		4.1705503158		-1.0
	39944.99999997	12.66619		-0.95498     0.2    0.2		4.1705503158		-1.0
	39989.99999997	13.00064		-1.81755     0.2    0.2		4.1705503158		-1.0
	40034.99999997	12.54292		-2.47147     0.2    0.2		4.1705503158		-1.0
	40079.99999997	12.65832		-1.59125     0.2    0.2		4.1705503158		-1.0
	40124.99999997	12.21488		0.20304     0.2    0.2		4.1705503158		-1.0
	40169.99999997	11.84623		0.12191     0.2    0.2		4.1705503158		-1.0
	40214.99999997	11.08401		-0.10822     0.2    0.2		4.1705503158		-1.0
	40259.99999996	10.18936		-0.33193     0.2    0.2		4.1705503158		-1.0
	40304.99999996	9.0814		-0.553     0.2    0.2		4.1705503158		-1.0
	40349.99999996	7.93206		-0.5067     0.2    0.2		4.1705503158		-1.0
	40394.99999996	6.89101		-0.26703     0.2    0.2		4.1705503158		-1.0
	40439.99999996	7.33213		0.08921     0.2    0.2		4.1705503158		-1.0
	40484.99999996	8.40286		0.369     0.2    0.2		4.1705503158		-1.0
	40529.99999996	8.65565		0.68315     0.2    0.2		4.1705503158		-1.0
	40574.99999996	8.63849		1.10248     0.2    0.2		4.1705503158		-1.0
	40619.99999996	7.8763		1.15065     0.2    0.2		4.1705503158		-1.0
	40664.99999996	7.33211		0.74142     0.2    0.2		4.1705503158		-1.0
	40709.99999996	7.01662		0.25536     0.2    0.2		4.1705503158		-1.0
	40754.99999996	7.07069		-0.09321     0.2    0.2		4.1705503158		-1.0
	40799.99999996	7.57462		-0.43771     0.2    0.2		4.1705503158		-1.0
	40844.99999996	8.5734		-0.59482     0.2    0.2		4.1705503158		-1.0
	40889.99999996	9.8591		-0.56092     0.2    0.2		4.1705503158		-1.0
	40934.99999996	11.42539		-0.72055     0.2    0.2		4.1705503158		-1.0
	40979.99999996	12.16774		1.48141     0.2    0.2		4.1705503158		-1.0
	41024.99999996	12.48481		1.96485     0.2    0.2		4.1705503158		-1.0
	41069.99999996	12.98099		1.65082     0.2    0.2		4.1705503158		-1.0
	41114.99999996	13.8464		1.84443     0.2    0.2		4.1705503158		-1.0
	41159.99999996	15.17919		1.58276     0.2    0.2		4.1705503158		-1.0
	41204.99999996	16.31062		2.30377     0.2    0.2		4.1705503158		-1.0
	41249.99999996	16.86871		-3.13075     0.2    0.2		4.1705503158		-1.0
	41294.99999996	17.22074		2.35644     0.2    0.2		4.1705503158		-1.0
	41339.99999996	16.57959		2.39488     0.2    0.2		4.1705503158		-1.0
	41384.99999996	16.18656		1.72243     0.2    0.2		4.1705503158		-1.0
	41429.99999996	15.13092		1.47049     0.2    0.2		4.1705503158		-1.0
	41474.99999996	14.0372		1.1652     0.2    0.2		4.1705503158		-1.0
	41519.99999996	12.79007		1.16828     0.2    0.2		4.1705503158		-1.0
	41564.99999996	12.06913		1.02687     0.2    0.2		4.1705503158		-1.0
	41609.99999996	11.24829		0.54377     0.2    0.2		4.1705503158		-1.0
	41654.99999996	10.84464		1.20387     0.2    0.2		4.1705503158		-1.0
	41699.99999996	11.49228		1.28242     0.2    0.2		4.1705503158		-1.0
	41744.99999996	12.15607		2.16725     0.2    0.2		4.1705503158		-1.0
	41789.99999996	12.6227		1.63721     0.2    0.2		4.1705503158		-1.0
	41834.99999996	12.04955		1.30221     0.2    0.2		4.1705503158		-1.0
	41879.99999996	11.87398		1.77033     0.2    0.2		4.1705503158		-1.0
	41924.99999996	12.17263		2.17608     0.2    0.2		4.1705503158		-1.0
	41969.99999996	13.46439		2.24105     0.2    0.2		4.1705503158		-1.0
	42014.99999996	14.42779		3.12804     0.2    0.2		4.1705503158		-1.0
	42059.99999996	15.52556		-3.10661     0.2    0.2		4.1705503158		-1.0
	42104.99999996	15.52985		-3.06289     0.2    0.2		4.1705503158		-1.0
	42149.99999996	15.57867		2.61309     0.2    0.2		4.1705503158		-1.0
	42194.99999996	15.22828		2.24729     0.2    0.2		4.1705503158		-1.0
	42239.99999996	15.32698		1.59183     0.2    0.2		4.1705503158		-1.0
	42284.99999996	15.35868		0.97457     0.2    0.2		4.1705503158		-1.0
	42329.99999996	15.22527		0.69557     0.2    0.2		4.1705503158		-1.0
	42374.99999996	15.3933		1.12689     0.2    0.2		4.1705503158		-1.0
	42419.99999996	15.32922		2.50167     0.2    0.2		4.1705503158		-1.0
	42464.99999996	15.20084		-1.32205     0.2    0.2		4.1705503158		-1.0
	42509.99999996	14.6646		-0.38226     0.2    0.2		4.1705503158		-1.0
	42554.99999996	14.36327		0.10727     0.2    0.2		4.1705503158		-1.0
	42599.99999996	14.38052		0.62728     0.2    0.2		4.1705503158		-1.0
	42644.99999996	14.99226		1.12447     0.2    0.2		4.1705503158		-1.0
	42689.99999996	14.93562		1.12834     0.2    0.2		4.1705503158		-1.0
	42734.99999996	14.62549		0.66249     0.2    0.2		4.1705503158		-1.0
	42779.99999996	14.13185		0.45669     0.2    0.2		4.1705503158		-1.0
	42824.99999996	13.45511		0.54323     0.2    0.2		4.1705503158		-1.0
	42869.99999996	13.05122		0.70408     0.2    0.2		4.1705503158		-1.0
	42914.99999996	12.55241		0.90129     0.2    0.2		4.1705503158		-1.0
	42959.99999996	12.24432		0.93613     0.2    0.2		4.1705503158		-1.0
	43004.99999996	11.4516		0.98286     0.2    0.2		4.1705503158		-1.0
	43049.99999996	11.2777		0.78034     0.2    0.2		4.1705503158		-1.0
	43094.99999996	10.63272		0.73266     0.2    0.2		4.1705503158		-1.0
	43139.99999996	9.94218		0.72614     0.2    0.2		4.1705503158		-1.0
	43184.99999996	9.15907		0.84711     0.2    0.2		4.1705503158		-1.0
	43229.99999996	9.57931		0.53178     0.2    0.2		4.1705503158		-1.0
	43274.99999996	10.3671		-0.08657     0.2    0.2		4.1705503158		-1.0
	43319.99999996	11.49951		-0.2036     0.2    0.2		4.1705503158		-1.0
	43364.99999996	12.08597		-0.4783     0.2    0.2		4.1705503158		-1.0
	43409.99999996	12.19761		-0.58545     0.2    0.2		4.1705503158		-1.0
	43454.99999996	11.83218		-0.48023     0.2    0.2		4.1705503158		-1.0
	43499.99999996	11.52306		-0.37146     0.2    0.2		4.1705503158		-1.0
	43544.99999996	11.11753		-0.34912     0.2    0.2		4.1705503158		-1.0
	43589.99999996	10.26563		-0.58329     0.2    0.2		4.1705503158		-1.0
	43634.99999996	9.39849		-0.85274     0.2    0.2		4.1705503158		-1.0
	43679.99999996	8.74032		-1.06298     0.2    0.2		4.1705503158		-1.0
	43724.99999996	8.98264		-1.24589     0.2    0.2		4.1705503158		-1.0
	43769.99999996	9.64288		-1.50089     0.2    0.2		4.1705503158		-1.0
	43814.99999996	9.29452		-1.7125     0.2    0.2		4.1705503158		-1.0
	43859.99999996	8.98349		-2.21566     0.2    0.2		4.1705503158		-1.0
	43904.99999996	9.47341		-1.72312     0.2    0.2		4.1705503158		-1.0
	43949.99999996	9.4835		-1.78035     0.2    0.2		4.1705503158		-1.0
	43994.99999996	8.41031		-1.92783     0.2    0.2		4.1705503158		-1.0
	44039.99999996	7.78923		-1.76892     0.2    0.2		4.1705503158		-1.0
	44084.99999996	7.30289		-1.80577     0.2    0.2		4.1705503158		-1.0
	44129.99999996	7.39876		-2.04079     0.2    0.2		4.1705503158		-1.0
	44174.99999996	8.11268		-2.07754     0.2    0.2		4.1705503158		-1.0
	44219.99999996	8.53755		-2.03318     0.2    0.2		4.1705503158		-1.0
	44264.99999996	8.98394		-2.1663     0.2    0.2		4.1705503158		-1.0
	44309.99999996	9.61119		-2.55723     0.2    0.2		4.1705503158		-1.0
	44354.99999996	9.7007		3.0851     0.2    0.2		4.1705503158		-1.0
	44399.99999996	8.89522		2.62246     0.2    0.2		4.1705503158		-1.0
	44444.99999996	7.55688		2.42799     0.2    0.2		4.1705503158		-1.0
	44489.99999996	6.45869		2.00285     0.2    0.2		4.1705503158		-1.0
	44534.99999996	6.22413		1.66354     0.2    0.2		4.1705503158		-1.0
	44579.99999996	6.50823		1.12614     0.2    0.2		4.1705503158		-1.0
	44624.99999996	7.4376		0.63077     0.2    0.2		4.1705503158		-1.0
	44669.99999996	8.31905		0.51794     0.2    0.2		4.1705503158		-1.0
	44714.99999996	8.32824		0.96405     0.2    0.2		4.1705503158		-1.0
	44759.99999996	8.74687		1.09575     0.2    0.2		4.1705503158		-1.0
	44804.99999996	9.7994		1.40431     0.2    0.2		4.1705503158		-1.0
	44849.99999996	10.8619		1.55631     0.2    0.2		4.1705503158		-1.0
	44894.99999996	11.26897		2.14176     0.2    0.2		4.1705503158		-1.0
	44939.99999996	11.15589		2.7504     0.2    0.2		4.1705503158		-1.0
	44984.99999996	10.47829		2.94325     0.2    0.2		4.1705503158		-1.0
	45029.99999996	10.14348		-2.8371     0.2    0.2		4.1705503158		-1.0
	45074.99999996	10.21701		-2.32463     0.2    0.2		4.1705503158		-1.0
	45119.99999996	9.80877		-1.94056     0.2    0.2		4.1705503158		-1.0
	45164.99999996	10.0433		-1.93331     0.2    0.2		4.1705503158		-1.0
	45209.99999996	10.05579		-2.11925     0.2    0.2		4.1705503158		-1.0
	45254.99999996	9.95075		-2.4794     0.2    0.2		4.1705503158		-1.0
	45299.99999996	8.77052		-2.58764     0.2    0.2		4.1705503158		-1.0
	45344.99999996	8.99948		-2.73785     0.2    0.2		4.1705503158		-1.0
	45389.99999996	9.76723		-2.31425     0.2    0.2		4.1705503158		-1.0
	45434.99999996	10.09236		-2.34316     0.2    0.2		4.1705503158		-1.0
	45479.99999996	9.00846		-2.13874     0.2    0.2		4.1705503158		-1.0
	45524.99999996	7.62188		-2.24829     0.2    0.2		4.1705503158		-1.0
	45569.99999996	7.31164		-2.34042     0.2    0.2		4.1705503158		-1.0
