	45.00000000	2.87486		1.23632     0.2    0.2		4.1705503158		-1.0
	90.00000000	2.96546		1.24152     0.2    0.2		4.1705503158		-1.0
	135.00000000	2.84892		1.43269     0.2    0.2		4.1705503158		-1.0
	180.00000000	2.77357		1.03339     0.2    0.2		4.1705503158		-1.0
	225.00000000	2.91051		1.11221     0.2    0.2		4.1705503158		-1.0
	270.00000000	2.97061		0.87918     0.2    0.2		4.1705503158		-1.0
	315.00000000	2.99827		0.70042     0.2    0.2		4.1705503158		-1.0
	360.00000000	2.89662		0.48642     0.2    0.2		4.1705503158		-1.0
	405.00000000	2.76957		0.64425     0.2    0.2		4.1705503158		-1.0
	450.00000000	2.89506		0.79132     0.2    0.2		4.1705503158		-1.0
	495.00000000	2.91829		1.06954     0.2    0.2		4.1705503158		-1.0
	540.00000000	2.89988		0.97704     0.2    0.2		4.1705503158		-1.0
	585.00000000	2.82439		0.8594     0.2    0.2		4.1705503158		-1.0
	630.00000000	2.88242		1.05108     0.2    0.2		4.1705503158		-1.0
	675.00000000	3.03321		1.28299     0.2    0.2		4.1705503158		-1.0
	720.00000000	2.90153		1.59068     0.2    0.2		4.1705503158		-1.0
	765.00000000	2.85432		2.05925     0.2    0.2		4.1705503158		-1.0
	810.00000000	2.95813		2.35701     0.2    0.2		4.1705503158		-1.0
	855.00000000	2.90344		2.6553     0.2    0.2		4.1705503158		-1.0
	900.00000000	2.90702		3.11109     0.2    0.2		4.1705503158		-1.0
	945.00000000	2.90268		-2.58952     0.2    0.2		4.1705503158		-1.0
	990.00000000	3.03556		-2.66667     0.2    0.2		4.1705503158		-1.0
	1035.00000000	2.8697		-2.74252     0.2    0.2		4.1705503158		-1.0
	1080.00000000	2.8653		-2.94886     0.2    0.2		4.1705503158		-1.0
	1125.00000000	2.86449		2.98053     0.2    0.2		4.1705503158		-1.0
	1170.00000000	2.98334		2.73446     0.2    0.2		4.1705503158		-1.0
	1215.00000000	2.91774		2.60991     0.2    0.2		4.1705503158		-1.0
	1260.00000000	2.91224		2.56147     0.2    0.2		4.1705503158		-1.0
	1305.00000000	2.8524		2.27283     0.2    0.2		4.1705503158		-1.0
	1350.00000000	2.95318		2.10697     0.2    0.2		4.1705503158		-1.0
	1395.00000000	2.92749		1.60859     0.2    0.2		4.1705503158		-1.0
	1440.00000000	2.97546		1.31389     0.2    0.2		4.1705503158		-1.0
	1485.00000000	2.97173		0.61765     0.2    0.2		4.1705503158		-1.0
	1530.00000000	3.00257		0.30156     0.2    0.2		4.1705503158		-1.0
	1575.00000000	3.01346		-0.40487     0.2    0.2		4.1705503158		-1.0
	1620.00000000	2.84399		-0.90454     0.2    0.2		4.1705503158		-1.0
	1665.00000000	2.92884		-1.47352     0.2    0.2		4.1705503158		-1.0
	1710.00000000	2.98591		-1.85757     0.2    0.2		4.1705503158		-1.0
	1755.00000000	2.79715		-2.15363     0.2    0.2		4.1705503158		-1.0
	1800.00000000	2.90993		-2.49901     0.2    0.2		4.1705503158		-1.0
	1845.00000000	2.97016		-2.49273     0.2    0.2		4.1705503158		-1.0
	1890.00000000	3.07384		-2.64802     0.2    0.2		4.1705503158		-1.0
	1935.00000000	2.93325		-2.92435     0.2    0.2		4.1705503158		-1.0
	1980.00000000	2.84104		2.91948     0.2    0.2		4.1705503158		-1.0
	2025.00000000	2.87355		2.95028     0.2    0.2		4.1705503158		-1.0
	2070.00000000	2.81887		-3.09644     0.2    0.2		4.1705503158		-1.0
	2115.00000000	2.7219		-2.88512     0.2    0.2		4.1705503158		-1.0
	2160.00000000	2.77542		-2.68233     0.2    0.2		4.1705503158		-1.0
	2205.00000000	2.78243		-2.24517     0.2    0.2		4.1705503158		-1.0
	2250.00000000	2.94693		-1.95872     0.2    0.2		4.1705503158		-1.0
	2295.00000000	2.98178		-1.63344     0.2    0.2		4.1705503158		-1.0
	2340.00000000	2.96286		-1.14792     0.2    0.2		4.1705503158		-1.0
	2385.00000000	2.86811		-0.82821     0.2    0.2		4.1705503158		-1.0
	2430.00000000	2.8201		-0.61496     0.2    0.2		4.1705503158		-1.0
	2475.00000000	2.96646		-0.51978     0.2    0.2		4.1705503158		-1.0
	2520.00000000	2.95238		-0.72388     0.2    0.2		4.1705503158		-1.0
	2565.00000000	2.98556		-1.41755     0.2    0.2		4.1705503158		-1.0
	2610.00000000	2.80486		-1.52599     0.2    0.2		4.1705503158		-1.0
	2655.00000000	2.91258		-1.72671     0.2    0.2		4.1705503158		-1.0
	2700.00000000	2.84168		-1.78648     0.2    0.2		4.1705503158		-1.0
	2745.00000000	2.87587		-1.98876     0.2    0.2		4.1705503158		-1.0
	2790.00000000	3.0294		-2.35695     0.2    0.2		4.1705503158		-1.0
	2835.00000000	2.88172		-2.07537     0.2    0.2		4.1705503158		-1.0
	2880.00000000	2.95259		-1.82175     0.2    0.2		4.1705503158		-1.0
	2925.00000000	2.79517		-1.75939     0.2    0.2		4.1705503158		-1.0
	2970.00000000	2.79623		-1.13858     0.2    0.2		4.1705503158		-1.0
	3015.00000000	2.95742		-1.05888     0.2    0.2		4.1705503158		-1.0
	3060.00000000	2.93783		-1.29153     0.2    0.2		4.1705503158		-1.0
	3105.00000000	2.80113		-1.52366     0.2    0.2		4.1705503158		-1.0
	3150.00000000	2.90701		-1.34227     0.2    0.2		4.1705503158		-1.0
	3195.00000000	2.92147		-0.72558     0.2    0.2		4.1705503158		-1.0
	3240.00000000	2.95428		-0.43058     0.2    0.2		4.1705503158		-1.0
	3285.00000000	2.96884		0.14069     0.2    0.2		4.1705503158		-1.0
	3330.00000000	2.8439		0.23218     0.2    0.2		4.1705503158		-1.0
	3375.00000000	2.93814		0.63307     0.2    0.2		4.1705503158		-1.0
	3420.00000000	2.95529		0.4042     0.2    0.2		4.1705503158		-1.0
	3465.00000000	2.97217		0.47345     0.2    0.2		4.1705503158		-1.0
	3510.00000000	2.9476		0.28856     0.2    0.2		4.1705503158		-1.0
	3555.00000000	2.84651		-0.08081     0.2    0.2		4.1705503158		-1.0
	3600.00000000	2.96032		-0.34547     0.2    0.2		4.1705503158		-1.0
	3645.00000000	2.923		-0.57789     0.2    0.2		4.1705503158		-1.0
	3690.00000000	2.78333		-0.40178     0.2    0.2		4.1705503158		-1.0
	3735.00000000	2.87409		-0.05388     0.2    0.2		4.1705503158		-1.0
	3780.00000000	2.85142		-0.04488     0.2    0.2		4.1705503158		-1.0
	3825.00000000	2.77372		0.26402     0.2    0.2		4.1705503158		-1.0
	3870.00000000	2.80526		-0.00413     0.2    0.2		4.1705503158		-1.0
	3915.00000000	2.73843		-0.36947     0.2    0.2		4.1705503158		-1.0
	3960.00000000	2.79595		-0.86841     0.2    0.2		4.1705503158		-1.0
	4005.00000000	2.94252		-1.12019     0.2    0.2		4.1705503158		-1.0
	4050.00000000	3.02758		-1.38837     0.2    0.2		4.1705503158		-1.0
	4095.00000000	3.19228		-1.10394     0.2    0.2		4.1705503158		-1.0
	4140.00000000	2.88985		-0.99158     0.2    0.2		4.1705503158		-1.0
	4185.00000000	3.00282		-0.98776     0.2    0.2		4.1705503158		-1.0
	4230.00000000	2.79625		-1.48866     0.2    0.2		4.1705503158		-1.0
	4275.00000000	2.99413		-1.62832     0.2    0.2		4.1705503158		-1.0
	4320.00000000	3.07936		-1.93435     0.2    0.2		4.1705503158		-1.0
	4365.00000000	3.06865		-1.9601     0.2    0.2		4.1705503158		-1.0
	4410.00000000	2.86372		-2.35312     0.2    0.2		4.1705503158		-1.0
	4455.00000000	2.79822		-2.48267     0.2    0.2		4.1705503158		-1.0
	4500.00000000	3.03159		-2.9761     0.2    0.2		4.1705503158		-1.0
	4545.00000000	2.88011		2.83912     0.2    0.2		4.1705503158		-1.0
	4590.00000000	2.95047		2.36425     0.2    0.2		4.1705503158		-1.0
	4635.00000000	2.85645		2.13952     0.2    0.2		4.1705503158		-1.0
	4680.00000000	2.88065		1.71697     0.2    0.2		4.1705503158		-1.0
	4725.00000000	3.06962		1.39943     0.2    0.2		4.1705503158		-1.0
	4770.00000000	2.9706		1.4792     0.2    0.2		4.1705503158		-1.0
	4815.00000000	2.99369		1.65243     0.2    0.2		4.1705503158		-1.0
	4860.00000000	2.90965		1.87907     0.2    0.2		4.1705503158		-1.0
	4905.00000000	2.79759		2.0689     0.2    0.2		4.1705503158		-1.0
	4950.00000000	2.78309		2.20693     0.2    0.2		4.1705503158		-1.0
	4995.00000000	3.04031		2.37206     0.2    0.2		4.1705503158		-1.0
	5040.00000000	3.13159		2.55992     0.2    0.2		4.1705503158		-1.0
	5085.00000000	3.07506		3.1218     0.2    0.2		4.1705503158		-1.0
	5130.00000000	2.93949		-3.1305     0.2    0.2		4.1705503158		-1.0
	5175.00000000	2.97159		-2.65971     0.2    0.2		4.1705503158		-1.0
	5220.00000000	2.78696		-2.74525     0.2    0.2		4.1705503158		-1.0
	5265.00000000	3.04285		-3.13148     0.2    0.2		4.1705503158		-1.0
	5310.00000000	2.96283		2.73441     0.2    0.2		4.1705503158		-1.0
	5355.00000000	3.03257		2.85401     0.2    0.2		4.1705503158		-1.0
	5400.00000000	2.7291		2.56752     0.2    0.2		4.1705503158		-1.0
	5445.00000000	2.77902		2.73116     0.2    0.2		4.1705503158		-1.0
	5490.00000000	3.1664		2.28269     0.2    0.2		4.1705503158		-1.0
	5535.00000000	2.81154		2.98195     0.2    0.2		4.1705503158		-1.0
	5580.00000000	2.91476		-2.95859     0.2    0.2		4.1705503158		-1.0
	5625.00000000	3.05949		-2.33953     0.2    0.2		4.1705503158		-1.0
	5670.00000000	3.24598		-2.18913     0.2    0.2		4.1705503158		-1.0
	5715.00000000	3.14468		-2.17858     0.2    0.2		4.1705503158		-1.0
	5760.00000000	2.90855		-1.8953     0.2    0.2		4.1705503158		-1.0
	5805.00000000	3.02929		-2.12797     0.2    0.2		4.1705503158		-1.0
	5850.00000000	2.70766		-2.21888     0.2    0.2		4.1705503158		-1.0
	5895.00000000	2.77312		-2.08704     0.2    0.2		4.1705503158		-1.0
	5940.00000000	3.02192		-2.36024     0.2    0.2		4.1705503158		-1.0
	5985.00000000	3.09112		-2.51978     0.2    0.2		4.1705503158		-1.0
	6030.00000000	2.82867		-2.36222     0.2    0.2		4.1705503158		-1.0
	6075.00000000	2.86172		-2.37671     0.2    0.2		4.1705503158		-1.0
	6120.00000000	3.3053		-2.40884     0.2    0.2		4.1705503158		-1.0
	6165.00000000	3.24732		-2.34039     0.2    0.2		4.1705503158		-1.0
	6210.00000000	2.65473		-2.11425     0.2    0.2		4.1705503158		-1.0
	6255.00000000	3.04289		-1.90322     0.2    0.2		4.1705503158		-1.0
	6300.00000000	3.27672		-2.01873     0.2    0.2		4.1705503158		-1.0
	6345.00000000	2.91869		-1.53324     0.2    0.2		4.1705503158		-1.0
	6390.00000000	2.68012		-1.38822     0.2    0.2		4.1705503158		-1.0
	6435.00000000	2.99582		-1.44767     0.2    0.2		4.1705503158		-1.0
	6480.00000000	2.95496		-1.0372     0.2    0.2		4.1705503158		-1.0
	6525.00000000	3.30987		-1.18172     0.2    0.2		4.1705503158		-1.0
	6570.00000000	3.00865		-0.91112     0.2    0.2		4.1705503158		-1.0
	6615.00000000	2.98033		-0.56074     0.2    0.2		4.1705503158		-1.0
	6660.00000000	3.26163		-0.68757     0.2    0.2		4.1705503158		-1.0
	6705.00000000	3.06609		-0.17824     0.2    0.2		4.1705503158		-1.0
	6750.00000000	2.81463		-0.14212     0.2    0.2		4.1705503158		-1.0
	6795.00000000	2.79243		0.3509     0.2    0.2		4.1705503158		-1.0
	6840.00000000	2.97235		0.72972     0.2    0.2		4.1705503158		-1.0
	6885.00000000	3.13406		1.09396     0.2    0.2		4.1705503158		-1.0
	6930.00000000	3.24226		1.22105     0.2    0.2		4.1705503158		-1.0
	6975.00000000	3.21858		1.26133     0.2    0.2		4.1705503158		-1.0
	7020.00000000	3.30428		1.42898     0.2    0.2		4.1705503158		-1.0
	7065.00000000	3.17206		1.27922     0.2    0.2		4.1705503158		-1.0
	7110.00000000	3.03826		1.14302     0.2    0.2		4.1705503158		-1.0
	7155.00000000	2.97974		1.05041     0.2    0.2		4.1705503158		-1.0
	7200.00000000	3.05485		0.7472     0.2    0.2		4.1705503158		-1.0
	7245.00000000	2.84854		0.845     0.2    0.2		4.1705503158		-1.0
	7290.00000000	3.28066		0.78572     0.2    0.2		4.1705503158		-1.0
	7335.00000000	2.98135		0.6587     0.2    0.2		4.1705503158		-1.0
	7380.00000000	3.0286		0.36151     0.2    0.2		4.1705503158		-1.0
	7425.00000000	3.03773		0.13739     0.2    0.2		4.1705503158		-1.0
	7470.00000000	3.10601		-0.10817     0.2    0.2		4.1705503158		-1.0
	7515.00000000	3.2121		-0.45722     0.2    0.2		4.1705503158		-1.0
	7560.00000000	2.69614		-0.60457     0.2    0.2		4.1705503158		-1.0
	7605.00000000	2.97755		-0.78354     0.2    0.2		4.1705503158		-1.0
	7650.00000000	3.28769		-1.01635     0.2    0.2		4.1705503158		-1.0
	7695.00000000	2.85698		-1.11682     0.2    0.2		4.1705503158		-1.0
	7740.00000000	2.97572		-1.25297     0.2    0.2		4.1705503158		-1.0
	7785.00000000	2.76869		-1.1762     0.2    0.2		4.1705503158		-1.0
	7830.00000000	2.76501		-1.02114     0.2    0.2		4.1705503158		-1.0
	7875.00000000	2.89314		-0.90346     0.2    0.2		4.1705503158		-1.0
	7920.00000000	3.06306		-0.63247     0.2    0.2		4.1705503158		-1.0
	7965.00000000	3.05193		-0.83124     0.2    0.2		4.1705503158		-1.0
	8010.00000000	2.83523		-0.42442     0.2    0.2		4.1705503158		-1.0
	8055.00000000	3.12195		-0.43879     0.2    0.2		4.1705503158		-1.0
	8100.00000000	2.74311		-0.40393     0.2    0.2		4.1705503158		-1.0
	8145.00000000	3.13084		-0.00703     0.2    0.2		4.1705503158		-1.0
	8190.00000000	2.82645		-0.11432     0.2    0.2		4.1705503158		-1.0
	8235.00000000	3.14291		0.08871     0.2    0.2		4.1705503158		-1.0
	8280.00000000	3.13366		0.35171     0.2    0.2		4.1705503158		-1.0
	8325.00000000	2.81165		0.48617     0.2    0.2		4.1705503158		-1.0
	8370.00000000	2.82764		0.963     0.2    0.2		4.1705503158		-1.0
	8415.00000000	2.80696		1.31268     0.2    0.2		4.1705503158		-1.0
	8460.00000000	3.0258		2.05128     0.2    0.2		4.1705503158		-1.0
	8505.00000000	2.95356		1.85885     0.2    0.2		4.1705503158		-1.0
	8550.00000000	3.08435		2.04933     0.2    0.2		4.1705503158		-1.0
	8595.00000000	2.77337		1.76671     0.2    0.2		4.1705503158		-1.0
	8640.00000000	2.91974		2.11214     0.2    0.2		4.1705503158		-1.0
	8685.00000000	3.22233		1.6311     0.2    0.2		4.1705503158		-1.0
	8730.00000000	3.0074		1.9538     0.2    0.2		4.1705503158		-1.0
	8775.00000000	3.0644		1.7587     0.2    0.2		4.1705503158		-1.0
	8820.00000000	2.77478		1.73176     0.2    0.2		4.1705503158		-1.0
	8865.00000000	2.8321		1.5269     0.2    0.2		4.1705503158		-1.0
	8910.00000000	2.90587		1.73553     0.2    0.2		4.1705503158		-1.0
	8955.00000000	2.75376		1.32445     0.2    0.2		4.1705503158		-1.0
	9000.00000000	2.76035		1.51203     0.2    0.2		4.1705503158		-1.0
	9045.00000000	2.77059		1.39797     0.2    0.2		4.1705503158		-1.0
	9090.00000000	3.26415		1.76046     0.2    0.2		4.1705503158		-1.0
	9135.00000000	3.00778		1.60185     0.2    0.2		4.1705503158		-1.0
	9180.00000000	2.71087		2.00227     0.2    0.2		4.1705503158		-1.0
	9225.00000000	3.06441		2.22674     0.2    0.2		4.1705503158		-1.0
	9270.00000000	3.21444		2.44507     0.2    0.2		4.1705503158		-1.0
	9315.00000000	2.73407		-2.99432     0.2    0.2		4.1705503158		-1.0
	9360.00000000	3.03493		-2.73331     0.2    0.2		4.1705503158		-1.0
	9405.00000000	3.14598		-2.46069     0.2    0.2		4.1705503158		-1.0
	9450.00000000	2.99501		-2.48925     0.2    0.2		4.1705503158		-1.0
	9495.00000000	3.30486		-2.88375     0.2    0.2		4.1705503158		-1.0
	9540.00000000	2.78416		3.00501     0.2    0.2		4.1705503158		-1.0
	9585.00000000	2.82792		2.57556     0.2    0.2		4.1705503158		-1.0
	9630.00000000	3.0108		2.32979     0.2    0.2		4.1705503158		-1.0
	9675.00000000	2.88314		2.40018     0.2    0.2		4.1705503158		-1.0
	9720.00000000	2.95537		2.13953     0.2    0.2		4.1705503158		-1.0
	9765.00000000	3.0071		2.21157     0.2    0.2		4.1705503158		-1.0
	9810.00000000	3.40969		2.47433     0.2    0.2		4.1705503158		-1.0
	9855.00000000	3.11132		2.91104     0.2    0.2		4.1705503158		-1.0
	9900.00000000	2.98617		3.05686     0.2    0.2		4.1705503158		-1.0
	9945.00000000	2.75046		-3.04175     0.2    0.2		4.1705503158		-1.0
	9990.00000000	2.68863		-2.96598     0.2    0.2		4.1705503158		-1.0
	10035.00000000	2.94914		-3.07028     0.2    0.2		4.1705503158		-1.0
	10080.00000000	2.7833		2.95031     0.2    0.2		4.1705503158		-1.0
	10125.00000000	2.73634		2.61777     0.2    0.2		4.1705503158		-1.0
	10170.00000000	2.74409		2.4496     0.2    0.2		4.1705503158		-1.0
	10215.00000000	2.94859		2.63934     0.2    0.2		4.1705503158		-1.0
	10260.00000000	3.08037		2.69931     0.2    0.2		4.1705503158		-1.0
	10305.00000000	3.21913		3.06411     0.2    0.2		4.1705503158		-1.0
	10350.00000000	2.78314		-2.92736     0.2    0.2		4.1705503158		-1.0
	10395.00000000	2.98173		-2.82778     0.2    0.2		4.1705503158		-1.0
	10440.00000000	2.90933		-2.7245     0.2    0.2		4.1705503158		-1.0
	10485.00000000	2.80595		-2.61215     0.2    0.2		4.1705503158		-1.0
	10530.00000000	2.76691		-2.84011     0.2    0.2		4.1705503158		-1.0
	10575.00000000	2.76758		-2.74824     0.2    0.2		4.1705503158		-1.0
	10620.00000000	2.66649		-2.63064     0.2    0.2		4.1705503158		-1.0
	10665.00000000	2.6834		-2.65104     0.2    0.2		4.1705503158		-1.0
	10710.00000000	3.34751		-2.76028     0.2    0.2		4.1705503158		-1.0
	10755.00000000	3.20671		-2.90542     0.2    0.2		4.1705503158		-1.0
	10800.00000000	3.17925		-3.06874     0.2    0.2		4.1705503158		-1.0
	10845.00000001	3.11882		2.85044     0.2    0.2		4.1705503158		-1.0
	10890.00000001	3.30834		2.64768     0.2    0.2		4.1705503158		-1.0
	10935.00000001	3.13997		2.71096     0.2    0.2		4.1705503158		-1.0
	10980.00000001	3.26117		2.8339     0.2    0.2		4.1705503158		-1.0
	11025.00000001	3.17024		-3.11033     0.2    0.2		4.1705503158		-1.0
	11070.00000001	3.20174		-3.02508     0.2    0.2		4.1705503158		-1.0
	11115.00000001	3.20992		3.09759     0.2    0.2		4.1705503158		-1.0
	11160.00000001	2.98894		2.9555     0.2    0.2		4.1705503158		-1.0
	11205.00000001	2.70615		2.42081     0.2    0.2		4.1705503158		-1.0
	11250.00000001	2.80371		1.84058     0.2    0.2		4.1705503158		-1.0
	11295.00000001	2.76848		1.39244     0.2    0.2		4.1705503158		-1.0
	11340.00000001	2.74871		0.88726     0.2    0.2		4.1705503158		-1.0
	11385.00000001	2.74553		0.3755     0.2    0.2		4.1705503158		-1.0
	11430.00000001	3.02109		-0.22017     0.2    0.2		4.1705503158		-1.0
	11475.00000001	3.19067		-0.18056     0.2    0.2		4.1705503158		-1.0
	11520.00000001	3.08665		-0.64544     0.2    0.2		4.1705503158		-1.0
	11565.00000001	3.06019		-0.62439     0.2    0.2		4.1705503158		-1.0
	11610.00000001	3.06387		-1.12797     0.2    0.2		4.1705503158		-1.0
	11655.00000001	2.85484		-1.37541     0.2    0.2		4.1705503158		-1.0
	11700.00000001	2.74095		-1.77266     0.2    0.2		4.1705503158		-1.0
	11745.00000001	2.85997		-1.77811     0.2    0.2		4.1705503158		-1.0
	11790.00000001	2.75422		-1.77297     0.2    0.2		4.1705503158		-1.0
	11835.00000001	2.90108		-1.55774     0.2    0.2		4.1705503158		-1.0
	11880.00000001	3.12793		-1.46522     0.2    0.2		4.1705503158		-1.0
	11925.00000001	3.34496		-1.44301     0.2    0.2		4.1705503158		-1.0
	11970.00000001	3.24819		-1.75053     0.2    0.2		4.1705503158		-1.0
	12015.00000001	3.19389		-1.82028     0.2    0.2		4.1705503158		-1.0
	12060.00000001	2.85363		-1.98476     0.2    0.2		4.1705503158		-1.0
	12105.00000001	3.10818		-2.29739     0.2    0.2		4.1705503158		-1.0
	12150.00000001	3.10636		-2.64574     0.2    0.2		4.1705503158		-1.0
	12195.00000001	3.10428		-2.9311     0.2    0.2		4.1705503158		-1.0
	12240.00000001	3.25333		2.97904     0.2    0.2		4.1705503158		-1.0
	12285.00000001	3.1641		2.70847     0.2    0.2		4.1705503158		-1.0
	12330.00000001	3.18186		2.31879     0.2    0.2		4.1705503158		-1.0
	12375.00000001	3.23402		2.01832     0.2    0.2		4.1705503158		-1.0
	12420.00000001	3.26758		1.73692     0.2    0.2		4.1705503158		-1.0
	12465.00000001	3.07584		1.31912     0.2    0.2		4.1705503158		-1.0
	12510.00000001	3.25318		1.28884     0.2    0.2		4.1705503158		-1.0
	12555.00000001	3.23185		0.87318     0.2    0.2		4.1705503158		-1.0
	12600.00000001	3.26833		0.75754     0.2    0.2		4.1705503158		-1.0
	12645.00000001	3.21414		0.42872     0.2    0.2		4.1705503158		-1.0
	12690.00000001	3.24455		0.34927     0.2    0.2		4.1705503158		-1.0
	12735.00000001	3.15773		0.05615     0.2    0.2		4.1705503158		-1.0
	12780.00000001	2.90497		0.02495     0.2    0.2		4.1705503158		-1.0
	12825.00000001	2.85208		-0.24736     0.2    0.2		4.1705503158		-1.0
	12870.00000001	2.80426		-0.23294     0.2    0.2		4.1705503158		-1.0
	12915.00000001	2.65339		-0.6738     0.2    0.2		4.1705503158		-1.0
	12960.00000001	2.78045		-0.79782     0.2    0.2		4.1705503158		-1.0
	13005.00000001	2.77859		-1.26085     0.2    0.2		4.1705503158		-1.0
	13050.00000001	2.62666		-1.2629     0.2    0.2		4.1705503158		-1.0
	13095.00000001	3.02391		-1.4556     0.2    0.2		4.1705503158		-1.0
	13140.00000001	3.42948		-1.27606     0.2    0.2		4.1705503158		-1.0
	13185.00000001	2.79684		-1.28152     0.2    0.2		4.1705503158		-1.0
	13230.00000001	2.78668		-1.0619     0.2    0.2		4.1705503158		-1.0
	13275.00000001	2.71723		-0.8487     0.2    0.2		4.1705503158		-1.0
	13320.00000001	2.71735		-0.7861     0.2    0.2		4.1705503158		-1.0
	13365.00000001	2.86736		-0.75828     0.2    0.2		4.1705503158		-1.0
	13410.00000001	2.81624		-0.39427     0.2    0.2		4.1705503158		-1.0
	13455.00000001	2.72388		-0.46565     0.2    0.2		4.1705503158		-1.0
	13500.00000001	2.7117		-0.17059     0.2    0.2		4.1705503158		-1.0
	13545.00000001	2.75661		0.21235     0.2    0.2		4.1705503158		-1.0
	13590.00000001	2.77219		0.48765     0.2    0.2		4.1705503158		-1.0
	13635.00000001	2.68694		0.89697     0.2    0.2		4.1705503158		-1.0
	13680.00000001	2.66052		1.15257     0.2    0.2		4.1705503158		-1.0
	13725.00000001	2.76157		1.24032     0.2    0.2		4.1705503158		-1.0
	13770.00000001	2.73042		1.67006     0.2    0.2		4.1705503158		-1.0
	13815.00000001	3.25715		1.76409     0.2    0.2		4.1705503158		-1.0
	13860.00000001	2.70937		2.0418     0.2    0.2		4.1705503158		-1.0
	13905.00000001	2.75598		2.01555     0.2    0.2		4.1705503158		-1.0
	13950.00000001	3.26442		1.99958     0.2    0.2		4.1705503158		-1.0
	13995.00000001	3.30949		1.92035     0.2    0.2		4.1705503158		-1.0
	14040.00000001	3.2506		2.05019     0.2    0.2		4.1705503158		-1.0
	14085.00000001	3.05106		1.577     0.2    0.2		4.1705503158		-1.0
	14130.00000001	3.10761		1.4752     0.2    0.2		4.1705503158		-1.0
	14175.00000001	2.98982		1.01647     0.2    0.2		4.1705503158		-1.0
	14220.00000001	3.15733		0.53993     0.2    0.2		4.1705503158		-1.0
	14265.00000000	3.13352		0.40713     0.2    0.2		4.1705503158		-1.0
	14310.00000000	3.14333		0.66781     0.2    0.2		4.1705503158		-1.0
	14355.00000000	3.05539		1.02013     0.2    0.2		4.1705503158		-1.0
	14400.00000000	3.28268		1.1783     0.2    0.2		4.1705503158		-1.0
	14445.00000000	3.22945		0.92719     0.2    0.2		4.1705503158		-1.0
	14490.00000000	3.13924		0.7677     0.2    0.2		4.1705503158		-1.0
	14535.00000000	3.21369		0.38662     0.2    0.2		4.1705503158		-1.0
	14580.00000000	3.17285		-0.0286     0.2    0.2		4.1705503158		-1.0
	14625.00000000	3.0904		-0.44972     0.2    0.2		4.1705503158		-1.0
	14670.00000000	3.4254		-1.17731     0.2    0.2		4.1705503158		-1.0
	14715.00000000	3.17876		-1.27559     0.2    0.2		4.1705503158		-1.0
	14760.00000000	3.23639		-1.19191     0.2    0.2		4.1705503158		-1.0
	14805.00000000	3.18734		-0.82146     0.2    0.2		4.1705503158		-1.0
	14850.00000000	3.10777		-1.0307     0.2    0.2		4.1705503158		-1.0
	14895.00000000	3.29882		-0.94423     0.2    0.2		4.1705503158		-1.0
	14940.00000000	3.37474		-0.5446     0.2    0.2		4.1705503158		-1.0
	14985.00000000	3.3929		-0.68745     0.2    0.2		4.1705503158		-1.0
	15030.00000000	3.28593		-0.50506     0.2    0.2		4.1705503158		-1.0
	15075.00000000	3.18337		-0.29657     0.2    0.2		4.1705503158		-1.0
	15120.00000000	3.16978		-0.23863     0.2    0.2		4.1705503158		-1.0
	15165.00000000	3.10316		0.15382     0.2    0.2		4.1705503158		-1.0
	15210.00000000	2.95133		-0.05747     0.2    0.2		4.1705503158		-1.0
	15255.00000000	3.39499		0.26505     0.2    0.2		4.1705503158		-1.0
	15300.00000000	2.95566		0.18127     0.2    0.2		4.1705503158		-1.0
	15345.00000000	2.71067		0.22482     0.2    0.2		4.1705503158		-1.0
	15390.00000000	2.63866		0.28743     0.2    0.2		4.1705503158		-1.0
	15435.00000000	2.80514		0.3518     0.2    0.2		4.1705503158		-1.0
	15480.00000000	2.79243		0.50453     0.2    0.2		4.1705503158		-1.0
	15525.00000000	2.6114		0.63952     0.2    0.2		4.1705503158		-1.0
	15570.00000000	2.83756		0.8607     0.2    0.2		4.1705503158		-1.0
	15615.00000000	2.71439		0.70519     0.2    0.2		4.1705503158		-1.0
	15660.00000000	2.65786		1.1312     0.2    0.2		4.1705503158		-1.0
	15705.00000000	2.75963		1.04446     0.2    0.2		4.1705503158		-1.0
	15750.00000000	2.74102		0.76762     0.2    0.2		4.1705503158		-1.0
	15795.00000000	2.70915		0.67054     0.2    0.2		4.1705503158		-1.0
	15840.00000000	2.71945		0.69188     0.2    0.2		4.1705503158		-1.0
	15885.00000000	2.85717		0.37648     0.2    0.2		4.1705503158		-1.0
	15930.00000000	2.89862		0.14862     0.2    0.2		4.1705503158		-1.0
	15975.00000000	2.74811		0.01507     0.2    0.2		4.1705503158		-1.0
	16020.00000000	2.6281		-0.37727     0.2    0.2		4.1705503158		-1.0
	16065.00000000	3.48775		-0.62275     0.2    0.2		4.1705503158		-1.0
	16110.00000000	3.27528		-1.13909     0.2    0.2		4.1705503158		-1.0
	16155.00000000	3.32844		-1.38712     0.2    0.2		4.1705503158		-1.0
	16200.00000000	3.2201		-1.78151     0.2    0.2		4.1705503158		-1.0
	16245.00000000	3.23592		-1.95587     0.2    0.2		4.1705503158		-1.0
	16290.00000000	3.17955		-1.83579     0.2    0.2		4.1705503158		-1.0
	16335.00000000	2.78645		-1.72085     0.2    0.2		4.1705503158		-1.0
	16380.00000000	3.44668		-1.68157     0.2    0.2		4.1705503158		-1.0
	16425.00000000	2.93674		-1.61747     0.2    0.2		4.1705503158		-1.0
	16470.00000000	2.99243		-1.58595     0.2    0.2		4.1705503158		-1.0
	16515.00000000	2.66132		-1.95922     0.2    0.2		4.1705503158		-1.0
	16560.00000000	2.74506		-2.05094     0.2    0.2		4.1705503158		-1.0
	16605.00000000	2.73221		-2.33372     0.2    0.2		4.1705503158		-1.0
	16650.00000000	2.69246		-2.49124     0.2    0.2		4.1705503158		-1.0
	16695.00000000	2.74709		-2.81909     0.2    0.2		4.1705503158		-1.0
	16740.00000000	2.68721		2.83853     0.2    0.2		4.1705503158		-1.0
	16785.00000000	2.7751		2.3875     0.2    0.2		4.1705503158		-1.0
	16830.00000000	2.72241		1.94586     0.2    0.2		4.1705503158		-1.0
	16875.00000000	2.77887		1.55779     0.2    0.2		4.1705503158		-1.0
	16920.00000000	2.80231		1.11197     0.2    0.2		4.1705503158		-1.0
	16965.00000000	2.86109		1.28901     0.2    0.2		4.1705503158		-1.0
	17010.00000000	2.73107		1.48917     0.2    0.2		4.1705503158		-1.0
	17055.00000000	2.83626		1.76397     0.2    0.2		4.1705503158		-1.0
	17100.00000000	3.10605		2.00719     0.2    0.2		4.1705503158		-1.0
	17145.00000000	3.16335		2.19642     0.2    0.2		4.1705503158		-1.0
	17190.00000000	3.27067		2.49984     0.2    0.2		4.1705503158		-1.0
	17235.00000000	3.27546		2.60798     0.2    0.2		4.1705503158		-1.0
	17280.00000000	3.39928		3.02971     0.2    0.2		4.1705503158		-1.0
	17325.00000000	3.20357		3.04785     0.2    0.2		4.1705503158		-1.0
	17370.00000000	3.24401		-2.79506     0.2    0.2		4.1705503158		-1.0
	17415.00000000	3.2486		-2.63275     0.2    0.2		4.1705503158		-1.0
	17460.00000000	3.24311		-2.08241     0.2    0.2		4.1705503158		-1.0
	17505.00000000	3.3356		-1.7266     0.2    0.2		4.1705503158		-1.0
	17550.00000000	3.2403		-1.17681     0.2    0.2		4.1705503158		-1.0
	17595.00000000	2.90902		-1.09205     0.2    0.2		4.1705503158		-1.0
	17640.00000000	2.70576		-1.32357     0.2    0.2		4.1705503158		-1.0
	17685.00000000	2.74143		-1.33069     0.2    0.2		4.1705503158		-1.0
	17730.00000000	2.69294		-1.55156     0.2    0.2		4.1705503158		-1.0
	17775.00000000	2.85526		-1.87476     0.2    0.2		4.1705503158		-1.0
	17820.00000000	3.40304		-2.11806     0.2    0.2		4.1705503158		-1.0
	17865.00000000	2.61932		-2.50969     0.2    0.2		4.1705503158		-1.0
	17910.00000000	3.40964		-2.87326     0.2    0.2		4.1705503158		-1.0
	17955.00000000	3.02877		2.93001     0.2    0.2		4.1705503158		-1.0
	18000.00000000	3.0336		2.88663     0.2    0.2		4.1705503158		-1.0
	18045.00000000	3.54441		2.77586     0.2    0.2		4.1705503158		-1.0
	18090.00000000	2.88207		2.60878     0.2    0.2		4.1705503158		-1.0
	18135.00000000	2.69043		2.47182     0.2    0.2		4.1705503158		-1.0
	18180.00000000	3.08001		2.40511     0.2    0.2		4.1705503158		-1.0
	18225.00000000	3.25332		2.34683     0.2    0.2		4.1705503158		-1.0
	18270.00000000	3.41967		2.21507     0.2    0.2		4.1705503158		-1.0
	18315.00000000	3.22497		2.35077     0.2    0.2		4.1705503158		-1.0
	18360.00000000	3.18633		2.20618     0.2    0.2		4.1705503158		-1.0
	18405.00000000	3.16437		2.10674     0.2    0.2		4.1705503158		-1.0
	18450.00000000	3.39915		2.28791     0.2    0.2		4.1705503158		-1.0
	18495.00000000	3.42434		1.98101     0.2    0.2		4.1705503158		-1.0
	18540.00000000	3.06844		1.80612     0.2    0.2		4.1705503158		-1.0
	18585.00000000	3.27879		1.54713     0.2    0.2		4.1705503158		-1.0
	18630.00000000	3.44379		1.30154     0.2    0.2		4.1705503158		-1.0
	18675.00000000	3.37283		0.92567     0.2    0.2		4.1705503158		-1.0
	18720.00000000	3.50023		0.63059     0.2    0.2		4.1705503158		-1.0
	18765.00000000	3.47845		0.94779     0.2    0.2		4.1705503158		-1.0
	18810.00000000	3.37491		0.69681     0.2    0.2		4.1705503158		-1.0
	18855.00000000	2.91115		0.76226     0.2    0.2		4.1705503158		-1.0
	18900.00000000	3.29264		0.88092     0.2    0.2		4.1705503158		-1.0
	18945.00000000	3.08142		1.21207     0.2    0.2		4.1705503158		-1.0
	18990.00000000	3.21655		1.44854     0.2    0.2		4.1705503158		-1.0
	19035.00000000	3.44633		1.5838     0.2    0.2		4.1705503158		-1.0
	19080.00000000	2.84562		2.18313     0.2    0.2		4.1705503158		-1.0
	19125.00000000	2.67304		2.76617     0.2    0.2		4.1705503158		-1.0
	19170.00000000	2.65623		-3.11047     0.2    0.2		4.1705503158		-1.0
	19215.00000000	2.6339		-3.13097     0.2    0.2		4.1705503158		-1.0
	19260.00000000	3.04988		2.90026     0.2    0.2		4.1705503158		-1.0
	19305.00000000	2.56025		2.56113     0.2    0.2		4.1705503158		-1.0
	19350.00000000	2.8118		2.3969     0.2    0.2		4.1705503158		-1.0
	19395.00000000	2.76859		2.39592     0.2    0.2		4.1705503158		-1.0
	19440.00000000	2.71589		3.05713     0.2    0.2		4.1705503158		-1.0
	19485.00000000	2.62793		-2.92667     0.2    0.2		4.1705503158		-1.0
	19530.00000000	3.32885		-2.69264     0.2    0.2		4.1705503158		-1.0
	19575.00000000	3.2714		-2.50648     0.2    0.2		4.1705503158		-1.0
	19620.00000000	2.93442		-2.24662     0.2    0.2		4.1705503158		-1.0
	19665.00000000	2.88881		-2.1507     0.2    0.2		4.1705503158		-1.0
	19710.00000000	3.09812		-2.13437     0.2    0.2		4.1705503158		-1.0
	19755.00000000	3.16286		-2.12615     0.2    0.2		4.1705503158		-1.0
	19800.00000000	3.23729		-2.41291     0.2    0.2		4.1705503158		-1.0
	19845.00000000	3.21351		-2.53171     0.2    0.2		4.1705503158		-1.0
	19890.00000000	3.22172		-2.73528     0.2    0.2		4.1705503158		-1.0
	19935.00000000	3.45183		-3.05429     0.2    0.2		4.1705503158		-1.0
	19980.00000000	3.41783		2.71378     0.2    0.2		4.1705503158		-1.0
	20025.00000000	3.40321		2.73233     0.2    0.2		4.1705503158		-1.0
	20070.00000000	3.40665		2.94282     0.2    0.2		4.1705503158		-1.0
	20115.00000000	2.84258		-2.93821     0.2    0.2		4.1705503158		-1.0
	20160.00000000	2.65847		-2.5396     0.2    0.2		4.1705503158		-1.0
	20205.00000000	2.70862		-2.33276     0.2    0.2		4.1705503158		-1.0
	20250.00000000	2.76018		-1.91468     0.2    0.2		4.1705503158		-1.0
	20295.00000000	2.7121		-1.71697     0.2    0.2		4.1705503158		-1.0
	20340.00000000	2.69361		-1.69201     0.2    0.2		4.1705503158		-1.0
	20385.00000000	2.6314		-1.14323     0.2    0.2		4.1705503158		-1.0
	20430.00000000	2.62546		-1.05452     0.2    0.2		4.1705503158		-1.0
	20475.00000000	2.66949		-0.73457     0.2    0.2		4.1705503158		-1.0
	20520.00000000	2.83257		-0.54607     0.2    0.2		4.1705503158		-1.0
	20565.00000000	2.7214		-0.36953     0.2    0.2		4.1705503158		-1.0
	20610.00000000	2.78903		0.09494     0.2    0.2		4.1705503158		-1.0
	20655.00000000	2.62987		0.04632     0.2    0.2		4.1705503158		-1.0
	20700.00000000	2.64336		0.42542     0.2    0.2		4.1705503158		-1.0
	20744.99999999	3.17164		0.37805     0.2    0.2		4.1705503158		-1.0
	20789.99999999	2.7122		0.70027     0.2    0.2		4.1705503158		-1.0
	20834.99999999	2.67343		0.98603     0.2    0.2		4.1705503158		-1.0
	20879.99999999	2.65733		1.40552     0.2    0.2		4.1705503158		-1.0
	20924.99999999	2.65693		1.85352     0.2    0.2		4.1705503158		-1.0
	20969.99999999	2.67625		2.51872     0.2    0.2		4.1705503158		-1.0
	21014.99999999	2.78971		-3.04463     0.2    0.2		4.1705503158		-1.0
	21059.99999999	3.03968		-2.68935     0.2    0.2		4.1705503158		-1.0
	21104.99999999	3.19324		-2.8439     0.2    0.2		4.1705503158		-1.0
	21149.99999999	2.80016		3.13513     0.2    0.2		4.1705503158		-1.0
	21194.99999999	2.64762		2.7117     0.2    0.2		4.1705503158		-1.0
	21239.99999999	2.96569		2.6625     0.2    0.2		4.1705503158		-1.0
	21284.99999999	2.59096		3.02253     0.2    0.2		4.1705503158		-1.0
	21329.99999999	3.44728		-2.93738     0.2    0.2		4.1705503158		-1.0
	21374.99999999	2.57961		-2.64382     0.2    0.2		4.1705503158		-1.0
	21419.99999999	2.68149		-2.12052     0.2    0.2		4.1705503158		-1.0
	21464.99999999	2.81877		-2.09557     0.2    0.2		4.1705503158		-1.0
	21509.99999999	2.68086		-1.8353     0.2    0.2		4.1705503158		-1.0
	21554.99999999	2.6123		-1.32261     0.2    0.2		4.1705503158		-1.0
	21599.99999999	2.65079		-0.8114     0.2    0.2		4.1705503158		-1.0
	21644.99999999	2.7053		-0.22698     0.2    0.2		4.1705503158		-1.0
	21689.99999999	2.61489		0.19207     0.2    0.2		4.1705503158		-1.0
	21734.99999999	3.2867		0.59637     0.2    0.2		4.1705503158		-1.0
	21779.99999999	3.49496		1.10289     0.2    0.2		4.1705503158		-1.0
	21824.99999999	2.99654		1.54975     0.2    0.2		4.1705503158		-1.0
	21869.99999999	3.07251		1.49451     0.2    0.2		4.1705503158		-1.0
	21914.99999999	2.61882		1.3917     0.2    0.2		4.1705503158		-1.0
	21959.99999999	2.68545		1.30466     0.2    0.2		4.1705503158		-1.0
	22004.99999999	2.67786		1.0965     0.2    0.2		4.1705503158		-1.0
	22049.99999999	3.04869		0.90427     0.2    0.2		4.1705503158		-1.0
	22094.99999999	3.37762		1.14557     0.2    0.2		4.1705503158		-1.0
	22139.99999999	3.21413		0.85305     0.2    0.2		4.1705503158		-1.0
	22184.99999999	3.09337		1.0837     0.2    0.2		4.1705503158		-1.0
	22229.99999999	3.22814		1.22316     0.2    0.2		4.1705503158		-1.0
	22274.99999999	3.33563		1.34101     0.2    0.2		4.1705503158		-1.0
	22319.99999999	3.44987		1.8367     0.2    0.2		4.1705503158		-1.0
	22364.99999999	2.76063		1.93417     0.2    0.2		4.1705503158		-1.0
	22409.99999999	2.6232		2.11737     0.2    0.2		4.1705503158		-1.0
	22454.99999999	2.81111		1.86457     0.2    0.2		4.1705503158		-1.0
	22499.99999999	2.58289		1.51601     0.2    0.2		4.1705503158		-1.0
	22544.99999999	2.6604		1.03867     0.2    0.2		4.1705503158		-1.0
	22589.99999999	2.78671		0.84785     0.2    0.2		4.1705503158		-1.0
	22634.99999999	3.4473		0.25079     0.2    0.2		4.1705503158		-1.0
	22679.99999999	3.42414		-0.09371     0.2    0.2		4.1705503158		-1.0
	22724.99999999	3.39368		-0.2657     0.2    0.2		4.1705503158		-1.0
	22769.99999999	3.31813		-0.79795     0.2    0.2		4.1705503158		-1.0
	22814.99999999	3.46048		-0.77952     0.2    0.2		4.1705503158		-1.0
	22859.99999999	3.52061		-1.00391     0.2    0.2		4.1705503158		-1.0
	22904.99999999	3.16176		-0.9452     0.2    0.2		4.1705503158		-1.0
	22949.99999999	3.30239		-0.91681     0.2    0.2		4.1705503158		-1.0
	22994.99999999	3.24954		-0.86594     0.2    0.2		4.1705503158		-1.0
	23039.99999999	3.11488		-0.62383     0.2    0.2		4.1705503158		-1.0
	23084.99999999	3.22227		-0.34763     0.2    0.2		4.1705503158		-1.0
	23129.99999999	3.11066		-0.07143     0.2    0.2		4.1705503158		-1.0
	23174.99999999	3.25694		0.13012     0.2    0.2		4.1705503158		-1.0
	23219.99999999	3.13892		0.38078     0.2    0.2		4.1705503158		-1.0
	23264.99999999	3.31287		0.39587     0.2    0.2		4.1705503158		-1.0
	23309.99999999	3.4836		0.60865     0.2    0.2		4.1705503158		-1.0
	23354.99999999	3.052		0.48132     0.2    0.2		4.1705503158		-1.0
	23399.99999999	3.39432		0.49757     0.2    0.2		4.1705503158		-1.0
	23444.99999999	3.08071		0.58139     0.2    0.2		4.1705503158		-1.0
	23489.99999999	2.72532		0.36922     0.2    0.2		4.1705503158		-1.0
	23534.99999999	2.67158		0.61453     0.2    0.2		4.1705503158		-1.0
	23579.99999999	2.70454		0.56635     0.2    0.2		4.1705503158		-1.0
	23624.99999999	2.72342		1.1702     0.2    0.2		4.1705503158		-1.0
	23669.99999999	2.71467		1.36271     0.2    0.2		4.1705503158		-1.0
	23714.99999999	2.75049		1.75492     0.2    0.2		4.1705503158		-1.0
	23759.99999999	2.62829		1.50795     0.2    0.2		4.1705503158		-1.0
	23804.99999999	2.69319		1.87578     0.2    0.2		4.1705503158		-1.0
	23849.99999999	3.45429		1.94706     0.2    0.2		4.1705503158		-1.0
	23894.99999999	3.30908		1.92674     0.2    0.2		4.1705503158		-1.0
	23939.99999999	2.98989		1.67457     0.2    0.2		4.1705503158		-1.0
	23984.99999999	3.52826		1.52068     0.2    0.2		4.1705503158		-1.0
	24029.99999999	3.36449		1.31637     0.2    0.2		4.1705503158		-1.0
	24074.99999999	3.41666		1.41402     0.2    0.2		4.1705503158		-1.0
	24119.99999999	3.35627		1.31376     0.2    0.2		4.1705503158		-1.0
	24164.99999999	3.32319		1.77504     0.2    0.2		4.1705503158		-1.0
	24209.99999999	2.62995		1.61076     0.2    0.2		4.1705503158		-1.0
	24254.99999999	3.5731		1.72671     0.2    0.2		4.1705503158		-1.0
	24299.99999999	2.90778		1.56362     0.2    0.2		4.1705503158		-1.0
	24344.99999999	3.56254		1.51515     0.2    0.2		4.1705503158		-1.0
	24389.99999999	3.01555		1.41809     0.2    0.2		4.1705503158		-1.0
	24434.99999999	3.44672		1.09296     0.2    0.2		4.1705503158		-1.0
	24479.99999999	3.38014		0.81491     0.2    0.2		4.1705503158		-1.0
	24524.99999999	3.33008		0.72226     0.2    0.2		4.1705503158		-1.0
	24569.99999999	3.50082		0.34947     0.2    0.2		4.1705503158		-1.0
	24614.99999999	3.43406		0.33555     0.2    0.2		4.1705503158		-1.0
	24659.99999999	3.23062		-0.04745     0.2    0.2		4.1705503158		-1.0
	24704.99999999	3.34386		-0.26627     0.2    0.2		4.1705503158		-1.0
	24749.99999999	3.51874		-0.60173     0.2    0.2		4.1705503158		-1.0
	24794.99999999	2.59434		-0.67799     0.2    0.2		4.1705503158		-1.0
	24839.99999999	3.33577		-0.4934     0.2    0.2		4.1705503158		-1.0
	24884.99999999	3.11767		-0.55881     0.2    0.2		4.1705503158		-1.0
	24929.99999999	2.58004		-0.44595     0.2    0.2		4.1705503158		-1.0
	24974.99999999	3.44376		-0.06158     0.2    0.2		4.1705503158		-1.0
	25019.99999999	3.25341		-0.1208     0.2    0.2		4.1705503158		-1.0
	25064.99999999	3.38882		0.23354     0.2    0.2		4.1705503158		-1.0
	25109.99999999	2.88601		-0.075     0.2    0.2		4.1705503158		-1.0
	25154.99999999	2.96867		-0.31274     0.2    0.2		4.1705503158		-1.0
	25199.99999999	2.58589		-0.23492     0.2    0.2		4.1705503158		-1.0
	25244.99999999	3.63159		-0.67416     0.2    0.2		4.1705503158		-1.0
	25289.99999999	2.91232		-0.53155     0.2    0.2		4.1705503158		-1.0
	25334.99999999	2.63532		-0.62651     0.2    0.2		4.1705503158		-1.0
	25379.99999999	2.64982		-0.96752     0.2    0.2		4.1705503158		-1.0
	25424.99999999	2.69142		-1.13612     0.2    0.2		4.1705503158		-1.0
	25469.99999999	2.65871		-1.55587     0.2    0.2		4.1705503158		-1.0
	25514.99999999	2.69271		-1.58488     0.2    0.2		4.1705503158		-1.0
	25559.99999999	3.43644		-1.44387     0.2    0.2		4.1705503158		-1.0
	25604.99999999	3.2304		-1.51982     0.2    0.2		4.1705503158		-1.0
	25649.99999999	3.12404		-1.52213     0.2    0.2		4.1705503158		-1.0
	25694.99999999	3.10917		-1.51918     0.2    0.2		4.1705503158		-1.0
	25739.99999999	3.26532		-1.70361     0.2    0.2		4.1705503158		-1.0
	25784.99999999	3.30836		-1.87778     0.2    0.2		4.1705503158		-1.0
	25829.99999999	3.30474		-1.9893     0.2    0.2		4.1705503158		-1.0
	25874.99999999	3.2376		-2.1881     0.2    0.2		4.1705503158		-1.0
	25919.99999999	3.27388		-2.32684     0.2    0.2		4.1705503158		-1.0
	25964.99999999	3.30037		-2.7231     0.2    0.2		4.1705503158		-1.0
	26009.99999999	3.10079		-3.0072     0.2    0.2		4.1705503158		-1.0
	26054.99999999	2.9382		2.84336     0.2    0.2		4.1705503158		-1.0
	26099.99999999	2.65179		2.80325     0.2    0.2		4.1705503158		-1.0
	26144.99999999	2.88998		2.67791     0.2    0.2		4.1705503158		-1.0
	26189.99999999	2.69907		2.71695     0.2    0.2		4.1705503158		-1.0
	26234.99999999	3.03086		2.82792     0.2    0.2		4.1705503158		-1.0
	26279.99999999	3.44415		-3.13733     0.2    0.2		4.1705503158		-1.0
	26324.99999999	2.77555		-2.69271     0.2    0.2		4.1705503158		-1.0
	26369.99999999	2.70007		-2.27033     0.2    0.2		4.1705503158		-1.0
	26414.99999999	2.72177		-2.00241     0.2    0.2		4.1705503158		-1.0
	26459.99999999	2.59597		-1.93584     0.2    0.2		4.1705503158		-1.0
	26504.99999999	3.57557		-2.07537     0.2    0.2		4.1705503158		-1.0
	26549.99999999	3.36544		-2.25714     0.2    0.2		4.1705503158		-1.0
	26594.99999999	3.39639		-2.62648     0.2    0.2		4.1705503158		-1.0
	26639.99999999	3.4805		-2.77469     0.2    0.2		4.1705503158		-1.0
	26684.99999999	3.39947		3.07619     0.2    0.2		4.1705503158		-1.0
	26729.99999999	3.43643		2.97297     0.2    0.2		4.1705503158		-1.0
	26774.99999999	3.30107		2.66179     0.2    0.2		4.1705503158		-1.0
	26819.99999999	3.32979		2.63974     0.2    0.2		4.1705503158		-1.0
	26864.99999999	3.39245		2.26773     0.2    0.2		4.1705503158		-1.0
	26909.99999999	3.29192		2.30344     0.2    0.2		4.1705503158		-1.0
	26954.99999999	3.50708		2.06671     0.2    0.2		4.1705503158		-1.0
	26999.99999999	3.50174		2.03723     0.2    0.2		4.1705503158		-1.0
	27044.99999999	2.99648		2.15216     0.2    0.2		4.1705503158		-1.0
	27089.99999999	3.56901		2.3712     0.2    0.2		4.1705503158		-1.0
	27134.99999999	3.26306		2.62674     0.2    0.2		4.1705503158		-1.0
	27179.99999999	3.67091		2.83249     0.2    0.2		4.1705503158		-1.0
	27224.99999998	3.14722		-3.13173     0.2    0.2		4.1705503158		-1.0
	27269.99999998	2.7704		-2.85017     0.2    0.2		4.1705503158		-1.0
	27314.99999998	2.6492		-2.68256     0.2    0.2		4.1705503158		-1.0
	27359.99999998	2.71849		-2.53959     0.2    0.2		4.1705503158		-1.0
	27404.99999998	2.62869		-2.17933     0.2    0.2		4.1705503158		-1.0
	27449.99999998	2.65213		-1.78452     0.2    0.2		4.1705503158		-1.0
	27494.99999998	2.68063		-1.2399     0.2    0.2		4.1705503158		-1.0
	27539.99999998	2.75702		-0.89416     0.2    0.2		4.1705503158		-1.0
	27584.99999998	2.60906		-0.89073     0.2    0.2		4.1705503158		-1.0
	27629.99999998	2.62178		-0.29842     0.2    0.2		4.1705503158		-1.0
	27674.99999998	2.63541		-0.45998     0.2    0.2		4.1705503158		-1.0
	27719.99999998	3.60836		-0.20425     0.2    0.2		4.1705503158		-1.0
	27764.99999998	3.00072		-0.2942     0.2    0.2		4.1705503158		-1.0
	27809.99999998	3.59117		-0.45463     0.2    0.2		4.1705503158		-1.0
	27854.99999998	2.89608		-0.77138     0.2    0.2		4.1705503158		-1.0
	27899.99999998	2.90624		-1.32286     0.2    0.2		4.1705503158		-1.0
	27944.99999998	2.71929		-1.49394     0.2    0.2		4.1705503158		-1.0
	27989.99999998	2.67496		-1.54004     0.2    0.2		4.1705503158		-1.0
	28034.99999998	2.77079		-1.2408     0.2    0.2		4.1705503158		-1.0
	28079.99999998	2.88267		-0.78427     0.2    0.2		4.1705503158		-1.0
	28124.99999998	3.40624		-0.91303     0.2    0.2		4.1705503158		-1.0
	28169.99999998	2.7096		-1.06253     0.2    0.2		4.1705503158		-1.0
	28214.99999998	2.71675		-1.12625     0.2    0.2		4.1705503158		-1.0
	28259.99999998	2.59287		-1.25258     0.2    0.2		4.1705503158		-1.0
	28304.99999998	2.62893		-1.05105     0.2    0.2		4.1705503158		-1.0
	28349.99999998	2.64714		-0.76726     0.2    0.2		4.1705503158		-1.0
	28394.99999998	2.67143		-0.55743     0.2    0.2		4.1705503158		-1.0
	28439.99999998	2.68731		-0.59396     0.2    0.2		4.1705503158		-1.0
	28484.99999998	3.27995		-0.35602     0.2    0.2		4.1705503158		-1.0
	28529.99999998	3.04015		-0.28814     0.2    0.2		4.1705503158		-1.0
	28574.99999998	2.91426		-0.12597     0.2    0.2		4.1705503158		-1.0
	28619.99999998	3.15698		0.03247     0.2    0.2		4.1705503158		-1.0
	28664.99999998	3.30401		-0.01379     0.2    0.2		4.1705503158		-1.0
	28709.99999998	3.29665		0.11583     0.2    0.2		4.1705503158		-1.0
	28754.99999998	2.84351		-0.02266     0.2    0.2		4.1705503158		-1.0
	28799.99999998	2.70304		0.12259     0.2    0.2		4.1705503158		-1.0
	28844.99999998	2.63218		0.06434     0.2    0.2		4.1705503158		-1.0
	28889.99999998	2.7239		0.2826     0.2    0.2		4.1705503158		-1.0
	28934.99999998	2.72902		0.55533     0.2    0.2		4.1705503158		-1.0
	28979.99999998	3.91898		0.63499     0.2    0.2		4.1705503158		-1.0
	29024.99999998	5.14254		0.74365     0.2    0.2		4.1705503158		-1.0
	29069.99999998	6.79467		0.61     0.2    0.2		4.1705503158		-1.0
	29114.99999998	8.30432		0.91251     0.2    0.2		4.1705503158		-1.0
	29159.99999998	8.9256		0.85635     0.2    0.2		4.1705503158		-1.0
	29204.99999998	8.53635		0.58354     0.2    0.2		4.1705503158		-1.0
	29249.99999998	7.73086		0.12694     0.2    0.2		4.1705503158		-1.0
	29294.99999998	7.35892		-0.14344     0.2    0.2		4.1705503158		-1.0
	29339.99999998	8.25376		-0.20894     0.2    0.2		4.1705503158		-1.0
	29384.99999998	9.18324		-0.29227     0.2    0.2		4.1705503158		-1.0
	29429.99999998	10.35307		-0.29794     0.2    0.2		4.1705503158		-1.0
	29474.99999998	11.19839		-0.34183     0.2    0.2		4.1705503158		-1.0
	29519.99999998	11.9171		-0.46249     0.2    0.2		4.1705503158		-1.0
	29564.99999998	12.9571		-0.51137     0.2    0.2		4.1705503158		-1.0
	29609.99999998	13.38095		-0.19642     0.2    0.2		4.1705503158		-1.0
	29654.99999998	13.83445		0.33846     0.2    0.2		4.1705503158		-1.0
	29699.99999998	13.3724		0.84213     0.2    0.2		4.1705503158		-1.0
	29744.99999998	12.809		1.18549     0.2    0.2		4.1705503158		-1.0
	29789.99999998	12.24176		1.38951     0.2    0.2		4.1705503158		-1.0
	29834.99999998	11.58349		1.2476     0.2    0.2		4.1705503158		-1.0
	29879.99999998	10.98895		1.01178     0.2    0.2		4.1705503158		-1.0
	29924.99999998	10.27267		1.24834     0.2    0.2		4.1705503158		-1.0
	29969.99999998	9.6872		1.35604     0.2    0.2		4.1705503158		-1.0
	30014.99999998	9.12367		1.74867     0.2    0.2		4.1705503158		-1.0
	30059.99999998	8.19705		1.94538     0.2    0.2		4.1705503158		-1.0
	30104.99999998	8.03483		2.34835     0.2    0.2		4.1705503158		-1.0
	30149.99999998	8.60996		2.52571     0.2    0.2		4.1705503158		-1.0
	30194.99999998	9.76179		2.29241     0.2    0.2		4.1705503158		-1.0
	30239.99999998	10.65626		2.15307     0.2    0.2		4.1705503158		-1.0
	30284.99999998	11.50636		1.6986     0.2    0.2		4.1705503158		-1.0
	30329.99999998	12.29374		2.1383     0.2    0.2		4.1705503158		-1.0
	30374.99999998	13.02617		2.48061     0.2    0.2		4.1705503158		-1.0
	30419.99999998	13.02577		-2.90418     0.2    0.2		4.1705503158		-1.0
	30464.99999998	13.37062		-3.11856     0.2    0.2		4.1705503158		-1.0
	30509.99999998	13.57352		-1.88555     0.2    0.2		4.1705503158		-1.0
	30554.99999998	14.13211		-1.3784     0.2    0.2		4.1705503158		-1.0
	30599.99999998	13.61701		-1.29133     0.2    0.2		4.1705503158		-1.0
	30644.99999998	12.96291		-1.06921     0.2    0.2		4.1705503158		-1.0
	30689.99999998	12.0997		-1.18816     0.2    0.2		4.1705503158		-1.0
	30734.99999998	10.69921		-1.27886     0.2    0.2		4.1705503158		-1.0
	30779.99999998	9.73381		-1.63271     0.2    0.2		4.1705503158		-1.0
	30824.99999998	8.80577		-1.80046     0.2    0.2		4.1705503158		-1.0
	30869.99999998	7.83324		-1.83213     0.2    0.2		4.1705503158		-1.0
	30914.99999998	7.09525		1.93539     0.2    0.2		4.1705503158		-1.0
	30959.99999998	6.45596		1.04426     0.2    0.2		4.1705503158		-1.0
	31004.99999998	5.87701		1.42738     0.2    0.2		4.1705503158		-1.0
	31049.99999998	6.48599		1.53442     0.2    0.2		4.1705503158		-1.0
	31094.99999998	7.385		1.25431     0.2    0.2		4.1705503158		-1.0
	31139.99999998	8.69616		1.37021     0.2    0.2		4.1705503158		-1.0
	31184.99999998	9.60143		0.28061     0.2    0.2		4.1705503158		-1.0
	31229.99999998	10.19423		-1.28803     0.2    0.2		4.1705503158		-1.0
	31274.99999998	10.00462		-1.4488     0.2    0.2		4.1705503158		-1.0
	31319.99999998	9.58407		-0.86712     0.2    0.2		4.1705503158		-1.0
	31364.99999998	9.10644		-0.69943     0.2    0.2		4.1705503158		-1.0
	31409.99999998	8.68658		-0.2102     0.2    0.2		4.1705503158		-1.0
	31454.99999998	8.43069		-0.03795     0.2    0.2		4.1705503158		-1.0
	31499.99999998	8.56966		0.79699     0.2    0.2		4.1705503158		-1.0
	31544.99999998	9.14426		0.35268     0.2    0.2		4.1705503158		-1.0
