	45.00000000	2.88736		1.05121     0.2    0.2		4.1705503158		-1.0
	90.00000000	2.9992		0.91277     0.2    0.2		4.1705503158		-1.0
	135.00000000	2.83956		0.7991     0.2    0.2		4.1705503158		-1.0
	180.00000000	2.90156		0.56113     0.2    0.2		4.1705503158		-1.0
	225.00000000	2.97626		0.46827     0.2    0.2		4.1705503158		-1.0
	270.00000000	2.827		0.30019     0.2    0.2		4.1705503158		-1.0
	315.00000000	2.99675		-0.4055     0.2    0.2		4.1705503158		-1.0
	360.00000000	2.92476		-0.52177     0.2    0.2		4.1705503158		-1.0
	405.00000000	2.87905		-0.87097     0.2    0.2		4.1705503158		-1.0
	450.00000000	2.9174		-1.06777     0.2    0.2		4.1705503158		-1.0
	495.00000000	2.99861		-1.00225     0.2    0.2		4.1705503158		-1.0
	540.00000000	2.90183		-1.1892     0.2    0.2		4.1705503158		-1.0
	585.00000000	2.77755		-1.36387     0.2    0.2		4.1705503158		-1.0
	630.00000000	3.00174		-1.61713     0.2    0.2		4.1705503158		-1.0
	675.00000000	2.94391		-1.50675     0.2    0.2		4.1705503158		-1.0
	720.00000000	2.9171		-1.43931     0.2    0.2		4.1705503158		-1.0
	765.00000000	2.75835		-1.42938     0.2    0.2		4.1705503158		-1.0
	810.00000000	2.83044		-1.13656     0.2    0.2		4.1705503158		-1.0
	855.00000000	2.83624		-0.75817     0.2    0.2		4.1705503158		-1.0
	900.00000000	3.03132		-0.33543     0.2    0.2		4.1705503158		-1.0
	945.00000000	2.95957		0.1597     0.2    0.2		4.1705503158		-1.0
	990.00000000	2.86853		0.59253     0.2    0.2		4.1705503158		-1.0
	1035.00000000	2.87919		0.97574     0.2    0.2		4.1705503158		-1.0
	1080.00000000	2.80608		1.13401     0.2    0.2		4.1705503158		-1.0
	1125.00000000	2.88088		1.46642     0.2    0.2		4.1705503158		-1.0
	1170.00000000	3.00177		1.75936     0.2    0.2		4.1705503158		-1.0
	1215.00000000	2.8751		2.23709     0.2    0.2		4.1705503158		-1.0
	1260.00000000	2.86415		2.52978     0.2    0.2		4.1705503158		-1.0
	1305.00000000	2.9068		3.06211     0.2    0.2		4.1705503158		-1.0
	1350.00000000	3.00592		-2.80142     0.2    0.2		4.1705503158		-1.0
	1395.00000000	2.82149		-2.49573     0.2    0.2		4.1705503158		-1.0
	1440.00000000	2.98285		-2.16624     0.2    0.2		4.1705503158		-1.0
	1485.00000000	2.84242		-1.89019     0.2    0.2		4.1705503158		-1.0
	1530.00000000	3.0033		-1.59065     0.2    0.2		4.1705503158		-1.0
	1575.00000000	2.92156		-1.33499     0.2    0.2		4.1705503158		-1.0
	1620.00000000	3.01827		-1.12559     0.2    0.2		4.1705503158		-1.0
	1665.00000000	2.85216		-0.71023     0.2    0.2		4.1705503158		-1.0
	1710.00000000	3.00952		-0.39518     0.2    0.2		4.1705503158		-1.0
	1755.00000000	2.98363		-0.178     0.2    0.2		4.1705503158		-1.0
	1800.00000000	2.93457		0.25651     0.2    0.2		4.1705503158		-1.0
	1845.00000000	2.97232		0.5962     0.2    0.2		4.1705503158		-1.0
	1890.00000000	2.90907		0.50804     0.2    0.2		4.1705503158		-1.0
	1935.00000000	2.94482		0.89313     0.2    0.2		4.1705503158		-1.0
	1980.00000000	2.88734		0.77317     0.2    0.2		4.1705503158		-1.0
	2025.00000000	2.89161		0.27415     0.2    0.2		4.1705503158		-1.0
	2070.00000000	2.99101		-0.18017     0.2    0.2		4.1705503158		-1.0
	2115.00000000	3.02185		-0.77913     0.2    0.2		4.1705503158		-1.0
	2160.00000000	3.10654		-1.17457     0.2    0.2		4.1705503158		-1.0
	2205.00000000	3.01962		-1.57502     0.2    0.2		4.1705503158		-1.0
	2250.00000000	2.99425		-1.65749     0.2    0.2		4.1705503158		-1.0
	2295.00000000	2.90943		-2.10353     0.2    0.2		4.1705503158		-1.0
	2340.00000000	2.83216		-2.385     0.2    0.2		4.1705503158		-1.0
	2385.00000000	2.91339		-2.80165     0.2    0.2		4.1705503158		-1.0
	2430.00000000	2.94051		2.88506     0.2    0.2		4.1705503158		-1.0
	2475.00000000	2.92739		2.49457     0.2    0.2		4.1705503158		-1.0
	2520.00000000	2.86996		2.17729     0.2    0.2		4.1705503158		-1.0
	2565.00000000	2.88761		2.08102     0.2    0.2		4.1705503158		-1.0
	2610.00000000	2.94488		1.72268     0.2    0.2		4.1705503158		-1.0
	2655.00000000	3.04947		1.43928     0.2    0.2		4.1705503158		-1.0
	2700.00000000	3.03044		1.033     0.2    0.2		4.1705503158		-1.0
	2745.00000000	3.18132		1.04802     0.2    0.2		4.1705503158		-1.0
	2790.00000000	3.02027		1.11636     0.2    0.2		4.1705503158		-1.0
	2835.00000000	2.97395		1.36676     0.2    0.2		4.1705503158		-1.0
	2880.00000000	2.90151		1.42528     0.2    0.2		4.1705503158		-1.0
	2925.00000000	2.91416		1.78503     0.2    0.2		4.1705503158		-1.0
	2970.00000000	2.90744		1.99191     0.2    0.2		4.1705503158		-1.0
	3015.00000000	2.95041		2.10637     0.2    0.2		4.1705503158		-1.0
	3060.00000000	2.91666		2.52609     0.2    0.2		4.1705503158		-1.0
	3105.00000000	2.87011		2.9029     0.2    0.2		4.1705503158		-1.0
	3150.00000000	2.85921		-2.9096     0.2    0.2		4.1705503158		-1.0
	3195.00000000	2.92108		-2.63564     0.2    0.2		4.1705503158		-1.0
	3240.00000000	2.96758		-2.32819     0.2    0.2		4.1705503158		-1.0
	3285.00000000	2.85845		-2.12224     0.2    0.2		4.1705503158		-1.0
	3330.00000000	2.94002		-2.02729     0.2    0.2		4.1705503158		-1.0
	3375.00000000	2.87344		-1.73792     0.2    0.2		4.1705503158		-1.0
	3420.00000000	3.0422		-1.69448     0.2    0.2		4.1705503158		-1.0
	3465.00000000	2.70984		-1.68701     0.2    0.2		4.1705503158		-1.0
	3510.00000000	2.83057		-1.89317     0.2    0.2		4.1705503158		-1.0
	3555.00000000	2.85119		-2.03048     0.2    0.2		4.1705503158		-1.0
	3600.00000000	3.08384		-2.23275     0.2    0.2		4.1705503158		-1.0
	3645.00000000	2.97121		-2.55921     0.2    0.2		4.1705503158		-1.0
	3690.00000000	2.85798		-3.00999     0.2    0.2		4.1705503158		-1.0
	3735.00000000	2.88426		2.98029     0.2    0.2		4.1705503158		-1.0
	3780.00000000	2.81844		2.54601     0.2    0.2		4.1705503158		-1.0
	3825.00000000	2.97727		2.29845     0.2    0.2		4.1705503158		-1.0
	3870.00000000	3.10601		1.90223     0.2    0.2		4.1705503158		-1.0
	3915.00000000	3.01567		1.56706     0.2    0.2		4.1705503158		-1.0
	3960.00000000	2.8011		1.11007     0.2    0.2		4.1705503158		-1.0
	4005.00000000	3.0904		0.8517     0.2    0.2		4.1705503158		-1.0
	4050.00000000	2.96775		0.8615     0.2    0.2		4.1705503158		-1.0
	4095.00000000	2.92334		0.86825     0.2    0.2		4.1705503158		-1.0
	4140.00000000	2.9898		0.37487     0.2    0.2		4.1705503158		-1.0
	4185.00000000	2.9692		-0.04722     0.2    0.2		4.1705503158		-1.0
	4230.00000000	2.88782		-0.06057     0.2    0.2		4.1705503158		-1.0
	4275.00000000	3.03366		-0.8547     0.2    0.2		4.1705503158		-1.0
	4320.00000000	2.83672		-0.95723     0.2    0.2		4.1705503158		-1.0
	4365.00000000	3.23374		-1.39955     0.2    0.2		4.1705503158		-1.0
	4410.00000000	2.99771		-1.35952     0.2    0.2		4.1705503158		-1.0
	4455.00000000	3.0201		-0.93929     0.2    0.2		4.1705503158		-1.0
	4500.00000000	2.94173		-0.53078     0.2    0.2		4.1705503158		-1.0
	4545.00000000	2.92085		-0.20408     0.2    0.2		4.1705503158		-1.0
	4590.00000000	3.08176		-0.24628     0.2    0.2		4.1705503158		-1.0
	4635.00000000	2.80747		-0.53473     0.2    0.2		4.1705503158		-1.0
	4680.00000000	2.87541		-0.29932     0.2    0.2		4.1705503158		-1.0
	4725.00000000	2.90048		-0.4154     0.2    0.2		4.1705503158		-1.0
	4770.00000000	3.20296		-0.43831     0.2    0.2		4.1705503158		-1.0
	4815.00000000	2.97719		-0.72332     0.2    0.2		4.1705503158		-1.0
	4860.00000000	3.07705		-0.85368     0.2    0.2		4.1705503158		-1.0
	4905.00000000	3.1348		-0.97755     0.2    0.2		4.1705503158		-1.0
	4950.00000000	2.70075		-1.38893     0.2    0.2		4.1705503158		-1.0
	4995.00000000	3.20733		-1.49488     0.2    0.2		4.1705503158		-1.0
	5040.00000000	2.90358		-1.55677     0.2    0.2		4.1705503158		-1.0
	5085.00000000	2.71346		-1.8282     0.2    0.2		4.1705503158		-1.0
	5130.00000000	2.72076		-1.85299     0.2    0.2		4.1705503158		-1.0
	5175.00000000	2.75554		-1.93722     0.2    0.2		4.1705503158		-1.0
	5220.00000000	2.92111		-1.99714     0.2    0.2		4.1705503158		-1.0
	5265.00000000	2.99902		-2.42919     0.2    0.2		4.1705503158		-1.0
	5310.00000000	2.80904		-2.51619     0.2    0.2		4.1705503158		-1.0
	5355.00000000	2.96537		-2.86512     0.2    0.2		4.1705503158		-1.0
	5400.00000000	3.06106		-3.02749     0.2    0.2		4.1705503158		-1.0
	5445.00000000	3.08168		3.02195     0.2    0.2		4.1705503158		-1.0
	5490.00000000	3.0016		2.64708     0.2    0.2		4.1705503158		-1.0
	5535.00000000	3.03171		2.76547     0.2    0.2		4.1705503158		-1.0
	5580.00000000	3.10823		2.19947     0.2    0.2		4.1705503158		-1.0
	5625.00000000	2.89551		2.13951     0.2    0.2		4.1705503158		-1.0
	5670.00000000	2.8213		1.85142     0.2    0.2		4.1705503158		-1.0
	5715.00000000	2.82917		1.38299     0.2    0.2		4.1705503158		-1.0
	5760.00000000	2.97466		1.21309     0.2    0.2		4.1705503158		-1.0
	5805.00000000	2.87109		1.37853     0.2    0.2		4.1705503158		-1.0
	5850.00000000	2.95605		1.40576     0.2    0.2		4.1705503158		-1.0
	5895.00000000	2.81842		1.70467     0.2    0.2		4.1705503158		-1.0
	5940.00000000	2.81722		1.79924     0.2    0.2		4.1705503158		-1.0
	5985.00000000	3.1674		1.9429     0.2    0.2		4.1705503158		-1.0
	6030.00000000	3.17848		2.40757     0.2    0.2		4.1705503158		-1.0
	6075.00000000	2.93171		2.94133     0.2    0.2		4.1705503158		-1.0
	6120.00000000	2.94397		-2.99021     0.2    0.2		4.1705503158		-1.0
	6165.00000000	2.82374		-2.7224     0.2    0.2		4.1705503158		-1.0
	6210.00000000	2.7824		-2.4755     0.2    0.2		4.1705503158		-1.0
	6255.00000000	3.04756		-2.49381     0.2    0.2		4.1705503158		-1.0
	6300.00000000	3.0767		-2.64319     0.2    0.2		4.1705503158		-1.0
	6345.00000000	2.82995		-2.93565     0.2    0.2		4.1705503158		-1.0
	6390.00000000	2.75513		2.64063     0.2    0.2		4.1705503158		-1.0
	6435.00000000	3.07949		2.67992     0.2    0.2		4.1705503158		-1.0
	6480.00000000	2.99421		2.84777     0.2    0.2		4.1705503158		-1.0
	6525.00000000	3.17241		-2.98419     0.2    0.2		4.1705503158		-1.0
	6570.00000000	2.90694		-2.95098     0.2    0.2		4.1705503158		-1.0
	6615.00000000	2.86419		-2.83479     0.2    0.2		4.1705503158		-1.0
	6660.00000000	2.7174		-3.01088     0.2    0.2		4.1705503158		-1.0
	6705.00000000	3.09049		3.00535     0.2    0.2		4.1705503158		-1.0
	6750.00000000	2.96552		2.91905     0.2    0.2		4.1705503158		-1.0
	6795.00000000	2.85073		2.85091     0.2    0.2		4.1705503158		-1.0
	6840.00000000	2.69212		-3.03021     0.2    0.2		4.1705503158		-1.0
	6885.00000000	2.7686		3.12836     0.2    0.2		4.1705503158		-1.0
	6930.00000000	2.82655		3.06265     0.2    0.2		4.1705503158		-1.0
	6975.00000000	3.0781		-3.09447     0.2    0.2		4.1705503158		-1.0
	7020.00000000	2.7813		3.08162     0.2    0.2		4.1705503158		-1.0
	7065.00000000	2.87979		2.77782     0.2    0.2		4.1705503158		-1.0
	7110.00000000	3.05307		2.23468     0.2    0.2		4.1705503158		-1.0
	7155.00000000	2.88768		1.87187     0.2    0.2		4.1705503158		-1.0
	7200.00000000	2.80656		1.13981     0.2    0.2		4.1705503158		-1.0
	7245.00000000	2.82858		0.76928     0.2    0.2		4.1705503158		-1.0
	7290.00000000	3.02171		0.34937     0.2    0.2		4.1705503158		-1.0
	7335.00000000	3.07326		0.11606     0.2    0.2		4.1705503158		-1.0
	7380.00000000	2.76278		-0.02019     0.2    0.2		4.1705503158		-1.0
	7425.00000000	2.75444		-0.01986     0.2    0.2		4.1705503158		-1.0
	7470.00000000	2.89022		0.11793     0.2    0.2		4.1705503158		-1.0
	7515.00000000	3.17806		0.2782     0.2    0.2		4.1705503158		-1.0
	7560.00000000	2.83259		0.37362     0.2    0.2		4.1705503158		-1.0
	7605.00000000	2.82717		0.47056     0.2    0.2		4.1705503158		-1.0
	7650.00000000	3.27799		0.81095     0.2    0.2		4.1705503158		-1.0
	7695.00000000	2.79832		0.88972     0.2    0.2		4.1705503158		-1.0
	7740.00000000	2.7934		0.95436     0.2    0.2		4.1705503158		-1.0
	7785.00000000	3.39135		1.11588     0.2    0.2		4.1705503158		-1.0
	7830.00000000	3.03097		1.4557     0.2    0.2		4.1705503158		-1.0
	7875.00000000	2.89097		1.78197     0.2    0.2		4.1705503158		-1.0
	7920.00000000	2.83164		1.82572     0.2    0.2		4.1705503158		-1.0
	7965.00000000	2.83465		2.10226     0.2    0.2		4.1705503158		-1.0
	8010.00000000	2.88534		2.36755     0.2    0.2		4.1705503158		-1.0
	8055.00000000	2.74175		2.56058     0.2    0.2		4.1705503158		-1.0
	8100.00000000	2.78217		2.89382     0.2    0.2		4.1705503158		-1.0
	8145.00000000	3.15619		3.10845     0.2    0.2		4.1705503158		-1.0
	8190.00000000	3.09857		-3.04531     0.2    0.2		4.1705503158		-1.0
	8235.00000000	2.99351		-2.78518     0.2    0.2		4.1705503158		-1.0
	8280.00000000	2.79426		-2.26696     0.2    0.2		4.1705503158		-1.0
	8325.00000000	3.21403		-2.44244     0.2    0.2		4.1705503158		-1.0
	8370.00000000	3.15704		-2.48112     0.2    0.2		4.1705503158		-1.0
	8415.00000000	3.32828		-1.97749     0.2    0.2		4.1705503158		-1.0
	8460.00000000	2.91346		-1.32051     0.2    0.2		4.1705503158		-1.0
	8505.00000000	3.09823		-1.22159     0.2    0.2		4.1705503158		-1.0
	8550.00000000	2.89577		-0.81419     0.2    0.2		4.1705503158		-1.0
	8595.00000000	2.79916		-0.50908     0.2    0.2		4.1705503158		-1.0
	8640.00000000	2.87288		-0.09777     0.2    0.2		4.1705503158		-1.0
	8685.00000000	2.83208		0.21255     0.2    0.2		4.1705503158		-1.0
	8730.00000000	2.73578		0.62973     0.2    0.2		4.1705503158		-1.0
	8775.00000000	2.75319		1.36153     0.2    0.2		4.1705503158		-1.0
	8820.00000000	2.80804		1.5093     0.2    0.2		4.1705503158		-1.0
	8865.00000000	2.81036		1.34533     0.2    0.2		4.1705503158		-1.0
	8910.00000000	3.38074		1.29634     0.2    0.2		4.1705503158		-1.0
	8955.00000000	2.81086		1.29125     0.2    0.2		4.1705503158		-1.0
	9000.00000000	3.12315		1.18903     0.2    0.2		4.1705503158		-1.0
	9045.00000000	2.85611		0.92529     0.2    0.2		4.1705503158		-1.0
	9090.00000000	2.83175		0.38173     0.2    0.2		4.1705503158		-1.0
	9135.00000000	2.99149		0.47473     0.2    0.2		4.1705503158		-1.0
	9180.00000000	3.294		0.44471     0.2    0.2		4.1705503158		-1.0
	9225.00000000	3.22849		-0.05572     0.2    0.2		4.1705503158		-1.0
	9270.00000000	2.99655		-0.10708     0.2    0.2		4.1705503158		-1.0
	9315.00000000	3.13804		-0.00699     0.2    0.2		4.1705503158		-1.0
	9360.00000000	2.88321		-0.41884     0.2    0.2		4.1705503158		-1.0
	9405.00000000	2.69199		-0.67385     0.2    0.2		4.1705503158		-1.0
	9450.00000000	2.66526		-1.18449     0.2    0.2		4.1705503158		-1.0
	9495.00000000	2.73573		-1.39422     0.2    0.2		4.1705503158		-1.0
	9540.00000000	2.75193		-1.31013     0.2    0.2		4.1705503158		-1.0
	9585.00000000	2.7296		-1.08954     0.2    0.2		4.1705503158		-1.0
	9630.00000000	2.75471		-0.89992     0.2    0.2		4.1705503158		-1.0
	9675.00000000	2.75131		-0.53308     0.2    0.2		4.1705503158		-1.0
	9720.00000000	3.19222		-0.47493     0.2    0.2		4.1705503158		-1.0
	9765.00000000	2.85549		-0.42863     0.2    0.2		4.1705503158		-1.0
	9810.00000000	2.83885		-0.30578     0.2    0.2		4.1705503158		-1.0
	9855.00000000	3.25877		-0.5519     0.2    0.2		4.1705503158		-1.0
	9900.00000000	2.75342		-0.98826     0.2    0.2		4.1705503158		-1.0
	9945.00000000	2.79129		-1.08758     0.2    0.2		4.1705503158		-1.0
	9990.00000000	3.03314		-1.26381     0.2    0.2		4.1705503158		-1.0
	10035.00000000	2.91747		-1.71394     0.2    0.2		4.1705503158		-1.0
	10080.00000000	3.19454		-1.85703     0.2    0.2		4.1705503158		-1.0
	10125.00000000	3.21723		-1.97713     0.2    0.2		4.1705503158		-1.0
	10170.00000000	2.99632		-2.18977     0.2    0.2		4.1705503158		-1.0
	10215.00000000	2.81921		-2.13821     0.2    0.2		4.1705503158		-1.0
	10260.00000000	3.03569		-2.02767     0.2    0.2		4.1705503158		-1.0
	10305.00000000	2.8442		-1.56079     0.2    0.2		4.1705503158		-1.0
	10350.00000000	2.74142		-1.46842     0.2    0.2		4.1705503158		-1.0
	10395.00000000	3.40144		-1.18784     0.2    0.2		4.1705503158		-1.0
	10440.00000000	3.29478		-0.79112     0.2    0.2		4.1705503158		-1.0
	10485.00000000	3.35177		-0.78658     0.2    0.2		4.1705503158		-1.0
	10530.00000000	2.83456		-0.9433     0.2    0.2		4.1705503158		-1.0
	10575.00000000	3.25134		-0.93867     0.2    0.2		4.1705503158		-1.0
	10620.00000000	3.28492		-0.96436     0.2    0.2		4.1705503158		-1.0
	10665.00000000	3.20574		-1.13789     0.2    0.2		4.1705503158		-1.0
	10710.00000000	3.2992		-1.69545     0.2    0.2		4.1705503158		-1.0
	10755.00000000	2.97377		-1.68381     0.2    0.2		4.1705503158		-1.0
	10800.00000000	3.10194		-1.863     0.2    0.2		4.1705503158		-1.0
	10845.00000001	3.09458		-2.18201     0.2    0.2		4.1705503158		-1.0
	10890.00000001	3.15201		-2.12033     0.2    0.2		4.1705503158		-1.0
	10935.00000001	2.84042		-2.51134     0.2    0.2		4.1705503158		-1.0
	10980.00000001	2.69744		-2.57304     0.2    0.2		4.1705503158		-1.0
	11025.00000001	3.32607		-2.83099     0.2    0.2		4.1705503158		-1.0
	11070.00000001	3.238		-3.06169     0.2    0.2		4.1705503158		-1.0
	11115.00000001	3.03961		2.51946     0.2    0.2		4.1705503158		-1.0
	11160.00000001	3.32577		2.23085     0.2    0.2		4.1705503158		-1.0
	11205.00000001	3.04192		1.94577     0.2    0.2		4.1705503158		-1.0
	11250.00000001	3.083		1.90889     0.2    0.2		4.1705503158		-1.0
	11295.00000001	2.65375		1.60959     0.2    0.2		4.1705503158		-1.0
	11340.00000001	2.99736		1.60333     0.2    0.2		4.1705503158		-1.0
	11385.00000001	3.33725		1.07323     0.2    0.2		4.1705503158		-1.0
	11430.00000001	2.69349		1.07798     0.2    0.2		4.1705503158		-1.0
	11475.00000001	2.94107		0.58588     0.2    0.2		4.1705503158		-1.0
	11520.00000001	2.91683		0.41575     0.2    0.2		4.1705503158		-1.0
	11565.00000001	2.78205		-0.06389     0.2    0.2		4.1705503158		-1.0
	11610.00000001	2.75833		0.0282     0.2    0.2		4.1705503158		-1.0
	11655.00000001	2.72806		-0.25971     0.2    0.2		4.1705503158		-1.0
	11700.00000001	2.77401		-0.25549     0.2    0.2		4.1705503158		-1.0
	11745.00000001	2.73964		-0.23875     0.2    0.2		4.1705503158		-1.0
	11790.00000001	2.68142		0.25747     0.2    0.2		4.1705503158		-1.0
	11835.00000001	2.69539		0.22516     0.2    0.2		4.1705503158		-1.0
	11880.00000001	3.39833		0.52776     0.2    0.2		4.1705503158		-1.0
	11925.00000001	3.0583		0.73242     0.2    0.2		4.1705503158		-1.0
	11970.00000001	2.74501		1.04656     0.2    0.2		4.1705503158		-1.0
	12015.00000001	2.99953		1.3538     0.2    0.2		4.1705503158		-1.0
	12060.00000001	3.3047		1.67538     0.2    0.2		4.1705503158		-1.0
	12105.00000001	3.10556		1.621     0.2    0.2		4.1705503158		-1.0
	12150.00000001	3.13765		1.32334     0.2    0.2		4.1705503158		-1.0
	12195.00000001	3.19596		0.63241     0.2    0.2		4.1705503158		-1.0
	12240.00000001	3.16833		0.91551     0.2    0.2		4.1705503158		-1.0
	12285.00000001	3.24114		0.8788     0.2    0.2		4.1705503158		-1.0
	12330.00000001	3.28091		0.90776     0.2    0.2		4.1705503158		-1.0
	12375.00000001	3.14464		0.96083     0.2    0.2		4.1705503158		-1.0
	12420.00000001	3.14613		0.80837     0.2    0.2		4.1705503158		-1.0
	12465.00000001	3.14958		1.40716     0.2    0.2		4.1705503158		-1.0
	12510.00000001	3.29384		1.52347     0.2    0.2		4.1705503158		-1.0
	12555.00000001	3.2562		2.00621     0.2    0.2		4.1705503158		-1.0
	12600.00000001	3.11047		2.3839     0.2    0.2		4.1705503158		-1.0
	12645.00000001	2.99678		2.91327     0.2    0.2		4.1705503158		-1.0
	12690.00000001	3.16951		2.95216     0.2    0.2		4.1705503158		-1.0
	12735.00000001	3.32279		2.72542     0.2    0.2		4.1705503158		-1.0
	12780.00000001	2.71457		2.54369     0.2    0.2		4.1705503158		-1.0
	12825.00000001	2.73628		2.2915     0.2    0.2		4.1705503158		-1.0
	12870.00000001	2.75871		2.08746     0.2    0.2		4.1705503158		-1.0
	12915.00000001	2.85533		2.0996     0.2    0.2		4.1705503158		-1.0
	12960.00000001	3.43921		2.11086     0.2    0.2		4.1705503158		-1.0
	13005.00000001	2.7068		2.24437     0.2    0.2		4.1705503158		-1.0
	13050.00000001	3.28709		2.66858     0.2    0.2		4.1705503158		-1.0
	13095.00000001	3.07257		2.63135     0.2    0.2		4.1705503158		-1.0
	13140.00000001	3.31671		-3.12318     0.2    0.2		4.1705503158		-1.0
	13185.00000001	3.29959		-2.93647     0.2    0.2		4.1705503158		-1.0
	13230.00000001	3.12942		-2.7003     0.2    0.2		4.1705503158		-1.0
	13275.00000001	3.15316		-2.28158     0.2    0.2		4.1705503158		-1.0
	13320.00000001	3.17103		-2.53914     0.2    0.2		4.1705503158		-1.0
	13365.00000001	3.09413		-2.21559     0.2    0.2		4.1705503158		-1.0
	13410.00000001	3.50054		-2.48165     0.2    0.2		4.1705503158		-1.0
	13455.00000001	2.90184		-2.41037     0.2    0.2		4.1705503158		-1.0
	13500.00000001	2.66781		-2.18007     0.2    0.2		4.1705503158		-1.0
	13545.00000001	2.71516		-2.29479     0.2    0.2		4.1705503158		-1.0
	13590.00000001	2.69542		-2.43688     0.2    0.2		4.1705503158		-1.0
	13635.00000001	2.90125		-2.35864     0.2    0.2		4.1705503158		-1.0
	13680.00000001	3.33489		-2.17565     0.2    0.2		4.1705503158		-1.0
	13725.00000001	2.80124		-2.16928     0.2    0.2		4.1705503158		-1.0
	13770.00000001	3.27132		-1.79178     0.2    0.2		4.1705503158		-1.0
	13815.00000001	2.78889		-1.54934     0.2    0.2		4.1705503158		-1.0
	13860.00000001	2.75891		-1.50337     0.2    0.2		4.1705503158		-1.0
	13905.00000001	2.9858		-1.07747     0.2    0.2		4.1705503158		-1.0
	13950.00000001	3.12209		-1.25265     0.2    0.2		4.1705503158		-1.0
	13995.00000001	3.14279		-0.95335     0.2    0.2		4.1705503158		-1.0
	14040.00000001	2.84067		-0.90965     0.2    0.2		4.1705503158		-1.0
	14085.00000001	2.74693		-0.73012     0.2    0.2		4.1705503158		-1.0
	14130.00000001	2.73513		-0.67331     0.2    0.2		4.1705503158		-1.0
	14175.00000001	3.43522		-0.6669     0.2    0.2		4.1705503158		-1.0
	14220.00000001	3.29129		-0.52736     0.2    0.2		4.1705503158		-1.0
	14265.00000000	2.76775		-0.62008     0.2    0.2		4.1705503158		-1.0
	14310.00000000	2.83247		-0.83504     0.2    0.2		4.1705503158		-1.0
	14355.00000000	2.6541		-1.15193     0.2    0.2		4.1705503158		-1.0
	14400.00000000	2.70303		-1.13745     0.2    0.2		4.1705503158		-1.0
	14445.00000000	2.84223		-1.21237     0.2    0.2		4.1705503158		-1.0
	14490.00000000	2.69836		-1.23911     0.2    0.2		4.1705503158		-1.0
	14535.00000000	2.75266		-0.90735     0.2    0.2		4.1705503158		-1.0
	14580.00000000	2.69112		-0.81595     0.2    0.2		4.1705503158		-1.0
	14625.00000000	3.19161		-0.5583     0.2    0.2		4.1705503158		-1.0
	14670.00000000	3.02913		-0.31128     0.2    0.2		4.1705503158		-1.0
	14715.00000000	3.29596		0.18712     0.2    0.2		4.1705503158		-1.0
	14760.00000000	3.27007		0.15443     0.2    0.2		4.1705503158		-1.0
	14805.00000000	3.25558		0.49187     0.2    0.2		4.1705503158		-1.0
	14850.00000000	3.24744		0.59634     0.2    0.2		4.1705503158		-1.0
	14895.00000000	3.21953		0.72686     0.2    0.2		4.1705503158		-1.0
	14940.00000000	3.04252		0.30634     0.2    0.2		4.1705503158		-1.0
	14985.00000000	3.18201		0.19632     0.2    0.2		4.1705503158		-1.0
	15030.00000000	2.78088		0.05271     0.2    0.2		4.1705503158		-1.0
	15075.00000000	3.44641		-0.18807     0.2    0.2		4.1705503158		-1.0
	15120.00000000	3.39478		0.03649     0.2    0.2		4.1705503158		-1.0
	15165.00000000	3.37392		-0.13103     0.2    0.2		4.1705503158		-1.0
	15210.00000000	2.63192		0.00476     0.2    0.2		4.1705503158		-1.0
	15255.00000000	3.08488		-0.1017     0.2    0.2		4.1705503158		-1.0
	15300.00000000	2.63542		0.34033     0.2    0.2		4.1705503158		-1.0
	15345.00000000	2.80015		0.50089     0.2    0.2		4.1705503158		-1.0
	15390.00000000	2.72353		0.833     0.2    0.2		4.1705503158		-1.0
	15435.00000000	3.31384		1.37923     0.2    0.2		4.1705503158		-1.0
	15480.00000000	2.62867		1.86635     0.2    0.2		4.1705503158		-1.0
	15525.00000000	3.12858		2.38886     0.2    0.2		4.1705503158		-1.0
	15570.00000000	2.63909		2.75184     0.2    0.2		4.1705503158		-1.0
	15615.00000000	2.83517		3.10396     0.2    0.2		4.1705503158		-1.0
	15660.00000000	2.77549		-2.8995     0.2    0.2		4.1705503158		-1.0
	15705.00000000	2.68686		-2.85018     0.2    0.2		4.1705503158		-1.0
	15750.00000000	2.76787		-2.6604     0.2    0.2		4.1705503158		-1.0
	15795.00000000	2.71458		-2.56322     0.2    0.2		4.1705503158		-1.0
	15840.00000000	2.71251		-2.85182     0.2    0.2		4.1705503158		-1.0
	15885.00000000	2.80655		2.74079     0.2    0.2		4.1705503158		-1.0
	15930.00000000	3.16895		2.19086     0.2    0.2		4.1705503158		-1.0
	15975.00000000	3.19944		1.50903     0.2    0.2		4.1705503158		-1.0
	16020.00000000	3.03547		1.0844     0.2    0.2		4.1705503158		-1.0
	16065.00000000	2.65542		0.71678     0.2    0.2		4.1705503158		-1.0
	16110.00000000	2.84344		1.1665     0.2    0.2		4.1705503158		-1.0
	16155.00000000	2.73607		1.56376     0.2    0.2		4.1705503158		-1.0
	16200.00000000	2.70381		1.8982     0.2    0.2		4.1705503158		-1.0
	16245.00000000	2.81932		1.96504     0.2    0.2		4.1705503158		-1.0
	16290.00000000	2.7665		2.59722     0.2    0.2		4.1705503158		-1.0
	16335.00000000	3.13279		2.57672     0.2    0.2		4.1705503158		-1.0
	16380.00000000	3.20672		2.81225     0.2    0.2		4.1705503158		-1.0
	16425.00000000	2.74872		3.08349     0.2    0.2		4.1705503158		-1.0
	16470.00000000	2.68482		2.93231     0.2    0.2		4.1705503158		-1.0
	16515.00000000	2.65675		2.60265     0.2    0.2		4.1705503158		-1.0
	16560.00000000	3.21927		2.3817     0.2    0.2		4.1705503158		-1.0
	16605.00000000	3.28242		2.18266     0.2    0.2		4.1705503158		-1.0
	16650.00000000	3.23695		2.05367     0.2    0.2		4.1705503158		-1.0
	16695.00000000	3.32977		1.5797     0.2    0.2		4.1705503158		-1.0
	16740.00000000	3.31957		1.54662     0.2    0.2		4.1705503158		-1.0
	16785.00000000	2.56603		1.38745     0.2    0.2		4.1705503158		-1.0
	16830.00000000	2.70379		1.63038     0.2    0.2		4.1705503158		-1.0
	16875.00000000	2.83976		1.70816     0.2    0.2		4.1705503158		-1.0
	16920.00000000	2.86997		2.12866     0.2    0.2		4.1705503158		-1.0
	16965.00000000	2.69876		2.3516     0.2    0.2		4.1705503158		-1.0
	17010.00000000	2.7884		2.82251     0.2    0.2		4.1705503158		-1.0
	17055.00000000	2.63033		-2.99084     0.2    0.2		4.1705503158		-1.0
	17100.00000000	3.18561		-2.70555     0.2    0.2		4.1705503158		-1.0
	17145.00000000	3.23807		-2.36306     0.2    0.2		4.1705503158		-1.0
	17190.00000000	3.17412		-2.1532     0.2    0.2		4.1705503158		-1.0
	17235.00000000	3.04107		-1.79131     0.2    0.2		4.1705503158		-1.0
	17280.00000000	2.83727		-1.70914     0.2    0.2		4.1705503158		-1.0
	17325.00000000	3.11529		-1.4326     0.2    0.2		4.1705503158		-1.0
	17370.00000000	3.15932		-1.53625     0.2    0.2		4.1705503158		-1.0
	17415.00000000	3.32745		-1.46519     0.2    0.2		4.1705503158		-1.0
	17460.00000000	3.42272		-1.61417     0.2    0.2		4.1705503158		-1.0
	17505.00000000	3.39693		-1.74794     0.2    0.2		4.1705503158		-1.0
	17550.00000000	2.75448		-1.79036     0.2    0.2		4.1705503158		-1.0
	17595.00000000	3.30496		-1.91017     0.2    0.2		4.1705503158		-1.0
	17640.00000000	2.66057		-1.94731     0.2    0.2		4.1705503158		-1.0
	17685.00000000	3.322		-2.06959     0.2    0.2		4.1705503158		-1.0
	17730.00000000	2.6377		-2.21946     0.2    0.2		4.1705503158		-1.0
	17775.00000000	3.19141		-2.73487     0.2    0.2		4.1705503158		-1.0
	17820.00000000	3.23753		-2.7779     0.2    0.2		4.1705503158		-1.0
	17865.00000000	3.32368		-2.98323     0.2    0.2		4.1705503158		-1.0
	17910.00000000	2.60064		-2.8579     0.2    0.2		4.1705503158		-1.0
	17955.00000000	2.91912		-2.46146     0.2    0.2		4.1705503158		-1.0
	18000.00000000	2.66113		-2.18164     0.2    0.2		4.1705503158		-1.0
	18045.00000000	2.96112		-1.55394     0.2    0.2		4.1705503158		-1.0
	18090.00000000	3.03713		-1.16538     0.2    0.2		4.1705503158		-1.0
	18135.00000000	3.22443		-1.01659     0.2    0.2		4.1705503158		-1.0
	18180.00000000	3.10587		-0.7654     0.2    0.2		4.1705503158		-1.0
	18225.00000000	3.0297		-0.61754     0.2    0.2		4.1705503158		-1.0
	18270.00000000	3.21087		-0.54306     0.2    0.2		4.1705503158		-1.0
	18315.00000000	3.32433		-0.53433     0.2    0.2		4.1705503158		-1.0
	18360.00000000	3.4785		-0.24527     0.2    0.2		4.1705503158		-1.0
	18405.00000000	3.13824		-0.27118     0.2    0.2		4.1705503158		-1.0
	18450.00000000	2.99222		-0.05055     0.2    0.2		4.1705503158		-1.0
	18495.00000000	3.29626		0.14633     0.2    0.2		4.1705503158		-1.0
	18540.00000000	3.32908		0.43502     0.2    0.2		4.1705503158		-1.0
	18585.00000000	3.14707		0.60205     0.2    0.2		4.1705503158		-1.0
	18630.00000000	3.36408		0.94664     0.2    0.2		4.1705503158		-1.0
	18675.00000000	2.62601		1.20994     0.2    0.2		4.1705503158		-1.0
	18720.00000000	2.76462		1.50251     0.2    0.2		4.1705503158		-1.0
	18765.00000000	2.78163		1.58361     0.2    0.2		4.1705503158		-1.0
	18810.00000000	2.64973		1.5999     0.2    0.2		4.1705503158		-1.0
	18855.00000000	3.38131		1.6848     0.2    0.2		4.1705503158		-1.0
	18900.00000000	3.40472		1.51247     0.2    0.2		4.1705503158		-1.0
	18945.00000000	3.24681		1.6281     0.2    0.2		4.1705503158		-1.0
	18990.00000000	3.05839		1.71282     0.2    0.2		4.1705503158		-1.0
	19035.00000000	3.21216		1.99717     0.2    0.2		4.1705503158		-1.0
	19080.00000000	3.33119		1.93678     0.2    0.2		4.1705503158		-1.0
	19125.00000000	2.97149		2.32408     0.2    0.2		4.1705503158		-1.0
	19170.00000000	2.6622		2.23908     0.2    0.2		4.1705503158		-1.0
	19215.00000000	2.66055		2.64557     0.2    0.2		4.1705503158		-1.0
	19260.00000000	3.4961		2.60302     0.2    0.2		4.1705503158		-1.0
	19305.00000000	3.4279		2.96264     0.2    0.2		4.1705503158		-1.0
	19350.00000000	3.49139		-3.09272     0.2    0.2		4.1705503158		-1.0
	19395.00000000	3.19888		3.06916     0.2    0.2		4.1705503158		-1.0
	19440.00000000	3.15367		-2.94315     0.2    0.2		4.1705503158		-1.0
	19485.00000000	2.82575		-2.99078     0.2    0.2		4.1705503158		-1.0
	19530.00000000	2.86908		-3.13262     0.2    0.2		4.1705503158		-1.0
	19575.00000000	2.75703		-2.96114     0.2    0.2		4.1705503158		-1.0
	19620.00000000	2.77531		3.09108     0.2    0.2		4.1705503158		-1.0
	19665.00000000	2.72494		2.8942     0.2    0.2		4.1705503158		-1.0
	19710.00000000	2.84423		2.54189     0.2    0.2		4.1705503158		-1.0
	19755.00000000	2.74734		2.15853     0.2    0.2		4.1705503158		-1.0
	19800.00000000	2.82506		2.45952     0.2    0.2		4.1705503158		-1.0
	19845.00000000	3.26957		2.3011     0.2    0.2		4.1705503158		-1.0
	19890.00000000	3.32701		2.76326     0.2    0.2		4.1705503158		-1.0
	19935.00000000	3.36161		3.11085     0.2    0.2		4.1705503158		-1.0
	19980.00000000	3.41151		-2.70979     0.2    0.2		4.1705503158		-1.0
	20025.00000000	3.28863		-2.39513     0.2    0.2		4.1705503158		-1.0
	20070.00000000	3.50354		-2.19916     0.2    0.2		4.1705503158		-1.0
	20115.00000000	2.96502		-1.95362     0.2    0.2		4.1705503158		-1.0
	20160.00000000	2.87598		-1.71979     0.2    0.2		4.1705503158		-1.0
	20205.00000000	3.34058		-1.87162     0.2    0.2		4.1705503158		-1.0
	20250.00000000	3.35038		-1.72308     0.2    0.2		4.1705503158		-1.0
	20295.00000000	3.00218		-1.69754     0.2    0.2		4.1705503158		-1.0
	20340.00000000	3.44922		-1.84544     0.2    0.2		4.1705503158		-1.0
	20385.00000000	3.47074		-1.43541     0.2    0.2		4.1705503158		-1.0
	20430.00000000	3.43184		-1.30695     0.2    0.2		4.1705503158		-1.0
	20475.00000000	3.45713		-1.10668     0.2    0.2		4.1705503158		-1.0
	20520.00000000	3.51969		-0.97188     0.2    0.2		4.1705503158		-1.0
	20565.00000000	3.50207		-0.99543     0.2    0.2		4.1705503158		-1.0
	20610.00000000	2.57279		-0.63644     0.2    0.2		4.1705503158		-1.0
	20655.00000000	3.50652		-0.75263     0.2    0.2		4.1705503158		-1.0
	20700.00000000	3.02946		-0.50814     0.2    0.2		4.1705503158		-1.0
	20744.99999999	2.7999		-0.19051     0.2    0.2		4.1705503158		-1.0
	20789.99999999	2.78116		-0.53979     0.2    0.2		4.1705503158		-1.0
	20834.99999999	2.74951		-0.45109     0.2    0.2		4.1705503158		-1.0
	20879.99999999	2.76975		-0.605     0.2    0.2		4.1705503158		-1.0
	20924.99999999	2.63975		-0.9126     0.2    0.2		4.1705503158		-1.0
	20969.99999999	2.57379		-1.11375     0.2    0.2		4.1705503158		-1.0
	21014.99999999	3.27579		-1.1883     0.2    0.2		4.1705503158		-1.0
	21059.99999999	2.60117		-1.70379     0.2    0.2		4.1705503158		-1.0
	21104.99999999	2.61419		-1.93434     0.2    0.2		4.1705503158		-1.0
	21149.99999999	3.11237		-2.07074     0.2    0.2		4.1705503158		-1.0
	21194.99999999	2.95155		-2.25855     0.2    0.2		4.1705503158		-1.0
	21239.99999999	2.637		-2.3906     0.2    0.2		4.1705503158		-1.0
	21284.99999999	2.69222		-2.61744     0.2    0.2		4.1705503158		-1.0
	21329.99999999	2.70329		-2.74713     0.2    0.2		4.1705503158		-1.0
	21374.99999999	2.8167		-2.82532     0.2    0.2		4.1705503158		-1.0
	21419.99999999	3.61929		-2.71203     0.2    0.2		4.1705503158		-1.0
	21464.99999999	3.00245		-2.8045     0.2    0.2		4.1705503158		-1.0
	21509.99999999	3.07809		-2.64024     0.2    0.2		4.1705503158		-1.0
	21554.99999999	3.17079		-2.73541     0.2    0.2		4.1705503158		-1.0
	21599.99999999	3.3945		-2.38942     0.2    0.2		4.1705503158		-1.0
	21644.99999999	3.34429		-2.57833     0.2    0.2		4.1705503158		-1.0
	21689.99999999	3.27088		-2.32641     0.2    0.2		4.1705503158		-1.0
	21734.99999999	3.33516		-2.37136     0.2    0.2		4.1705503158		-1.0
	21779.99999999	3.08338		-2.53252     0.2    0.2		4.1705503158		-1.0
	21824.99999999	3.63131		-2.39037     0.2    0.2		4.1705503158		-1.0
	21869.99999999	2.73461		-2.20141     0.2    0.2		4.1705503158		-1.0
	21914.99999999	2.77046		-2.05239     0.2    0.2		4.1705503158		-1.0
	21959.99999999	3.29347		-1.76925     0.2    0.2		4.1705503158		-1.0
	22004.99999999	3.38234		-1.45423     0.2    0.2		4.1705503158		-1.0
	22049.99999999	3.23763		-1.18301     0.2    0.2		4.1705503158		-1.0
	22094.99999999	3.04297		-0.63906     0.2    0.2		4.1705503158		-1.0
	22139.99999999	2.79827		-0.52132     0.2    0.2		4.1705503158		-1.0
	22184.99999999	2.7629		-0.05812     0.2    0.2		4.1705503158		-1.0
	22229.99999999	3.32449		0.32376     0.2    0.2		4.1705503158		-1.0
	22274.99999999	2.91585		0.34563     0.2    0.2		4.1705503158		-1.0
	22319.99999999	3.0303		0.59986     0.2    0.2		4.1705503158		-1.0
	22364.99999999	3.28482		0.6847     0.2    0.2		4.1705503158		-1.0
	22409.99999999	2.59928		0.87134     0.2    0.2		4.1705503158		-1.0
	22454.99999999	2.77749		0.60892     0.2    0.2		4.1705503158		-1.0
	22499.99999999	2.7566		0.77617     0.2    0.2		4.1705503158		-1.0
	22544.99999999	2.69626		0.63839     0.2    0.2		4.1705503158		-1.0
	22589.99999999	2.63191		1.05291     0.2    0.2		4.1705503158		-1.0
	22634.99999999	2.70841		1.14216     0.2    0.2		4.1705503158		-1.0
	22679.99999999	2.77433		1.42854     0.2    0.2		4.1705503158		-1.0
	22724.99999999	2.72984		1.21777     0.2    0.2		4.1705503158		-1.0
	22769.99999999	2.69324		1.11772     0.2    0.2		4.1705503158		-1.0
	22814.99999999	2.75333		0.72443     0.2    0.2		4.1705503158		-1.0
	22859.99999999	2.68034		0.59771     0.2    0.2		4.1705503158		-1.0
	22904.99999999	2.70072		0.32355     0.2    0.2		4.1705503158		-1.0
	22949.99999999	2.6896		-0.02194     0.2    0.2		4.1705503158		-1.0
	22994.99999999	2.84668		0.02659     0.2    0.2		4.1705503158		-1.0
	23039.99999999	2.56597		-0.29816     0.2    0.2		4.1705503158		-1.0
	23084.99999999	2.61912		-0.18973     0.2    0.2		4.1705503158		-1.0
	23129.99999999	2.69189		-0.49948     0.2    0.2		4.1705503158		-1.0
	23174.99999999	2.73619		-0.63242     0.2    0.2		4.1705503158		-1.0
	23219.99999999	2.71944		-1.10194     0.2    0.2		4.1705503158		-1.0
	23264.99999999	2.66546		-1.44159     0.2    0.2		4.1705503158		-1.0
	23309.99999999	2.66346		-1.81798     0.2    0.2		4.1705503158		-1.0
	23354.99999999	2.69729		-2.30482     0.2    0.2		4.1705503158		-1.0
	23399.99999999	2.70091		-2.67804     0.2    0.2		4.1705503158		-1.0
	23444.99999999	2.62691		-3.10324     0.2    0.2		4.1705503158		-1.0
	23489.99999999	2.66766		2.88581     0.2    0.2		4.1705503158		-1.0
	23534.99999999	2.73657		2.67162     0.2    0.2		4.1705503158		-1.0
	23579.99999999	2.6522		2.78439     0.2    0.2		4.1705503158		-1.0
	23624.99999999	2.75319		2.53859     0.2    0.2		4.1705503158		-1.0
	23669.99999999	2.67999		2.35359     0.2    0.2		4.1705503158		-1.0
	23714.99999999	2.71235		2.13715     0.2    0.2		4.1705503158		-1.0
	23759.99999999	2.6635		1.67427     0.2    0.2		4.1705503158		-1.0
	23804.99999999	2.64166		1.65847     0.2    0.2		4.1705503158		-1.0
	23849.99999999	3.56981		1.85623     0.2    0.2		4.1705503158		-1.0
	23894.99999999	3.30468		1.88086     0.2    0.2		4.1705503158		-1.0
	23939.99999999	2.94974		2.26544     0.2    0.2		4.1705503158		-1.0
	23984.99999999	3.22229		2.18507     0.2    0.2		4.1705503158		-1.0
	24029.99999999	3.5418		2.52145     0.2    0.2		4.1705503158		-1.0
	24074.99999999	3.31016		2.66956     0.2    0.2		4.1705503158		-1.0
	24119.99999999	3.36292		3.09151     0.2    0.2		4.1705503158		-1.0
	24164.99999999	3.40953		3.04428     0.2    0.2		4.1705503158		-1.0
	24209.99999999	3.08482		-3.08249     0.2    0.2		4.1705503158		-1.0
	24254.99999999	3.25041		2.90385     0.2    0.2		4.1705503158		-1.0
	24299.99999999	3.30709		2.73798     0.2    0.2		4.1705503158		-1.0
	24344.99999999	3.28358		2.53256     0.2    0.2		4.1705503158		-1.0
	24389.99999999	3.08523		2.45796     0.2    0.2		4.1705503158		-1.0
	24434.99999999	3.56242		2.47854     0.2    0.2		4.1705503158		-1.0
	24479.99999999	3.25203		2.70022     0.2    0.2		4.1705503158		-1.0
	24524.99999999	3.38946		2.80462     0.2    0.2		4.1705503158		-1.0
	24569.99999999	3.07105		2.99809     0.2    0.2		4.1705503158		-1.0
	24614.99999999	3.54002		3.07833     0.2    0.2		4.1705503158		-1.0
	24659.99999999	2.71552		3.14063     0.2    0.2		4.1705503158		-1.0
	24704.99999999	2.69275		3.12754     0.2    0.2		4.1705503158		-1.0
	24749.99999999	2.68314		-3.06783     0.2    0.2		4.1705503158		-1.0
	24794.99999999	2.65265		2.99321     0.2    0.2		4.1705503158		-1.0
	24839.99999999	3.2494		2.72011     0.2    0.2		4.1705503158		-1.0
	24884.99999999	3.20583		2.31862     0.2    0.2		4.1705503158		-1.0
	24929.99999999	3.27486		1.87499     0.2    0.2		4.1705503158		-1.0
	24974.99999999	3.15323		1.56529     0.2    0.2		4.1705503158		-1.0
	25019.99999999	3.18306		1.17668     0.2    0.2		4.1705503158		-1.0
	25064.99999999	3.318		1.06097     0.2    0.2		4.1705503158		-1.0
	25109.99999999	3.36395		0.94034     0.2    0.2		4.1705503158		-1.0
	25154.99999999	3.58634		0.81275     0.2    0.2		4.1705503158		-1.0
	25199.99999999	2.5796		0.69146     0.2    0.2		4.1705503158		-1.0
	25244.99999999	3.10806		0.9361     0.2    0.2		4.1705503158		-1.0
	25289.99999999	3.3355		1.35765     0.2    0.2		4.1705503158		-1.0
	25334.99999999	2.74188		1.65536     0.2    0.2		4.1705503158		-1.0
	25379.99999999	2.9147		1.97422     0.2    0.2		4.1705503158		-1.0
	25424.99999999	3.35232		2.00649     0.2    0.2		4.1705503158		-1.0
	25469.99999999	3.16394		1.70874     0.2    0.2		4.1705503158		-1.0
	25514.99999999	2.98508		1.20613     0.2    0.2		4.1705503158		-1.0
	25559.99999999	3.27587		1.03595     0.2    0.2		4.1705503158		-1.0
	25604.99999999	3.39894		1.27729     0.2    0.2		4.1705503158		-1.0
	25649.99999999	2.93943		1.67664     0.2    0.2		4.1705503158		-1.0
	25694.99999999	3.04715		1.68213     0.2    0.2		4.1705503158		-1.0
	25739.99999999	3.46663		1.64603     0.2    0.2		4.1705503158		-1.0
	25784.99999999	3.422		1.62983     0.2    0.2		4.1705503158		-1.0
	25829.99999999	2.95792		1.60751     0.2    0.2		4.1705503158		-1.0
	25874.99999999	2.5707		1.48008     0.2    0.2		4.1705503158		-1.0
	25919.99999999	2.60015		1.77527     0.2    0.2		4.1705503158		-1.0
	25964.99999999	2.75351		2.16363     0.2    0.2		4.1705503158		-1.0
	26009.99999999	2.73373		2.52007     0.2    0.2		4.1705503158		-1.0
	26054.99999999	2.64046		2.60581     0.2    0.2		4.1705503158		-1.0
	26099.99999999	2.75368		2.99496     0.2    0.2		4.1705503158		-1.0
	26144.99999999	2.62585		2.85449     0.2    0.2		4.1705503158		-1.0
	26189.99999999	3.46115		3.00629     0.2    0.2		4.1705503158		-1.0
	26234.99999999	3.06954		2.98616     0.2    0.2		4.1705503158		-1.0
	26279.99999999	3.37325		3.13658     0.2    0.2		4.1705503158		-1.0
	26324.99999999	3.53017		-2.82951     0.2    0.2		4.1705503158		-1.0
	26369.99999999	3.40529		-2.54286     0.2    0.2		4.1705503158		-1.0
	26414.99999999	3.38192		-2.25715     0.2    0.2		4.1705503158		-1.0
	26459.99999999	3.46015		-1.92862     0.2    0.2		4.1705503158		-1.0
	26504.99999999	2.71555		-1.55708     0.2    0.2		4.1705503158		-1.0
	26549.99999999	2.90129		-1.23593     0.2    0.2		4.1705503158		-1.0
	26594.99999999	3.29135		-1.34019     0.2    0.2		4.1705503158		-1.0
	26639.99999999	3.6637		-1.58712     0.2    0.2		4.1705503158		-1.0
	26684.99999999	2.8265		-1.29432     0.2    0.2		4.1705503158		-1.0
	26729.99999999	2.61447		-1.49408     0.2    0.2		4.1705503158		-1.0
	26774.99999999	3.35822		-1.60437     0.2    0.2		4.1705503158		-1.0
	26819.99999999	3.08946		-1.1226     0.2    0.2		4.1705503158		-1.0
	26864.99999999	3.08323		-0.9856     0.2    0.2		4.1705503158		-1.0
	26909.99999999	3.32505		-0.50819     0.2    0.2		4.1705503158		-1.0
	26954.99999999	3.37775		-0.12683     0.2    0.2		4.1705503158		-1.0
	26999.99999999	3.25949		0.04053     0.2    0.2		4.1705503158		-1.0
	27044.99999999	3.35421		0.22244     0.2    0.2		4.1705503158		-1.0
	27089.99999999	3.44521		0.44884     0.2    0.2		4.1705503158		-1.0
	27134.99999999	2.97357		0.29443     0.2    0.2		4.1705503158		-1.0
	27179.99999999	3.43862		0.34535     0.2    0.2		4.1705503158		-1.0
	27224.99999998	3.2749		-0.25511     0.2    0.2		4.1705503158		-1.0
	27269.99999998	3.49012		-0.08933     0.2    0.2		4.1705503158		-1.0
	27314.99999998	3.4429		-0.51188     0.2    0.2		4.1705503158		-1.0
	27359.99999998	3.34224		-0.8405     0.2    0.2		4.1705503158		-1.0
	27404.99999998	3.42836		-0.99439     0.2    0.2		4.1705503158		-1.0
	27449.99999998	3.26382		-1.1175     0.2    0.2		4.1705503158		-1.0
	27494.99999998	3.15259		-1.26597     0.2    0.2		4.1705503158		-1.0
	27539.99999998	2.78231		-1.41631     0.2    0.2		4.1705503158		-1.0
	27584.99999998	2.60286		-1.41584     0.2    0.2		4.1705503158		-1.0
	27629.99999998	2.62961		-1.66419     0.2    0.2		4.1705503158		-1.0
	27674.99999998	2.7356		-1.86994     0.2    0.2		4.1705503158		-1.0
	27719.99999998	3.09849		-2.01264     0.2    0.2		4.1705503158		-1.0
	27764.99999998	3.23012		-2.15321     0.2    0.2		4.1705503158		-1.0
	27809.99999998	2.79452		-2.44988     0.2    0.2		4.1705503158		-1.0
	27854.99999998	2.60734		-2.66175     0.2    0.2		4.1705503158		-1.0
	27899.99999998	2.80344		-2.57396     0.2    0.2		4.1705503158		-1.0
	27944.99999998	2.5917		-2.67067     0.2    0.2		4.1705503158		-1.0
	27989.99999998	2.59788		-2.83056     0.2    0.2		4.1705503158		-1.0
	28034.99999998	2.67407		-2.50263     0.2    0.2		4.1705503158		-1.0
	28079.99999998	2.66088		-2.17147     0.2    0.2		4.1705503158		-1.0
	28124.99999998	2.67657		-2.05608     0.2    0.2		4.1705503158		-1.0
	28169.99999998	3.16563		-1.95474     0.2    0.2		4.1705503158		-1.0
	28214.99999998	3.60311		-1.82088     0.2    0.2		4.1705503158		-1.0
	28259.99999998	3.11772		-1.78623     0.2    0.2		4.1705503158		-1.0
	28304.99999998	3.34721		-1.4414     0.2    0.2		4.1705503158		-1.0
	28349.99999998	3.31363		-1.62315     0.2    0.2		4.1705503158		-1.0
	28394.99999998	3.44602		-1.4526     0.2    0.2		4.1705503158		-1.0
	28439.99999998	3.1961		-1.46008     0.2    0.2		4.1705503158		-1.0
	28484.99999998	3.08434		-1.6871     0.2    0.2		4.1705503158		-1.0
	28529.99999998	3.53573		-1.52543     0.2    0.2		4.1705503158		-1.0
	28574.99999998	3.53797		-2.01531     0.2    0.2		4.1705503158		-1.0
	28619.99999998	3.32958		-2.19657     0.2    0.2		4.1705503158		-1.0
	28664.99999998	3.19446		-2.47365     0.2    0.2		4.1705503158		-1.0
	28709.99999998	3.41087		-2.92627     0.2    0.2		4.1705503158		-1.0
	28754.99999998	3.60274		3.03211     0.2    0.2		4.1705503158		-1.0
	28799.99999998	3.49767		2.8453     0.2    0.2		4.1705503158		-1.0
	28844.99999998	3.6634		2.84535     0.2    0.2		4.1705503158		-1.0
	28889.99999998	3.45523		2.67925     0.2    0.2		4.1705503158		-1.0
	28934.99999998	3.0067		2.62616     0.2    0.2		4.1705503158		-1.0
	28979.99999998	2.73025		2.21616     0.2    0.2		4.1705503158		-1.0
	29024.99999998	2.72265		2.06567     0.2    0.2		4.1705503158		-1.0
	29069.99999998	2.65415		1.88399     0.2    0.2		4.1705503158		-1.0
	29114.99999998	2.60569		2.01493     0.2    0.2		4.1705503158		-1.0
	29159.99999998	2.69337		2.27138     0.2    0.2		4.1705503158		-1.0
	29204.99999998	3.28358		2.67373     0.2    0.2		4.1705503158		-1.0
	29249.99999998	3.46908		2.54103     0.2    0.2		4.1705503158		-1.0
	29294.99999998	3.22089		2.38372     0.2    0.2		4.1705503158		-1.0
	29339.99999998	3.40764		2.04255     0.2    0.2		4.1705503158		-1.0
	29384.99999998	3.26145		1.96225     0.2    0.2		4.1705503158		-1.0
	29429.99999998	3.26389		1.83909     0.2    0.2		4.1705503158		-1.0
	29474.99999998	3.39126		1.97378     0.2    0.2		4.1705503158		-1.0
	29519.99999998	3.52489		2.22666     0.2    0.2		4.1705503158		-1.0
	29564.99999998	3.52821		2.39808     0.2    0.2		4.1705503158		-1.0
	29609.99999998	3.61255		2.60215     0.2    0.2		4.1705503158		-1.0
	29654.99999998	3.8627		2.77813     0.2    0.2		4.1705503158		-1.0
	29699.99999998	5.83644		2.96228     0.2    0.2		4.1705503158		-1.0
	29744.99999998	7.70197		2.96531     0.2    0.2		4.1705503158		-1.0
	29789.99999998	9.13676		-3.03748     0.2    0.2		4.1705503158		-1.0
	29834.99999998	9.44078		-2.83316     0.2    0.2		4.1705503158		-1.0
	29879.99999998	8.8266		-2.38155     0.2    0.2		4.1705503158		-1.0
	29924.99999998	7.57994		-2.0758     0.2    0.2		4.1705503158		-1.0
	29969.99999998	6.42216		-1.97723     0.2    0.2		4.1705503158		-1.0
	30014.99999998	5.73456		-1.94391     0.2    0.2		4.1705503158		-1.0
	30059.99999998	5.2734		-2.12625     0.2    0.2		4.1705503158		-1.0
	30104.99999998	6.35128		-1.98267     0.2    0.2		4.1705503158		-1.0
	30149.99999998	7.8625		-1.56281     0.2    0.2		4.1705503158		-1.0
	30194.99999998	8.90589		-1.58727     0.2    0.2		4.1705503158		-1.0
	30239.99999998	9.74982		-1.69443     0.2    0.2		4.1705503158		-1.0
	30284.99999998	10.15969		-2.16686     0.2    0.2		4.1705503158		-1.0
	30329.99999998	10.52489		-2.71004     0.2    0.2		4.1705503158		-1.0
	30374.99999998	10.72679		-2.83782     0.2    0.2		4.1705503158		-1.0
	30419.99999998	11.37879		-3.09321     0.2    0.2		4.1705503158		-1.0
	30464.99999998	11.16893		-2.97735     0.2    0.2		4.1705503158		-1.0
	30509.99999998	10.40798		-3.10364     0.2    0.2		4.1705503158		-1.0
	30554.99999998	9.63552		-2.93908     0.2    0.2		4.1705503158		-1.0
	30599.99999998	9.48639		3.0404     0.2    0.2		4.1705503158		-1.0
	30644.99999998	8.73784		2.84009     0.2    0.2		4.1705503158		-1.0
	30689.99999998	7.99712		2.49788     0.2    0.2		4.1705503158		-1.0
	30734.99999998	7.05383		1.94532     0.2    0.2		4.1705503158		-1.0
	30779.99999998	6.28904		1.67527     0.2    0.2		4.1705503158		-1.0
	30824.99999998	5.98107		1.2435     0.2    0.2		4.1705503158		-1.0
	30869.99999998	5.94704		0.88868     0.2    0.2		4.1705503158		-1.0
	30914.99999998	7.04816		0.76404     0.2    0.2		4.1705503158		-1.0
	30959.99999998	7.93778		0.94624     0.2    0.2		4.1705503158		-1.0
	31004.99999998	9.27708		1.09472     0.2    0.2		4.1705503158		-1.0
	31049.99999998	10.09007		1.38936     0.2    0.2		4.1705503158		-1.0
	31094.99999998	10.97799		1.59543     0.2    0.2		4.1705503158		-1.0
	31139.99999998	11.38795		1.94665     0.2    0.2		4.1705503158		-1.0
	31184.99999998	12.12941		2.30042     0.2    0.2		4.1705503158		-1.0
	31229.99999998	12.96259		2.71687     0.2    0.2		4.1705503158		-1.0
	31274.99999998	13.98768		3.04594     0.2    0.2		4.1705503158		-1.0
	31319.99999998	14.99934		-2.95079     0.2    0.2		4.1705503158		-1.0
	31364.99999998	15.79539		-2.81071     0.2    0.2		4.1705503158		-1.0
	31409.99999998	16.6233		-2.64214     0.2    0.2		4.1705503158		-1.0
	31454.99999998	17.76731		-2.50255     0.2    0.2		4.1705503158		-1.0
	31499.99999998	18.67969		-1.95645     0.2    0.2		4.1705503158		-1.0
	31544.99999998	18.91179		-0.78962     0.2    0.2		4.1705503158		-1.0
	31589.99999998	18.59376		0.25133     0.2    0.2		4.1705503158		-1.0
	31634.99999998	18.20167		0.74102     0.2    0.2		4.1705503158		-1.0
	31679.99999998	17.98765		1.28603     0.2    0.2		4.1705503158		-1.0
	31724.99999998	18.11413		1.40786     0.2    0.2		4.1705503158		-1.0
	31769.99999998	18.85267		1.57001     0.2    0.2		4.1705503158		-1.0
	31814.99999998	19.8364		-1.25441     0.2    0.2		4.1705503158		-1.0
	31859.99999998	20.23793		-1.47     0.2    0.2		4.1705503158		-1.0
	31904.99999998	20.28621		-0.9863     0.2    0.2		4.1705503158		-1.0
	31949.99999998	20.26943		-0.33763     0.2    0.2		4.1705503158		-1.0
	31994.99999998	20.408		0.34346     0.2    0.2		4.1705503158		-1.0
	32039.99999998	20.50518		0.77665     0.2    0.2		4.1705503158		-1.0
	32084.99999998	19.77217		0.94744     0.2    0.2		4.1705503158		-1.0
	32129.99999998	19.66096		1.33272     0.2    0.2		4.1705503158		-1.0
	32174.99999998	19.67976		1.58006     0.2    0.2		4.1705503158		-1.0
	32219.99999998	19.49945		1.98814     0.2    0.2		4.1705503158		-1.0
	32264.99999998	18.45283		2.22014     0.2    0.2		4.1705503158		-1.0
	32309.99999998	17.33882		2.63672     0.2    0.2		4.1705503158		-1.0
	32354.99999998	16.41033		2.67967     0.2    0.2		4.1705503158		-1.0
	32399.99999998	15.59226		2.62513     0.2    0.2		4.1705503158		-1.0
	32444.99999998	14.77545		2.44324     0.2    0.2		4.1705503158		-1.0
	32489.99999998	14.00976		1.99533     0.2    0.2		4.1705503158		-1.0
	32534.99999998	13.12485		1.61097     0.2    0.2		4.1705503158		-1.0
	32579.99999998	12.39257		0.92999     0.2    0.2		4.1705503158		-1.0
	32624.99999998	11.53386		0.52759     0.2    0.2		4.1705503158		-1.0
	32669.99999998	10.74282		-0.09043     0.2    0.2		4.1705503158		-1.0
	32714.99999998	9.80449		-0.90947     0.2    0.2		4.1705503158		-1.0
	32759.99999998	9.47054		-1.22706     0.2    0.2		4.1705503158		-1.0
	32804.99999998	8.67956		-1.14605     0.2    0.2		4.1705503158		-1.0
	32849.99999998	7.81615		-1.01803     0.2    0.2		4.1705503158		-1.0
	32894.99999998	7.01498		-1.05564     0.2    0.2		4.1705503158		-1.0
	32939.99999998	7.29519		-1.18916     0.2    0.2		4.1705503158		-1.0
	32984.99999998	8.35835		-1.32646     0.2    0.2		4.1705503158		-1.0
	33029.99999998	9.22284		-1.45662     0.2    0.2		4.1705503158		-1.0
	33074.99999998	9.90354		-1.83237     0.2    0.2		4.1705503158		-1.0
	33119.99999998	10.37628		-2.40728     0.2    0.2		4.1705503158		-1.0
	33164.99999998	10.65244		-2.39012     0.2    0.2		4.1705503158		-1.0
	33209.99999998	11.14023		-2.29504     0.2    0.2		4.1705503158		-1.0
	33254.99999998	12.21605		-2.25181     0.2    0.2		4.1705503158		-1.0
	33299.99999998	13.46013		-2.2831     0.2    0.2		4.1705503158		-1.0
	33344.99999998	15.00435		-2.25365     0.2    0.2		4.1705503158		-1.0
	33389.99999998	15.93752		-2.67211     0.2    0.2		4.1705503158		-1.0
	33434.99999998	17.01197		-2.77529     0.2    0.2		4.1705503158		-1.0
	33479.99999998	18.1329		-3.043     0.2    0.2		4.1705503158		-1.0
	33524.99999998	19.32185		-3.09282     0.2    0.2		4.1705503158		-1.0
	33569.99999998	19.96611		-3.10091     0.2    0.2		4.1705503158		-1.0
	33614.99999998	19.46125		3.06123     0.2    0.2		4.1705503158		-1.0
	33659.99999998	18.7592		2.85391     0.2    0.2		4.1705503158		-1.0
	33704.99999998	17.62792		2.65177     0.2    0.2		4.1705503158		-1.0
	33749.99999997	16.78416		2.53619     0.2    0.2		4.1705503158		-1.0
	33794.99999997	16.41296		2.64276     0.2    0.2		4.1705503158		-1.0
	33839.99999997	16.63942		2.6083     0.2    0.2		4.1705503158		-1.0
	33884.99999997	17.45805		-3.08104     0.2    0.2		4.1705503158		-1.0
	33929.99999997	17.66072		-1.95489     0.2    0.2		4.1705503158		-1.0
	33974.99999997	17.80081		-1.84049     0.2    0.2		4.1705503158		-1.0
	34019.99999997	18.20332		-1.91167     0.2    0.2		4.1705503158		-1.0
	34064.99999997	18.8123		-1.76166     0.2    0.2		4.1705503158		-1.0
	34109.99999997	19.67467		-1.73331     0.2    0.2		4.1705503158		-1.0
	34154.99999997	19.96435		-1.65511     0.2    0.2		4.1705503158		-1.0
	34199.99999997	19.47289		-1.73752     0.2    0.2		4.1705503158		-1.0
	34244.99999997	18.4831		-1.7682     0.2    0.2		4.1705503158		-1.0
	34289.99999997	17.46016		-1.82413     0.2    0.2		4.1705503158		-1.0
	34334.99999997	16.19955		-1.94349     0.2    0.2		4.1705503158		-1.0
	34379.99999997	15.77598		-1.65245     0.2    0.2		4.1705503158		-1.0
	34424.99999997	15.10469		-1.20707     0.2    0.2		4.1705503158		-1.0
	34469.99999997	14.78771		-0.24756     0.2    0.2		4.1705503158		-1.0
	34514.99999997	15.03609		0.48504     0.2    0.2		4.1705503158		-1.0
	34559.99999997	15.41821		1.24743     0.2    0.2		4.1705503158		-1.0
	34604.99999997	16.07789		1.42451     0.2    0.2		4.1705503158		-1.0
	34649.99999997	16.70044		1.5191     0.2    0.2		4.1705503158		-1.0
	34694.99999997	17.36867		1.10398     0.2    0.2		4.1705503158		-1.0
	34739.99999997	17.8057		1.15185     0.2    0.2		4.1705503158		-1.0
	34784.99999997	18.44726		0.91961     0.2    0.2		4.1705503158		-1.0
	34829.99999997	19.56167		0.60757     0.2    0.2		4.1705503158		-1.0
	34874.99999997	20.41323		-0.16891     0.2    0.2		4.1705503158		-1.0
	34919.99999997	21.38004		-0.68865     0.2    0.2		4.1705503158		-1.0
	34964.99999997	22.0302		-1.13705     0.2    0.2		4.1705503158		-1.0
	35009.99999997	23.03293		-1.30329     0.2    0.2		4.1705503158		-1.0
	35054.99999997	24.09985		-1.39975     0.2    0.2		4.1705503158		-1.0
	35099.99999997	24.02988		1.05291     0.2    0.2		4.1705503158		-1.0
	35144.99999997	23.22306		1.31314     0.2    0.2		4.1705503158		-1.0
	35189.99999997	22.16872		1.49714     0.2    0.2		4.1705503158		-1.0
	35234.99999997	21.13354		1.61124     0.2    0.2		4.1705503158		-1.0
	35279.99999997	20.52052		1.75276     0.2    0.2		4.1705503158		-1.0
	35324.99999997	19.99754		1.69879     0.2    0.2		4.1705503158		-1.0
	35369.99999997	20.50878		1.75837     0.2    0.2		4.1705503158		-1.0
	35414.99999997	21.10143		1.71822     0.2    0.2		4.1705503158		-1.0
	35459.99999997	21.91481		1.6909     0.2    0.2		4.1705503158		-1.0
	35504.99999997	22.81196		1.87425     0.2    0.2		4.1705503158		-1.0
	35549.99999997	24.02901		2.09761     0.2    0.2		4.1705503158		-1.0
	35594.99999997	24.73633		2.81622     0.2    0.2		4.1705503158		-1.0
	35639.99999997	24.28862		-2.14615     0.2    0.2		4.1705503158		-1.0
	35684.99999997	23.43574		-2.10114     0.2    0.2		4.1705503158		-1.0
	35729.99999997	22.36659		-2.24994     0.2    0.2		4.1705503158		-1.0
	35774.99999997	21.55267		-2.46264     0.2    0.2		4.1705503158		-1.0
	35819.99999997	21.21183		-2.76503     0.2    0.2		4.1705503158		-1.0
	35864.99999997	20.7195		2.60165     0.2    0.2		4.1705503158		-1.0
	35909.99999997	20.40415		3.08059     0.2    0.2		4.1705503158		-1.0
	35954.99999997	20.17477		-2.22842     0.2    0.2		4.1705503158		-1.0
	35999.99999997	20.35431		-1.4655     0.2    0.2		4.1705503158		-1.0
	36044.99999997	20.78159		-0.86902     0.2    0.2		4.1705503158		-1.0
	36089.99999997	21.39699		-0.27929     0.2    0.2		4.1705503158		-1.0
	36134.99999997	21.78286		0.33144     0.2    0.2		4.1705503158		-1.0
	36179.99999997	22.2254		1.28645     0.2    0.2		4.1705503158		-1.0
	36224.99999997	22.48042		-1.54973     0.2    0.2		4.1705503158		-1.0
	36269.99999997	22.29228		-2.50123     0.2    0.2		4.1705503158		-1.0
	36314.99999997	21.86867		-2.59554     0.2    0.2		4.1705503158		-1.0
	36359.99999997	21.36091		2.23035     0.2    0.2		4.1705503158		-1.0
	36404.99999997	21.4115		0.46203     0.2    0.2		4.1705503158		-1.0
	36449.99999997	21.57447		0.96198     0.2    0.2		4.1705503158		-1.0
	36494.99999997	21.72035		1.22008     0.2    0.2		4.1705503158		-1.0
	36539.99999997	21.55437		1.4706     0.2    0.2		4.1705503158		-1.0
	36584.99999997	21.49971		1.82588     0.2    0.2		4.1705503158		-1.0
	36629.99999997	21.77797		2.2642     0.2    0.2		4.1705503158		-1.0
	36674.99999997	22.79544		2.72936     0.2    0.2		4.1705503158		-1.0
	36719.99999997	23.87273		3.03532     0.2    0.2		4.1705503158		-1.0
	36764.99999997	23.45769		2.37332     0.2    0.2		4.1705503158		-1.0
	36809.99999997	22.50076		1.85945     0.2    0.2		4.1705503158		-1.0
	36854.99999997	22.27007		1.53549     0.2    0.2		4.1705503158		-1.0
	36899.99999997	21.55547		1.16117     0.2    0.2		4.1705503158		-1.0
	36944.99999997	21.283		0.72874     0.2    0.2		4.1705503158		-1.0
	36989.99999997	20.58264		0.14381     0.2    0.2		4.1705503158		-1.0
	37034.99999997	21.03797		-0.15332     0.2    0.2		4.1705503158		-1.0
	37079.99999997	21.83551		-0.28184     0.2    0.2		4.1705503158		-1.0
	37124.99999997	22.81584		-0.21377     0.2    0.2		4.1705503158		-1.0
	37169.99999997	23.353		2.89153     0.2    0.2		4.1705503158		-1.0
	37214.99999997	23.88165		2.70467     0.2    0.2		4.1705503158		-1.0
	37259.99999997	24.845		2.56084     0.2    0.2		4.1705503158		-1.0
	37304.99999997	23.86595		-1.96462     0.2    0.2		4.1705503158		-1.0
	37349.99999997	22.49705		-1.52357     0.2    0.2		4.1705503158		-1.0
	37394.99999997	21.30795		-1.05684     0.2    0.2		4.1705503158		-1.0
	37439.99999997	20.6383		-2.59076     0.2    0.2		4.1705503158		-1.0
	37484.99999997	21.15078		3.01222     0.2    0.2		4.1705503158		-1.0
	37529.99999997	21.9977		3.05432     0.2    0.2		4.1705503158		-1.0
	37574.99999997	22.34794		2.78863     0.2    0.2		4.1705503158		-1.0
	37619.99999997	22.36345		2.8311     0.2    0.2		4.1705503158		-1.0
	37664.99999997	22.08565		2.62406     0.2    0.2		4.1705503158		-1.0
	37709.99999997	21.47194		2.41455     0.2    0.2		4.1705503158		-1.0
	37754.99999997	21.35881		2.65048     0.2    0.2		4.1705503158		-1.0
	37799.99999997	20.4854		-2.90194     0.2    0.2		4.1705503158		-1.0
	37844.99999997	19.71353		-2.07468     0.2    0.2		4.1705503158		-1.0
	37889.99999997	18.44649		-2.32397     0.2    0.2		4.1705503158		-1.0
	37934.99999997	17.52358		3.05962     0.2    0.2		4.1705503158		-1.0
	37979.99999997	17.15365		2.70613     0.2    0.2		4.1705503158		-1.0
	38024.99999997	16.85658		2.68415     0.2    0.2		4.1705503158		-1.0
	38069.99999997	17.61752		2.81349     0.2    0.2		4.1705503158		-1.0
	38114.99999997	18.8417		2.92868     0.2    0.2		4.1705503158		-1.0
	38159.99999997	19.72541		-3.03545     0.2    0.2		4.1705503158		-1.0
	38204.99999997	20.4308		-2.26918     0.2    0.2		4.1705503158		-1.0
	38249.99999997	21.13753		-1.40689     0.2    0.2		4.1705503158		-1.0
	38294.99999997	21.82826		-1.02259     0.2    0.2		4.1705503158		-1.0
	38339.99999997	22.29275		-0.61611     0.2    0.2		4.1705503158		-1.0
	38384.99999997	22.35672		-0.08326     0.2    0.2		4.1705503158		-1.0
	38429.99999997	21.75725		0.02535     0.2    0.2		4.1705503158		-1.0
	38474.99999997	22.14811		0.10105     0.2    0.2		4.1705503158		-1.0
	38519.99999997	22.88153		-0.32313     0.2    0.2		4.1705503158		-1.0
	38564.99999997	23.81324		-0.37643     0.2    0.2		4.1705503158		-1.0
	38609.99999997	24.31728		-0.10663     0.2    0.2		4.1705503158		-1.0
	38654.99999997	24.97718		0.14399     0.2    0.2		4.1705503158		-1.0
	38699.99999997	25.6414		0.27299     0.2    0.2		4.1705503158		-1.0
	38744.99999997	25.41725		-0.00305     0.2    0.2		4.1705503158		-1.0
	38789.99999997	25.27966		-0.22361     0.2    0.2		4.1705503158		-1.0
	38834.99999997	25.07663		-0.33985     0.2    0.2		4.1705503158		-1.0
	38879.99999997	24.71297		-0.56622     0.2    0.2		4.1705503158		-1.0
	38924.99999997	23.8894		-0.70331     0.2    0.2		4.1705503158		-1.0
	38969.99999997	23.21854		-0.91986     0.2    0.2		4.1705503158		-1.0
	39014.99999997	23.10714		-0.75458     0.2    0.2		4.1705503158		-1.0
	39059.99999997	23.56494		-0.2253     0.2    0.2		4.1705503158		-1.0
	39104.99999997	24.00628		0.2017     0.2    0.2		4.1705503158		-1.0
	39149.99999997	23.80216		0.62148     0.2    0.2		4.1705503158		-1.0
	39194.99999997	23.30839		0.88146     0.2    0.2		4.1705503158		-1.0
	39239.99999997	22.95207		0.58269     0.2    0.2		4.1705503158		-1.0
	39284.99999997	22.47609		0.06841     0.2    0.2		4.1705503158		-1.0
	39329.99999997	22.58222		0.54657     0.2    0.2		4.1705503158		-1.0
	39374.99999997	22.6513		0.42691     0.2    0.2		4.1705503158		-1.0
	39419.99999997	22.68344		0.35448     0.2    0.2		4.1705503158		-1.0
	39464.99999997	22.82243		-1.05047     0.2    0.2		4.1705503158		-1.0
	39509.99999997	22.8655		-2.46317     0.2    0.2		4.1705503158		-1.0
	39554.99999997	23.41711		-3.0607     0.2    0.2		4.1705503158		-1.0
	39599.99999997	24.07767		-3.0118     0.2    0.2		4.1705503158		-1.0
	39644.99999997	25.00847		-2.92907     0.2    0.2		4.1705503158		-1.0
	39689.99999997	26.15776		3.13333     0.2    0.2		4.1705503158		-1.0
	39734.99999997	25.57609		2.49694     0.2    0.2		4.1705503158		-1.0
	39779.99999997	24.87001		2.1896     0.2    0.2		4.1705503158		-1.0
	39824.99999997	24.01128		2.21816     0.2    0.2		4.1705503158		-1.0
	39869.99999997	22.98797		2.34236     0.2    0.2		4.1705503158		-1.0
	39914.99999997	22.19741		2.4215     0.2    0.2		4.1705503158		-1.0
	39959.99999997	22.11209		2.15988     0.2    0.2		4.1705503158		-1.0
	40004.99999997	22.27		1.76841     0.2    0.2		4.1705503158		-1.0
	40049.99999997	22.91635		1.64336     0.2    0.2		4.1705503158		-1.0
	40094.99999997	23.28233		1.22214     0.2    0.2		4.1705503158		-1.0
	40139.99999997	24.10854		1.31482     0.2    0.2		4.1705503158		-1.0
	40184.99999997	24.79665		1.27645     0.2    0.2		4.1705503158		-1.0
	40229.99999996	25.79008		1.57881     0.2    0.2		4.1705503158		-1.0
	40274.99999996	26.73697		1.50571     0.2    0.2		4.1705503158		-1.0
	40319.99999996	27.72726		1.96152     0.2    0.2		4.1705503158		-1.0
	40364.99999996	27.8211		2.01948     0.2    0.2		4.1705503158		-1.0
	40409.99999996	28.24701		2.20987     0.2    0.2		4.1705503158		-1.0
	40454.99999996	28.16941		-0.16312     0.2    0.2		4.1705503158		-1.0
	40499.99999996	27.82271		-0.56871     0.2    0.2		4.1705503158		-1.0
	40544.99999996	27.76291		-0.95767     0.2    0.2		4.1705503158		-1.0
	40589.99999996	28.16669		-1.48188     0.2    0.2		4.1705503158		-1.0
	40634.99999996	28.99156		2.53371     0.2    0.2		4.1705503158		-1.0
	40679.99999996	29.10351		2.27879     0.2    0.2		4.1705503158		-1.0
	40724.99999996	28.95269		1.7556     0.2    0.2		4.1705503158		-1.0
	40769.99999996	28.13776		1.48736     0.2    0.2		4.1705503158		-1.0
	40814.99999996	27.28176		1.27729     0.2    0.2		4.1705503158		-1.0
	40859.99999996	26.29585		1.35973     0.2    0.2		4.1705503158		-1.0
	40904.99999996	25.29055		1.10469     0.2    0.2		4.1705503158		-1.0
	40949.99999996	24.57763		0.66547     0.2    0.2		4.1705503158		-1.0
	40994.99999996	23.86756		0.33832     0.2    0.2		4.1705503158		-1.0
	41039.99999996	23.18841		0.25991     0.2    0.2		4.1705503158		-1.0
	41084.99999996	23.6276		0.09988     0.2    0.2		4.1705503158		-1.0
	41129.99999996	24.24127		0.30805     0.2    0.2		4.1705503158		-1.0
	41174.99999996	25.25599		0.54022     0.2    0.2		4.1705503158		-1.0
	41219.99999996	25.83449		0.70932     0.2    0.2		4.1705503158		-1.0
	41264.99999996	26.82712		0.81335     0.2    0.2		4.1705503158		-1.0
	41309.99999996	27.22656		0.43631     0.2    0.2		4.1705503158		-1.0
	41354.99999996	28.23214		0.35459     0.2    0.2		4.1705503158		-1.0
	41399.99999996	28.87333		0.22928     0.2    0.2		4.1705503158		-1.0
	41444.99999996	29.35293		0.36894     0.2    0.2		4.1705503158		-1.0
	41489.99999996	29.72565		0.16     0.2    0.2		4.1705503158		-1.0
	41534.99999996	29.92206		0.56974     0.2    0.2		4.1705503158		-1.0
	41579.99999996	30.05819		0.58669     0.2    0.2		4.1705503158		-1.0
	41624.99999996	30.60683		0.82674     0.2    0.2		4.1705503158		-1.0
	41669.99999996	31.25663		0.92166     0.2    0.2		4.1705503158		-1.0
	41714.99999996	32.04693		1.25962     0.2    0.2		4.1705503158		-1.0
	41759.99999996	32.10671		1.57816     0.2    0.2		4.1705503158		-1.0
	41804.99999996	31.8061		2.09395     0.2    0.2		4.1705503158		-1.0
	41849.99999996	31.50763		-1.51963     0.2    0.2		4.1705503158		-1.0
	41894.99999996	31.35276		-2.00556     0.2    0.2		4.1705503158		-1.0
	41939.99999996	30.70014		-2.2528     0.2    0.2		4.1705503158		-1.0
	41984.99999996	30.27823		-2.98497     0.2    0.2		4.1705503158		-1.0
	42029.99999996	29.7497		2.6029     0.2    0.2		4.1705503158		-1.0
	42074.99999996	29.60258		2.3968     0.2    0.2		4.1705503158		-1.0
	42119.99999996	29.09804		1.90671     0.2    0.2		4.1705503158		-1.0
	42164.99999996	28.8236		2.1221     0.2    0.2		4.1705503158		-1.0
	42209.99999996	28.24449		2.23844     0.2    0.2		4.1705503158		-1.0
	42254.99999996	28.53979		2.83755     0.2    0.2		4.1705503158		-1.0
	42299.99999996	28.56109		-1.45364     0.2    0.2		4.1705503158		-1.0
	42344.99999996	28.72468		-1.13221     0.2    0.2		4.1705503158		-1.0
	42389.99999996	29.53334		-0.88997     0.2    0.2		4.1705503158		-1.0
	42434.99999996	30.47309		-0.67162     0.2    0.2		4.1705503158		-1.0
	42479.99999996	31.76632		-0.73838     0.2    0.2		4.1705503158		-1.0
	42524.99999996	32.57526		-0.02656     0.2    0.2		4.1705503158		-1.0
	42569.99999996	32.03095		0.91867     0.2    0.2		4.1705503158		-1.0
	42614.99999996	31.2972		0.9415     0.2    0.2		4.1705503158		-1.0
	42659.99999996	30.48091		1.41549     0.2    0.2		4.1705503158		-1.0
	42704.99999996	29.71251		1.51988     0.2    0.2		4.1705503158		-1.0
	42749.99999996	29.08167		1.42852     0.2    0.2		4.1705503158		-1.0
	42794.99999996	28.74029		1.35402     0.2    0.2		4.1705503158		-1.0
	42839.99999996	28.77023		0.71117     0.2    0.2		4.1705503158		-1.0
	42884.99999996	29.2853		0.63449     0.2    0.2		4.1705503158		-1.0
	42929.99999996	29.79873		0.3543     0.2    0.2		4.1705503158		-1.0
	42974.99999996	30.46371		0.38572     0.2    0.2		4.1705503158		-1.0
	43019.99999996	31.32306		0.21198     0.2    0.2		4.1705503158		-1.0
	43064.99999996	31.43407		-0.72435     0.2    0.2		4.1705503158		-1.0
	43109.99999996	31.67911		0.19337     0.2    0.2		4.1705503158		-1.0
	43154.99999996	31.35155		-0.45732     0.2    0.2		4.1705503158		-1.0
	43199.99999996	31.96431		0.31678     0.2    0.2		4.1705503158		-1.0
	43244.99999996	31.59933		0.28129     0.2    0.2		4.1705503158		-1.0
	43289.99999996	31.68961		0.97815     0.2    0.2		4.1705503158		-1.0
	43334.99999996	31.61448		0.89049     0.2    0.2		4.1705503158		-1.0
	43379.99999996	32.19666		-0.87223     0.2    0.2		4.1705503158		-1.0
	43424.99999996	31.85686		-1.0569     0.2    0.2		4.1705503158		-1.0
	43469.99999996	31.53106		-1.34278     0.2    0.2		4.1705503158		-1.0
	43514.99999996	30.49517		-1.22608     0.2    0.2		4.1705503158		-1.0
	43559.99999996	30.75003		-0.9863     0.2    0.2		4.1705503158		-1.0
	43604.99999996	30.65703		-0.35454     0.2    0.2		4.1705503158		-1.0
	43649.99999996	31.46729		-0.39897     0.2    0.2		4.1705503158		-1.0
	43694.99999996	31.92678		-0.89404     0.2    0.2		4.1705503158		-1.0
	43739.99999996	32.38386		1.17882     0.2    0.2		4.1705503158		-1.0
	43784.99999996	32.03696		1.17598     0.2    0.2		4.1705503158		-1.0
	43829.99999996	32.04312		1.57553     0.2    0.2		4.1705503158		-1.0
	43874.99999996	31.4316		2.08859     0.2    0.2		4.1705503158		-1.0
	43919.99999996	30.47442		2.02282     0.2    0.2		4.1705503158		-1.0
	43964.99999996	30.27027		1.96002     0.2    0.2		4.1705503158		-1.0
	44009.99999996	29.94365		1.49173     0.2    0.2		4.1705503158		-1.0
	44054.99999996	30.09259		1.1213     0.2    0.2		4.1705503158		-1.0
	44099.99999996	29.81499		1.00668     0.2    0.2		4.1705503158		-1.0
	44144.99999996	29.41094		0.90132     0.2    0.2		4.1705503158		-1.0
	44189.99999996	29.15394		0.74825     0.2    0.2		4.1705503158		-1.0
	44234.99999996	28.61588		0.7016     0.2    0.2		4.1705503158		-1.0
	44279.99999996	27.71543		0.60648     0.2    0.2		4.1705503158		-1.0
	44324.99999996	27.10279		0.7197     0.2    0.2		4.1705503158		-1.0
	44369.99999996	26.60779		0.71182     0.2    0.2		4.1705503158		-1.0
	44414.99999996	26.69421		0.633     0.2    0.2		4.1705503158		-1.0
	44459.99999996	26.70059		0.17638     0.2    0.2		4.1705503158		-1.0
	44504.99999996	27.1391		-0.17615     0.2    0.2		4.1705503158		-1.0
	44549.99999996	27.51076		-0.52117     0.2    0.2		4.1705503158		-1.0
	44594.99999996	27.11225		-0.49107     0.2    0.2		4.1705503158		-1.0
	44639.99999996	26.30098		-0.7148     0.2    0.2		4.1705503158		-1.0
	44684.99999996	25.6247		-0.75355     0.2    0.2		4.1705503158		-1.0
	44729.99999996	25.53147		-0.90341     0.2    0.2		4.1705503158		-1.0
	44774.99999996	25.06079		-1.11324     0.2    0.2		4.1705503158		-1.0
	44819.99999996	24.11973		-1.27446     0.2    0.2		4.1705503158		-1.0
	44864.99999996	23.49713		-1.06484     0.2    0.2		4.1705503158		-1.0
	44909.99999996	23.30718		-0.8306     0.2    0.2		4.1705503158		-1.0
	44954.99999996	24.11504		-0.27605     0.2    0.2		4.1705503158		-1.0
	44999.99999996	24.9823		0.27684     0.2    0.2		4.1705503158		-1.0
	45044.99999996	25.23052		0.97899     0.2    0.2		4.1705503158		-1.0
	45089.99999996	25.19728		1.51455     0.2    0.2		4.1705503158		-1.0
	45134.99999996	25.35936		1.84922     0.2    0.2		4.1705503158		-1.0
	45179.99999996	25.77558		1.71525     0.2    0.2		4.1705503158		-1.0
	45224.99999996	26.57192		1.65474     0.2    0.2		4.1705503158		-1.0
	45269.99999996	27.21017		1.69131     0.2    0.2		4.1705503158		-1.0
	45314.99999996	27.19885		2.10499     0.2    0.2		4.1705503158		-1.0
	45359.99999996	26.7052		2.46873     0.2    0.2		4.1705503158		-1.0
	45404.99999996	25.80625		2.76618     0.2    0.2		4.1705503158		-1.0
	45449.99999996	24.97085		2.89748     0.2    0.2		4.1705503158		-1.0
	45494.99999996	24.25292		3.11662     0.2    0.2		4.1705503158		-1.0
	45539.99999996	24.74903		-3.05599     0.2    0.2		4.1705503158		-1.0
	45584.99999996	25.93374		-2.84196     0.2    0.2		4.1705503158		-1.0
	45629.99999996	27.90103		-2.75903     0.2    0.2		4.1705503158		-1.0
	45674.99999996	29.49033		-3.02126     0.2    0.2		4.1705503158		-1.0
	45719.99999996	30.44836		2.91276     0.2    0.2		4.1705503158		-1.0
	45764.99999996	30.7974		2.45257     0.2    0.2		4.1705503158		-1.0
	45809.99999996	30.91272		1.91477     0.2    0.2		4.1705503158		-1.0
	45854.99999996	30.84023		2.34453     0.2    0.2		4.1705503158		-1.0
	45899.99999996	31.02037		-2.069     0.2    0.2		4.1705503158		-1.0
	45944.99999996	30.25621		-2.18424     0.2    0.2		4.1705503158		-1.0
	45989.99999996	29.19663		-2.30268     0.2    0.2		4.1705503158		-1.0
	46034.99999996	28.40252		-1.76531     0.2    0.2		4.1705503158		-1.0
	46079.99999996	28.04409		-1.68725     0.2    0.2		4.1705503158		-1.0
	46124.99999996	27.56919		-1.39168     0.2    0.2		4.1705503158		-1.0
	46169.99999996	27.32539		-1.00789     0.2    0.2		4.1705503158		-1.0
	46214.99999996	27.64214		-0.68583     0.2    0.2		4.1705503158		-1.0
	46259.99999996	27.27158		-0.52285     0.2    0.2		4.1705503158		-1.0
	46304.99999996	26.6387		-0.23852     0.2    0.2		4.1705503158		-1.0
	46349.99999996	26.22109		-0.31618     0.2    0.2		4.1705503158		-1.0
	46394.99999996	25.87651		-0.55535     0.2    0.2		4.1705503158		-1.0
	46439.99999996	26.15932		-1.21716     0.2    0.2		4.1705503158		-1.0
	46484.99999996	26.04906		-1.50133     0.2    0.2		4.1705503158		-1.0
	46529.99999996	26.54693		-1.82413     0.2    0.2		4.1705503158		-1.0
	46574.99999996	26.29627		-2.22206     0.2    0.2		4.1705503158		-1.0
	46619.99999996	26.42173		-1.79725     0.2    0.2		4.1705503158		-1.0
	46664.99999996	25.80729		-1.91384     0.2    0.2		4.1705503158		-1.0
	46709.99999996	25.88367		-1.46534     0.2    0.2		4.1705503158		-1.0
	46754.99999995	25.52015		-1.79304     0.2    0.2		4.1705503158		-1.0
	46799.99999995	25.11963		-1.96134     0.2    0.2		4.1705503158		-1.0
	46844.99999995	24.33933		-2.1392     0.2    0.2		4.1705503158		-1.0
	46889.99999995	24.02269		-1.90643     0.2    0.2		4.1705503158		-1.0
	46934.99999995	23.37318		-1.29046     0.2    0.2		4.1705503158		-1.0
	46979.99999995	23.6597		-1.21648     0.2    0.2		4.1705503158		-1.0
	47024.99999995	23.90001		-1.36688     0.2    0.2		4.1705503158		-1.0
	47069.99999995	24.6629		-1.86658     0.2    0.2		4.1705503158		-1.0
	47114.99999995	25.23343		-2.13686     0.2    0.2		4.1705503158		-1.0
	47159.99999995	26.31008		-2.15724     0.2    0.2		4.1705503158		-1.0
	47204.99999995	27.44196		-2.25367     0.2    0.2		4.1705503158		-1.0
	47249.99999995	28.40292		-2.04458     0.2    0.2		4.1705503158		-1.0
	47294.99999995	29.44304		-1.81273     0.2    0.2		4.1705503158		-1.0
	47339.99999995	29.21155		-1.52933     0.2    0.2		4.1705503158		-1.0
	47384.99999995	29.54488		2.01908     0.2    0.2		4.1705503158		-1.0
	47429.99999995	29.14725		-1.6262     0.2    0.2		4.1705503158		-1.0
	47474.99999995	28.6863		-1.83619     0.2    0.2		4.1705503158		-1.0
	47519.99999995	27.79987		-1.95926     0.2    0.2		4.1705503158		-1.0
	47564.99999995	26.70963		-2.17816     0.2    0.2		4.1705503158		-1.0
	47609.99999995	25.80265		-2.17608     0.2    0.2		4.1705503158		-1.0
	47654.99999995	24.63253		-2.28576     0.2    0.2		4.1705503158		-1.0
	47699.99999995	24.16529		-2.41943     0.2    0.2		4.1705503158		-1.0
	47744.99999995	23.97457		-2.33967     0.2    0.2		4.1705503158		-1.0
	47789.99999995	23.38858		-2.31467     0.2    0.2		4.1705503158		-1.0
	47834.99999995	22.91469		-2.58751     0.2    0.2		4.1705503158		-1.0
	47879.99999995	22.40893		-2.75649     0.2    0.2		4.1705503158		-1.0
	47924.99999995	22.22159		-2.95084     0.2    0.2		4.1705503158		-1.0
	47969.99999995	22.2187		3.06268     0.2    0.2		4.1705503158		-1.0
	48014.99999995	22.04418		-2.98109     0.2    0.2		4.1705503158		-1.0
	48059.99999995	22.50783		-2.04583     0.2    0.2		4.1705503158		-1.0
	48104.99999995	23.37825		0.67519     0.2    0.2		4.1705503158		-1.0
	48149.99999995	24.37047		1.14774     0.2    0.2		4.1705503158		-1.0
	48194.99999995	25.79827		1.2408     0.2    0.2		4.1705503158		-1.0
	48239.99999995	26.95607		1.21405     0.2    0.2		4.1705503158		-1.0
	48284.99999995	26.8603		-1.10846     0.2    0.2		4.1705503158		-1.0
	48329.99999995	27.29049		-1.3391     0.2    0.2		4.1705503158		-1.0
	48374.99999995	27.14375		-2.84926     0.2    0.2		4.1705503158		-1.0
	48419.99999995	27.05564		-3.04103     0.2    0.2		4.1705503158		-1.0
	48464.99999995	26.71787		3.14057     0.2    0.2		4.1705503158		-1.0
	48509.99999995	26.33908		-2.76209     0.2    0.2		4.1705503158		-1.0
	48554.99999995	26.08574		-2.54702     0.2    0.2		4.1705503158		-1.0
	48599.99999995	25.76633		-2.12809     0.2    0.2		4.1705503158		-1.0
	48644.99999995	25.97583		-1.91083     0.2    0.2		4.1705503158		-1.0
	48689.99999995	26.09292		-1.88596     0.2    0.2		4.1705503158		-1.0
	48734.99999995	26.73494		-1.57333     0.2    0.2		4.1705503158		-1.0
	48779.99999995	27.36075		-1.51284     0.2    0.2		4.1705503158		-1.0
	48824.99999995	28.12552		-1.86528     0.2    0.2		4.1705503158		-1.0
	48869.99999995	27.37383		-2.01417     0.2    0.2		4.1705503158		-1.0
	48914.99999995	26.66146		-2.44599     0.2    0.2		4.1705503158		-1.0
	48959.99999995	25.96219		-2.64747     0.2    0.2		4.1705503158		-1.0
	49004.99999995	25.41709		3.05033     0.2    0.2		4.1705503158		-1.0
	49049.99999995	24.90562		2.24429     0.2    0.2		4.1705503158		-1.0
	49094.99999995	24.48432		0.58672     0.2    0.2		4.1705503158		-1.0
	49139.99999995	24.5703		0.18142     0.2    0.2		4.1705503158		-1.0
	49184.99999995	24.63966		0.00403     0.2    0.2		4.1705503158		-1.0
	49229.99999995	25.05678		-0.28105     0.2    0.2		4.1705503158		-1.0
	49274.99999995	25.59158		-0.58765     0.2    0.2		4.1705503158		-1.0
	49319.99999995	26.16124		-1.02498     0.2    0.2		4.1705503158		-1.0
	49364.99999995	26.73449		-1.30866     0.2    0.2		4.1705503158		-1.0
	49409.99999995	27.15888		-1.67929     0.2    0.2		4.1705503158		-1.0
	49454.99999995	27.3957		-1.99542     0.2    0.2		4.1705503158		-1.0
	49499.99999995	27.35015		-1.62895     0.2    0.2		4.1705503158		-1.0
	49544.99999995	28.33017		-1.05936     0.2    0.2		4.1705503158		-1.0
	49589.99999995	29.52546		-0.62184     0.2    0.2		4.1705503158		-1.0
	49634.99999995	30.59196		-0.59807     0.2    0.2		4.1705503158		-1.0
	49679.99999995	31.27181		1.51142     0.2    0.2		4.1705503158		-1.0
	49724.99999995	31.24331		1.96135     0.2    0.2		4.1705503158		-1.0
	49769.99999995	31.23606		2.11825     0.2    0.2		4.1705503158		-1.0
	49814.99999995	31.11043		-2.57979     0.2    0.2		4.1705503158		-1.0
	49859.99999995	30.63725		-2.5769     0.2    0.2		4.1705503158		-1.0
	49904.99999995	29.9097		-2.67856     0.2    0.2		4.1705503158		-1.0
	49949.99999995	29.38609		-2.6035     0.2    0.2		4.1705503158		-1.0
	49994.99999995	28.46554		-2.70273     0.2    0.2		4.1705503158		-1.0
