	45.00000000	2.9501		-0.94714     0.2    0.2		4.1705503158		-1.0
	90.00000000	2.88878		-0.99618     0.2    0.2		4.1705503158		-1.0
	135.00000000	2.94163		-1.35857     0.2    0.2		4.1705503158		-1.0
	180.00000000	2.84615		-1.52827     0.2    0.2		4.1705503158		-1.0
	225.00000000	2.94434		-1.5536     0.2    0.2		4.1705503158		-1.0
	270.00000000	2.937		-2.02313     0.2    0.2		4.1705503158		-1.0
	315.00000000	2.92219		-1.85128     0.2    0.2		4.1705503158		-1.0
	360.00000000	2.86871		-2.26829     0.2    0.2		4.1705503158		-1.0
	405.00000000	2.92693		-2.72723     0.2    0.2		4.1705503158		-1.0
	450.00000000	2.86054		-2.87233     0.2    0.2		4.1705503158		-1.0
	495.00000000	2.93463		3.0215     0.2    0.2		4.1705503158		-1.0
	540.00000000	2.88948		2.94609     0.2    0.2		4.1705503158		-1.0
	585.00000000	2.9153		2.73104     0.2    0.2		4.1705503158		-1.0
	630.00000000	2.91188		2.69548     0.2    0.2		4.1705503158		-1.0
	675.00000000	2.86307		2.6678     0.2    0.2		4.1705503158		-1.0
	720.00000000	2.98867		2.78517     0.2    0.2		4.1705503158		-1.0
	765.00000000	2.9177		2.86109     0.2    0.2		4.1705503158		-1.0
	810.00000000	2.98754		-2.85726     0.2    0.2		4.1705503158		-1.0
	855.00000000	2.88907		-2.90757     0.2    0.2		4.1705503158		-1.0
	900.00000000	2.98659		-3.00472     0.2    0.2		4.1705503158		-1.0
	945.00000000	2.93229		-3.09799     0.2    0.2		4.1705503158		-1.0
	990.00000000	2.83234		3.05082     0.2    0.2		4.1705503158		-1.0
	1035.00000000	2.98528		2.95518     0.2    0.2		4.1705503158		-1.0
	1080.00000000	2.82504		2.91366     0.2    0.2		4.1705503158		-1.0
	1125.00000000	2.85525		-3.12754     0.2    0.2		4.1705503158		-1.0
	1170.00000000	2.93108		3.11505     0.2    0.2		4.1705503158		-1.0
	1215.00000000	3.00479		-2.52358     0.2    0.2		4.1705503158		-1.0
	1260.00000000	2.80372		-2.26303     0.2    0.2		4.1705503158		-1.0
	1305.00000000	2.94876		-2.20138     0.2    0.2		4.1705503158		-1.0
	1350.00000000	2.82664		-2.19022     0.2    0.2		4.1705503158		-1.0
	1395.00000000	2.96108		-2.63022     0.2    0.2		4.1705503158		-1.0
	1440.00000000	3.00161		-2.72671     0.2    0.2		4.1705503158		-1.0
	1485.00000000	3.04953		-2.55701     0.2    0.2		4.1705503158		-1.0
	1530.00000000	3.20557		-2.89808     0.2    0.2		4.1705503158		-1.0
	1575.00000000	2.86487		3.1281     0.2    0.2		4.1705503158		-1.0
	1620.00000000	2.91574		-2.92563     0.2    0.2		4.1705503158		-1.0
	1665.00000000	3.18702		-2.65769     0.2    0.2		4.1705503158		-1.0
	1710.00000000	3.09255		-2.69667     0.2    0.2		4.1705503158		-1.0
	1755.00000000	3.11774		-2.29015     0.2    0.2		4.1705503158		-1.0
	1800.00000000	3.09961		-2.09954     0.2    0.2		4.1705503158		-1.0
	1845.00000000	3.03872		-1.63509     0.2    0.2		4.1705503158		-1.0
	1890.00000000	2.83033		-1.17002     0.2    0.2		4.1705503158		-1.0
	1935.00000000	2.8201		-0.5979     0.2    0.2		4.1705503158		-1.0
	1980.00000000	2.94701		-0.76469     0.2    0.2		4.1705503158		-1.0
	2025.00000000	3.00415		-0.39252     0.2    0.2		4.1705503158		-1.0
	2070.00000000	2.95939		-0.15948     0.2    0.2		4.1705503158		-1.0
	2115.00000000	2.82174		-0.62138     0.2    0.2		4.1705503158		-1.0
	2160.00000000	2.76913		-0.44881     0.2    0.2		4.1705503158		-1.0
	2205.00000000	2.8753		-0.52313     0.2    0.2		4.1705503158		-1.0
	2250.00000000	2.85106		-0.35618     0.2    0.2		4.1705503158		-1.0
	2295.00000000	2.88951		0.13806     0.2    0.2		4.1705503158		-1.0
	2340.00000000	2.93623		0.47419     0.2    0.2		4.1705503158		-1.0
	2385.00000000	2.92825		1.3132     0.2    0.2		4.1705503158		-1.0
	2430.00000000	2.90975		1.42953     0.2    0.2		4.1705503158		-1.0
	2475.00000000	2.85575		1.66526     0.2    0.2		4.1705503158		-1.0
	2520.00000000	2.88781		1.75882     0.2    0.2		4.1705503158		-1.0
	2565.00000000	2.94077		1.61363     0.2    0.2		4.1705503158		-1.0
	2610.00000000	2.87785		1.8873     0.2    0.2		4.1705503158		-1.0
	2655.00000000	3.06066		1.9111     0.2    0.2		4.1705503158		-1.0
	2700.00000000	2.95854		2.39931     0.2    0.2		4.1705503158		-1.0
	2745.00000000	2.88572		2.35334     0.2    0.2		4.1705503158		-1.0
	2790.00000000	2.8856		2.56696     0.2    0.2		4.1705503158		-1.0
	2835.00000000	2.89688		2.35645     0.2    0.2		4.1705503158		-1.0
	2880.00000000	2.99224		2.13934     0.2    0.2		4.1705503158		-1.0
	2925.00000000	2.86202		2.01926     0.2    0.2		4.1705503158		-1.0
	2970.00000000	2.82698		2.27042     0.2    0.2		4.1705503158		-1.0
	3015.00000000	2.7461		2.42697     0.2    0.2		4.1705503158		-1.0
	3060.00000000	2.7391		2.21887     0.2    0.2		4.1705503158		-1.0
	3105.00000000	2.80416		2.64155     0.2    0.2		4.1705503158		-1.0
	3150.00000000	3.09445		2.58495     0.2    0.2		4.1705503158		-1.0
	3195.00000000	3.18984		2.32961     0.2    0.2		4.1705503158		-1.0
	3240.00000000	3.1643		2.3926     0.2    0.2		4.1705503158		-1.0
	3285.00000000	3.06508		2.19876     0.2    0.2		4.1705503158		-1.0
	3330.00000000	2.82867		2.02701     0.2    0.2		4.1705503158		-1.0
	3375.00000000	2.95958		1.75723     0.2    0.2		4.1705503158		-1.0
	3420.00000000	2.89036		1.23386     0.2    0.2		4.1705503158		-1.0
	3465.00000000	2.93096		0.82807     0.2    0.2		4.1705503158		-1.0
	3510.00000000	2.89324		0.57909     0.2    0.2		4.1705503158		-1.0
	3555.00000000	2.90902		0.57745     0.2    0.2		4.1705503158		-1.0
	3600.00000000	2.9467		0.58177     0.2    0.2		4.1705503158		-1.0
	3645.00000000	2.97176		0.98229     0.2    0.2		4.1705503158		-1.0
	3690.00000000	2.93747		1.09147     0.2    0.2		4.1705503158		-1.0
	3735.00000000	2.9085		1.32025     0.2    0.2		4.1705503158		-1.0
	3780.00000000	3.04034		1.37831     0.2    0.2		4.1705503158		-1.0
	3825.00000000	3.12677		1.48546     0.2    0.2		4.1705503158		-1.0
	3870.00000000	3.01155		0.9494     0.2    0.2		4.1705503158		-1.0
	3915.00000000	3.2129		0.9851     0.2    0.2		4.1705503158		-1.0
	3960.00000000	3.07951		0.79859     0.2    0.2		4.1705503158		-1.0
	4005.00000000	2.90018		0.63164     0.2    0.2		4.1705503158		-1.0
	4050.00000000	2.85695		0.83877     0.2    0.2		4.1705503158		-1.0
	4095.00000000	2.7447		0.88716     0.2    0.2		4.1705503158		-1.0
	4140.00000000	2.71189		1.25525     0.2    0.2		4.1705503158		-1.0
	4185.00000000	2.80347		1.15602     0.2    0.2		4.1705503158		-1.0
	4230.00000000	2.80104		1.56261     0.2    0.2		4.1705503158		-1.0
	4275.00000000	2.96667		1.33024     0.2    0.2		4.1705503158		-1.0
	4320.00000000	2.81923		1.77122     0.2    0.2		4.1705503158		-1.0
	4365.00000000	3.01716		1.58354     0.2    0.2		4.1705503158		-1.0
	4410.00000000	2.91475		1.7744     0.2    0.2		4.1705503158		-1.0
	4455.00000000	2.7953		1.51456     0.2    0.2		4.1705503158		-1.0
	4500.00000000	3.1602		1.14264     0.2    0.2		4.1705503158		-1.0
	4545.00000000	2.91794		1.02121     0.2    0.2		4.1705503158		-1.0
	4590.00000000	3.04214		0.46019     0.2    0.2		4.1705503158		-1.0
	4635.00000000	2.92238		0.33646     0.2    0.2		4.1705503158		-1.0
	4680.00000000	2.88644		0.20317     0.2    0.2		4.1705503158		-1.0
	4725.00000000	2.90932		0.01832     0.2    0.2		4.1705503158		-1.0
	4770.00000000	2.87845		-0.24975     0.2    0.2		4.1705503158		-1.0
	4815.00000000	2.98471		-0.75255     0.2    0.2		4.1705503158		-1.0
	4860.00000000	2.89457		-0.91873     0.2    0.2		4.1705503158		-1.0
	4905.00000000	2.8433		-1.31576     0.2    0.2		4.1705503158		-1.0
	4950.00000000	2.85416		-1.55566     0.2    0.2		4.1705503158		-1.0
	4995.00000000	2.79253		-1.88842     0.2    0.2		4.1705503158		-1.0
	5040.00000000	2.78262		-1.93678     0.2    0.2		4.1705503158		-1.0
	5085.00000000	2.76984		-2.31773     0.2    0.2		4.1705503158		-1.0
	5130.00000000	2.84698		-2.44158     0.2    0.2		4.1705503158		-1.0
	5175.00000000	2.74561		-2.4272     0.2    0.2		4.1705503158		-1.0
	5220.00000000	2.92525		-2.68917     0.2    0.2		4.1705503158		-1.0
	5265.00000000	2.75125		-2.61408     0.2    0.2		4.1705503158		-1.0
	5310.00000000	2.81122		-2.65828     0.2    0.2		4.1705503158		-1.0
	5355.00000000	2.75257		-2.94133     0.2    0.2		4.1705503158		-1.0
	5400.00000000	2.87094		-2.80519     0.2    0.2		4.1705503158		-1.0
	5445.00000000	2.74614		-2.99908     0.2    0.2		4.1705503158		-1.0
	5490.00000000	2.72203		-3.08607     0.2    0.2		4.1705503158		-1.0
	5535.00000000	3.01279		3.04768     0.2    0.2		4.1705503158		-1.0
	5580.00000000	3.17433		2.6355     0.2    0.2		4.1705503158		-1.0
	5625.00000000	3.14908		2.48248     0.2    0.2		4.1705503158		-1.0
	5670.00000000	3.08693		2.46563     0.2    0.2		4.1705503158		-1.0
	5715.00000000	2.67171		2.50425     0.2    0.2		4.1705503158		-1.0
	5760.00000000	2.92143		2.6792     0.2    0.2		4.1705503158		-1.0
	5805.00000000	2.75893		2.809     0.2    0.2		4.1705503158		-1.0
	5850.00000000	2.71432		3.01849     0.2    0.2		4.1705503158		-1.0
	5895.00000000	3.05926		2.97657     0.2    0.2		4.1705503158		-1.0
	5940.00000000	3.22024		2.85542     0.2    0.2		4.1705503158		-1.0
	5985.00000000	3.29359		3.04445     0.2    0.2		4.1705503158		-1.0
	6030.00000000	3.33319		3.05716     0.2    0.2		4.1705503158		-1.0
	6075.00000000	3.16289		-2.64869     0.2    0.2		4.1705503158		-1.0
	6120.00000000	2.80499		-2.38562     0.2    0.2		4.1705503158		-1.0
	6165.00000000	2.79494		-1.50033     0.2    0.2		4.1705503158		-1.0
	6210.00000000	2.9559		-1.30382     0.2    0.2		4.1705503158		-1.0
	6255.00000000	3.0228		-1.06554     0.2    0.2		4.1705503158		-1.0
	6300.00000000	2.84048		-1.00856     0.2    0.2		4.1705503158		-1.0
	6345.00000000	2.88352		-0.83773     0.2    0.2		4.1705503158		-1.0
	6390.00000000	3.09234		-0.98677     0.2    0.2		4.1705503158		-1.0
	6435.00000000	2.86486		-1.48041     0.2    0.2		4.1705503158		-1.0
	6480.00000000	2.90777		-1.69835     0.2    0.2		4.1705503158		-1.0
	6525.00000000	3.13663		-1.85901     0.2    0.2		4.1705503158		-1.0
	6570.00000000	3.0907		-1.73264     0.2    0.2		4.1705503158		-1.0
	6615.00000000	3.10263		-1.36885     0.2    0.2		4.1705503158		-1.0
	6660.00000000	3.16338		-1.18168     0.2    0.2		4.1705503158		-1.0
	6705.00000000	2.97711		-1.39959     0.2    0.2		4.1705503158		-1.0
	6750.00000000	2.69649		-1.221     0.2    0.2		4.1705503158		-1.0
	6795.00000000	3.16929		-1.31966     0.2    0.2		4.1705503158		-1.0
	6840.00000000	2.91548		-1.4885     0.2    0.2		4.1705503158		-1.0
	6885.00000000	2.68491		-1.7001     0.2    0.2		4.1705503158		-1.0
	6930.00000000	2.82184		-2.11928     0.2    0.2		4.1705503158		-1.0
	6975.00000000	2.85997		-2.08703     0.2    0.2		4.1705503158		-1.0
	7020.00000000	3.11447		-2.36547     0.2    0.2		4.1705503158		-1.0
	7065.00000000	3.20882		-2.19084     0.2    0.2		4.1705503158		-1.0
	7110.00000000	2.81083		-2.11467     0.2    0.2		4.1705503158		-1.0
	7155.00000000	2.89769		-1.67171     0.2    0.2		4.1705503158		-1.0
	7200.00000000	2.81407		-1.20316     0.2    0.2		4.1705503158		-1.0
	7245.00000000	3.07544		-0.7706     0.2    0.2		4.1705503158		-1.0
	7290.00000000	3.14667		-0.55119     0.2    0.2		4.1705503158		-1.0
	7335.00000000	3.02428		-0.64511     0.2    0.2		4.1705503158		-1.0
	7380.00000000	2.84639		-0.08993     0.2    0.2		4.1705503158		-1.0
	7425.00000000	2.85574		-0.22091     0.2    0.2		4.1705503158		-1.0
	7470.00000000	2.81367		0.14914     0.2    0.2		4.1705503158		-1.0
	7515.00000000	2.89086		0.29929     0.2    0.2		4.1705503158		-1.0
	7560.00000000	2.81176		0.33841     0.2    0.2		4.1705503158		-1.0
	7605.00000000	2.92334		0.49601     0.2    0.2		4.1705503158		-1.0
	7650.00000000	2.93675		0.66276     0.2    0.2		4.1705503158		-1.0
	7695.00000000	2.81676		0.87577     0.2    0.2		4.1705503158		-1.0
	7740.00000000	2.7415		0.99627     0.2    0.2		4.1705503158		-1.0
	7785.00000000	3.15385		1.01744     0.2    0.2		4.1705503158		-1.0
	7830.00000000	3.08007		1.58808     0.2    0.2		4.1705503158		-1.0
	7875.00000000	2.8612		1.46076     0.2    0.2		4.1705503158		-1.0
	7920.00000000	3.15986		1.81896     0.2    0.2		4.1705503158		-1.0
	7965.00000000	2.86409		1.84517     0.2    0.2		4.1705503158		-1.0
	8010.00000000	2.97725		2.17241     0.2    0.2		4.1705503158		-1.0
	8055.00000000	3.06166		2.00841     0.2    0.2		4.1705503158		-1.0
	8100.00000000	2.99213		2.24737     0.2    0.2		4.1705503158		-1.0
	8145.00000000	3.13014		1.86866     0.2    0.2		4.1705503158		-1.0
	8190.00000000	2.7588		1.91858     0.2    0.2		4.1705503158		-1.0
	8235.00000000	2.80481		1.59154     0.2    0.2		4.1705503158		-1.0
	8280.00000000	3.17501		1.24668     0.2    0.2		4.1705503158		-1.0
	8325.00000000	2.91179		0.65709     0.2    0.2		4.1705503158		-1.0
	8370.00000000	3.23511		0.60215     0.2    0.2		4.1705503158		-1.0
	8415.00000000	3.08938		-0.01142     0.2    0.2		4.1705503158		-1.0
	8460.00000000	3.01447		-0.0366     0.2    0.2		4.1705503158		-1.0
	8505.00000000	3.08009		-0.16974     0.2    0.2		4.1705503158		-1.0
	8550.00000000	2.85882		-0.44392     0.2    0.2		4.1705503158		-1.0
	8595.00000000	3.25887		-0.5134     0.2    0.2		4.1705503158		-1.0
	8640.00000000	2.89116		-0.47823     0.2    0.2		4.1705503158		-1.0
	8685.00000000	2.95606		-0.82669     0.2    0.2		4.1705503158		-1.0
	8730.00000000	3.25175		-0.94698     0.2    0.2		4.1705503158		-1.0
	8775.00000000	2.90709		-1.08283     0.2    0.2		4.1705503158		-1.0
	8820.00000000	3.21259		-1.17123     0.2    0.2		4.1705503158		-1.0
	8865.00000000	3.07106		-1.25736     0.2    0.2		4.1705503158		-1.0
	8910.00000000	3.0261		-1.47067     0.2    0.2		4.1705503158		-1.0
	8955.00000000	2.98949		-1.51625     0.2    0.2		4.1705503158		-1.0
	9000.00000000	3.25413		-1.4115     0.2    0.2		4.1705503158		-1.0
	9045.00000000	3.11399		-1.8542     0.2    0.2		4.1705503158		-1.0
	9090.00000000	3.12264		-2.29999     0.2    0.2		4.1705503158		-1.0
	9135.00000000	3.13155		-2.80195     0.2    0.2		4.1705503158		-1.0
	9180.00000000	3.0959		3.01766     0.2    0.2		4.1705503158		-1.0
	9225.00000000	2.8319		2.5512     0.2    0.2		4.1705503158		-1.0
	9270.00000000	3.28229		2.54511     0.2    0.2		4.1705503158		-1.0
	9315.00000000	2.956		2.63726     0.2    0.2		4.1705503158		-1.0
	9360.00000000	2.70508		2.544     0.2    0.2		4.1705503158		-1.0
	9405.00000000	2.73537		2.83881     0.2    0.2		4.1705503158		-1.0
	9450.00000000	2.80333		-3.13654     0.2    0.2		4.1705503158		-1.0
	9495.00000000	2.76258		-2.77832     0.2    0.2		4.1705503158		-1.0
	9540.00000000	2.71291		-2.51173     0.2    0.2		4.1705503158		-1.0
	9585.00000000	2.87068		-2.31785     0.2    0.2		4.1705503158		-1.0
	9630.00000000	3.05684		-2.00853     0.2    0.2		4.1705503158		-1.0
	9675.00000000	3.26603		-1.78706     0.2    0.2		4.1705503158		-1.0
	9720.00000000	2.72781		-1.68088     0.2    0.2		4.1705503158		-1.0
	9765.00000000	3.30554		-1.76892     0.2    0.2		4.1705503158		-1.0
	9810.00000000	2.86316		-1.70558     0.2    0.2		4.1705503158		-1.0
	9855.00000000	2.89759		-1.83651     0.2    0.2		4.1705503158		-1.0
	9900.00000000	2.93991		-2.15035     0.2    0.2		4.1705503158		-1.0
	9945.00000000	3.16021		-2.23546     0.2    0.2		4.1705503158		-1.0
	9990.00000000	2.85499		-2.50149     0.2    0.2		4.1705503158		-1.0
	10035.00000000	2.80713		-2.68407     0.2    0.2		4.1705503158		-1.0
	10080.00000000	2.67381		-2.67159     0.2    0.2		4.1705503158		-1.0
	10125.00000000	3.43881		-2.78889     0.2    0.2		4.1705503158		-1.0
	10170.00000000	3.38851		-3.05822     0.2    0.2		4.1705503158		-1.0
	10215.00000000	2.68403		-3.0768     0.2    0.2		4.1705503158		-1.0
	10260.00000000	2.69497		2.88805     0.2    0.2		4.1705503158		-1.0
	10305.00000000	3.42195		2.78394     0.2    0.2		4.1705503158		-1.0
	10350.00000000	3.02667		2.74306     0.2    0.2		4.1705503158		-1.0
	10395.00000000	2.87909		2.33857     0.2    0.2		4.1705503158		-1.0
	10440.00000000	2.70974		2.4603     0.2    0.2		4.1705503158		-1.0
	10485.00000000	2.87492		1.98495     0.2    0.2		4.1705503158		-1.0
	10530.00000000	2.71653		1.84309     0.2    0.2		4.1705503158		-1.0
	10575.00000000	2.74256		1.50419     0.2    0.2		4.1705503158		-1.0
	10620.00000000	2.80538		1.27853     0.2    0.2		4.1705503158		-1.0
	10665.00000000	2.83727		0.84247     0.2    0.2		4.1705503158		-1.0
	10710.00000000	3.11392		0.74566     0.2    0.2		4.1705503158		-1.0
	10755.00000000	2.85421		0.44664     0.2    0.2		4.1705503158		-1.0
	10800.00000000	2.77379		0.49016     0.2    0.2		4.1705503158		-1.0
	10845.00000001	3.06013		0.05704     0.2    0.2		4.1705503158		-1.0
	10890.00000001	3.36909		0.22895     0.2    0.2		4.1705503158		-1.0
	10935.00000001	3.18752		0.08233     0.2    0.2		4.1705503158		-1.0
	10980.00000001	2.73911		0.0828     0.2    0.2		4.1705503158		-1.0
	11025.00000001	2.75916		-0.09675     0.2    0.2		4.1705503158		-1.0
	11070.00000001	3.14076		-0.11447     0.2    0.2		4.1705503158		-1.0
	11115.00000001	3.08217		-0.4057     0.2    0.2		4.1705503158		-1.0
	11160.00000001	2.75003		-0.40555     0.2    0.2		4.1705503158		-1.0
	11205.00000001	3.23639		-0.58978     0.2    0.2		4.1705503158		-1.0
	11250.00000001	2.86038		-0.89614     0.2    0.2		4.1705503158		-1.0
	11295.00000001	2.81164		-1.09818     0.2    0.2		4.1705503158		-1.0
	11340.00000001	2.90909		-1.26864     0.2    0.2		4.1705503158		-1.0
	11385.00000001	2.68949		-1.16406     0.2    0.2		4.1705503158		-1.0
	11430.00000001	2.74192		-1.00854     0.2    0.2		4.1705503158		-1.0
	11475.00000001	2.78839		-0.62345     0.2    0.2		4.1705503158		-1.0
	11520.00000001	2.80567		-0.28604     0.2    0.2		4.1705503158		-1.0
	11565.00000001	3.13011		-0.04576     0.2    0.2		4.1705503158		-1.0
	11610.00000001	3.22534		0.5337     0.2    0.2		4.1705503158		-1.0
	11655.00000001	2.84583		0.78426     0.2    0.2		4.1705503158		-1.0
	11700.00000001	3.10203		1.25824     0.2    0.2		4.1705503158		-1.0
	11745.00000001	3.18248		1.44524     0.2    0.2		4.1705503158		-1.0
	11790.00000001	3.26119		1.75985     0.2    0.2		4.1705503158		-1.0
	11835.00000001	3.28941		1.87361     0.2    0.2		4.1705503158		-1.0
	11880.00000001	3.08147		1.89786     0.2    0.2		4.1705503158		-1.0
	11925.00000001	2.96304		2.11382     0.2    0.2		4.1705503158		-1.0
	11970.00000001	3.34866		1.94589     0.2    0.2		4.1705503158		-1.0
	12015.00000001	3.27395		2.41654     0.2    0.2		4.1705503158		-1.0
	12060.00000001	3.21538		2.27919     0.2    0.2		4.1705503158		-1.0
	12105.00000001	3.21642		2.33413     0.2    0.2		4.1705503158		-1.0
	12150.00000001	2.9464		2.36468     0.2    0.2		4.1705503158		-1.0
	12195.00000001	2.70748		2.05561     0.2    0.2		4.1705503158		-1.0
	12240.00000001	2.69571		2.05676     0.2    0.2		4.1705503158		-1.0
	12285.00000001	2.71235		1.71868     0.2    0.2		4.1705503158		-1.0
	12330.00000001	3.1652		1.3023     0.2    0.2		4.1705503158		-1.0
	12375.00000001	2.78588		1.08961     0.2    0.2		4.1705503158		-1.0
	12420.00000001	2.76465		0.68336     0.2    0.2		4.1705503158		-1.0
	12465.00000001	2.66516		0.69247     0.2    0.2		4.1705503158		-1.0
	12510.00000001	3.07624		0.19975     0.2    0.2		4.1705503158		-1.0
	12555.00000001	3.12827		0.0631     0.2    0.2		4.1705503158		-1.0
	12600.00000001	2.66968		0.15451     0.2    0.2		4.1705503158		-1.0
	12645.00000001	3.1193		0.1887     0.2    0.2		4.1705503158		-1.0
	12690.00000001	2.94462		0.29447     0.2    0.2		4.1705503158		-1.0
	12735.00000001	3.14764		0.32889     0.2    0.2		4.1705503158		-1.0
	12780.00000001	3.21283		0.73009     0.2    0.2		4.1705503158		-1.0
	12825.00000001	3.22698		0.65876     0.2    0.2		4.1705503158		-1.0
	12870.00000001	3.20045		0.97714     0.2    0.2		4.1705503158		-1.0
	12915.00000001	3.12308		1.07713     0.2    0.2		4.1705503158		-1.0
	12960.00000001	3.25736		1.39676     0.2    0.2		4.1705503158		-1.0
	13005.00000001	3.17708		1.65777     0.2    0.2		4.1705503158		-1.0
	13050.00000001	3.28704		1.64162     0.2    0.2		4.1705503158		-1.0
	13095.00000001	3.24533		1.91113     0.2    0.2		4.1705503158		-1.0
	13140.00000001	3.30109		2.15333     0.2    0.2		4.1705503158		-1.0
	13185.00000001	2.69309		2.15492     0.2    0.2		4.1705503158		-1.0
	13230.00000001	2.67199		2.39679     0.2    0.2		4.1705503158		-1.0
	13275.00000001	3.26797		2.50847     0.2    0.2		4.1705503158		-1.0
	13320.00000001	2.77387		2.80298     0.2    0.2		4.1705503158		-1.0
	13365.00000001	2.72634		2.95586     0.2    0.2		4.1705503158		-1.0
	13410.00000001	3.30606		-2.95021     0.2    0.2		4.1705503158		-1.0
	13455.00000001	2.77335		-2.74495     0.2    0.2		4.1705503158		-1.0
	13500.00000001	3.02254		-3.05132     0.2    0.2		4.1705503158		-1.0
	13545.00000001	2.86211		-3.04789     0.2    0.2		4.1705503158		-1.0
	13590.00000001	2.65614		-2.75421     0.2    0.2		4.1705503158		-1.0
	13635.00000001	2.64914		-2.59628     0.2    0.2		4.1705503158		-1.0
	13680.00000001	3.19479		-2.22882     0.2    0.2		4.1705503158		-1.0
	13725.00000001	3.36501		-1.9619     0.2    0.2		4.1705503158		-1.0
	13770.00000001	3.20059		-1.86708     0.2    0.2		4.1705503158		-1.0
	13815.00000001	3.08995		-1.59277     0.2    0.2		4.1705503158		-1.0
	13860.00000001	2.9378		-1.61867     0.2    0.2		4.1705503158		-1.0
	13905.00000001	2.7727		-1.47713     0.2    0.2		4.1705503158		-1.0
	13950.00000001	3.22647		-1.195     0.2    0.2		4.1705503158		-1.0
	13995.00000001	2.95881		-0.73669     0.2    0.2		4.1705503158		-1.0
	14040.00000001	2.70377		-0.54126     0.2    0.2		4.1705503158		-1.0
	14085.00000001	3.25698		-0.2812     0.2    0.2		4.1705503158		-1.0
	14130.00000001	3.15516		-0.29181     0.2    0.2		4.1705503158		-1.0
	14175.00000001	2.76828		-0.67906     0.2    0.2		4.1705503158		-1.0
	14220.00000001	2.78786		-0.87542     0.2    0.2		4.1705503158		-1.0
	14265.00000000	2.83738		-1.2657     0.2    0.2		4.1705503158		-1.0
	14310.00000000	2.7959		-1.67187     0.2    0.2		4.1705503158		-1.0
	14355.00000000	2.79074		-2.00822     0.2    0.2		4.1705503158		-1.0
	14400.00000000	2.77742		-2.10275     0.2    0.2		4.1705503158		-1.0
	14445.00000000	2.69475		-2.3152     0.2    0.2		4.1705503158		-1.0
	14490.00000000	3.36463		-2.46631     0.2    0.2		4.1705503158		-1.0
	14535.00000000	3.30053		-2.41323     0.2    0.2		4.1705503158		-1.0
	14580.00000000	2.87388		-1.93133     0.2    0.2		4.1705503158		-1.0
	14625.00000000	2.78067		-1.82997     0.2    0.2		4.1705503158		-1.0
	14670.00000000	2.78766		-1.09182     0.2    0.2		4.1705503158		-1.0
	14715.00000000	2.61818		-0.7959     0.2    0.2		4.1705503158		-1.0
	14760.00000000	3.35608		-0.77445     0.2    0.2		4.1705503158		-1.0
	14805.00000000	3.2675		-0.81626     0.2    0.2		4.1705503158		-1.0
	14850.00000000	3.06296		-0.76152     0.2    0.2		4.1705503158		-1.0
	14895.00000000	2.89507		-0.34545     0.2    0.2		4.1705503158		-1.0
	14940.00000000	3.1692		-0.44631     0.2    0.2		4.1705503158		-1.0
	14985.00000000	2.77365		-0.29032     0.2    0.2		4.1705503158		-1.0
	15030.00000000	2.72847		0.14948     0.2    0.2		4.1705503158		-1.0
	15075.00000000	2.78613		0.20301     0.2    0.2		4.1705503158		-1.0
	15120.00000000	2.74974		0.54313     0.2    0.2		4.1705503158		-1.0
	15165.00000000	2.69196		0.45023     0.2    0.2		4.1705503158		-1.0
	15210.00000000	2.67907		0.66509     0.2    0.2		4.1705503158		-1.0
	15255.00000000	2.73284		0.48542     0.2    0.2		4.1705503158		-1.0
	15300.00000000	2.69408		0.94597     0.2    0.2		4.1705503158		-1.0
	15345.00000000	2.75902		1.32915     0.2    0.2		4.1705503158		-1.0
	15390.00000000	2.73375		1.5902     0.2    0.2		4.1705503158		-1.0
	15435.00000000	2.71539		1.05473     0.2    0.2		4.1705503158		-1.0
	15480.00000000	2.74354		1.1657     0.2    0.2		4.1705503158		-1.0
	15525.00000000	2.76519		0.71445     0.2    0.2		4.1705503158		-1.0
	15570.00000000	2.87514		1.11587     0.2    0.2		4.1705503158		-1.0
	15615.00000000	2.75968		1.15709     0.2    0.2		4.1705503158		-1.0
	15660.00000000	3.13545		1.19374     0.2    0.2		4.1705503158		-1.0
	15705.00000000	3.23563		1.04391     0.2    0.2		4.1705503158		-1.0
	15750.00000000	3.21393		0.76947     0.2    0.2		4.1705503158		-1.0
	15795.00000000	3.016		0.97475     0.2    0.2		4.1705503158		-1.0
	15840.00000000	3.34615		0.80947     0.2    0.2		4.1705503158		-1.0
	15885.00000000	3.35124		1.39472     0.2    0.2		4.1705503158		-1.0
	15930.00000000	2.96726		1.6655     0.2    0.2		4.1705503158		-1.0
	15975.00000000	3.53882		1.28081     0.2    0.2		4.1705503158		-1.0
	16020.00000000	2.9118		1.06997     0.2    0.2		4.1705503158		-1.0
	16065.00000000	3.04029		1.15254     0.2    0.2		4.1705503158		-1.0
	16110.00000000	3.07686		1.56205     0.2    0.2		4.1705503158		-1.0
	16155.00000000	3.31205		1.91726     0.2    0.2		4.1705503158		-1.0
	16200.00000000	2.72889		2.22242     0.2    0.2		4.1705503158		-1.0
	16245.00000000	2.71287		2.27388     0.2    0.2		4.1705503158		-1.0
	16290.00000000	2.81113		2.04973     0.2    0.2		4.1705503158		-1.0
	16335.00000000	3.01182		1.94976     0.2    0.2		4.1705503158		-1.0
	16380.00000000	3.32829		1.57629     0.2    0.2		4.1705503158		-1.0
	16425.00000000	3.11459		1.47605     0.2    0.2		4.1705503158		-1.0
	16470.00000000	3.07222		1.30943     0.2    0.2		4.1705503158		-1.0
	16515.00000000	2.637		1.43121     0.2    0.2		4.1705503158		-1.0
	16560.00000000	2.59057		1.1922     0.2    0.2		4.1705503158		-1.0
	16605.00000000	2.6919		1.25816     0.2    0.2		4.1705503158		-1.0
	16650.00000000	2.75151		1.42604     0.2    0.2		4.1705503158		-1.0
	16695.00000000	2.78835		1.73857     0.2    0.2		4.1705503158		-1.0
	16740.00000000	2.7044		1.82725     0.2    0.2		4.1705503158		-1.0
	16785.00000000	2.68462		1.74284     0.2    0.2		4.1705503158		-1.0
	16830.00000000	2.74127		1.64191     0.2    0.2		4.1705503158		-1.0
	16875.00000000	2.74622		1.29284     0.2    0.2		4.1705503158		-1.0
	16920.00000000	2.72449		0.71812     0.2    0.2		4.1705503158		-1.0
	16965.00000000	3.18378		0.51654     0.2    0.2		4.1705503158		-1.0
	17010.00000000	2.99856		0.3623     0.2    0.2		4.1705503158		-1.0
	17055.00000000	2.72469		0.37817     0.2    0.2		4.1705503158		-1.0
	17100.00000000	3.31861		0.13375     0.2    0.2		4.1705503158		-1.0
	17145.00000000	3.08071		0.03973     0.2    0.2		4.1705503158		-1.0
	17190.00000000	3.09672		-0.53072     0.2    0.2		4.1705503158		-1.0
	17235.00000000	3.20852		-0.80148     0.2    0.2		4.1705503158		-1.0
	17280.00000000	3.25025		-0.99293     0.2    0.2		4.1705503158		-1.0
	17325.00000000	3.29813		-1.44511     0.2    0.2		4.1705503158		-1.0
	17370.00000000	3.31291		-1.75217     0.2    0.2		4.1705503158		-1.0
	17415.00000000	3.12372		-2.42048     0.2    0.2		4.1705503158		-1.0
	17460.00000000	3.22847		-2.83136     0.2    0.2		4.1705503158		-1.0
	17505.00000000	3.25763		3.11678     0.2    0.2		4.1705503158		-1.0
	17550.00000000	3.30636		2.68937     0.2    0.2		4.1705503158		-1.0
	17595.00000000	3.27203		2.9679     0.2    0.2		4.1705503158		-1.0
	17640.00000000	3.2538		3.03649     0.2    0.2		4.1705503158		-1.0
	17685.00000000	3.19551		-2.9896     0.2    0.2		4.1705503158		-1.0
	17730.00000000	2.65844		-2.95653     0.2    0.2		4.1705503158		-1.0
	17775.00000000	3.08487		2.97768     0.2    0.2		4.1705503158		-1.0
	17820.00000000	3.29506		2.75827     0.2    0.2		4.1705503158		-1.0
	17865.00000000	2.9766		2.77829     0.2    0.2		4.1705503158		-1.0
	17910.00000000	3.31042		2.75739     0.2    0.2		4.1705503158		-1.0
	17955.00000000	2.98913		2.61993     0.2    0.2		4.1705503158		-1.0
	18000.00000000	2.71503		2.35756     0.2    0.2		4.1705503158		-1.0
	18045.00000000	2.81159		2.57088     0.2    0.2		4.1705503158		-1.0
	18090.00000000	2.68216		2.96901     0.2    0.2		4.1705503158		-1.0
	18135.00000000	2.7774		-3.04169     0.2    0.2		4.1705503158		-1.0
	18180.00000000	2.69904		3.10645     0.2    0.2		4.1705503158		-1.0
	18225.00000000	2.61691		-3.04339     0.2    0.2		4.1705503158		-1.0
	18270.00000000	2.7484		-3.0555     0.2    0.2		4.1705503158		-1.0
	18315.00000000	2.71234		-2.74248     0.2    0.2		4.1705503158		-1.0
	18360.00000000	2.81694		-2.36082     0.2    0.2		4.1705503158		-1.0
	18405.00000000	2.64282		-2.03245     0.2    0.2		4.1705503158		-1.0
	18450.00000000	2.67497		-1.44735     0.2    0.2		4.1705503158		-1.0
	18495.00000000	2.71777		-1.06984     0.2    0.2		4.1705503158		-1.0
	18540.00000000	2.82378		-0.41829     0.2    0.2		4.1705503158		-1.0
	18585.00000000	2.68001		0.11192     0.2    0.2		4.1705503158		-1.0
	18630.00000000	2.79555		-0.03943     0.2    0.2		4.1705503158		-1.0
	18675.00000000	2.82603		0.30237     0.2    0.2		4.1705503158		-1.0
	18720.00000000	2.77168		-0.29287     0.2    0.2		4.1705503158		-1.0
	18765.00000000	2.64586		-0.71611     0.2    0.2		4.1705503158		-1.0
	18810.00000000	2.79012		-1.04883     0.2    0.2		4.1705503158		-1.0
	18855.00000000	2.6606		-1.36165     0.2    0.2		4.1705503158		-1.0
	18900.00000000	2.63693		-1.59304     0.2    0.2		4.1705503158		-1.0
	18945.00000000	2.70012		-1.85652     0.2    0.2		4.1705503158		-1.0
	18990.00000000	3.47148		-1.95064     0.2    0.2		4.1705503158		-1.0
	19035.00000000	2.83937		-1.95812     0.2    0.2		4.1705503158		-1.0
	19080.00000000	2.90542		-2.23658     0.2    0.2		4.1705503158		-1.0
	19125.00000000	3.37732		-1.86671     0.2    0.2		4.1705503158		-1.0
	19170.00000000	3.38662		-1.52597     0.2    0.2		4.1705503158		-1.0
	19215.00000000	3.38737		-0.95087     0.2    0.2		4.1705503158		-1.0
	19260.00000000	2.74055		-0.88512     0.2    0.2		4.1705503158		-1.0
	19305.00000000	3.53534		-0.78472     0.2    0.2		4.1705503158		-1.0
	19350.00000000	2.98067		-0.68932     0.2    0.2		4.1705503158		-1.0
	19395.00000000	3.25199		-0.3509     0.2    0.2		4.1705503158		-1.0
	19440.00000000	3.25791		-0.27043     0.2    0.2		4.1705503158		-1.0
	19485.00000000	3.33021		-0.3394     0.2    0.2		4.1705503158		-1.0
	19530.00000000	2.79251		-0.84567     0.2    0.2		4.1705503158		-1.0
	19575.00000000	2.74728		-0.93953     0.2    0.2		4.1705503158		-1.0
	19620.00000000	2.56389		-0.88447     0.2    0.2		4.1705503158		-1.0
	19665.00000000	3.51974		-0.47286     0.2    0.2		4.1705503158		-1.0
	19710.00000000	3.19271		-0.35591     0.2    0.2		4.1705503158		-1.0
	19755.00000000	2.89161		-0.18687     0.2    0.2		4.1705503158		-1.0
	19800.00000000	3.34484		-0.38697     0.2    0.2		4.1705503158		-1.0
	19845.00000000	3.21268		-0.85579     0.2    0.2		4.1705503158		-1.0
	19890.00000000	3.25878		-1.05024     0.2    0.2		4.1705503158		-1.0
	19935.00000000	3.33318		-1.30895     0.2    0.2		4.1705503158		-1.0
	19980.00000000	3.29999		-1.59256     0.2    0.2		4.1705503158		-1.0
	20025.00000000	3.23053		-1.5807     0.2    0.2		4.1705503158		-1.0
	20070.00000000	3.24278		-1.59109     0.2    0.2		4.1705503158		-1.0
	20115.00000000	3.38785		-1.42679     0.2    0.2		4.1705503158		-1.0
	20160.00000000	3.06837		-1.25471     0.2    0.2		4.1705503158		-1.0
	20205.00000000	3.37273		-1.1616     0.2    0.2		4.1705503158		-1.0
	20250.00000000	3.26626		-0.93629     0.2    0.2		4.1705503158		-1.0
	20295.00000000	3.27365		-1.22416     0.2    0.2		4.1705503158		-1.0
	20340.00000000	2.57997		-1.33067     0.2    0.2		4.1705503158		-1.0
	20385.00000000	2.7196		-1.22043     0.2    0.2		4.1705503158		-1.0
	20430.00000000	2.67087		-1.01385     0.2    0.2		4.1705503158		-1.0
	20475.00000000	2.61853		-0.61434     0.2    0.2		4.1705503158		-1.0
	20520.00000000	2.68734		-0.48421     0.2    0.2		4.1705503158		-1.0
	20565.00000000	2.70406		-0.03719     0.2    0.2		4.1705503158		-1.0
	20610.00000000	2.67498		-0.05441     0.2    0.2		4.1705503158		-1.0
	20655.00000000	2.74931		0.18892     0.2    0.2		4.1705503158		-1.0
	20700.00000000	2.72782		0.47559     0.2    0.2		4.1705503158		-1.0
	20744.99999999	2.83568		0.51775     0.2    0.2		4.1705503158		-1.0
	20789.99999999	3.10503		0.55533     0.2    0.2		4.1705503158		-1.0
	20834.99999999	3.28808		0.8196     0.2    0.2		4.1705503158		-1.0
	20879.99999999	3.38153		0.835     0.2    0.2		4.1705503158		-1.0
	20924.99999999	3.39629		0.57195     0.2    0.2		4.1705503158		-1.0
	20969.99999999	3.35069		0.43392     0.2    0.2		4.1705503158		-1.0
	21014.99999999	3.38501		0.43145     0.2    0.2		4.1705503158		-1.0
	21059.99999999	3.33966		-0.08476     0.2    0.2		4.1705503158		-1.0
	21104.99999999	3.35617		0.07911     0.2    0.2		4.1705503158		-1.0
	21149.99999999	3.35568		-0.10367     0.2    0.2		4.1705503158		-1.0
	21194.99999999	3.43609		0.0194     0.2    0.2		4.1705503158		-1.0
	21239.99999999	3.13554		0.24268     0.2    0.2		4.1705503158		-1.0
	21284.99999999	3.12228		0.28985     0.2    0.2		4.1705503158		-1.0
	21329.99999999	3.36563		0.47973     0.2    0.2		4.1705503158		-1.0
	21374.99999999	3.65016		0.65774     0.2    0.2		4.1705503158		-1.0
	21419.99999999	2.91661		0.66758     0.2    0.2		4.1705503158		-1.0
	21464.99999999	3.59675		1.05335     0.2    0.2		4.1705503158		-1.0
	21509.99999999	3.27699		0.95517     0.2    0.2		4.1705503158		-1.0
	21554.99999999	3.25106		1.0246     0.2    0.2		4.1705503158		-1.0
	21599.99999999	3.2077		1.056     0.2    0.2		4.1705503158		-1.0
	21644.99999999	3.43172		1.21122     0.2    0.2		4.1705503158		-1.0
	21689.99999999	3.3789		1.28535     0.2    0.2		4.1705503158		-1.0
	21734.99999999	3.51812		1.72213     0.2    0.2		4.1705503158		-1.0
	21779.99999999	3.29934		1.97561     0.2    0.2		4.1705503158		-1.0
	21824.99999999	3.30146		2.51285     0.2    0.2		4.1705503158		-1.0
	21869.99999999	3.0547		2.77193     0.2    0.2		4.1705503158		-1.0
	21914.99999999	3.37015		-2.99568     0.2    0.2		4.1705503158		-1.0
	21959.99999999	3.38127		-2.77842     0.2    0.2		4.1705503158		-1.0
	22004.99999999	3.45651		-2.44852     0.2    0.2		4.1705503158		-1.0
	22049.99999999	2.74606		-2.1313     0.2    0.2		4.1705503158		-1.0
	22094.99999999	3.56012		-1.99483     0.2    0.2		4.1705503158		-1.0
	22139.99999999	3.29114		-1.88017     0.2    0.2		4.1705503158		-1.0
	22184.99999999	2.65937		-1.65608     0.2    0.2		4.1705503158		-1.0
	22229.99999999	3.50408		-1.58194     0.2    0.2		4.1705503158		-1.0
	22274.99999999	2.61872		-1.47976     0.2    0.2		4.1705503158		-1.0
	22319.99999999	2.59944		-1.5146     0.2    0.2		4.1705503158		-1.0
	22364.99999999	2.63259		-1.33262     0.2    0.2		4.1705503158		-1.0
	22409.99999999	3.32281		-0.93129     0.2    0.2		4.1705503158		-1.0
	22454.99999999	3.27793		-0.63158     0.2    0.2		4.1705503158		-1.0
	22499.99999999	2.59321		-0.27045     0.2    0.2		4.1705503158		-1.0
	22544.99999999	3.23599		0.14933     0.2    0.2		4.1705503158		-1.0
	22589.99999999	3.53359		0.43888     0.2    0.2		4.1705503158		-1.0
	22634.99999999	3.12955		0.20067     0.2    0.2		4.1705503158		-1.0
	22679.99999999	3.1736		0.55168     0.2    0.2		4.1705503158		-1.0
	22724.99999999	3.47442		0.64493     0.2    0.2		4.1705503158		-1.0
	22769.99999999	2.59375		0.84641     0.2    0.2		4.1705503158		-1.0
	22814.99999999	2.9378		0.91227     0.2    0.2		4.1705503158		-1.0
	22859.99999999	2.61897		0.95507     0.2    0.2		4.1705503158		-1.0
	22904.99999999	2.66803		1.05218     0.2    0.2		4.1705503158		-1.0
	22949.99999999	2.7527		0.84719     0.2    0.2		4.1705503158		-1.0
	22994.99999999	2.68959		0.71021     0.2    0.2		4.1705503158		-1.0
	23039.99999999	2.60929		0.72739     0.2    0.2		4.1705503158		-1.0
	23084.99999999	2.64615		0.59246     0.2    0.2		4.1705503158		-1.0
	23129.99999999	2.67574		0.30105     0.2    0.2		4.1705503158		-1.0
	23174.99999999	2.64399		0.08953     0.2    0.2		4.1705503158		-1.0
	23219.99999999	2.70527		-0.07751     0.2    0.2		4.1705503158		-1.0
	23264.99999999	2.75735		-0.38316     0.2    0.2		4.1705503158		-1.0
	23309.99999999	2.7183		-0.76857     0.2    0.2		4.1705503158		-1.0
	23354.99999999	3.13245		-0.81297     0.2    0.2		4.1705503158		-1.0
	23399.99999999	3.30552		-0.84724     0.2    0.2		4.1705503158		-1.0
	23444.99999999	2.58356		-1.03842     0.2    0.2		4.1705503158		-1.0
	23489.99999999	3.56315		-0.99387     0.2    0.2		4.1705503158		-1.0
	23534.99999999	2.99326		-1.28384     0.2    0.2		4.1705503158		-1.0
	23579.99999999	2.76196		-1.36017     0.2    0.2		4.1705503158		-1.0
	23624.99999999	2.73856		-1.80518     0.2    0.2		4.1705503158		-1.0
	23669.99999999	3.41783		-2.06067     0.2    0.2		4.1705503158		-1.0
	23714.99999999	3.06441		-2.42049     0.2    0.2		4.1705503158		-1.0
	23759.99999999	3.10994		-2.59405     0.2    0.2		4.1705503158		-1.0
	23804.99999999	3.1203		-2.79035     0.2    0.2		4.1705503158		-1.0
	23849.99999999	3.39412		-2.68544     0.2    0.2		4.1705503158		-1.0
	23894.99999999	3.35524		-2.57794     0.2    0.2		4.1705503158		-1.0
	23939.99999999	3.01219		-2.55909     0.2    0.2		4.1705503158		-1.0
	23984.99999999	2.97788		-2.56465     0.2    0.2		4.1705503158		-1.0
	24029.99999999	3.41276		-2.48592     0.2    0.2		4.1705503158		-1.0
	24074.99999999	2.53855		-2.51408     0.2    0.2		4.1705503158		-1.0
	24119.99999999	3.37499		-2.4138     0.2    0.2		4.1705503158		-1.0
	24164.99999999	2.82303		-2.45191     0.2    0.2		4.1705503158		-1.0
	24209.99999999	3.43841		-2.25694     0.2    0.2		4.1705503158		-1.0
	24254.99999999	3.31636		-2.18176     0.2    0.2		4.1705503158		-1.0
	24299.99999999	3.16208		-1.93982     0.2    0.2		4.1705503158		-1.0
	24344.99999999	3.25172		-1.96101     0.2    0.2		4.1705503158		-1.0
	24389.99999999	2.72372		-1.82307     0.2    0.2		4.1705503158		-1.0
	24434.99999999	3.61988		-1.53907     0.2    0.2		4.1705503158		-1.0
	24479.99999999	3.08973		-1.2789     0.2    0.2		4.1705503158		-1.0
	24524.99999999	3.07092		-1.18697     0.2    0.2		4.1705503158		-1.0
	24569.99999999	3.45336		-1.39003     0.2    0.2		4.1705503158		-1.0
	24614.99999999	3.15461		-1.3924     0.2    0.2		4.1705503158		-1.0
	24659.99999999	3.4445		-1.5585     0.2    0.2		4.1705503158		-1.0
	24704.99999999	3.13151		-1.67194     0.2    0.2		4.1705503158		-1.0
	24749.99999999	3.23968		-1.85598     0.2    0.2		4.1705503158		-1.0
	24794.99999999	3.14921		-1.94708     0.2    0.2		4.1705503158		-1.0
	24839.99999999	2.9392		-2.00075     0.2    0.2		4.1705503158		-1.0
	24884.99999999	3.18092		-2.3713     0.2    0.2		4.1705503158		-1.0
	24929.99999999	3.36293		-2.24071     0.2    0.2		4.1705503158		-1.0
	24974.99999999	3.49992		-2.58447     0.2    0.2		4.1705503158		-1.0
	25019.99999999	2.586		-2.66548     0.2    0.2		4.1705503158		-1.0
	25064.99999999	3.53604		-3.04877     0.2    0.2		4.1705503158		-1.0
	25109.99999999	3.30036		3.13247     0.2    0.2		4.1705503158		-1.0
	25154.99999999	3.14691		2.86401     0.2    0.2		4.1705503158		-1.0
	25199.99999999	3.62859		2.94815     0.2    0.2		4.1705503158		-1.0
	25244.99999999	3.33106		2.60362     0.2    0.2		4.1705503158		-1.0
	25289.99999999	3.0687		2.70446     0.2    0.2		4.1705503158		-1.0
	25334.99999999	2.91098		2.37239     0.2    0.2		4.1705503158		-1.0
	25379.99999999	3.30906		2.30961     0.2    0.2		4.1705503158		-1.0
	25424.99999999	2.75804		1.93335     0.2    0.2		4.1705503158		-1.0
	25469.99999999	2.73566		1.66067     0.2    0.2		4.1705503158		-1.0
	25514.99999999	2.67249		1.52603     0.2    0.2		4.1705503158		-1.0
	25559.99999999	3.61993		1.454     0.2    0.2		4.1705503158		-1.0
	25604.99999999	2.5712		1.31128     0.2    0.2		4.1705503158		-1.0
	25649.99999999	2.60274		1.49211     0.2    0.2		4.1705503158		-1.0
	25694.99999999	3.44939		1.56929     0.2    0.2		4.1705503158		-1.0
	25739.99999999	3.52892		1.77469     0.2    0.2		4.1705503158		-1.0
	25784.99999999	3.0345		2.26122     0.2    0.2		4.1705503158		-1.0
	25829.99999999	3.23864		2.511     0.2    0.2		4.1705503158		-1.0
	25874.99999999	3.2441		2.62149     0.2    0.2		4.1705503158		-1.0
	25919.99999999	3.63976		2.916     0.2    0.2		4.1705503158		-1.0
	25964.99999999	2.60589		3.13     0.2    0.2		4.1705503158		-1.0
	26009.99999999	3.50976		-2.82827     0.2    0.2		4.1705503158		-1.0
	26054.99999999	2.62681		-2.90417     0.2    0.2		4.1705503158		-1.0
	26099.99999999	3.27747		-3.09785     0.2    0.2		4.1705503158		-1.0
	26144.99999999	2.66553		2.9071     0.2    0.2		4.1705503158		-1.0
	26189.99999999	2.63802		2.67479     0.2    0.2		4.1705503158		-1.0
	26234.99999999	2.7066		2.3742     0.2    0.2		4.1705503158		-1.0
	26279.99999999	2.82467		2.38023     0.2    0.2		4.1705503158		-1.0
	26324.99999999	2.59413		2.31756     0.2    0.2		4.1705503158		-1.0
	26369.99999999	2.6743		2.38844     0.2    0.2		4.1705503158		-1.0
	26414.99999999	2.66669		2.68794     0.2    0.2		4.1705503158		-1.0
	26459.99999999	2.62461		2.94123     0.2    0.2		4.1705503158		-1.0
	26504.99999999	2.74839		-2.68103     0.2    0.2		4.1705503158		-1.0
	26549.99999999	2.68698		-2.31762     0.2    0.2		4.1705503158		-1.0
	26594.99999999	2.61243		-2.03929     0.2    0.2		4.1705503158		-1.0
	26639.99999999	2.66617		-1.8601     0.2    0.2		4.1705503158		-1.0
	26684.99999999	2.72372		-1.71808     0.2    0.2		4.1705503158		-1.0
	26729.99999999	2.74239		-1.59687     0.2    0.2		4.1705503158		-1.0
	26774.99999999	2.65853		-1.70359     0.2    0.2		4.1705503158		-1.0
	26819.99999999	2.73509		-1.68137     0.2    0.2		4.1705503158		-1.0
	26864.99999999	3.17384		-1.97096     0.2    0.2		4.1705503158		-1.0
	26909.99999999	2.88431		-2.35012     0.2    0.2		4.1705503158		-1.0
	26954.99999999	2.72516		-2.66308     0.2    0.2		4.1705503158		-1.0
	26999.99999999	2.62111		-3.07195     0.2    0.2		4.1705503158		-1.0
	27044.99999999	3.49966		3.12346     0.2    0.2		4.1705503158		-1.0
	27089.99999999	2.54922		2.88277     0.2    0.2		4.1705503158		-1.0
	27134.99999999	3.40212		2.91945     0.2    0.2		4.1705503158		-1.0
	27179.99999999	3.01413		2.87552     0.2    0.2		4.1705503158		-1.0
	27224.99999998	3.38422		3.10767     0.2    0.2		4.1705503158		-1.0
	27269.99999998	3.14433		3.12742     0.2    0.2		4.1705503158		-1.0
	27314.99999998	3.10714		-2.70186     0.2    0.2		4.1705503158		-1.0
	27359.99999998	3.13957		-2.79948     0.2    0.2		4.1705503158		-1.0
	27404.99999998	2.70078		-2.38528     0.2    0.2		4.1705503158		-1.0
	27449.99999998	2.61899		-2.26247     0.2    0.2		4.1705503158		-1.0
	27494.99999998	2.77592		-2.06072     0.2    0.2		4.1705503158		-1.0
	27539.99999998	2.59883		-1.90604     0.2    0.2		4.1705503158		-1.0
	27584.99999998	2.69181		-1.95993     0.2    0.2		4.1705503158		-1.0
	27629.99999998	2.61182		-2.09849     0.2    0.2		4.1705503158		-1.0
	27674.99999998	2.83073		-2.05482     0.2    0.2		4.1705503158		-1.0
	27719.99999998	3.55303		-2.2291     0.2    0.2		4.1705503158		-1.0
	27764.99999998	3.15925		-2.48799     0.2    0.2		4.1705503158		-1.0
	27809.99999998	3.71828		-2.76209     0.2    0.2		4.1705503158		-1.0
	27854.99999998	2.56166		-2.88097     0.2    0.2		4.1705503158		-1.0
	27899.99999998	3.88072		2.89673     0.2    0.2		4.1705503158		-1.0
	27944.99999998	2.9142		2.96631     0.2    0.2		4.1705503158		-1.0
	27989.99999998	2.59207		2.70533     0.2    0.2		4.1705503158		-1.0
	28034.99999998	2.82547		2.75758     0.2    0.2		4.1705503158		-1.0
	28079.99999998	2.62882		2.71863     0.2    0.2		4.1705503158		-1.0
	28124.99999998	2.73501		2.79615     0.2    0.2		4.1705503158		-1.0
	28169.99999998	2.56826		2.5957     0.2    0.2		4.1705503158		-1.0
	28214.99999998	3.43473		2.53442     0.2    0.2		4.1705503158		-1.0
	28259.99999998	3.27694		1.91063     0.2    0.2		4.1705503158		-1.0
	28304.99999998	3.2822		1.55605     0.2    0.2		4.1705503158		-1.0
	28349.99999998	3.27467		1.02734     0.2    0.2		4.1705503158		-1.0
	28394.99999998	3.3976		0.92281     0.2    0.2		4.1705503158		-1.0
	28439.99999998	3.28297		0.82045     0.2    0.2		4.1705503158		-1.0
	28484.99999998	3.04125		0.7156     0.2    0.2		4.1705503158		-1.0
	28529.99999998	3.41186		0.80129     0.2    0.2		4.1705503158		-1.0
	28574.99999998	2.78841		1.09108     0.2    0.2		4.1705503158		-1.0
	28619.99999998	2.73232		1.48014     0.2    0.2		4.1705503158		-1.0
	28664.99999998	2.66853		1.96193     0.2    0.2		4.1705503158		-1.0
	28709.99999998	3.46592		2.36798     0.2    0.2		4.1705503158		-1.0
	28754.99999998	3.59867		2.79501     0.2    0.2		4.1705503158		-1.0
	28799.99999998	3.19445		2.9667     0.2    0.2		4.1705503158		-1.0
	28844.99999998	3.80628		3.01135     0.2    0.2		4.1705503158		-1.0
	28889.99999998	2.62138		-2.97008     0.2    0.2		4.1705503158		-1.0
	28934.99999998	3.64134		-3.02005     0.2    0.2		4.1705503158		-1.0
	28979.99999998	2.71382		-2.76118     0.2    0.2		4.1705503158		-1.0
	29024.99999998	2.68488		-2.49148     0.2    0.2		4.1705503158		-1.0
	29069.99999998	2.5899		-2.41593     0.2    0.2		4.1705503158		-1.0
	29114.99999998	3.18884		-2.27609     0.2    0.2		4.1705503158		-1.0
	29159.99999998	3.20851		-2.28955     0.2    0.2		4.1705503158		-1.0
	29204.99999998	3.18997		-2.16652     0.2    0.2		4.1705503158		-1.0
	29249.99999998	3.46812		-2.53657     0.2    0.2		4.1705503158		-1.0
	29294.99999998	3.29731		-2.51113     0.2    0.2		4.1705503158		-1.0
	29339.99999998	3.8817		-2.87632     0.2    0.2		4.1705503158		-1.0
	29384.99999998	4.31899		-2.98195     0.2    0.2		4.1705503158		-1.0
	29429.99999998	6.66995		-3.07668     0.2    0.2		4.1705503158		-1.0
	29474.99999998	7.89715		-2.57541     0.2    0.2		4.1705503158		-1.0
	29519.99999998	7.55448		-2.13129     0.2    0.2		4.1705503158		-1.0
	29564.99999998	6.57286		-1.7721     0.2    0.2		4.1705503158		-1.0
	29609.99999998	6.17031		-1.32623     0.2    0.2		4.1705503158		-1.0
	29654.99999998	5.78586		-1.53665     0.2    0.2		4.1705503158		-1.0
	29699.99999998	6.24494		-1.59411     0.2    0.2		4.1705503158		-1.0
	29744.99999998	7.35276		-1.54993     0.2    0.2		4.1705503158		-1.0
	29789.99999998	8.42587		-1.29374     0.2    0.2		4.1705503158		-1.0
	29834.99999998	9.19557		-1.17382     0.2    0.2		4.1705503158		-1.0
	29879.99999998	9.39902		0.47215     0.2    0.2		4.1705503158		-1.0
	29924.99999998	8.98321		2.20494     0.2    0.2		4.1705503158		-1.0
	29969.99999998	8.92092		2.81657     0.2    0.2		4.1705503158		-1.0
	30014.99999998	9.45556		-1.37334     0.2    0.2		4.1705503158		-1.0
	30059.99999998	9.67837		-1.04673     0.2    0.2		4.1705503158		-1.0
	30104.99999998	9.936		-0.98233     0.2    0.2		4.1705503158		-1.0
	30149.99999998	10.30418		-0.45481     0.2    0.2		4.1705503158		-1.0
	30194.99999998	10.40073		-0.79214     0.2    0.2		4.1705503158		-1.0
	30239.99999998	10.1023		3.00549     0.2    0.2		4.1705503158		-1.0
	30284.99999998	9.61601		2.34204     0.2    0.2		4.1705503158		-1.0
	30329.99999998	9.09157		2.75792     0.2    0.2		4.1705503158		-1.0
	30374.99999998	9.1917		-2.37959     0.2    0.2		4.1705503158		-1.0
	30419.99999998	9.6958		-1.4841     0.2    0.2		4.1705503158		-1.0
	30464.99999998	9.48091		-0.58192     0.2    0.2		4.1705503158		-1.0
	30509.99999998	9.1825		-0.03235     0.2    0.2		4.1705503158		-1.0
	30554.99999998	8.18377		0.02313     0.2    0.2		4.1705503158		-1.0
	30599.99999998	7.42226		0.12971     0.2    0.2		4.1705503158		-1.0
	30644.99999998	6.85281		0.34488     0.2    0.2		4.1705503158		-1.0
	30689.99999998	6.13405		0.49446     0.2    0.2		4.1705503158		-1.0
	30734.99999998	5.74534		0.52709     0.2    0.2		4.1705503158		-1.0
	30779.99999998	5.74136		0.63751     0.2    0.2		4.1705503158		-1.0
	30824.99999998	6.64053		0.76748     0.2    0.2		4.1705503158		-1.0
	30869.99999998	7.82284		0.77427     0.2    0.2		4.1705503158		-1.0
	30914.99999998	8.5713		0.7058     0.2    0.2		4.1705503158		-1.0
	30959.99999998	9.63578		0.43383     0.2    0.2		4.1705503158		-1.0
	31004.99999998	10.34092		0.16211     0.2    0.2		4.1705503158		-1.0
	31049.99999998	11.07277		-0.28714     0.2    0.2		4.1705503158		-1.0
	31094.99999998	10.99941		-0.51119     0.2    0.2		4.1705503158		-1.0
	31139.99999998	10.7242		-0.96704     0.2    0.2		4.1705503158		-1.0
	31184.99999998	10.13709		-1.23654     0.2    0.2		4.1705503158		-1.0
	31229.99999998	9.82367		-1.86381     0.2    0.2		4.1705503158		-1.0
	31274.99999998	9.7932		-2.30315     0.2    0.2		4.1705503158		-1.0
	31319.99999998	9.70013		3.01029     0.2    0.2		4.1705503158		-1.0
	31364.99999998	8.95964		2.107     0.2    0.2		4.1705503158		-1.0
	31409.99999998	8.35241		1.40822     0.2    0.2		4.1705503158		-1.0
	31454.99999998	7.89734		0.70707     0.2    0.2		4.1705503158		-1.0
	31499.99999998	7.9727		0.24246     0.2    0.2		4.1705503158		-1.0
	31544.99999998	7.9498		-0.46694     0.2    0.2		4.1705503158		-1.0
	31589.99999998	8.35643		-0.87855     0.2    0.2		4.1705503158		-1.0
	31634.99999998	9.05307		-1.46747     0.2    0.2		4.1705503158		-1.0
	31679.99999998	9.35321		-1.69259     0.2    0.2		4.1705503158		-1.0
	31724.99999998	9.03911		-2.79359     0.2    0.2		4.1705503158		-1.0
	31769.99999998	9.79569		-2.63385     0.2    0.2		4.1705503158		-1.0
	31814.99999998	10.79486		-2.6054     0.2    0.2		4.1705503158		-1.0
	31859.99999998	11.98313		-2.55474     0.2    0.2		4.1705503158		-1.0
	31904.99999998	12.17286		-2.45758     0.2    0.2		4.1705503158		-1.0
	31949.99999998	12.85916		-2.68093     0.2    0.2		4.1705503158		-1.0
	31994.99999998	12.5911		-2.55193     0.2    0.2		4.1705503158		-1.0
	32039.99999998	11.92882		-2.30324     0.2    0.2		4.1705503158		-1.0
	32084.99999998	10.94882		-1.94535     0.2    0.2		4.1705503158		-1.0
	32129.99999998	10.06331		-2.01419     0.2    0.2		4.1705503158		-1.0
	32174.99999998	9.2762		-2.34749     0.2    0.2		4.1705503158		-1.0
	32219.99999998	8.76939		3.04169     0.2    0.2		4.1705503158		-1.0
	32264.99999998	8.27768		-2.42921     0.2    0.2		4.1705503158		-1.0
	32309.99999998	8.49468		-1.71519     0.2    0.2		4.1705503158		-1.0
	32354.99999998	8.23733		-1.59119     0.2    0.2		4.1705503158		-1.0
	32399.99999998	7.44496		-1.51235     0.2    0.2		4.1705503158		-1.0
	32444.99999998	6.42819		-1.49467     0.2    0.2		4.1705503158		-1.0
	32489.99999998	5.93594		-1.36555     0.2    0.2		4.1705503158		-1.0
	32534.99999998	5.17961		-1.45334     0.2    0.2		4.1705503158		-1.0
	32579.99999998	5.53576		-1.69781     0.2    0.2		4.1705503158		-1.0
	32624.99999998	6.6279		-2.05328     0.2    0.2		4.1705503158		-1.0
	32669.99999998	7.3477		-2.38061     0.2    0.2		4.1705503158		-1.0
	32714.99999998	7.1298		-3.01305     0.2    0.2		4.1705503158		-1.0
	32759.99999998	7.67498		3.13512     0.2    0.2		4.1705503158		-1.0
	32804.99999998	8.6774		2.99889     0.2    0.2		4.1705503158		-1.0
	32849.99999998	9.06401		3.10771     0.2    0.2		4.1705503158		-1.0
	32894.99999998	9.75949		-3.068     0.2    0.2		4.1705503158		-1.0
	32939.99999998	10.2028		-2.83627     0.2    0.2		4.1705503158		-1.0
	32984.99999998	10.56896		-2.67957     0.2    0.2		4.1705503158		-1.0
	33029.99999998	10.22464		-2.70178     0.2    0.2		4.1705503158		-1.0
	33074.99999998	9.54938		-2.84431     0.2    0.2		4.1705503158		-1.0
	33119.99999998	9.10837		-3.11978     0.2    0.2		4.1705503158		-1.0
	33164.99999998	9.56343		2.9347     0.2    0.2		4.1705503158		-1.0
	33209.99999998	9.93152		2.36317     0.2    0.2		4.1705503158		-1.0
	33254.99999998	10.68502		2.39378     0.2    0.2		4.1705503158		-1.0
	33299.99999998	11.88648		2.23951     0.2    0.2		4.1705503158		-1.0
	33344.99999998	12.41531		2.85433     0.2    0.2		4.1705503158		-1.0
	33389.99999998	13.38575		3.05977     0.2    0.2		4.1705503158		-1.0
	33434.99999998	14.21793		-3.02571     0.2    0.2		4.1705503158		-1.0
	33479.99999998	14.73404		-2.90999     0.2    0.2		4.1705503158		-1.0
	33524.99999998	15.19327		-2.61752     0.2    0.2		4.1705503158		-1.0
	33569.99999998	15.51801		-2.20639     0.2    0.2		4.1705503158		-1.0
	33614.99999998	15.87495		-1.39432     0.2    0.2		4.1705503158		-1.0
	33659.99999998	16.25764		-1.45735     0.2    0.2		4.1705503158		-1.0
	33704.99999998	16.81209		-1.17237     0.2    0.2		4.1705503158		-1.0
	33749.99999997	17.22684		-0.9923     0.2    0.2		4.1705503158		-1.0
	33794.99999997	17.51862		-0.68416     0.2    0.2		4.1705503158		-1.0
	33839.99999997	17.88361		-0.53385     0.2    0.2		4.1705503158		-1.0
	33884.99999997	18.29232		0.00051     0.2    0.2		4.1705503158		-1.0
	33929.99999997	19.1449		0.37426     0.2    0.2		4.1705503158		-1.0
	33974.99999997	19.44812		1.38434     0.2    0.2		4.1705503158		-1.0
	34019.99999997	20.30894		1.98851     0.2    0.2		4.1705503158		-1.0
	34064.99999997	20.25911		2.1847     0.2    0.2		4.1705503158		-1.0
	34109.99999997	20.76842		2.26242     0.2    0.2		4.1705503158		-1.0
	34154.99999997	20.37909		2.6242     0.2    0.2		4.1705503158		-1.0
	34199.99999997	20.18738		2.9513     0.2    0.2		4.1705503158		-1.0
	34244.99999997	19.85624		2.903     0.2    0.2		4.1705503158		-1.0
	34289.99999997	19.0343		-2.39565     0.2    0.2		4.1705503158		-1.0
	34334.99999997	18.77194		-2.97335     0.2    0.2		4.1705503158		-1.0
	34379.99999997	18.41652		-2.47619     0.2    0.2		4.1705503158		-1.0
	34424.99999997	18.66919		-2.86591     0.2    0.2		4.1705503158		-1.0
	34469.99999997	18.65333		-2.33411     0.2    0.2		4.1705503158		-1.0
	34514.99999997	18.76633		-0.50355     0.2    0.2		4.1705503158		-1.0
	34559.99999997	18.12103		0.47531     0.2    0.2		4.1705503158		-1.0
	34604.99999997	17.79997		1.18743     0.2    0.2		4.1705503158		-1.0
	34649.99999997	17.43032		1.8128     0.2    0.2		4.1705503158		-1.0
	34694.99999997	17.36519		2.76344     0.2    0.2		4.1705503158		-1.0
	34739.99999997	17.28746		-2.86471     0.2    0.2		4.1705503158		-1.0
	34784.99999997	17.3669		-2.22758     0.2    0.2		4.1705503158		-1.0
	34829.99999997	17.11685		-1.82939     0.2    0.2		4.1705503158		-1.0
	34874.99999997	16.43125		-1.82064     0.2    0.2		4.1705503158		-1.0
	34919.99999997	16.09545		-2.00411     0.2    0.2		4.1705503158		-1.0
	34964.99999997	15.79302		-2.5725     0.2    0.2		4.1705503158		-1.0
	35009.99999997	16.31793		2.78048     0.2    0.2		4.1705503158		-1.0
	35054.99999997	16.91399		1.3611     0.2    0.2		4.1705503158		-1.0
	35099.99999997	17.04961		0.67327     0.2    0.2		4.1705503158		-1.0
	35144.99999997	16.90782		0.03885     0.2    0.2		4.1705503158		-1.0
	35189.99999997	16.39988		-0.38273     0.2    0.2		4.1705503158		-1.0
	35234.99999997	16.19775		-1.14539     0.2    0.2		4.1705503158		-1.0
	35279.99999997	15.08947		-1.69849     0.2    0.2		4.1705503158		-1.0
	35324.99999997	14.05597		-1.79719     0.2    0.2		4.1705503158		-1.0
	35369.99999997	13.15483		-1.81834     0.2    0.2		4.1705503158		-1.0
	35414.99999997	12.60135		-2.04541     0.2    0.2		4.1705503158		-1.0
	35459.99999997	12.94621		-2.12354     0.2    0.2		4.1705503158		-1.0
	35504.99999997	13.53866		-2.38047     0.2    0.2		4.1705503158		-1.0
	35549.99999997	15.13017		-2.32905     0.2    0.2		4.1705503158		-1.0
	35594.99999997	15.45777		-2.74515     0.2    0.2		4.1705503158		-1.0
	35639.99999997	15.89193		-2.66491     0.2    0.2		4.1705503158		-1.0
	35684.99999997	16.32306		-2.95976     0.2    0.2		4.1705503158		-1.0
	35729.99999997	16.8015		-2.89113     0.2    0.2		4.1705503158		-1.0
	35774.99999997	17.11498		-2.35675     0.2    0.2		4.1705503158		-1.0
	35819.99999997	16.87035		-1.18956     0.2    0.2		4.1705503158		-1.0
	35864.99999997	16.27129		-0.93271     0.2    0.2		4.1705503158		-1.0
	35909.99999997	16.15902		-0.57097     0.2    0.2		4.1705503158		-1.0
	35954.99999997	15.79778		-0.74785     0.2    0.2		4.1705503158		-1.0
	35999.99999997	15.31736		-1.23003     0.2    0.2		4.1705503158		-1.0
	36044.99999997	14.88673		-1.51537     0.2    0.2		4.1705503158		-1.0
	36089.99999997	14.14159		-1.59291     0.2    0.2		4.1705503158		-1.0
	36134.99999997	13.30978		-1.56598     0.2    0.2		4.1705503158		-1.0
	36179.99999997	12.2419		-1.33648     0.2    0.2		4.1705503158		-1.0
	36224.99999997	11.82803		-1.10826     0.2    0.2		4.1705503158		-1.0
	36269.99999997	12.34661		-0.77551     0.2    0.2		4.1705503158		-1.0
	36314.99999997	12.64045		-0.71622     0.2    0.2		4.1705503158		-1.0
	36359.99999997	13.76388		-0.61362     0.2    0.2		4.1705503158		-1.0
	36404.99999997	15.03666		-0.83644     0.2    0.2		4.1705503158		-1.0
	36449.99999997	16.36866		-0.95798     0.2    0.2		4.1705503158		-1.0
	36494.99999997	17.19631		-1.22572     0.2    0.2		4.1705503158		-1.0
	36539.99999997	18.25595		-1.24705     0.2    0.2		4.1705503158		-1.0
	36584.99999997	19.30217		-1.50144     0.2    0.2		4.1705503158		-1.0
	36629.99999997	19.88903		-0.86026     0.2    0.2		4.1705503158		-1.0
	36674.99999997	20.24749		-0.24204     0.2    0.2		4.1705503158		-1.0
	36719.99999997	20.76487		0.16832     0.2    0.2		4.1705503158		-1.0
	36764.99999997	21.13528		0.22655     0.2    0.2		4.1705503158		-1.0
	36809.99999997	21.9788		0.09988     0.2    0.2		4.1705503158		-1.0
	36854.99999997	22.61802		0.18817     0.2    0.2		4.1705503158		-1.0
	36899.99999997	23.34714		0.90549     0.2    0.2		4.1705503158		-1.0
	36944.99999997	23.05993		1.28203     0.2    0.2		4.1705503158		-1.0
	36989.99999997	22.63339		1.53106     0.2    0.2		4.1705503158		-1.0
	37034.99999997	22.14705		1.36428     0.2    0.2		4.1705503158		-1.0
	37079.99999997	21.4029		1.31498     0.2    0.2		4.1705503158		-1.0
	37124.99999997	20.83401		0.78981     0.2    0.2		4.1705503158		-1.0
	37169.99999997	19.78276		0.02265     0.2    0.2		4.1705503158		-1.0
	37214.99999997	19.05854		-0.33866     0.2    0.2		4.1705503158		-1.0
	37259.99999997	18.74356		-0.21795     0.2    0.2		4.1705503158		-1.0
	37304.99999997	18.20623		-0.20517     0.2    0.2		4.1705503158		-1.0
	37349.99999997	17.45919		-0.38704     0.2    0.2		4.1705503158		-1.0
	37394.99999997	17.21666		-0.3672     0.2    0.2		4.1705503158		-1.0
	37439.99999997	16.43064		-0.34611     0.2    0.2		4.1705503158		-1.0
	37484.99999997	15.55281		-0.00899     0.2    0.2		4.1705503158		-1.0
	37529.99999997	14.72195		0.11671     0.2    0.2		4.1705503158		-1.0
	37574.99999997	13.92676		0.25841     0.2    0.2		4.1705503158		-1.0
	37619.99999997	12.83579		-0.30494     0.2    0.2		4.1705503158		-1.0
	37664.99999997	12.18109		-0.0407     0.2    0.2		4.1705503158		-1.0
	37709.99999997	11.70786		-0.05805     0.2    0.2		4.1705503158		-1.0
	37754.99999997	11.25779		0.07165     0.2    0.2		4.1705503158		-1.0
	37799.99999997	10.5047		0.23876     0.2    0.2		4.1705503158		-1.0
	37844.99999997	10.10019		0.92755     0.2    0.2		4.1705503158		-1.0
	37889.99999997	10.17329		1.6886     0.2    0.2		4.1705503158		-1.0
	37934.99999997	10.58261		1.67422     0.2    0.2		4.1705503158		-1.0
	37979.99999997	11.63912		1.51029     0.2    0.2		4.1705503158		-1.0
	38024.99999997	12.72848		0.94225     0.2    0.2		4.1705503158		-1.0
	38069.99999997	13.30557		0.58611     0.2    0.2		4.1705503158		-1.0
	38114.99999997	13.91656		0.65995     0.2    0.2		4.1705503158		-1.0
	38159.99999997	14.01499		0.97641     0.2    0.2		4.1705503158		-1.0
	38204.99999997	14.3846		1.04886     0.2    0.2		4.1705503158		-1.0
	38249.99999997	14.25728		0.57358     0.2    0.2		4.1705503158		-1.0
	38294.99999997	14.69832		0.68351     0.2    0.2		4.1705503158		-1.0
	38339.99999997	14.19319		0.85925     0.2    0.2		4.1705503158		-1.0
	38384.99999997	14.53245		1.54062     0.2    0.2		4.1705503158		-1.0
	38429.99999997	14.35828		1.5492     0.2    0.2		4.1705503158		-1.0
	38474.99999997	14.72497		1.68033     0.2    0.2		4.1705503158		-1.0
	38519.99999997	15.36305		1.01998     0.2    0.2		4.1705503158		-1.0
	38564.99999997	15.71768		1.0064     0.2    0.2		4.1705503158		-1.0
	38609.99999997	15.02499		1.17881     0.2    0.2		4.1705503158		-1.0
	38654.99999997	14.15169		1.65096     0.2    0.2		4.1705503158		-1.0
	38699.99999997	13.55685		2.19319     0.2    0.2		4.1705503158		-1.0
	38744.99999997	13.31491		1.60622     0.2    0.2		4.1705503158		-1.0
	38789.99999997	13.56545		1.02648     0.2    0.2		4.1705503158		-1.0
	38834.99999997	13.16986		1.05655     0.2    0.2		4.1705503158		-1.0
	38879.99999997	13.28284		0.44535     0.2    0.2		4.1705503158		-1.0
	38924.99999997	13.13779		-1.11223     0.2    0.2		4.1705503158		-1.0
	38969.99999997	13.74605		-1.81682     0.2    0.2		4.1705503158		-1.0
	39014.99999997	13.77935		-2.63113     0.2    0.2		4.1705503158		-1.0
	39059.99999997	13.87044		2.88633     0.2    0.2		4.1705503158		-1.0
	39104.99999997	13.80429		2.44673     0.2    0.2		4.1705503158		-1.0
	39149.99999997	13.82016		1.82224     0.2    0.2		4.1705503158		-1.0
	39194.99999997	13.99919		1.14634     0.2    0.2		4.1705503158		-1.0
	39239.99999997	13.76915		1.09009     0.2    0.2		4.1705503158		-1.0
	39284.99999997	13.69123		1.51775     0.2    0.2		4.1705503158		-1.0
	39329.99999997	13.37423		2.33649     0.2    0.2		4.1705503158		-1.0
	39374.99999997	13.18036		2.98245     0.2    0.2		4.1705503158		-1.0
	39419.99999997	12.41833		3.11422     0.2    0.2		4.1705503158		-1.0
	39464.99999997	12.14755		3.00297     0.2    0.2		4.1705503158		-1.0
	39509.99999997	11.33916		-3.03032     0.2    0.2		4.1705503158		-1.0
	39554.99999997	11.007		3.13284     0.2    0.2		4.1705503158		-1.0
	39599.99999997	10.45076		2.80377     0.2    0.2		4.1705503158		-1.0
	39644.99999997	9.82292		2.38941     0.2    0.2		4.1705503158		-1.0
	39689.99999997	9.52495		1.60609     0.2    0.2		4.1705503158		-1.0
	39734.99999997	9.25649		0.82704     0.2    0.2		4.1705503158		-1.0
	39779.99999997	9.34167		-0.49631     0.2    0.2		4.1705503158		-1.0
	39824.99999997	8.54005		-0.28147     0.2    0.2		4.1705503158		-1.0
	39869.99999997	8.86477		-0.4223     0.2    0.2		4.1705503158		-1.0
	39914.99999997	8.9247		-1.85072     0.2    0.2		4.1705503158		-1.0
	39959.99999997	9.10517		-2.64049     0.2    0.2		4.1705503158		-1.0
	40004.99999997	8.37769		-2.65474     0.2    0.2		4.1705503158		-1.0
	40049.99999997	8.21842		2.29586     0.2    0.2		4.1705503158		-1.0
	40094.99999997	8.53348		2.58436     0.2    0.2		4.1705503158		-1.0
	40139.99999997	9.04058		2.59795     0.2    0.2		4.1705503158		-1.0
	40184.99999997	9.71638		2.41285     0.2    0.2		4.1705503158		-1.0
	40229.99999996	9.21872		2.1625     0.2    0.2		4.1705503158		-1.0
	40274.99999996	9.14698		1.73945     0.2    0.2		4.1705503158		-1.0
	40319.99999996	8.5029		1.6589     0.2    0.2		4.1705503158		-1.0
	40364.99999996	8.79178		1.31578     0.2    0.2		4.1705503158		-1.0
	40409.99999996	8.29766		1.37338     0.2    0.2		4.1705503158		-1.0
	40454.99999996	7.66348		1.12026     0.2    0.2		4.1705503158		-1.0
	40499.99999996	6.67137		1.25624     0.2    0.2		4.1705503158		-1.0
	40544.99999996	6.02824		1.59202     0.2    0.2		4.1705503158		-1.0
	40589.99999996	5.87621		1.75259     0.2    0.2		4.1705503158		-1.0
	40634.99999996	7.18018		2.15266     0.2    0.2		4.1705503158		-1.0
	40679.99999996	8.60794		2.24984     0.2    0.2		4.1705503158		-1.0
	40724.99999996	8.87319		2.58326     0.2    0.2		4.1705503158		-1.0
	40769.99999996	8.31318		2.96876     0.2    0.2		4.1705503158		-1.0
	40814.99999996	7.50343		-2.83963     0.2    0.2		4.1705503158		-1.0
	40859.99999996	7.63522		-2.21916     0.2    0.2		4.1705503158		-1.0
	40904.99999996	8.4421		-1.96248     0.2    0.2		4.1705503158		-1.0
	40949.99999996	9.84939		-2.38069     0.2    0.2		4.1705503158		-1.0
	40994.99999996	11.14401		-2.47507     0.2    0.2		4.1705503158		-1.0
	41039.99999996	11.98558		-1.82197     0.2    0.2		4.1705503158		-1.0
	41084.99999996	12.54378		-1.20687     0.2    0.2		4.1705503158		-1.0
	41129.99999996	13.18254		0.10907     0.2    0.2		4.1705503158		-1.0
	41174.99999996	13.89906		0.3228     0.2    0.2		4.1705503158		-1.0
	41219.99999996	13.61788		0.87819     0.2    0.2		4.1705503158		-1.0
	41264.99999996	13.06856		0.62577     0.2    0.2		4.1705503158		-1.0
	41309.99999996	12.09416		0.94902     0.2    0.2		4.1705503158		-1.0
	41354.99999996	11.52912		0.67916     0.2    0.2		4.1705503158		-1.0
	41399.99999996	11.43786		0.35092     0.2    0.2		4.1705503158		-1.0
	41444.99999996	11.61085		0.45607     0.2    0.2		4.1705503158		-1.0
	41489.99999996	11.96869		1.12886     0.2    0.2		4.1705503158		-1.0
	41534.99999996	12.32967		1.93249     0.2    0.2		4.1705503158		-1.0
	41579.99999996	12.07998		1.53937     0.2    0.2		4.1705503158		-1.0
	41624.99999996	12.57768		1.20236     0.2    0.2		4.1705503158		-1.0
	41669.99999996	12.89493		0.71387     0.2    0.2		4.1705503158		-1.0
	41714.99999996	12.4363		0.41137     0.2    0.2		4.1705503158		-1.0
	41759.99999996	11.81683		0.47311     0.2    0.2		4.1705503158		-1.0
	41804.99999996	12.60407		0.4532     0.2    0.2		4.1705503158		-1.0
	41849.99999996	13.12697		0.37571     0.2    0.2		4.1705503158		-1.0
	41894.99999996	13.35639		-0.00636     0.2    0.2		4.1705503158		-1.0
	41939.99999996	13.73909		-0.6608     0.2    0.2		4.1705503158		-1.0
	41984.99999996	14.16215		-1.39423     0.2    0.2		4.1705503158		-1.0
	42029.99999996	13.63113		-1.52939     0.2    0.2		4.1705503158		-1.0
	42074.99999996	12.75846		-1.24887     0.2    0.2		4.1705503158		-1.0
	42119.99999996	12.69696		-0.77086     0.2    0.2		4.1705503158		-1.0
	42164.99999996	12.84686		-0.36099     0.2    0.2		4.1705503158		-1.0
	42209.99999996	13.16211		-0.1326     0.2    0.2		4.1705503158		-1.0
	42254.99999996	13.53189		-0.44035     0.2    0.2		4.1705503158		-1.0
	42299.99999996	13.10866		-0.86114     0.2    0.2		4.1705503158		-1.0
	42344.99999996	12.99081		-1.44961     0.2    0.2		4.1705503158		-1.0
	42389.99999996	12.44214		-2.2256     0.2    0.2		4.1705503158		-1.0
	42434.99999996	12.27162		-2.805     0.2    0.2		4.1705503158		-1.0
	42479.99999996	11.5991		3.01616     0.2    0.2		4.1705503158		-1.0
	42524.99999996	10.61169		2.75067     0.2    0.2		4.1705503158		-1.0
	42569.99999996	9.65496		2.70806     0.2    0.2		4.1705503158		-1.0
	42614.99999996	9.1197		2.89824     0.2    0.2		4.1705503158		-1.0
	42659.99999996	9.71035		-3.03485     0.2    0.2		4.1705503158		-1.0
	42704.99999996	10.87712		3.07359     0.2    0.2		4.1705503158		-1.0
	42749.99999996	12.0798		2.33902     0.2    0.2		4.1705503158		-1.0
	42794.99999996	12.97352		2.11096     0.2    0.2		4.1705503158		-1.0
	42839.99999996	14.15625		1.96758     0.2    0.2		4.1705503158		-1.0
	42884.99999996	14.63202		2.29332     0.2    0.2		4.1705503158		-1.0
	42929.99999996	14.68159		2.67222     0.2    0.2		4.1705503158		-1.0
	42974.99999996	14.65282		2.54497     0.2    0.2		4.1705503158		-1.0
	43019.99999996	14.7369		-2.06835     0.2    0.2		4.1705503158		-1.0
	43064.99999996	14.99274		2.67056     0.2    0.2		4.1705503158		-1.0
	43109.99999996	15.43795		2.18193     0.2    0.2		4.1705503158		-1.0
	43154.99999996	16.08437		2.03367     0.2    0.2		4.1705503158		-1.0
	43199.99999996	16.76718		2.62364     0.2    0.2		4.1705503158		-1.0
	43244.99999996	17.19878		3.04367     0.2    0.2		4.1705503158		-1.0
	43289.99999996	17.44313		-2.73246     0.2    0.2		4.1705503158		-1.0
	43334.99999996	17.54798		-2.25171     0.2    0.2		4.1705503158		-1.0
	43379.99999996	17.76372		-2.28587     0.2    0.2		4.1705503158		-1.0
	43424.99999996	17.79094		-3.03185     0.2    0.2		4.1705503158		-1.0
	43469.99999996	17.69807		2.35314     0.2    0.2		4.1705503158		-1.0
	43514.99999996	17.53365		1.60146     0.2    0.2		4.1705503158		-1.0
	43559.99999996	17.28955		0.80096     0.2    0.2		4.1705503158		-1.0
	43604.99999996	16.86316		-0.42989     0.2    0.2		4.1705503158		-1.0
	43649.99999996	16.51337		-1.41036     0.2    0.2		4.1705503158		-1.0
	43694.99999996	16.07322		-1.77559     0.2    0.2		4.1705503158		-1.0
	43739.99999996	15.50323		-2.4943     0.2    0.2		4.1705503158		-1.0
	43784.99999996	14.50924		2.93374     0.2    0.2		4.1705503158		-1.0
	43829.99999996	13.86616		2.1452     0.2    0.2		4.1705503158		-1.0
	43874.99999996	12.94477		1.60686     0.2    0.2		4.1705503158		-1.0
	43919.99999996	12.04331		1.42102     0.2    0.2		4.1705503158		-1.0
	43964.99999996	10.80613		1.35659     0.2    0.2		4.1705503158		-1.0
	44009.99999996	9.75071		1.77258     0.2    0.2		4.1705503158		-1.0
	44054.99999996	9.26336		2.11076     0.2    0.2		4.1705503158		-1.0
	44099.99999996	10.27489		2.30794     0.2    0.2		4.1705503158		-1.0
	44144.99999996	11.56714		2.70605     0.2    0.2		4.1705503158		-1.0
	44189.99999996	13.04718		2.88842     0.2    0.2		4.1705503158		-1.0
	44234.99999996	13.95353		-2.77354     0.2    0.2		4.1705503158		-1.0
	44279.99999996	14.6695		-1.92203     0.2    0.2		4.1705503158		-1.0
	44324.99999996	14.08591		-1.5435     0.2    0.2		4.1705503158		-1.0
	44369.99999996	13.37539		-1.3704     0.2    0.2		4.1705503158		-1.0
	44414.99999996	12.7961		-1.66061     0.2    0.2		4.1705503158		-1.0
	44459.99999996	11.58163		-1.50547     0.2    0.2		4.1705503158		-1.0
	44504.99999996	11.12619		-1.8744     0.2    0.2		4.1705503158		-1.0
	44549.99999996	9.82461		-2.16418     0.2    0.2		4.1705503158		-1.0
	44594.99999996	10.65547		-2.33569     0.2    0.2		4.1705503158		-1.0
	44639.99999996	11.58339		-2.00543     0.2    0.2		4.1705503158		-1.0
	44684.99999996	12.47171		-1.97494     0.2    0.2		4.1705503158		-1.0
	44729.99999996	13.41722		-1.39967     0.2    0.2		4.1705503158		-1.0
	44774.99999996	13.81032		-1.10653     0.2    0.2		4.1705503158		-1.0
	44819.99999996	14.5928		-0.87828     0.2    0.2		4.1705503158		-1.0
	44864.99999996	14.50908		-1.34881     0.2    0.2		4.1705503158		-1.0
	44909.99999996	14.74259		-1.64941     0.2    0.2		4.1705503158		-1.0
	44954.99999996	14.04112		-0.8243     0.2    0.2		4.1705503158		-1.0
	44999.99999996	14.48074		-0.35596     0.2    0.2		4.1705503158		-1.0
	45044.99999996	14.61757		1.07276     0.2    0.2		4.1705503158		-1.0
	45089.99999996	15.02054		2.98407     0.2    0.2		4.1705503158		-1.0
	45134.99999996	14.56118		-2.40634     0.2    0.2		4.1705503158		-1.0
	45179.99999996	13.99722		-1.86189     0.2    0.2		4.1705503158		-1.0
	45224.99999996	13.3636		-1.651     0.2    0.2		4.1705503158		-1.0
	45269.99999996	12.31655		-1.51217     0.2    0.2		4.1705503158		-1.0
	45314.99999996	11.69144		-1.27256     0.2    0.2		4.1705503158		-1.0
	45359.99999996	11.12543		-1.01419     0.2    0.2		4.1705503158		-1.0
	45404.99999996	10.62526		-0.77996     0.2    0.2		4.1705503158		-1.0
	45449.99999996	9.85866		-0.62843     0.2    0.2		4.1705503158		-1.0
	45494.99999996	9.50752		-0.54112     0.2    0.2		4.1705503158		-1.0
	45539.99999996	8.96283		-0.84952     0.2    0.2		4.1705503158		-1.0
	45584.99999996	8.42103		-0.82311     0.2    0.2		4.1705503158		-1.0
	45629.99999996	7.5287		-1.24553     0.2    0.2		4.1705503158		-1.0
	45674.99999996	7.87458		-1.13263     0.2    0.2		4.1705503158		-1.0
	45719.99999996	8.67329		-1.02026     0.2    0.2		4.1705503158		-1.0
	45764.99999996	9.45997		-0.83879     0.2    0.2		4.1705503158		-1.0
	45809.99999996	9.22505		-0.88447     0.2    0.2		4.1705503158		-1.0
	45854.99999996	8.25336		-1.09568     0.2    0.2		4.1705503158		-1.0
	45899.99999996	6.72987		-1.03855     0.2    0.2		4.1705503158		-1.0
	45944.99999996	5.40859		-1.19165     0.2    0.2		4.1705503158		-1.0
	45989.99999996	5.35445		-0.92416     0.2    0.2		4.1705503158		-1.0
	46034.99999996	6.30871		-1.00219     0.2    0.2		4.1705503158		-1.0
	46079.99999996	7.13968		-0.41307     0.2    0.2		4.1705503158		-1.0
	46124.99999996	7.68705		-0.14581     0.2    0.2		4.1705503158		-1.0
	46169.99999996	8.65049		0.32356     0.2    0.2		4.1705503158		-1.0
	46214.99999996	9.16371		0.28694     0.2    0.2		4.1705503158		-1.0
	46259.99999996	9.91043		0.01979     0.2    0.2		4.1705503158		-1.0
	46304.99999996	10.27781		-0.17279     0.2    0.2		4.1705503158		-1.0
	46349.99999996	10.65402		-0.27086     0.2    0.2		4.1705503158		-1.0
	46394.99999996	10.93979		-0.34057     0.2    0.2		4.1705503158		-1.0
	46439.99999996	11.53983		-0.28252     0.2    0.2		4.1705503158		-1.0
	46484.99999996	12.26784		-0.30185     0.2    0.2		4.1705503158		-1.0
	46529.99999996	12.93287		-0.12924     0.2    0.2		4.1705503158		-1.0
	46574.99999996	13.87772		0.69757     0.2    0.2		4.1705503158		-1.0
	46619.99999996	14.77526		0.56578     0.2    0.2		4.1705503158		-1.0
	46664.99999996	16.00234		0.10696     0.2    0.2		4.1705503158		-1.0
	46709.99999996	16.62304		-0.62193     0.2    0.2		4.1705503158		-1.0
	46754.99999995	17.56878		-1.11124     0.2    0.2		4.1705503158		-1.0
	46799.99999995	17.37162		-2.09253     0.2    0.2		4.1705503158		-1.0
	46844.99999995	17.34225		-1.78625     0.2    0.2		4.1705503158		-1.0
	46889.99999995	16.91875		-1.21807     0.2    0.2		4.1705503158		-1.0
	46934.99999995	17.13723		-1.551     0.2    0.2		4.1705503158		-1.0
	46979.99999995	16.99273		-1.76263     0.2    0.2		4.1705503158		-1.0
	47024.99999995	16.18487		-1.80013     0.2    0.2		4.1705503158		-1.0
	47069.99999995	15.26562		-1.68342     0.2    0.2		4.1705503158		-1.0
	47114.99999995	14.36368		-1.72076     0.2    0.2		4.1705503158		-1.0
	47159.99999995	14.04331		-2.02685     0.2    0.2		4.1705503158		-1.0
	47204.99999995	14.17261		-2.72397     0.2    0.2		4.1705503158		-1.0
	47249.99999995	14.84068		-2.94293     0.2    0.2		4.1705503158		-1.0
	47294.99999995	15.62336		2.93456     0.2    0.2		4.1705503158		-1.0
	47339.99999995	16.81901		2.79934     0.2    0.2		4.1705503158		-1.0
	47384.99999995	17.48513		2.54757     0.2    0.2		4.1705503158		-1.0
	47429.99999995	17.12961		2.71093     0.2    0.2		4.1705503158		-1.0
	47474.99999995	16.34985		2.85695     0.2    0.2		4.1705503158		-1.0
	47519.99999995	15.34822		2.97236     0.2    0.2		4.1705503158		-1.0
	47564.99999995	15.41758		3.03511     0.2    0.2		4.1705503158		-1.0
	47609.99999995	15.85876		-2.96909     0.2    0.2		4.1705503158		-1.0
	47654.99999995	16.01797		-2.8308     0.2    0.2		4.1705503158		-1.0
	47699.99999995	16.188		3.07545     0.2    0.2		4.1705503158		-1.0
	47744.99999995	16.78271		3.11533     0.2    0.2		4.1705503158		-1.0
	47789.99999995	17.18466		3.0879     0.2    0.2		4.1705503158		-1.0
	47834.99999995	18.18049		3.07133     0.2    0.2		4.1705503158		-1.0
	47879.99999995	19.31482		-3.11999     0.2    0.2		4.1705503158		-1.0
	47924.99999995	19.47192		-3.05665     0.2    0.2		4.1705503158		-1.0
	47969.99999995	19.19289		-1.8553     0.2    0.2		4.1705503158		-1.0
	48014.99999995	18.69801		-1.21601     0.2    0.2		4.1705503158		-1.0
	48059.99999995	18.2061		-0.48454     0.2    0.2		4.1705503158		-1.0
	48104.99999995	17.40677		0.26748     0.2    0.2		4.1705503158		-1.0
	48149.99999995	16.68639		0.60739     0.2    0.2		4.1705503158		-1.0
	48194.99999995	16.02411		0.37816     0.2    0.2		4.1705503158		-1.0
	48239.99999995	15.2745		0.30809     0.2    0.2		4.1705503158		-1.0
	48284.99999995	14.24876		0.1367     0.2    0.2		4.1705503158		-1.0
	48329.99999995	13.22756		-0.57276     0.2    0.2		4.1705503158		-1.0
	48374.99999995	12.64789		-0.93296     0.2    0.2		4.1705503158		-1.0
	48419.99999995	12.17243		-1.17173     0.2    0.2		4.1705503158		-1.0
	48464.99999995	11.5539		-0.61852     0.2    0.2		4.1705503158		-1.0
	48509.99999995	10.78242		0.37336     0.2    0.2		4.1705503158		-1.0
	48554.99999995	10.01332		0.5595     0.2    0.2		4.1705503158		-1.0
	48599.99999995	9.21081		1.12087     0.2    0.2		4.1705503158		-1.0
	48644.99999995	9.05291		1.16019     0.2    0.2		4.1705503158		-1.0
	48689.99999995	8.32481		1.64991     0.2    0.2		4.1705503158		-1.0
	48734.99999995	7.57723		2.07487     0.2    0.2		4.1705503158		-1.0
	48779.99999995	6.80993		2.86529     0.2    0.2		4.1705503158		-1.0
	48824.99999995	6.73939		2.83652     0.2    0.2		4.1705503158		-1.0
	48869.99999995	7.55658		2.66441     0.2    0.2		4.1705503158		-1.0
	48914.99999995	8.41278		2.28544     0.2    0.2		4.1705503158		-1.0
	48959.99999995	8.03797		1.97616     0.2    0.2		4.1705503158		-1.0
	49004.99999995	7.85099		1.70081     0.2    0.2		4.1705503158		-1.0
	49049.99999995	8.36964		1.83162     0.2    0.2		4.1705503158		-1.0
	49094.99999995	9.86321		2.18449     0.2    0.2		4.1705503158		-1.0
	49139.99999995	10.76112		2.00084     0.2    0.2		4.1705503158		-1.0
	49184.99999995	12.09325		1.80415     0.2    0.2		4.1705503158		-1.0
	49229.99999995	12.98499		1.74829     0.2    0.2		4.1705503158		-1.0
	49274.99999995	13.81125		1.93923     0.2    0.2		4.1705503158		-1.0
	49319.99999995	14.503		1.94938     0.2    0.2		4.1705503158		-1.0
	49364.99999995	15.31986		2.07315     0.2    0.2		4.1705503158		-1.0
	49409.99999995	16.01252		1.84811     0.2    0.2		4.1705503158		-1.0
	49454.99999995	16.21812		0.9343     0.2    0.2		4.1705503158		-1.0
	49499.99999995	16.48114		0.35823     0.2    0.2		4.1705503158		-1.0
	49544.99999995	16.2272		-0.23189     0.2    0.2		4.1705503158		-1.0
	49589.99999995	15.80466		-0.04037     0.2    0.2		4.1705503158		-1.0
	49634.99999995	15.18412		-0.65778     0.2    0.2		4.1705503158		-1.0
	49679.99999995	14.42684		-0.66639     0.2    0.2		4.1705503158		-1.0
	49724.99999995	13.88648		-0.58573     0.2    0.2		4.1705503158		-1.0
	49769.99999995	13.6476		-0.56753     0.2    0.2		4.1705503158		-1.0
	49814.99999995	13.04023		-0.1664     0.2    0.2		4.1705503158		-1.0
	49859.99999995	12.01023		0.11886     0.2    0.2		4.1705503158		-1.0
	49904.99999995	10.96595		0.27688     0.2    0.2		4.1705503158		-1.0
	49949.99999995	9.99634		0.85477     0.2    0.2		4.1705503158		-1.0
	49994.99999995	9.30567		1.52996     0.2    0.2		4.1705503158		-1.0
