	45.00000000	2.83063		-2.92809     0.2    0.2		4.1705503158		-1.0
	90.00000000	2.91589		-2.81618     0.2    0.2		4.1705503158		-1.0
	135.00000000	2.9642		-2.77331     0.2    0.2		4.1705503158		-1.0
	180.00000000	2.89185		-2.75469     0.2    0.2		4.1705503158		-1.0
	225.00000000	2.91593		-2.55093     0.2    0.2		4.1705503158		-1.0
	270.00000000	2.80634		-2.0481     0.2    0.2		4.1705503158		-1.0
	315.00000000	3.01973		-1.67682     0.2    0.2		4.1705503158		-1.0
	360.00000000	2.92366		-1.28285     0.2    0.2		4.1705503158		-1.0
	405.00000000	2.83324		-0.96567     0.2    0.2		4.1705503158		-1.0
	450.00000000	3.03609		-0.89327     0.2    0.2		4.1705503158		-1.0
	495.00000000	2.85429		-0.49524     0.2    0.2		4.1705503158		-1.0
	540.00000000	2.97655		-0.85322     0.2    0.2		4.1705503158		-1.0
	585.00000000	2.83045		-1.13518     0.2    0.2		4.1705503158		-1.0
	630.00000000	2.9388		-1.35287     0.2    0.2		4.1705503158		-1.0
	675.00000000	2.91333		-1.59813     0.2    0.2		4.1705503158		-1.0
	720.00000000	2.86917		-1.55033     0.2    0.2		4.1705503158		-1.0
	765.00000000	2.89269		-1.98775     0.2    0.2		4.1705503158		-1.0
	810.00000000	2.94922		-2.13899     0.2    0.2		4.1705503158		-1.0
	855.00000000	2.9997		-2.28818     0.2    0.2		4.1705503158		-1.0
	900.00000000	3.02898		-2.77775     0.2    0.2		4.1705503158		-1.0
	945.00000000	2.85113		-2.72533     0.2    0.2		4.1705503158		-1.0
	990.00000000	2.88776		-3.12149     0.2    0.2		4.1705503158		-1.0
	1035.00000000	2.85291		2.89456     0.2    0.2		4.1705503158		-1.0
	1080.00000000	3.07096		2.9616     0.2    0.2		4.1705503158		-1.0
	1125.00000000	2.89416		2.75761     0.2    0.2		4.1705503158		-1.0
	1170.00000000	2.81445		2.83354     0.2    0.2		4.1705503158		-1.0
	1215.00000000	2.86313		2.45436     0.2    0.2		4.1705503158		-1.0
	1260.00000000	3.06815		2.4398     0.2    0.2		4.1705503158		-1.0
	1305.00000000	2.84751		2.12891     0.2    0.2		4.1705503158		-1.0
	1350.00000000	2.99975		1.73987     0.2    0.2		4.1705503158		-1.0
	1395.00000000	2.87133		1.30958     0.2    0.2		4.1705503158		-1.0
	1440.00000000	2.96259		0.88625     0.2    0.2		4.1705503158		-1.0
	1485.00000000	2.84513		0.46336     0.2    0.2		4.1705503158		-1.0
	1530.00000000	2.88003		0.56131     0.2    0.2		4.1705503158		-1.0
	1575.00000000	3.13448		0.81069     0.2    0.2		4.1705503158		-1.0
	1620.00000000	2.9209		1.1473     0.2    0.2		4.1705503158		-1.0
	1665.00000000	2.77176		1.43713     0.2    0.2		4.1705503158		-1.0
	1710.00000000	2.91069		1.67944     0.2    0.2		4.1705503158		-1.0
	1755.00000000	3.06868		1.4561     0.2    0.2		4.1705503158		-1.0
	1800.00000000	3.11915		1.44824     0.2    0.2		4.1705503158		-1.0
	1845.00000000	2.89247		1.25556     0.2    0.2		4.1705503158		-1.0
	1890.00000000	2.72899		0.89648     0.2    0.2		4.1705503158		-1.0
	1935.00000000	2.88362		0.85396     0.2    0.2		4.1705503158		-1.0
	1980.00000000	2.9238		0.88531     0.2    0.2		4.1705503158		-1.0
	2025.00000000	3.03244		0.99954     0.2    0.2		4.1705503158		-1.0
	2070.00000000	3.00825		1.31173     0.2    0.2		4.1705503158		-1.0
	2115.00000000	3.09656		1.5831     0.2    0.2		4.1705503158		-1.0
	2160.00000000	2.95328		2.03032     0.2    0.2		4.1705503158		-1.0
	2205.00000000	2.7847		1.98952     0.2    0.2		4.1705503158		-1.0
	2250.00000000	2.7878		2.38622     0.2    0.2		4.1705503158		-1.0
	2295.00000000	3.05715		2.66915     0.2    0.2		4.1705503158		-1.0
	2340.00000000	3.15471		2.53236     0.2    0.2		4.1705503158		-1.0
	2385.00000000	2.99353		2.84727     0.2    0.2		4.1705503158		-1.0
	2430.00000000	2.95654		-3.08291     0.2    0.2		4.1705503158		-1.0
	2475.00000000	2.82096		-2.9327     0.2    0.2		4.1705503158		-1.0
	2520.00000000	2.9803		-2.96532     0.2    0.2		4.1705503158		-1.0
	2565.00000000	2.98445		3.00035     0.2    0.2		4.1705503158		-1.0
	2610.00000000	2.76265		2.4151     0.2    0.2		4.1705503158		-1.0
	2655.00000000	2.75569		1.95112     0.2    0.2		4.1705503158		-1.0
	2700.00000000	2.84408		1.90052     0.2    0.2		4.1705503158		-1.0
	2745.00000000	3.07694		1.71126     0.2    0.2		4.1705503158		-1.0
	2790.00000000	3.10235		1.84822     0.2    0.2		4.1705503158		-1.0
	2835.00000000	3.31003		1.91226     0.2    0.2		4.1705503158		-1.0
	2880.00000000	3.17564		1.88915     0.2    0.2		4.1705503158		-1.0
	2925.00000000	3.04845		2.09111     0.2    0.2		4.1705503158		-1.0
	2970.00000000	2.89047		2.21725     0.2    0.2		4.1705503158		-1.0
	3015.00000000	2.74746		2.49662     0.2    0.2		4.1705503158		-1.0
	3060.00000000	2.71763		2.66748     0.2    0.2		4.1705503158		-1.0
	3105.00000000	2.74758		2.83097     0.2    0.2		4.1705503158		-1.0
	3150.00000000	3.0278		2.83537     0.2    0.2		4.1705503158		-1.0
	3195.00000000	2.99731		-3.11411     0.2    0.2		4.1705503158		-1.0
	3240.00000000	2.98762		-3.00146     0.2    0.2		4.1705503158		-1.0
	3285.00000000	2.85023		-2.63747     0.2    0.2		4.1705503158		-1.0
	3330.00000000	2.76122		-2.14138     0.2    0.2		4.1705503158		-1.0
	3375.00000000	2.87226		-1.765     0.2    0.2		4.1705503158		-1.0
	3420.00000000	2.8388		-1.47089     0.2    0.2		4.1705503158		-1.0
	3465.00000000	3.03762		-1.25429     0.2    0.2		4.1705503158		-1.0
	3510.00000000	3.04773		-1.19749     0.2    0.2		4.1705503158		-1.0
	3555.00000000	3.02242		-1.23529     0.2    0.2		4.1705503158		-1.0
	3600.00000000	2.97769		-0.94307     0.2    0.2		4.1705503158		-1.0
	3645.00000000	3.12295		-0.82348     0.2    0.2		4.1705503158		-1.0
	3690.00000000	2.87887		-0.76831     0.2    0.2		4.1705503158		-1.0
	3735.00000000	2.84761		-0.5452     0.2    0.2		4.1705503158		-1.0
	3780.00000000	2.92268		-0.14796     0.2    0.2		4.1705503158		-1.0
	3825.00000000	3.03746		-0.15612     0.2    0.2		4.1705503158		-1.0
	3870.00000000	2.93567		0.25715     0.2    0.2		4.1705503158		-1.0
	3915.00000000	2.89892		0.49701     0.2    0.2		4.1705503158		-1.0
	3960.00000000	2.83841		0.62695     0.2    0.2		4.1705503158		-1.0
	4005.00000000	2.8365		0.8025     0.2    0.2		4.1705503158		-1.0
	4050.00000000	2.75408		1.0794     0.2    0.2		4.1705503158		-1.0
	4095.00000000	2.73702		1.45569     0.2    0.2		4.1705503158		-1.0
	4140.00000000	2.75008		1.64267     0.2    0.2		4.1705503158		-1.0
	4185.00000000	2.78778		1.28081     0.2    0.2		4.1705503158		-1.0
	4230.00000000	2.84461		1.11487     0.2    0.2		4.1705503158		-1.0
	4275.00000000	2.99292		0.81521     0.2    0.2		4.1705503158		-1.0
	4320.00000000	2.99958		0.69703     0.2    0.2		4.1705503158		-1.0
	4365.00000000	2.98497		0.57098     0.2    0.2		4.1705503158		-1.0
	4410.00000000	2.87588		0.34297     0.2    0.2		4.1705503158		-1.0
	4455.00000000	2.82558		0.06456     0.2    0.2		4.1705503158		-1.0
	4500.00000000	2.8174		-0.23618     0.2    0.2		4.1705503158		-1.0
	4545.00000000	2.79088		-0.51332     0.2    0.2		4.1705503158		-1.0
	4590.00000000	3.02065		-0.35873     0.2    0.2		4.1705503158		-1.0
	4635.00000000	2.95129		-0.8235     0.2    0.2		4.1705503158		-1.0
	4680.00000000	2.98008		-0.79323     0.2    0.2		4.1705503158		-1.0
	4725.00000000	2.97836		-1.14887     0.2    0.2		4.1705503158		-1.0
	4770.00000000	3.02754		-1.21781     0.2    0.2		4.1705503158		-1.0
	4815.00000000	2.87943		-1.48646     0.2    0.2		4.1705503158		-1.0
	4860.00000000	2.85836		-1.88457     0.2    0.2		4.1705503158		-1.0
	4905.00000000	2.87559		-2.16448     0.2    0.2		4.1705503158		-1.0
	4950.00000000	2.96785		-2.5137     0.2    0.2		4.1705503158		-1.0
	4995.00000000	3.0953		-2.40844     0.2    0.2		4.1705503158		-1.0
	5040.00000000	3.06835		-2.46673     0.2    0.2		4.1705503158		-1.0
	5085.00000000	3.10209		-2.2202     0.2    0.2		4.1705503158		-1.0
	5130.00000000	2.89581		-1.99417     0.2    0.2		4.1705503158		-1.0
	5175.00000000	3.06379		-1.58057     0.2    0.2		4.1705503158		-1.0
	5220.00000000	2.97892		-1.4929     0.2    0.2		4.1705503158		-1.0
	5265.00000000	2.74634		-1.18314     0.2    0.2		4.1705503158		-1.0
	5310.00000000	2.79877		-1.00932     0.2    0.2		4.1705503158		-1.0
	5355.00000000	2.74161		-0.83801     0.2    0.2		4.1705503158		-1.0
	5400.00000000	2.92824		-1.22644     0.2    0.2		4.1705503158		-1.0
	5445.00000000	2.84737		-1.47872     0.2    0.2		4.1705503158		-1.0
	5490.00000000	3.09307		-1.4825     0.2    0.2		4.1705503158		-1.0
	5535.00000000	2.74692		-1.77402     0.2    0.2		4.1705503158		-1.0
	5580.00000000	2.72439		-2.02033     0.2    0.2		4.1705503158		-1.0
	5625.00000000	2.72764		-2.51779     0.2    0.2		4.1705503158		-1.0
	5670.00000000	2.87303		-2.50712     0.2    0.2		4.1705503158		-1.0
	5715.00000000	2.95923		-2.70694     0.2    0.2		4.1705503158		-1.0
	5760.00000000	3.20593		-3.10402     0.2    0.2		4.1705503158		-1.0
	5805.00000000	3.10965		3.02993     0.2    0.2		4.1705503158		-1.0
	5850.00000000	3.00676		3.04745     0.2    0.2		4.1705503158		-1.0
	5895.00000000	2.67884		-3.10376     0.2    0.2		4.1705503158		-1.0
	5940.00000000	2.62098		-2.89344     0.2    0.2		4.1705503158		-1.0
	5985.00000000	3.14131		-2.87108     0.2    0.2		4.1705503158		-1.0
	6030.00000000	3.18292		-2.6288     0.2    0.2		4.1705503158		-1.0
	6075.00000000	2.89803		-2.39223     0.2    0.2		4.1705503158		-1.0
	6120.00000000	2.74673		-2.25242     0.2    0.2		4.1705503158		-1.0
	6165.00000000	2.86937		-1.88689     0.2    0.2		4.1705503158		-1.0
	6210.00000000	3.00371		-1.45278     0.2    0.2		4.1705503158		-1.0
	6255.00000000	3.32833		-1.28487     0.2    0.2		4.1705503158		-1.0
	6300.00000000	3.25945		-0.77242     0.2    0.2		4.1705503158		-1.0
	6345.00000000	3.15136		-0.35309     0.2    0.2		4.1705503158		-1.0
	6390.00000000	3.1024		-0.11234     0.2    0.2		4.1705503158		-1.0
	6435.00000000	2.7602		0.20841     0.2    0.2		4.1705503158		-1.0
	6480.00000000	2.8127		0.50115     0.2    0.2		4.1705503158		-1.0
	6525.00000000	3.03576		1.00648     0.2    0.2		4.1705503158		-1.0
	6570.00000000	3.01254		1.50037     0.2    0.2		4.1705503158		-1.0
	6615.00000000	2.86364		1.83121     0.2    0.2		4.1705503158		-1.0
	6660.00000000	2.97261		2.00213     0.2    0.2		4.1705503158		-1.0
	6705.00000000	2.80357		2.06046     0.2    0.2		4.1705503158		-1.0
	6750.00000000	2.90523		2.32887     0.2    0.2		4.1705503158		-1.0
	6795.00000000	3.02225		2.47289     0.2    0.2		4.1705503158		-1.0
	6840.00000000	2.88112		2.68694     0.2    0.2		4.1705503158		-1.0
	6885.00000000	2.95698		2.58702     0.2    0.2		4.1705503158		-1.0
	6930.00000000	3.06807		2.75574     0.2    0.2		4.1705503158		-1.0
	6975.00000000	3.08342		2.61385     0.2    0.2		4.1705503158		-1.0
	7020.00000000	2.85395		2.29653     0.2    0.2		4.1705503158		-1.0
	7065.00000000	2.91244		2.24525     0.2    0.2		4.1705503158		-1.0
	7110.00000000	2.97486		2.22218     0.2    0.2		4.1705503158		-1.0
	7155.00000000	2.84047		2.35766     0.2    0.2		4.1705503158		-1.0
	7200.00000000	2.70093		2.57669     0.2    0.2		4.1705503158		-1.0
	7245.00000000	3.13882		2.94734     0.2    0.2		4.1705503158		-1.0
	7290.00000000	2.81896		-3.13422     0.2    0.2		4.1705503158		-1.0
	7335.00000000	2.86258		3.13955     0.2    0.2		4.1705503158		-1.0
	7380.00000000	2.95141		2.90114     0.2    0.2		4.1705503158		-1.0
	7425.00000000	2.76909		2.65848     0.2    0.2		4.1705503158		-1.0
	7470.00000000	3.23897		2.66649     0.2    0.2		4.1705503158		-1.0
	7515.00000000	3.22453		2.37356     0.2    0.2		4.1705503158		-1.0
	7560.00000000	3.29856		2.52013     0.2    0.2		4.1705503158		-1.0
	7605.00000000	3.13242		2.30444     0.2    0.2		4.1705503158		-1.0
	7650.00000000	2.89342		1.95282     0.2    0.2		4.1705503158		-1.0
	7695.00000000	2.80374		1.59379     0.2    0.2		4.1705503158		-1.0
	7740.00000000	3.12732		1.35549     0.2    0.2		4.1705503158		-1.0
	7785.00000000	3.15538		0.90523     0.2    0.2		4.1705503158		-1.0
	7830.00000000	3.09245		0.45313     0.2    0.2		4.1705503158		-1.0
	7875.00000000	3.08335		0.28909     0.2    0.2		4.1705503158		-1.0
	7920.00000000	3.04661		-0.0417     0.2    0.2		4.1705503158		-1.0
	7965.00000000	2.98665		-0.34329     0.2    0.2		4.1705503158		-1.0
	8010.00000000	3.16099		-0.5883     0.2    0.2		4.1705503158		-1.0
	8055.00000000	2.95735		-0.74678     0.2    0.2		4.1705503158		-1.0
	8100.00000000	2.85496		-0.31517     0.2    0.2		4.1705503158		-1.0
	8145.00000000	2.82389		-0.43361     0.2    0.2		4.1705503158		-1.0
	8190.00000000	2.79173		-0.07799     0.2    0.2		4.1705503158		-1.0
	8235.00000000	2.83718		0.04303     0.2    0.2		4.1705503158		-1.0
	8280.00000000	3.04738		0.48201     0.2    0.2		4.1705503158		-1.0
	8325.00000000	2.94197		0.368     0.2    0.2		4.1705503158		-1.0
	8370.00000000	2.74286		0.49871     0.2    0.2		4.1705503158		-1.0
	8415.00000000	3.02208		0.98389     0.2    0.2		4.1705503158		-1.0
	8460.00000000	2.82262		1.31074     0.2    0.2		4.1705503158		-1.0
	8505.00000000	2.82411		1.55401     0.2    0.2		4.1705503158		-1.0
	8550.00000000	2.97006		0.91074     0.2    0.2		4.1705503158		-1.0
	8595.00000000	2.74364		0.94596     0.2    0.2		4.1705503158		-1.0
	8640.00000000	2.68402		0.42383     0.2    0.2		4.1705503158		-1.0
	8685.00000000	3.00403		0.87252     0.2    0.2		4.1705503158		-1.0
	8730.00000000	3.00783		1.22997     0.2    0.2		4.1705503158		-1.0
	8775.00000000	3.18554		1.7548     0.2    0.2		4.1705503158		-1.0
	8820.00000000	2.85437		1.62073     0.2    0.2		4.1705503158		-1.0
	8865.00000000	2.87869		1.54531     0.2    0.2		4.1705503158		-1.0
	8910.00000000	2.79722		1.1583     0.2    0.2		4.1705503158		-1.0
	8955.00000000	2.64861		1.18368     0.2    0.2		4.1705503158		-1.0
	9000.00000000	3.1647		1.05532     0.2    0.2		4.1705503158		-1.0
	9045.00000000	2.93014		1.25785     0.2    0.2		4.1705503158		-1.0
	9090.00000000	2.80572		1.28413     0.2    0.2		4.1705503158		-1.0
	9135.00000000	2.89747		1.76384     0.2    0.2		4.1705503158		-1.0
	9180.00000000	2.8126		1.8457     0.2    0.2		4.1705503158		-1.0
	9225.00000000	3.32694		2.23815     0.2    0.2		4.1705503158		-1.0
	9270.00000000	3.10914		2.20286     0.2    0.2		4.1705503158		-1.0
	9315.00000000	3.27872		2.20723     0.2    0.2		4.1705503158		-1.0
	9360.00000000	2.71975		2.06203     0.2    0.2		4.1705503158		-1.0
	9405.00000000	3.31388		1.89128     0.2    0.2		4.1705503158		-1.0
	9450.00000000	2.71847		1.72872     0.2    0.2		4.1705503158		-1.0
	9495.00000000	3.30559		1.34806     0.2    0.2		4.1705503158		-1.0
	9540.00000000	3.34752		1.06656     0.2    0.2		4.1705503158		-1.0
	9585.00000000	2.89374		0.68976     0.2    0.2		4.1705503158		-1.0
	9630.00000000	2.75773		0.63991     0.2    0.2		4.1705503158		-1.0
	9675.00000000	3.05717		0.24268     0.2    0.2		4.1705503158		-1.0
	9720.00000000	2.76845		0.07328     0.2    0.2		4.1705503158		-1.0
	9765.00000000	2.91224		-0.1944     0.2    0.2		4.1705503158		-1.0
	9810.00000000	3.04631		-0.1265     0.2    0.2		4.1705503158		-1.0
	9855.00000000	2.82972		-0.39759     0.2    0.2		4.1705503158		-1.0
	9900.00000000	3.04689		-0.66149     0.2    0.2		4.1705503158		-1.0
	9945.00000000	3.10795		-1.11626     0.2    0.2		4.1705503158		-1.0
	9990.00000000	3.24083		-1.33091     0.2    0.2		4.1705503158		-1.0
	10035.00000000	3.05496		-1.70553     0.2    0.2		4.1705503158		-1.0
	10080.00000000	3.14854		-1.83511     0.2    0.2		4.1705503158		-1.0
	10125.00000000	3.07584		-2.17357     0.2    0.2		4.1705503158		-1.0
	10170.00000000	3.10007		-2.27811     0.2    0.2		4.1705503158		-1.0
	10215.00000000	3.09565		-2.31239     0.2    0.2		4.1705503158		-1.0
	10260.00000000	3.11789		-2.69985     0.2    0.2		4.1705503158		-1.0
	10305.00000000	3.23405		-2.64423     0.2    0.2		4.1705503158		-1.0
	10350.00000000	2.68458		-2.42692     0.2    0.2		4.1705503158		-1.0
	10395.00000000	2.83052		-2.99365     0.2    0.2		4.1705503158		-1.0
	10440.00000000	2.76951		2.85606     0.2    0.2		4.1705503158		-1.0
	10485.00000000	2.8618		2.49924     0.2    0.2		4.1705503158		-1.0
	10530.00000000	2.93922		2.80009     0.2    0.2		4.1705503158		-1.0
	10575.00000000	2.73829		-2.96876     0.2    0.2		4.1705503158		-1.0
	10620.00000000	2.72399		-2.34025     0.2    0.2		4.1705503158		-1.0
	10665.00000000	2.80893		-2.51511     0.2    0.2		4.1705503158		-1.0
	10710.00000000	2.79487		-2.43476     0.2    0.2		4.1705503158		-1.0
	10755.00000000	2.80147		-2.25281     0.2    0.2		4.1705503158		-1.0
	10800.00000000	3.2131		-1.79233     0.2    0.2		4.1705503158		-1.0
	10845.00000001	3.12662		-1.78353     0.2    0.2		4.1705503158		-1.0
	10890.00000001	2.96232		-1.84626     0.2    0.2		4.1705503158		-1.0
	10935.00000001	2.86638		-1.47688     0.2    0.2		4.1705503158		-1.0
	10980.00000001	2.68011		-1.40213     0.2    0.2		4.1705503158		-1.0
	11025.00000001	2.87037		-1.81175     0.2    0.2		4.1705503158		-1.0
	11070.00000001	2.76149		-1.65003     0.2    0.2		4.1705503158		-1.0
	11115.00000001	2.75741		-1.5276     0.2    0.2		4.1705503158		-1.0
	11160.00000001	3.34232		-1.92945     0.2    0.2		4.1705503158		-1.0
	11205.00000001	3.22301		-1.99101     0.2    0.2		4.1705503158		-1.0
	11250.00000001	2.771		-1.92551     0.2    0.2		4.1705503158		-1.0
	11295.00000001	3.04375		-2.38755     0.2    0.2		4.1705503158		-1.0
	11340.00000001	3.06994		-2.5565     0.2    0.2		4.1705503158		-1.0
	11385.00000001	2.61808		-2.63458     0.2    0.2		4.1705503158		-1.0
	11430.00000001	3.09839		-2.94315     0.2    0.2		4.1705503158		-1.0
	11475.00000001	3.22134		-3.0318     0.2    0.2		4.1705503158		-1.0
	11520.00000001	3.27308		3.09165     0.2    0.2		4.1705503158		-1.0
	11565.00000001	3.1929		3.00758     0.2    0.2		4.1705503158		-1.0
	11610.00000001	3.19588		-3.13834     0.2    0.2		4.1705503158		-1.0
	11655.00000001	3.28437		-3.05734     0.2    0.2		4.1705503158		-1.0
	11700.00000001	3.26544		-2.54462     0.2    0.2		4.1705503158		-1.0
	11745.00000001	3.34559		-2.20745     0.2    0.2		4.1705503158		-1.0
	11790.00000001	3.03174		-1.96668     0.2    0.2		4.1705503158		-1.0
	11835.00000001	3.21989		-1.55232     0.2    0.2		4.1705503158		-1.0
	11880.00000001	3.31321		-1.37127     0.2    0.2		4.1705503158		-1.0
	11925.00000001	2.88959		-0.68387     0.2    0.2		4.1705503158		-1.0
	11970.00000001	2.6574		-0.65142     0.2    0.2		4.1705503158		-1.0
	12015.00000001	2.70185		-1.05603     0.2    0.2		4.1705503158		-1.0
	12060.00000001	2.83735		-1.0572     0.2    0.2		4.1705503158		-1.0
	12105.00000001	2.97605		-0.87574     0.2    0.2		4.1705503158		-1.0
	12150.00000001	2.73864		-0.58789     0.2    0.2		4.1705503158		-1.0
	12195.00000001	3.19434		-0.46627     0.2    0.2		4.1705503158		-1.0
	12240.00000001	3.27418		-0.39495     0.2    0.2		4.1705503158		-1.0
	12285.00000001	2.86641		-0.52597     0.2    0.2		4.1705503158		-1.0
	12330.00000001	3.23977		-0.74786     0.2    0.2		4.1705503158		-1.0
	12375.00000001	3.36905		-1.09539     0.2    0.2		4.1705503158		-1.0
	12420.00000001	2.98358		-1.24742     0.2    0.2		4.1705503158		-1.0
	12465.00000001	2.85236		-1.02399     0.2    0.2		4.1705503158		-1.0
	12510.00000001	2.69408		-0.9232     0.2    0.2		4.1705503158		-1.0
	12555.00000001	2.65165		-1.07469     0.2    0.2		4.1705503158		-1.0
	12600.00000001	3.05438		-1.03899     0.2    0.2		4.1705503158		-1.0
	12645.00000001	3.22398		-0.99599     0.2    0.2		4.1705503158		-1.0
	12690.00000001	3.14168		-0.93048     0.2    0.2		4.1705503158		-1.0
	12735.00000001	3.30696		-1.0235     0.2    0.2		4.1705503158		-1.0
	12780.00000001	3.27194		-1.09103     0.2    0.2		4.1705503158		-1.0
	12825.00000001	2.809		-0.75362     0.2    0.2		4.1705503158		-1.0
	12870.00000001	2.71843		-0.84712     0.2    0.2		4.1705503158		-1.0
	12915.00000001	2.7005		-0.56321     0.2    0.2		4.1705503158		-1.0
	12960.00000001	3.16019		-0.39839     0.2    0.2		4.1705503158		-1.0
	13005.00000001	2.81765		-0.22124     0.2    0.2		4.1705503158		-1.0
	13050.00000001	3.29301		-0.00449     0.2    0.2		4.1705503158		-1.0
	13095.00000001	2.74518		0.15779     0.2    0.2		4.1705503158		-1.0
	13140.00000001	2.78896		-0.03713     0.2    0.2		4.1705503158		-1.0
	13185.00000001	3.08205		0.19265     0.2    0.2		4.1705503158		-1.0
	13230.00000001	3.23647		-0.04099     0.2    0.2		4.1705503158		-1.0
	13275.00000001	2.74394		-0.01292     0.2    0.2		4.1705503158		-1.0
	13320.00000001	2.80044		0.34648     0.2    0.2		4.1705503158		-1.0
	13365.00000001	3.1231		0.30689     0.2    0.2		4.1705503158		-1.0
	13410.00000001	2.88976		0.10871     0.2    0.2		4.1705503158		-1.0
	13455.00000001	3.01636		0.42897     0.2    0.2		4.1705503158		-1.0
	13500.00000001	3.20828		0.64467     0.2    0.2		4.1705503158		-1.0
	13545.00000001	3.23781		0.49674     0.2    0.2		4.1705503158		-1.0
	13590.00000001	3.30488		0.64946     0.2    0.2		4.1705503158		-1.0
	13635.00000001	3.31986		0.97931     0.2    0.2		4.1705503158		-1.0
	13680.00000001	3.25864		0.70142     0.2    0.2		4.1705503158		-1.0
	13725.00000001	3.3145		0.86584     0.2    0.2		4.1705503158		-1.0
	13770.00000001	2.80681		0.84172     0.2    0.2		4.1705503158		-1.0
	13815.00000001	3.14544		0.90135     0.2    0.2		4.1705503158		-1.0
	13860.00000001	2.83024		1.32402     0.2    0.2		4.1705503158		-1.0
	13905.00000001	2.80599		0.95888     0.2    0.2		4.1705503158		-1.0
	13950.00000001	2.67934		0.81701     0.2    0.2		4.1705503158		-1.0
	13995.00000001	2.60646		0.67605     0.2    0.2		4.1705503158		-1.0
	14040.00000001	3.4458		0.3334     0.2    0.2		4.1705503158		-1.0
	14085.00000001	3.26496		0.06503     0.2    0.2		4.1705503158		-1.0
	14130.00000001	2.92576		-0.12329     0.2    0.2		4.1705503158		-1.0
	14175.00000001	3.10245		-0.1374     0.2    0.2		4.1705503158		-1.0
	14220.00000001	3.12365		-0.51482     0.2    0.2		4.1705503158		-1.0
	14265.00000000	2.97229		-0.27915     0.2    0.2		4.1705503158		-1.0
	14310.00000000	2.92725		-0.38142     0.2    0.2		4.1705503158		-1.0
	14355.00000000	2.8095		-0.55     0.2    0.2		4.1705503158		-1.0
	14400.00000000	2.69145		-0.18711     0.2    0.2		4.1705503158		-1.0
	14445.00000000	3.43424		-0.59303     0.2    0.2		4.1705503158		-1.0
	14490.00000000	3.3513		-0.60088     0.2    0.2		4.1705503158		-1.0
	14535.00000000	3.15158		-0.78078     0.2    0.2		4.1705503158		-1.0
	14580.00000000	3.18376		-1.18882     0.2    0.2		4.1705503158		-1.0
	14625.00000000	3.27535		-1.21634     0.2    0.2		4.1705503158		-1.0
	14670.00000000	3.07353		-1.62132     0.2    0.2		4.1705503158		-1.0
	14715.00000000	3.17761		-1.70561     0.2    0.2		4.1705503158		-1.0
	14760.00000000	3.04124		-2.20259     0.2    0.2		4.1705503158		-1.0
	14805.00000000	2.79411		-2.4281     0.2    0.2		4.1705503158		-1.0
	14850.00000000	2.74062		-2.88626     0.2    0.2		4.1705503158		-1.0
	14895.00000000	2.68279		2.98078     0.2    0.2		4.1705503158		-1.0
	14940.00000000	2.7218		2.9323     0.2    0.2		4.1705503158		-1.0
	14985.00000000	2.79244		3.05702     0.2    0.2		4.1705503158		-1.0
	15030.00000000	2.71731		-2.87507     0.2    0.2		4.1705503158		-1.0
	15075.00000000	2.73331		-2.68035     0.2    0.2		4.1705503158		-1.0
	15120.00000000	3.21757		-2.4677     0.2    0.2		4.1705503158		-1.0
	15165.00000000	2.74257		-2.22099     0.2    0.2		4.1705503158		-1.0
	15210.00000000	2.75169		-1.8958     0.2    0.2		4.1705503158		-1.0
	15255.00000000	2.67303		-1.31974     0.2    0.2		4.1705503158		-1.0
	15300.00000000	2.72838		-1.05586     0.2    0.2		4.1705503158		-1.0
	15345.00000000	2.66051		-1.272     0.2    0.2		4.1705503158		-1.0
	15390.00000000	2.67867		-1.77536     0.2    0.2		4.1705503158		-1.0
	15435.00000000	2.74991		-2.1162     0.2    0.2		4.1705503158		-1.0
	15480.00000000	2.75581		-2.1834     0.2    0.2		4.1705503158		-1.0
	15525.00000000	2.91014		-2.2263     0.2    0.2		4.1705503158		-1.0
	15570.00000000	3.01468		-2.07743     0.2    0.2		4.1705503158		-1.0
	15615.00000000	2.76841		-1.69059     0.2    0.2		4.1705503158		-1.0
	15660.00000000	2.85573		-1.31043     0.2    0.2		4.1705503158		-1.0
	15705.00000000	2.88017		-1.40932     0.2    0.2		4.1705503158		-1.0
	15750.00000000	2.58666		-1.50948     0.2    0.2		4.1705503158		-1.0
	15795.00000000	2.71069		-1.42668     0.2    0.2		4.1705503158		-1.0
	15840.00000000	2.86169		-1.2532     0.2    0.2		4.1705503158		-1.0
	15885.00000000	2.77913		-1.47702     0.2    0.2		4.1705503158		-1.0
	15930.00000000	2.72869		-1.24391     0.2    0.2		4.1705503158		-1.0
	15975.00000000	2.7195		-1.03355     0.2    0.2		4.1705503158		-1.0
	16020.00000000	3.03023		-0.72645     0.2    0.2		4.1705503158		-1.0
	16065.00000000	3.15907		-0.37172     0.2    0.2		4.1705503158		-1.0
	16110.00000000	3.26159		-0.23183     0.2    0.2		4.1705503158		-1.0
	16155.00000000	2.9452		0.19263     0.2    0.2		4.1705503158		-1.0
	16200.00000000	2.65062		0.493     0.2    0.2		4.1705503158		-1.0
	16245.00000000	2.63841		0.7821     0.2    0.2		4.1705503158		-1.0
	16290.00000000	2.91447		1.27599     0.2    0.2		4.1705503158		-1.0
	16335.00000000	2.92687		1.70865     0.2    0.2		4.1705503158		-1.0
	16380.00000000	2.87692		2.05742     0.2    0.2		4.1705503158		-1.0
	16425.00000000	2.90411		2.48115     0.2    0.2		4.1705503158		-1.0
	16470.00000000	3.23017		3.02853     0.2    0.2		4.1705503158		-1.0
	16515.00000000	2.6569		-2.75603     0.2    0.2		4.1705503158		-1.0
	16560.00000000	2.70417		-2.696     0.2    0.2		4.1705503158		-1.0
	16605.00000000	3.27698		-2.74961     0.2    0.2		4.1705503158		-1.0
	16650.00000000	2.85519		-2.51693     0.2    0.2		4.1705503158		-1.0
	16695.00000000	3.33631		-2.75451     0.2    0.2		4.1705503158		-1.0
	16740.00000000	3.24481		-2.76433     0.2    0.2		4.1705503158		-1.0
	16785.00000000	3.37075		-2.84959     0.2    0.2		4.1705503158		-1.0
	16830.00000000	3.04776		-2.98902     0.2    0.2		4.1705503158		-1.0
	16875.00000000	2.85712		3.10626     0.2    0.2		4.1705503158		-1.0
	16920.00000000	2.93702		2.68535     0.2    0.2		4.1705503158		-1.0
	16965.00000000	2.96887		2.59752     0.2    0.2		4.1705503158		-1.0
	17010.00000000	3.11062		2.53103     0.2    0.2		4.1705503158		-1.0
	17055.00000000	2.55646		2.33515     0.2    0.2		4.1705503158		-1.0
	17100.00000000	3.31854		2.44917     0.2    0.2		4.1705503158		-1.0
	17145.00000000	3.24902		2.11247     0.2    0.2		4.1705503158		-1.0
	17190.00000000	2.77142		2.07934     0.2    0.2		4.1705503158		-1.0
	17235.00000000	2.9949		1.64095     0.2    0.2		4.1705503158		-1.0
	17280.00000000	3.20677		1.30523     0.2    0.2		4.1705503158		-1.0
	17325.00000000	3.26911		1.30975     0.2    0.2		4.1705503158		-1.0
	17370.00000000	3.17922		1.21867     0.2    0.2		4.1705503158		-1.0
	17415.00000000	3.26533		1.36626     0.2    0.2		4.1705503158		-1.0
	17460.00000000	3.0186		1.28347     0.2    0.2		4.1705503158		-1.0
	17505.00000000	2.65602		1.47288     0.2    0.2		4.1705503158		-1.0
	17550.00000000	2.59396		1.21116     0.2    0.2		4.1705503158		-1.0
	17595.00000000	2.74296		1.24626     0.2    0.2		4.1705503158		-1.0
	17640.00000000	2.69428		1.05039     0.2    0.2		4.1705503158		-1.0
	17685.00000000	2.66673		0.91244     0.2    0.2		4.1705503158		-1.0
	17730.00000000	2.6785		0.55405     0.2    0.2		4.1705503158		-1.0
	17775.00000000	2.72599		0.17205     0.2    0.2		4.1705503158		-1.0
	17820.00000000	2.79721		0.10914     0.2    0.2		4.1705503158		-1.0
	17865.00000000	2.82474		-0.1513     0.2    0.2		4.1705503158		-1.0
	17910.00000000	2.68687		-0.28486     0.2    0.2		4.1705503158		-1.0
	17955.00000000	2.69524		-0.59207     0.2    0.2		4.1705503158		-1.0
	18000.00000000	2.81348		-0.88998     0.2    0.2		4.1705503158		-1.0
	18045.00000000	2.61955		-0.62301     0.2    0.2		4.1705503158		-1.0
	18090.00000000	2.68448		-0.57772     0.2    0.2		4.1705503158		-1.0
	18135.00000000	3.25749		-0.4515     0.2    0.2		4.1705503158		-1.0
	18180.00000000	3.41852		-0.41088     0.2    0.2		4.1705503158		-1.0
	18225.00000000	3.22098		-0.21431     0.2    0.2		4.1705503158		-1.0
	18270.00000000	3.30436		-0.03554     0.2    0.2		4.1705503158		-1.0
	18315.00000000	3.3385		0.29417     0.2    0.2		4.1705503158		-1.0
	18360.00000000	3.4393		0.37842     0.2    0.2		4.1705503158		-1.0
	18405.00000000	2.91881		0.67675     0.2    0.2		4.1705503158		-1.0
	18450.00000000	3.10614		0.79915     0.2    0.2		4.1705503158		-1.0
	18495.00000000	3.17325		1.05185     0.2    0.2		4.1705503158		-1.0
	18540.00000000	3.25834		1.0323     0.2    0.2		4.1705503158		-1.0
	18585.00000000	3.22043		1.39664     0.2    0.2		4.1705503158		-1.0
	18630.00000000	3.2862		1.66589     0.2    0.2		4.1705503158		-1.0
	18675.00000000	3.21678		2.12218     0.2    0.2		4.1705503158		-1.0
	18720.00000000	3.28686		2.299     0.2    0.2		4.1705503158		-1.0
	18765.00000000	3.38774		2.65939     0.2    0.2		4.1705503158		-1.0
	18810.00000000	3.35591		2.81992     0.2    0.2		4.1705503158		-1.0
	18855.00000000	3.38776		3.0979     0.2    0.2		4.1705503158		-1.0
	18900.00000000	2.88103		-3.12723     0.2    0.2		4.1705503158		-1.0
	18945.00000000	2.75214		-2.98194     0.2    0.2		4.1705503158		-1.0
	18990.00000000	2.76516		-3.04802     0.2    0.2		4.1705503158		-1.0
	19035.00000000	2.71793		2.88143     0.2    0.2		4.1705503158		-1.0
	19080.00000000	2.77298		2.68203     0.2    0.2		4.1705503158		-1.0
	19125.00000000	2.74897		2.22338     0.2    0.2		4.1705503158		-1.0
	19170.00000000	2.6395		2.4104     0.2    0.2		4.1705503158		-1.0
	19215.00000000	2.74003		2.19737     0.2    0.2		4.1705503158		-1.0
	19260.00000000	3.04895		2.16532     0.2    0.2		4.1705503158		-1.0
	19305.00000000	3.0191		2.06868     0.2    0.2		4.1705503158		-1.0
	19350.00000000	2.61897		1.77722     0.2    0.2		4.1705503158		-1.0
	19395.00000000	2.76178		1.59705     0.2    0.2		4.1705503158		-1.0
	19440.00000000	2.6609		1.64754     0.2    0.2		4.1705503158		-1.0
	19485.00000000	2.67241		1.99027     0.2    0.2		4.1705503158		-1.0
	19530.00000000	2.70595		2.38634     0.2    0.2		4.1705503158		-1.0
	19575.00000000	2.6602		2.87591     0.2    0.2		4.1705503158		-1.0
	19620.00000000	2.63166		3.11717     0.2    0.2		4.1705503158		-1.0
	19665.00000000	2.72543		-3.04678     0.2    0.2		4.1705503158		-1.0
	19710.00000000	2.70095		-2.82125     0.2    0.2		4.1705503158		-1.0
	19755.00000000	2.8091		-2.81662     0.2    0.2		4.1705503158		-1.0
	19800.00000000	3.21881		-2.93699     0.2    0.2		4.1705503158		-1.0
	19845.00000000	3.48226		-2.65408     0.2    0.2		4.1705503158		-1.0
	19890.00000000	3.05021		-2.65542     0.2    0.2		4.1705503158		-1.0
	19935.00000000	3.10622		-2.42423     0.2    0.2		4.1705503158		-1.0
	19980.00000000	3.08054		-2.22432     0.2    0.2		4.1705503158		-1.0
	20025.00000000	3.03831		-1.914     0.2    0.2		4.1705503158		-1.0
	20070.00000000	3.11566		-1.94017     0.2    0.2		4.1705503158		-1.0
	20115.00000000	3.21283		-1.50989     0.2    0.2		4.1705503158		-1.0
	20160.00000000	3.44827		-1.69625     0.2    0.2		4.1705503158		-1.0
	20205.00000000	3.44088		-1.58146     0.2    0.2		4.1705503158		-1.0
	20250.00000000	3.37955		-1.98831     0.2    0.2		4.1705503158		-1.0
	20295.00000000	3.291		-2.12123     0.2    0.2		4.1705503158		-1.0
	20340.00000000	3.34305		-2.43789     0.2    0.2		4.1705503158		-1.0
	20385.00000000	3.34066		-2.49539     0.2    0.2		4.1705503158		-1.0
	20430.00000000	3.22623		-2.35979     0.2    0.2		4.1705503158		-1.0
	20475.00000000	3.2185		-2.72348     0.2    0.2		4.1705503158		-1.0
	20520.00000000	3.33121		-2.89821     0.2    0.2		4.1705503158		-1.0
	20565.00000000	3.17943		2.63826     0.2    0.2		4.1705503158		-1.0
	20610.00000000	3.51288		2.18443     0.2    0.2		4.1705503158		-1.0
	20655.00000000	3.39144		1.62936     0.2    0.2		4.1705503158		-1.0
	20700.00000000	3.1281		1.41031     0.2    0.2		4.1705503158		-1.0
	20744.99999999	3.1244		1.33044     0.2    0.2		4.1705503158		-1.0
	20789.99999999	3.15952		1.00923     0.2    0.2		4.1705503158		-1.0
	20834.99999999	3.25697		0.80407     0.2    0.2		4.1705503158		-1.0
	20879.99999999	3.12703		0.3732     0.2    0.2		4.1705503158		-1.0
	20924.99999999	3.09489		0.08254     0.2    0.2		4.1705503158		-1.0
	20969.99999999	3.07181		0.04459     0.2    0.2		4.1705503158		-1.0
	21014.99999999	3.23941		0.03718     0.2    0.2		4.1705503158		-1.0
	21059.99999999	3.30969		-0.00205     0.2    0.2		4.1705503158		-1.0
	21104.99999999	3.35102		0.09703     0.2    0.2		4.1705503158		-1.0
	21149.99999999	2.6781		0.01715     0.2    0.2		4.1705503158		-1.0
	21194.99999999	2.60815		0.31348     0.2    0.2		4.1705503158		-1.0
	21239.99999999	3.34388		0.42598     0.2    0.2		4.1705503158		-1.0
	21284.99999999	2.80437		0.2953     0.2    0.2		4.1705503158		-1.0
	21329.99999999	2.69227		0.638     0.2    0.2		4.1705503158		-1.0
	21374.99999999	3.61913		0.52196     0.2    0.2		4.1705503158		-1.0
	21419.99999999	3.19337		0.56635     0.2    0.2		4.1705503158		-1.0
	21464.99999999	3.30695		0.52295     0.2    0.2		4.1705503158		-1.0
	21509.99999999	3.01381		0.77365     0.2    0.2		4.1705503158		-1.0
	21554.99999999	3.19483		0.12101     0.2    0.2		4.1705503158		-1.0
	21599.99999999	3.26637		0.34202     0.2    0.2		4.1705503158		-1.0
	21644.99999999	3.48915		-0.14658     0.2    0.2		4.1705503158		-1.0
	21689.99999999	3.32212		-0.37424     0.2    0.2		4.1705503158		-1.0
	21734.99999999	3.23081		-0.77352     0.2    0.2		4.1705503158		-1.0
	21779.99999999	3.27809		-0.9419     0.2    0.2		4.1705503158		-1.0
	21824.99999999	3.27944		-1.42973     0.2    0.2		4.1705503158		-1.0
	21869.99999999	3.3736		-1.55201     0.2    0.2		4.1705503158		-1.0
	21914.99999999	3.36518		-1.96812     0.2    0.2		4.1705503158		-1.0
	21959.99999999	3.20383		-2.00255     0.2    0.2		4.1705503158		-1.0
	22004.99999999	3.17296		-2.11102     0.2    0.2		4.1705503158		-1.0
	22049.99999999	3.2399		-2.01287     0.2    0.2		4.1705503158		-1.0
	22094.99999999	3.39158		-1.78275     0.2    0.2		4.1705503158		-1.0
	22139.99999999	2.98484		-1.61495     0.2    0.2		4.1705503158		-1.0
	22184.99999999	2.7086		-1.62212     0.2    0.2		4.1705503158		-1.0
	22229.99999999	2.56271		-1.94459     0.2    0.2		4.1705503158		-1.0
	22274.99999999	3.4321		-2.10815     0.2    0.2		4.1705503158		-1.0
	22319.99999999	3.45308		-2.41     0.2    0.2		4.1705503158		-1.0
	22364.99999999	3.43185		-2.368     0.2    0.2		4.1705503158		-1.0
	22409.99999999	3.39959		-2.56566     0.2    0.2		4.1705503158		-1.0
	22454.99999999	3.43293		-2.3464     0.2    0.2		4.1705503158		-1.0
	22499.99999999	2.57504		-2.51454     0.2    0.2		4.1705503158		-1.0
	22544.99999999	2.55123		-2.33638     0.2    0.2		4.1705503158		-1.0
	22589.99999999	2.71586		-2.33883     0.2    0.2		4.1705503158		-1.0
	22634.99999999	2.6823		-2.44946     0.2    0.2		4.1705503158		-1.0
	22679.99999999	2.65402		-2.56298     0.2    0.2		4.1705503158		-1.0
	22724.99999999	3.63756		-2.84397     0.2    0.2		4.1705503158		-1.0
	22769.99999999	2.63591		-3.02339     0.2    0.2		4.1705503158		-1.0
	22814.99999999	3.5798		2.80481     0.2    0.2		4.1705503158		-1.0
	22859.99999999	3.20299		2.65549     0.2    0.2		4.1705503158		-1.0
	22904.99999999	3.12342		2.50522     0.2    0.2		4.1705503158		-1.0
	22949.99999999	3.36126		2.58751     0.2    0.2		4.1705503158		-1.0
	22994.99999999	3.43721		2.82552     0.2    0.2		4.1705503158		-1.0
	23039.99999999	2.55302		2.93312     0.2    0.2		4.1705503158		-1.0
	23084.99999999	3.37281		2.95256     0.2    0.2		4.1705503158		-1.0
	23129.99999999	3.15645		3.06169     0.2    0.2		4.1705503158		-1.0
	23174.99999999	3.21814		-3.13751     0.2    0.2		4.1705503158		-1.0
	23219.99999999	3.47527		-3.08502     0.2    0.2		4.1705503158		-1.0
	23264.99999999	3.43665		3.01445     0.2    0.2		4.1705503158		-1.0
	23309.99999999	2.88633		2.83893     0.2    0.2		4.1705503158		-1.0
	23354.99999999	3.57386		2.55066     0.2    0.2		4.1705503158		-1.0
	23399.99999999	3.03754		2.36109     0.2    0.2		4.1705503158		-1.0
	23444.99999999	3.17871		1.94724     0.2    0.2		4.1705503158		-1.0
	23034.99999999	2.67538		2.9349     0.2    0.2		4.1705503158		-1.0
	23079.99999999	3.27427		2.91594     0.2    0.2		4.1705503158		-1.0
	23124.99999999	3.13145		3.08466     0.2    0.2		4.1705503158		-1.0
	23169.99999999	3.27808		3.07439     0.2    0.2		4.1705503158		-1.0
	23214.99999999	3.37304		-3.07762     0.2    0.2		4.1705503158		-1.0
	23259.99999999	3.36013		3.04322     0.2    0.2		4.1705503158		-1.0
	23304.99999999	3.00838		2.79895     0.2    0.2		4.1705503158		-1.0
	23349.99999999	3.44064		2.56582     0.2    0.2		4.1705503158		-1.0
	23394.99999999	2.99989		2.36241     0.2    0.2		4.1705503158		-1.0
	23439.99999999	3.28979		1.96674     0.2    0.2		4.1705503158		-1.0
	23484.99999999	3.49565		1.58979     0.2    0.2		4.1705503158		-1.0
	23529.99999999	3.52055		1.54976     0.2    0.2		4.1705503158		-1.0
	23574.99999999	3.13289		1.60423     0.2    0.2		4.1705503158		-1.0
	23619.99999999	3.36461		1.8029     0.2    0.2		4.1705503158		-1.0
	23664.99999999	3.12015		2.06915     0.2    0.2		4.1705503158		-1.0
	23709.99999999	3.39162		1.99941     0.2    0.2		4.1705503158		-1.0
	23754.99999999	3.55073		1.75843     0.2    0.2		4.1705503158		-1.0
	23799.99999999	3.01731		1.63804     0.2    0.2		4.1705503158		-1.0
	23844.99999999	3.44577		1.20576     0.2    0.2		4.1705503158		-1.0
	23889.99999999	3.34845		0.56574     0.2    0.2		4.1705503158		-1.0
	23934.99999999	2.67818		0.45164     0.2    0.2		4.1705503158		-1.0
	23979.99999999	2.77552		0.3413     0.2    0.2		4.1705503158		-1.0
	24024.99999999	2.82018		0.31678     0.2    0.2		4.1705503158		-1.0
	24069.99999999	2.73993		0.1508     0.2    0.2		4.1705503158		-1.0
	24114.99999999	2.6961		0.43045     0.2    0.2		4.1705503158		-1.0
	24159.99999999	2.78338		0.52038     0.2    0.2		4.1705503158		-1.0
	24204.99999999	2.66713		0.94752     0.2    0.2		4.1705503158		-1.0
	24249.99999999	2.70494		0.98619     0.2    0.2		4.1705503158		-1.0
	24294.99999999	2.7011		1.42898     0.2    0.2		4.1705503158		-1.0
	24339.99999999	2.72224		1.72959     0.2    0.2		4.1705503158		-1.0
	24384.99999999	2.64008		2.04018     0.2    0.2		4.1705503158		-1.0
	24429.99999999	2.72579		2.15061     0.2    0.2		4.1705503158		-1.0
	24474.99999999	2.7559		2.34564     0.2    0.2		4.1705503158		-1.0
	24519.99999999	2.67065		2.53238     0.2    0.2		4.1705503158		-1.0
	24564.99999999	2.628		2.92419     0.2    0.2		4.1705503158		-1.0
	24609.99999999	2.75224		-3.01878     0.2    0.2		4.1705503158		-1.0
	24654.99999999	2.78578		-2.81332     0.2    0.2		4.1705503158		-1.0
	24699.99999999	2.89513		-2.68899     0.2    0.2		4.1705503158		-1.0
	24744.99999999	3.0057		-2.45498     0.2    0.2		4.1705503158		-1.0
	24789.99999999	2.80565		-2.37012     0.2    0.2		4.1705503158		-1.0
	24834.99999999	2.68863		-1.93115     0.2    0.2		4.1705503158		-1.0
	24879.99999999	2.66329		-1.9933     0.2    0.2		4.1705503158		-1.0
	24924.99999999	3.47727		-1.54664     0.2    0.2		4.1705503158		-1.0
	24969.99999999	3.31598		-1.07898     0.2    0.2		4.1705503158		-1.0
	25014.99999999	3.20391		-0.8506     0.2    0.2		4.1705503158		-1.0
	25059.99999999	3.13401		-0.79153     0.2    0.2		4.1705503158		-1.0
	25104.99999999	2.77141		-0.35929     0.2    0.2		4.1705503158		-1.0
	25149.99999999	2.79281		-0.39856     0.2    0.2		4.1705503158		-1.0
	25194.99999999	2.67555		0.01497     0.2    0.2		4.1705503158		-1.0
	25239.99999999	2.69616		-0.11213     0.2    0.2		4.1705503158		-1.0
	25284.99999999	2.72901		0.13874     0.2    0.2		4.1705503158		-1.0
	25329.99999999	2.67426		0.06878     0.2    0.2		4.1705503158		-1.0
	25374.99999999	2.83388		0.30321     0.2    0.2		4.1705503158		-1.0
	25419.99999999	3.48837		0.31103     0.2    0.2		4.1705503158		-1.0
	25464.99999999	3.46318		0.46609     0.2    0.2		4.1705503158		-1.0
	25509.99999999	2.96457		0.47382     0.2    0.2		4.1705503158		-1.0
	25554.99999999	3.4389		0.75239     0.2    0.2		4.1705503158		-1.0
	25599.99999999	3.3692		0.88041     0.2    0.2		4.1705503158		-1.0
	25644.99999999	3.35494		1.26465     0.2    0.2		4.1705503158		-1.0
	25689.99999999	3.1935		1.51216     0.2    0.2		4.1705503158		-1.0
	25734.99999999	3.31692		1.78917     0.2    0.2		4.1705503158		-1.0
	25779.99999999	2.60366		1.84623     0.2    0.2		4.1705503158		-1.0
	25824.99999999	3.28496		1.92513     0.2    0.2		4.1705503158		-1.0
	25869.99999999	2.77317		1.55057     0.2    0.2		4.1705503158		-1.0
	25914.99999999	2.65624		1.23551     0.2    0.2		4.1705503158		-1.0
	25959.99999999	2.68093		0.76953     0.2    0.2		4.1705503158		-1.0
	26004.99999999	2.6822		1.0226     0.2    0.2		4.1705503158		-1.0
	26049.99999999	2.66961		1.32954     0.2    0.2		4.1705503158		-1.0
	26094.99999999	2.69684		1.8147     0.2    0.2		4.1705503158		-1.0
	26139.99999999	2.63152		1.46502     0.2    0.2		4.1705503158		-1.0
	26184.99999999	2.76239		1.56048     0.2    0.2		4.1705503158		-1.0
	26229.99999999	2.72678		1.63473     0.2    0.2		4.1705503158		-1.0
	26274.99999999	2.84767		2.17223     0.2    0.2		4.1705503158		-1.0
	26319.99999999	2.62604		2.39123     0.2    0.2		4.1705503158		-1.0
	26364.99999999	2.62168		3.09336     0.2    0.2		4.1705503158		-1.0
	26409.99999999	2.68687		2.94421     0.2    0.2		4.1705503158		-1.0
	26454.99999999	3.49379		2.70383     0.2    0.2		4.1705503158		-1.0
	26499.99999999	2.63223		2.37282     0.2    0.2		4.1705503158		-1.0
	26544.99999999	3.4509		2.42647     0.2    0.2		4.1705503158		-1.0
	26589.99999999	3.27634		2.32854     0.2    0.2		4.1705503158		-1.0
	26634.99999999	3.12206		2.64372     0.2    0.2		4.1705503158		-1.0
	26679.99999999	3.04772		2.81237     0.2    0.2		4.1705503158		-1.0
	26724.99999999	3.60982		2.91327     0.2    0.2		4.1705503158		-1.0
	26769.99999999	3.13813		-3.11722     0.2    0.2		4.1705503158		-1.0
	26814.99999999	3.51207		-2.86901     0.2    0.2		4.1705503158		-1.0
	26859.99999999	3.59864		-2.73743     0.2    0.2		4.1705503158		-1.0
	26904.99999999	2.54926		-2.48428     0.2    0.2		4.1705503158		-1.0
	26949.99999999	3.74226		-2.47348     0.2    0.2		4.1705503158		-1.0
	26994.99999999	3.1238		-2.71371     0.2    0.2		4.1705503158		-1.0
	27039.99999999	3.46192		-2.31496     0.2    0.2		4.1705503158		-1.0
	27084.99999999	3.53385		-2.34587     0.2    0.2		4.1705503158		-1.0
	27129.99999999	3.40444		-1.86185     0.2    0.2		4.1705503158		-1.0
	27174.99999999	3.43472		-1.54435     0.2    0.2		4.1705503158		-1.0
	27219.99999999	3.44509		-1.34501     0.2    0.2		4.1705503158		-1.0
	27264.99999998	3.42738		-0.78098     0.2    0.2		4.1705503158		-1.0
	27309.99999998	3.26016		-1.01267     0.2    0.2		4.1705503158		-1.0
	27354.99999998	3.28753		-0.82123     0.2    0.2		4.1705503158		-1.0
	27399.99999998	3.40271		-1.09526     0.2    0.2		4.1705503158		-1.0
	27444.99999998	3.30933		-0.92774     0.2    0.2		4.1705503158		-1.0
	27489.99999998	2.99386		-1.19751     0.2    0.2		4.1705503158		-1.0
	27534.99999998	2.93277		-1.21592     0.2    0.2		4.1705503158		-1.0
	27579.99999998	2.79498		-1.0424     0.2    0.2		4.1705503158		-1.0
	27624.99999998	2.84052		-0.9238     0.2    0.2		4.1705503158		-1.0
	27669.99999998	2.60085		-0.6219     0.2    0.2		4.1705503158		-1.0
	27714.99999998	2.64797		-0.90689     0.2    0.2		4.1705503158		-1.0
	27759.99999998	2.80663		-0.91668     0.2    0.2		4.1705503158		-1.0
	27804.99999998	2.71505		-0.95021     0.2    0.2		4.1705503158		-1.0
	27849.99999998	2.71212		-1.47252     0.2    0.2		4.1705503158		-1.0
	27894.99999998	2.81819		-1.71528     0.2    0.2		4.1705503158		-1.0
	27939.99999998	2.65523		-1.72712     0.2    0.2		4.1705503158		-1.0
	27984.99999998	2.6064		-1.87754     0.2    0.2		4.1705503158		-1.0
	28029.99999998	3.55595		-1.47913     0.2    0.2		4.1705503158		-1.0
	28074.99999998	2.88165		-1.38585     0.2    0.2		4.1705503158		-1.0
	28119.99999998	2.56389		-1.1453     0.2    0.2		4.1705503158		-1.0
	28164.99999998	2.86391		-1.21432     0.2    0.2		4.1705503158		-1.0
	28209.99999998	4.38813		-1.3141     0.2    0.2		4.1705503158		-1.0
	28254.99999998	6.32385		-1.35911     0.2    0.2		4.1705503158		-1.0
	28299.99999998	7.88416		-1.30355     0.2    0.2		4.1705503158		-1.0
	28344.99999998	8.17107		-1.15619     0.2    0.2		4.1705503158		-1.0
	28389.99999998	7.78348		-0.95848     0.2    0.2		4.1705503158		-1.0
	28434.99999998	7.14731		-1.10517     0.2    0.2		4.1705503158		-1.0
	28479.99999998	6.2946		-1.14505     0.2    0.2		4.1705503158		-1.0
	28524.99999998	5.89893		-1.01873     0.2    0.2		4.1705503158		-1.0
	28569.99999998	5.39888		-0.7996     0.2    0.2		4.1705503158		-1.0
	28614.99999998	6.46946		-0.5588     0.2    0.2		4.1705503158		-1.0
	28659.99999998	7.35123		-0.65984     0.2    0.2		4.1705503158		-1.0
	28704.99999998	8.37614		-0.66375     0.2    0.2		4.1705503158		-1.0
	28749.99999998	9.48129		-0.66695     0.2    0.2		4.1705503158		-1.0
	28794.99999998	9.84557		-0.45038     0.2    0.2		4.1705503158		-1.0
	28839.99999998	10.07245		-0.1977     0.2    0.2		4.1705503158		-1.0
	28884.99999998	10.28147		0.06363     0.2    0.2		4.1705503158		-1.0
	28929.99999998	10.57951		0.21874     0.2    0.2		4.1705503158		-1.0
	28974.99999998	11.26427		0.29247     0.2    0.2		4.1705503158		-1.0
	29019.99999998	12.14294		-0.12451     0.2    0.2		4.1705503158		-1.0
	29064.99999998	12.4813		-0.43029     0.2    0.2		4.1705503158		-1.0
	29109.99999998	12.3731		-1.61428     0.2    0.2		4.1705503158		-1.0
	29154.99999998	11.86706		-2.13928     0.2    0.2		4.1705503158		-1.0
	29199.99999998	11.07513		-2.07724     0.2    0.2		4.1705503158		-1.0
	29244.99999998	10.17002		-2.16142     0.2    0.2		4.1705503158		-1.0
	29289.99999998	9.45832		-2.45739     0.2    0.2		4.1705503158		-1.0
	29334.99999998	8.90418		-2.67747     0.2    0.2		4.1705503158		-1.0
	29379.99999998	8.69022		-3.03043     0.2    0.2		4.1705503158		-1.0
	29424.99999998	8.2758		2.93568     0.2    0.2		4.1705503158		-1.0
	29469.99999998	7.59984		2.61399     0.2    0.2		4.1705503158		-1.0
	29514.99999998	6.96433		2.46663     0.2    0.2		4.1705503158		-1.0
	29559.99999998	6.53551		2.86588     0.2    0.2		4.1705503158		-1.0
	29604.99999998	6.47817		3.14148     0.2    0.2		4.1705503158		-1.0
	29649.99999998	6.71164		-3.01612     0.2    0.2		4.1705503158		-1.0
	29694.99999998	7.70742		-2.94883     0.2    0.2		4.1705503158		-1.0
	29739.99999998	8.64163		-3.13436     0.2    0.2		4.1705503158		-1.0
	29784.99999998	9.82774		2.85713     0.2    0.2		4.1705503158		-1.0
	29829.99999998	10.78309		2.39387     0.2    0.2		4.1705503158		-1.0
	29874.99999998	11.15333		2.11348     0.2    0.2		4.1705503158		-1.0
	29919.99999998	10.81927		1.75114     0.2    0.2		4.1705503158		-1.0
	29964.99999998	9.94507		1.56406     0.2    0.2		4.1705503158		-1.0
	30009.99999998	9.01695		1.50368     0.2    0.2		4.1705503158		-1.0
	30054.99999998	7.50471		1.36122     0.2    0.2		4.1705503158		-1.0
	30099.99999998	6.2607		1.59029     0.2    0.2		4.1705503158		-1.0
	30144.99999998	5.74535		1.85595     0.2    0.2		4.1705503158		-1.0
	30189.99999998	6.62076		2.07694     0.2    0.2		4.1705503158		-1.0
	30234.99999998	7.89504		2.01555     0.2    0.2		4.1705503158		-1.0
	30279.99999998	8.98978		1.7915     0.2    0.2		4.1705503158		-1.0
	30324.99999998	9.46411		1.14796     0.2    0.2		4.1705503158		-1.0
	30369.99999998	9.06635		0.81449     0.2    0.2		4.1705503158		-1.0
	30414.99999998	7.80138		0.92988     0.2    0.2		4.1705503158		-1.0
	30459.99999998	6.38025		1.20043     0.2    0.2		4.1705503158		-1.0
	30504.99999998	5.42024		1.38479     0.2    0.2		4.1705503158		-1.0
	30549.99999998	5.67111		1.36339     0.2    0.2		4.1705503158		-1.0
	30594.99999998	7.32952		1.25882     0.2    0.2		4.1705503158		-1.0
	30639.99999998	9.01702		1.15747     0.2    0.2		4.1705503158		-1.0
	30684.99999998	10.40144		1.00608     0.2    0.2		4.1705503158		-1.0
	30729.99999998	11.94365		0.78336     0.2    0.2		4.1705503158		-1.0
	30774.99999998	12.98564		0.61509     0.2    0.2		4.1705503158		-1.0
	30819.99999998	13.63211		0.62763     0.2    0.2		4.1705503158		-1.0
	30864.99999998	14.32194		0.46359     0.2    0.2		4.1705503158		-1.0
	30909.99999998	14.68424		1.25983     0.2    0.2		4.1705503158		-1.0
	30954.99999998	14.26993		1.52486     0.2    0.2		4.1705503158		-1.0
	30999.99999998	14.11363		2.65375     0.2    0.2		4.1705503158		-1.0
	31044.99999998	13.26607		-2.83843     0.2    0.2		4.1705503158		-1.0
	31089.99999998	12.91258		-2.58739     0.2    0.2		4.1705503158		-1.0
	31134.99999998	12.40142		-2.43926     0.2    0.2		4.1705503158		-1.0
	31179.99999998	12.11741		-2.85973     0.2    0.2		4.1705503158		-1.0
	31224.99999998	12.22037		2.68679     0.2    0.2		4.1705503158		-1.0
	31269.99999998	12.21575		0.32995     0.2    0.2		4.1705503158		-1.0
	31314.99999998	12.35117		-0.802     0.2    0.2		4.1705503158		-1.0
	31359.99999998	12.04349		-1.27263     0.2    0.2		4.1705503158		-1.0
	31404.99999998	11.77378		-0.11921     0.2    0.2		4.1705503158		-1.0
	31449.99999998	11.88914		-1.47575     0.2    0.2		4.1705503158		-1.0
	31494.99999998	11.81097		-0.79339     0.2    0.2		4.1705503158		-1.0
	31539.99999998	12.00699		-2.1031     0.2    0.2		4.1705503158		-1.0
	31584.99999998	12.13232		-2.47662     0.2    0.2		4.1705503158		-1.0
	31629.99999998	12.44502		3.07406     0.2    0.2		4.1705503158		-1.0
	31674.99999998	12.36062		2.81905     0.2    0.2		4.1705503158		-1.0
	31719.99999998	12.80292		2.20067     0.2    0.2		4.1705503158		-1.0
	31764.99999998	13.16312		1.91772     0.2    0.2		4.1705503158		-1.0
	31809.99999998	14.10845		1.38699     0.2    0.2		4.1705503158		-1.0
	31854.99999998	14.09328		1.43025     0.2    0.2		4.1705503158		-1.0
	31899.99999998	13.62791		1.22947     0.2    0.2		4.1705503158		-1.0
	31944.99999998	12.57999		1.1135     0.2    0.2		4.1705503158		-1.0
	31989.99999998	11.15703		1.05382     0.2    0.2		4.1705503158		-1.0
	32034.99999998	9.80318		1.01385     0.2    0.2		4.1705503158		-1.0
	32079.99999998	9.09148		0.82187     0.2    0.2		4.1705503158		-1.0
	32124.99999998	8.67365		0.72256     0.2    0.2		4.1705503158		-1.0
	32169.99999998	8.59735		0.49518     0.2    0.2		4.1705503158		-1.0
	32214.99999998	8.98976		-0.13626     0.2    0.2		4.1705503158		-1.0
	32259.99999998	9.67528		-0.3419     0.2    0.2		4.1705503158		-1.0
	32304.99999998	9.29351		0.18724     0.2    0.2		4.1705503158		-1.0
	32349.99999998	8.17972		0.61909     0.2    0.2		4.1705503158		-1.0
	32394.99999998	7.88642		0.91254     0.2    0.2		4.1705503158		-1.0
	32439.99999998	8.6317		1.00946     0.2    0.2		4.1705503158		-1.0
	32484.99999998	9.1175		1.20537     0.2    0.2		4.1705503158		-1.0
	32529.99999998	9.37477		1.31636     0.2    0.2		4.1705503158		-1.0
	32574.99999998	9.76177		1.13508     0.2    0.2		4.1705503158		-1.0
	32619.99999998	10.49197		1.27715     0.2    0.2		4.1705503158		-1.0
	32664.99999998	10.79869		1.54634     0.2    0.2		4.1705503158		-1.0
	32709.99999998	11.39959		1.64756     0.2    0.2		4.1705503158		-1.0
	32754.99999998	12.22619		1.59337     0.2    0.2		4.1705503158		-1.0
	32799.99999998	12.80003		1.80718     0.2    0.2		4.1705503158		-1.0
	32844.99999998	13.56408		1.80641     0.2    0.2		4.1705503158		-1.0
	32889.99999998	13.68542		2.0649     0.2    0.2		4.1705503158		-1.0
	32934.99999998	14.01154		2.84449     0.2    0.2		4.1705503158		-1.0
	32979.99999998	13.32072		-2.79904     0.2    0.2		4.1705503158		-1.0
	33024.99999998	12.86003		-2.08738     0.2    0.2		4.1705503158		-1.0
	33069.99999998	11.97422		-1.50377     0.2    0.2		4.1705503158		-1.0
	33114.99999998	11.20551		-1.03275     0.2    0.2		4.1705503158		-1.0
	33159.99999998	9.88758		-1.14839     0.2    0.2		4.1705503158		-1.0
	33204.99999998	8.91529		-1.48145     0.2    0.2		4.1705503158		-1.0
	33249.99999998	8.36074		-1.81723     0.2    0.2		4.1705503158		-1.0
	33294.99999998	8.92716		-2.18393     0.2    0.2		4.1705503158		-1.0
	33339.99999998	9.70808		-2.27095     0.2    0.2		4.1705503158		-1.0
	33384.99999998	9.94043		-2.67995     0.2    0.2		4.1705503158		-1.0
	33429.99999998	10.59021		-2.86921     0.2    0.2		4.1705503158		-1.0
	33474.99999998	11.41201		2.93746     0.2    0.2		4.1705503158		-1.0
	33519.99999998	12.01604		2.54215     0.2    0.2		4.1705503158		-1.0
	33564.99999998	11.40331		2.16679     0.2    0.2		4.1705503158		-1.0
	33609.99999998	10.66816		2.11083     0.2    0.2		4.1705503158		-1.0
	33654.99999998	9.50449		2.06648     0.2    0.2		4.1705503158		-1.0
	33699.99999998	8.45326		2.23335     0.2    0.2		4.1705503158		-1.0
	33744.99999997	7.20467		2.31422     0.2    0.2		4.1705503158		-1.0
	33789.99999997	6.14594		2.07244     0.2    0.2		4.1705503158		-1.0
	33834.99999997	6.27214		1.74629     0.2    0.2		4.1705503158		-1.0
	33879.99999997	7.54712		1.60019     0.2    0.2		4.1705503158		-1.0
	33924.99999997	9.11711		1.27507     0.2    0.2		4.1705503158		-1.0
	33969.99999997	9.36531		0.97934     0.2    0.2		4.1705503158		-1.0
	34014.99999997	9.68932		0.7157     0.2    0.2		4.1705503158		-1.0
	34059.99999997	9.76194		0.57     0.2    0.2		4.1705503158		-1.0
	34104.99999997	8.97561		0.92668     0.2    0.2		4.1705503158		-1.0
	34149.99999997	7.93829		1.47797     0.2    0.2		4.1705503158		-1.0
	34194.99999997	6.42262		1.7274     0.2    0.2		4.1705503158		-1.0
	34239.99999997	5.47223		1.73812     0.2    0.2		4.1705503158		-1.0
	34284.99999997	5.33153		1.62054     0.2    0.2		4.1705503158		-1.0
	34329.99999997	6.20048		1.24733     0.2    0.2		4.1705503158		-1.0
	34374.99999997	7.10116		1.29862     0.2    0.2		4.1705503158		-1.0
	34419.99999997	7.94892		0.95085     0.2    0.2		4.1705503158		-1.0
	34464.99999997	8.47852		1.01406     0.2    0.2		4.1705503158		-1.0
	34509.99999997	8.81987		0.72547     0.2    0.2		4.1705503158		-1.0
	34554.99999997	8.23436		0.8965     0.2    0.2		4.1705503158		-1.0
	34599.99999997	7.91949		0.65912     0.2    0.2		4.1705503158		-1.0
	34644.99999997	7.1259		0.98973     0.2    0.2		4.1705503158		-1.0
	34689.99999997	7.03056		0.89022     0.2    0.2		4.1705503158		-1.0
	34734.99999997	6.4969		0.73983     0.2    0.2		4.1705503158		-1.0
	34779.99999997	6.26482		0.32791     0.2    0.2		4.1705503158		-1.0
	34824.99999997	7.0216		0.14976     0.2    0.2		4.1705503158		-1.0
	34869.99999997	8.1164		0.09866     0.2    0.2		4.1705503158		-1.0
	34914.99999997	9.32574		-0.00959     0.2    0.2		4.1705503158		-1.0
	34959.99999997	10.59761		-0.14799     0.2    0.2		4.1705503158		-1.0
	35004.99999997	11.59501		-0.22463     0.2    0.2		4.1705503158		-1.0
	35049.99999997	11.98164		-0.08403     0.2    0.2		4.1705503158		-1.0
	35094.99999997	11.95376		-0.19181     0.2    0.2		4.1705503158		-1.0
	35139.99999997	11.8859		0.07428     0.2    0.2		4.1705503158		-1.0
	35184.99999997	11.65224		0.41149     0.2    0.2		4.1705503158		-1.0
	35229.99999997	11.49561		0.74686     0.2    0.2		4.1705503158		-1.0
	35274.99999997	11.77632		1.05025     0.2    0.2		4.1705503158		-1.0
	35319.99999997	12.11419		1.48097     0.2    0.2		4.1705503158		-1.0
	35364.99999997	12.48732		1.63015     0.2    0.2		4.1705503158		-1.0
	35409.99999997	12.92283		2.19532     0.2    0.2		4.1705503158		-1.0
	35454.99999997	13.83845		2.78399     0.2    0.2		4.1705503158		-1.0
	35499.99999997	13.97462		-2.05394     0.2    0.2		4.1705503158		-1.0
	35544.99999997	13.69892		-0.8642     0.2    0.2		4.1705503158		-1.0
	35589.99999997	13.13093		0.48045     0.2    0.2		4.1705503158		-1.0
	35634.99999997	12.80395		0.45932     0.2    0.2		4.1705503158		-1.0
	35679.99999997	12.70346		1.26571     0.2    0.2		4.1705503158		-1.0
	35724.99999997	12.58981		0.89312     0.2    0.2		4.1705503158		-1.0
	35769.99999997	13.10849		1.47209     0.2    0.2		4.1705503158		-1.0
	35814.99999997	13.16525		0.93587     0.2    0.2		4.1705503158		-1.0
	35859.99999997	13.36456		1.4115     0.2    0.2		4.1705503158		-1.0
	35904.99999997	13.18674		0.77644     0.2    0.2		4.1705503158		-1.0
	35949.99999997	13.88304		0.69612     0.2    0.2		4.1705503158		-1.0
	35994.99999997	14.50319		-0.88855     0.2    0.2		4.1705503158		-1.0
	36039.99999997	14.85969		2.76589     0.2    0.2		4.1705503158		-1.0
	36084.99999997	14.99397		-2.95485     0.2    0.2		4.1705503158		-1.0
	36129.99999997	14.70075		-2.02694     0.2    0.2		4.1705503158		-1.0
	36174.99999997	14.16012		-1.88178     0.2    0.2		4.1705503158		-1.0
	36219.99999997	13.70757		-1.39066     0.2    0.2		4.1705503158		-1.0
	36264.99999997	13.11171		-1.16006     0.2    0.2		4.1705503158		-1.0
	36309.99999997	12.65864		-0.67599     0.2    0.2		4.1705503158		-1.0
	36354.99999997	12.18219		-0.28199     0.2    0.2		4.1705503158		-1.0
	36399.99999997	11.49811		-0.07926     0.2    0.2		4.1705503158		-1.0
	36444.99999997	10.84461		0.22512     0.2    0.2		4.1705503158		-1.0
	36489.99999997	10.35759		0.895     0.2    0.2		4.1705503158		-1.0
	36534.99999997	10.08717		0.64745     0.2    0.2		4.1705503158		-1.0
	36579.99999997	9.81521		-0.09026     0.2    0.2		4.1705503158		-1.0
	36624.99999997	9.71886		-1.04036     0.2    0.2		4.1705503158		-1.0
	36669.99999997	9.2064		-1.46279     0.2    0.2		4.1705503158		-1.0
	36714.99999997	8.60963		-1.91828     0.2    0.2		4.1705503158		-1.0
	36759.99999997	7.85337		-2.13577     0.2    0.2		4.1705503158		-1.0
	36804.99999997	6.92343		-2.27402     0.2    0.2		4.1705503158		-1.0
	36849.99999997	6.50425		-2.68017     0.2    0.2		4.1705503158		-1.0
	36894.99999997	6.23795		-2.72049     0.2    0.2		4.1705503158		-1.0
	36939.99999997	5.87786		-2.78028     0.2    0.2		4.1705503158		-1.0
	36984.99999997	5.39144		-2.61374     0.2    0.2		4.1705503158		-1.0
	37029.99999997	5.64845		-2.62035     0.2    0.2		4.1705503158		-1.0
	37074.99999997	6.72087		-2.34464     0.2    0.2		4.1705503158		-1.0
	37119.99999997	7.94583		-2.08906     0.2    0.2		4.1705503158		-1.0
	37164.99999997	8.43229		-1.8065     0.2    0.2		4.1705503158		-1.0
	37209.99999997	8.52547		-1.4223     0.2    0.2		4.1705503158		-1.0
	37254.99999997	7.80851		-0.82723     0.2    0.2		4.1705503158		-1.0
	37299.99999997	6.63105		-0.4916     0.2    0.2		4.1705503158		-1.0
	37344.99999997	5.32816		-0.31128     0.2    0.2		4.1705503158		-1.0
	37389.99999997	4.91862		-0.24344     0.2    0.2		4.1705503158		-1.0
	37434.99999997	6.30178		-0.03535     0.2    0.2		4.1705503158		-1.0
	37479.99999997	8.02849		-0.03824     0.2    0.2		4.1705503158		-1.0
	37524.99999997	9.10614		-0.38154     0.2    0.2		4.1705503158		-1.0
	37569.99999997	9.14877		-0.86966     0.2    0.2		4.1705503158		-1.0
	37614.99999997	8.2953		-1.3035     0.2    0.2		4.1705503158		-1.0
	37659.99999997	7.27943		-1.32912     0.2    0.2		4.1705503158		-1.0
	37704.99999997	5.89175		-1.23075     0.2    0.2		4.1705503158		-1.0
	37749.99999997	5.33863		-0.82626     0.2    0.2		4.1705503158		-1.0
	37794.99999997	6.56853		-0.76977     0.2    0.2		4.1705503158		-1.0
	37839.99999997	7.92717		-1.02444     0.2    0.2		4.1705503158		-1.0
	37884.99999997	9.56599		-1.19251     0.2    0.2		4.1705503158		-1.0
	37929.99999997	10.95074		-1.49224     0.2    0.2		4.1705503158		-1.0
	37974.99999997	11.60057		-1.86802     0.2    0.2		4.1705503158		-1.0
	38019.99999997	11.21817		-2.06366     0.2    0.2		4.1705503158		-1.0
	38064.99999997	10.93572		-2.34693     0.2    0.2		4.1705503158		-1.0
	38109.99999997	10.11127		-2.4265     0.2    0.2		4.1705503158		-1.0
	38154.99999997	9.92244		-2.76792     0.2    0.2		4.1705503158		-1.0
	38199.99999997	9.52605		-2.91616     0.2    0.2		4.1705503158		-1.0
	38244.99999997	8.85803		2.89744     0.2    0.2		4.1705503158		-1.0
	38289.99999997	8.62211		2.70706     0.2    0.2		4.1705503158		-1.0
	38334.99999997	8.41288		2.57634     0.2    0.2		4.1705503158		-1.0
	38379.99999997	8.13088		2.58809     0.2    0.2		4.1705503158		-1.0
	38424.99999997	7.56026		2.64701     0.2    0.2		4.1705503158		-1.0
	38469.99999997	7.09745		2.81039     0.2    0.2		4.1705503158		-1.0
	38514.99999997	7.41403		2.97352     0.2    0.2		4.1705503158		-1.0
	38559.99999997	8.28311		2.98879     0.2    0.2		4.1705503158		-1.0
	38604.99999997	9.12524		-2.66119     0.2    0.2		4.1705503158		-1.0
	38649.99999997	9.35739		-2.00997     0.2    0.2		4.1705503158		-1.0
	38694.99999997	10.03858		-1.42103     0.2    0.2		4.1705503158		-1.0
	38739.99999997	10.36184		-0.94761     0.2    0.2		4.1705503158		-1.0
	38784.99999997	11.25773		-0.86004     0.2    0.2		4.1705503158		-1.0
	38829.99999997	11.15744		-0.43546     0.2    0.2		4.1705503158		-1.0
	38874.99999997	10.94119		-0.70543     0.2    0.2		4.1705503158		-1.0
	38919.99999997	10.53728		-1.46901     0.2    0.2		4.1705503158		-1.0
	38964.99999997	11.1238		-1.31476     0.2    0.2		4.1705503158		-1.0
	39009.99999997	11.66659		-1.56279     0.2    0.2		4.1705503158		-1.0
	39054.99999997	12.2788		-1.66352     0.2    0.2		4.1705503158		-1.0
	39099.99999997	13.04334		-1.65239     0.2    0.2		4.1705503158		-1.0
	39144.99999997	13.21281		-1.53274     0.2    0.2		4.1705503158		-1.0
	39189.99999997	12.52886		-1.16728     0.2    0.2		4.1705503158		-1.0
	39234.99999997	10.9551		-1.1596     0.2    0.2		4.1705503158		-1.0
	39279.99999997	9.49076		-1.10389     0.2    0.2		4.1705503158		-1.0
	39324.99999997	7.9026		-0.99833     0.2    0.2		4.1705503158		-1.0
	39369.99999997	6.72604		-0.56836     0.2    0.2		4.1705503158		-1.0
	39414.99999997	7.15519		0.15786     0.2    0.2		4.1705503158		-1.0
	39459.99999997	8.43117		0.47255     0.2    0.2		4.1705503158		-1.0
	39504.99999997	9.52961		-0.00366     0.2    0.2		4.1705503158		-1.0
	39549.99999997	10.15003		-0.21409     0.2    0.2		4.1705503158		-1.0
	39594.99999997	11.01504		-0.56848     0.2    0.2		4.1705503158		-1.0
	39639.99999997	10.79251		-1.77493     0.2    0.2		4.1705503158		-1.0
	39684.99999997	10.0143		-2.05947     0.2    0.2		4.1705503158		-1.0
	39729.99999997	9.14655		-2.31073     0.2    0.2		4.1705503158		-1.0
	39774.99999997	8.42752		-2.3319     0.2    0.2		4.1705503158		-1.0
	39819.99999997	7.63577		-2.53847     0.2    0.2		4.1705503158		-1.0
	39864.99999997	6.51542		-2.52272     0.2    0.2		4.1705503158		-1.0
	39909.99999997	5.59646		-2.52802     0.2    0.2		4.1705503158		-1.0
	39954.99999997	4.95706		-2.53322     0.2    0.2		4.1705503158		-1.0
	39999.99999997	5.1847		-2.47488     0.2    0.2		4.1705503158		-1.0
	40044.99999997	5.93829		-2.33233     0.2    0.2		4.1705503158		-1.0
	40089.99999997	7.3314		-2.03933     0.2    0.2		4.1705503158		-1.0
	40134.99999997	8.2283		-1.56628     0.2    0.2		4.1705503158		-1.0
	40179.99999997	8.9954		-0.86045     0.2    0.2		4.1705503158		-1.0
	40224.99999996	8.73321		-0.32271     0.2    0.2		4.1705503158		-1.0
	40269.99999996	8.17501		0.00694     0.2    0.2		4.1705503158		-1.0
	40314.99999996	7.06233		-0.14259     0.2    0.2		4.1705503158		-1.0
	40359.99999996	5.9607		0.15522     0.2    0.2		4.1705503158		-1.0
	40404.99999996	5.78237		-0.23285     0.2    0.2		4.1705503158		-1.0
	40449.99999996	6.18021		0.08272     0.2    0.2		4.1705503158		-1.0
	40494.99999996	7.12776		-0.30043     0.2    0.2		4.1705503158		-1.0
	40539.99999996	8.65791		-0.58991     0.2    0.2		4.1705503158		-1.0
	40584.99999996	8.8212		-1.18474     0.2    0.2		4.1705503158		-1.0
	40629.99999996	8.74774		-1.65919     0.2    0.2		4.1705503158		-1.0
	40674.99999996	9.03368		-1.60955     0.2    0.2		4.1705503158		-1.0
	40719.99999996	9.81765		-2.00419     0.2    0.2		4.1705503158		-1.0
	40764.99999996	10.75016		-1.8022     0.2    0.2		4.1705503158		-1.0
	40809.99999996	11.07391		-1.90605     0.2    0.2		4.1705503158		-1.0
	40854.99999996	11.66737		-1.54282     0.2    0.2		4.1705503158		-1.0
	40899.99999996	11.34992		-1.58794     0.2    0.2		4.1705503158		-1.0
	40944.99999996	10.9984		-1.35877     0.2    0.2		4.1705503158		-1.0
	40989.99999996	10.16548		-1.25276     0.2    0.2		4.1705503158		-1.0
	41034.99999996	10.02943		-1.03236     0.2    0.2		4.1705503158		-1.0
	41079.99999996	9.33702		-0.79108     0.2    0.2		4.1705503158		-1.0
	41124.99999996	8.70302		-0.47662     0.2    0.2		4.1705503158		-1.0
	41169.99999996	7.34775		-0.15202     0.2    0.2		4.1705503158		-1.0
	41214.99999996	7.78255		0.09424     0.2    0.2		4.1705503158		-1.0
	41259.99999996	8.36029		0.41649     0.2    0.2		4.1705503158		-1.0
	41304.99999996	7.98146		1.15479     0.2    0.2		4.1705503158		-1.0
	41349.99999996	7.30157		1.43308     0.2    0.2		4.1705503158		-1.0
	41394.99999996	6.35045		1.98645     0.2    0.2		4.1705503158		-1.0
	41439.99999996	5.62584		2.05833     0.2    0.2		4.1705503158		-1.0
	41484.99999996	5.06634		2.4001     0.2    0.2		4.1705503158		-1.0
	41529.99999996	5.47574		2.29767     0.2    0.2		4.1705503158		-1.0
	41574.99999996	6.59907		2.35028     0.2    0.2		4.1705503158		-1.0
	41619.99999996	7.37015		1.8997     0.2    0.2		4.1705503158		-1.0
	41664.99999996	7.96187		1.55019     0.2    0.2		4.1705503158		-1.0
	41709.99999996	8.88774		1.73788     0.2    0.2		4.1705503158		-1.0
	41754.99999996	9.4952		1.91948     0.2    0.2		4.1705503158		-1.0
	41799.99999996	10.1125		2.44522     0.2    0.2		4.1705503158		-1.0
	41844.99999996	9.991		2.33767     0.2    0.2		4.1705503158		-1.0
	41889.99999996	9.04411		2.42547     0.2    0.2		4.1705503158		-1.0
	41934.99999996	8.55267		1.97967     0.2    0.2		4.1705503158		-1.0
	41979.99999996	7.83929		1.68996     0.2    0.2		4.1705503158		-1.0
	42024.99999996	8.66965		1.53103     0.2    0.2		4.1705503158		-1.0
	42069.99999996	8.75483		1.37181     0.2    0.2		4.1705503158		-1.0
	42114.99999996	8.24915		1.32404     0.2    0.2		4.1705503158		-1.0
	42159.99999996	7.44076		1.44106     0.2    0.2		4.1705503158		-1.0
	42204.99999996	6.9824		1.894     0.2    0.2		4.1705503158		-1.0
	42249.99999996	6.74288		1.82726     0.2    0.2		4.1705503158		-1.0
	42294.99999996	6.67034		1.9258     0.2    0.2		4.1705503158		-1.0
	42339.99999996	7.08517		1.55137     0.2    0.2		4.1705503158		-1.0
	42384.99999996	6.69646		1.13479     0.2    0.2		4.1705503158		-1.0
	42429.99999996	7.39924		1.09241     0.2    0.2		4.1705503158		-1.0
	42474.99999996	8.00988		1.00415     0.2    0.2		4.1705503158		-1.0
	42519.99999996	8.57364		1.16981     0.2    0.2		4.1705503158		-1.0
	42564.99999996	8.25136		1.18833     0.2    0.2		4.1705503158		-1.0
	42609.99999996	8.27338		1.63986     0.2    0.2		4.1705503158		-1.0
	42654.99999996	7.76243		1.82995     0.2    0.2		4.1705503158		-1.0
	42699.99999996	6.74742		2.25916     0.2    0.2		4.1705503158		-1.0
	42744.99999996	5.52828		2.29241     0.2    0.2		4.1705503158		-1.0
	42789.99999996	5.3515		2.57116     0.2    0.2		4.1705503158		-1.0
	42834.99999996	6.60716		2.64094     0.2    0.2		4.1705503158		-1.0
	42879.99999996	7.708		2.20129     0.2    0.2		4.1705503158		-1.0
	42924.99999996	8.20287		1.80472     0.2    0.2		4.1705503158		-1.0
	42969.99999996	8.41303		1.49597     0.2    0.2		4.1705503158		-1.0
	43014.99999996	8.58322		1.38665     0.2    0.2		4.1705503158		-1.0
	43059.99999996	8.32878		0.94356     0.2    0.2		4.1705503158		-1.0
	43104.99999996	7.3872		0.46963     0.2    0.2		4.1705503158		-1.0
	43149.99999996	7.382		0.67149     0.2    0.2		4.1705503158		-1.0
	43194.99999996	7.40636		0.85888     0.2    0.2		4.1705503158		-1.0
	43239.99999996	6.80364		0.70473     0.2    0.2		4.1705503158		-1.0
	43284.99999996	5.8338		0.70429     0.2    0.2		4.1705503158		-1.0
	43329.99999996	5.18417		0.5925     0.2    0.2		4.1705503158		-1.0
	43374.99999996	5.78029		0.93313     0.2    0.2		4.1705503158		-1.0
	43419.99999996	6.76742		0.95205     0.2    0.2		4.1705503158		-1.0
	43464.99999996	7.09618		1.19762     0.2    0.2		4.1705503158		-1.0
	43509.99999996	6.46975		1.62622     0.2    0.2		4.1705503158		-1.0
	43554.99999996	7.57447		1.97538     0.2    0.2		4.1705503158		-1.0
	43599.99999996	8.01837		2.33245     0.2    0.2		4.1705503158		-1.0
	43644.99999996	7.95815		2.41176     0.2    0.2		4.1705503158		-1.0
	43689.99999996	7.05141		2.374     0.2    0.2		4.1705503158		-1.0
	43734.99999996	7.51739		2.52657     0.2    0.2		4.1705503158		-1.0
	43779.99999996	7.32029		2.09421     0.2    0.2		4.1705503158		-1.0
	43824.99999996	7.21911		1.93684     0.2    0.2		4.1705503158		-1.0
	43869.99999996	6.99769		1.59199     0.2    0.2		4.1705503158		-1.0
	43914.99999996	6.4653		1.32675     0.2    0.2		4.1705503158		-1.0
	43959.99999996	6.74162		0.93732     0.2    0.2		4.1705503158		-1.0
	44004.99999996	6.88743		0.91688     0.2    0.2		4.1705503158		-1.0
	44049.99999996	6.3312		0.90779     0.2    0.2		4.1705503158		-1.0
	44094.99999996	5.4283		1.35866     0.2    0.2		4.1705503158		-1.0
	44139.99999996	5.85146		0.84187     0.2    0.2		4.1705503158		-1.0
	44184.99999996	6.4926		0.83451     0.2    0.2		4.1705503158		-1.0
	44229.99999996	5.84679		0.50111     0.2    0.2		4.1705503158		-1.0
	44274.99999996	5.56222		0.54406     0.2    0.2		4.1705503158		-1.0
	44319.99999996	5.6176		0.24557     0.2    0.2		4.1705503158		-1.0
	44364.99999996	6.87163		0.10943     0.2    0.2		4.1705503158		-1.0
	44409.99999996	8.47854		-0.17159     0.2    0.2		4.1705503158		-1.0
	44454.99999996	9.54317		-0.50816     0.2    0.2		4.1705503158		-1.0
	44499.99999996	9.4524		-1.22297     0.2    0.2		4.1705503158		-1.0
	44544.99999996	8.99864		-1.85811     0.2    0.2		4.1705503158		-1.0
	44589.99999996	8.51494		-2.56087     0.2    0.2		4.1705503158		-1.0
	44634.99999996	8.17997		-2.92054     0.2    0.2		4.1705503158		-1.0
	44679.99999996	7.68329		-3.00715     0.2    0.2		4.1705503158		-1.0
	44724.99999996	6.80626		-2.74829     0.2    0.2		4.1705503158		-1.0
	44769.99999996	6.95794		-2.60771     0.2    0.2		4.1705503158		-1.0
	44814.99999996	7.62912		-1.89431     0.2    0.2		4.1705503158		-1.0
	44859.99999996	8.11926		-1.50756     0.2    0.2		4.1705503158		-1.0
	44904.99999996	7.26983		-1.42017     0.2    0.2		4.1705503158		-1.0
	44949.99999996	6.76728		-1.71854     0.2    0.2		4.1705503158		-1.0
	44994.99999996	6.98505		-1.59858     0.2    0.2		4.1705503158		-1.0
	45039.99999996	7.32285		-1.57173     0.2    0.2		4.1705503158		-1.0
	45084.99999996	8.00969		-2.00355     0.2    0.2		4.1705503158		-1.0
	45129.99999996	8.25275		-2.18564     0.2    0.2		4.1705503158		-1.0
	45174.99999996	7.85523		-2.58977     0.2    0.2		4.1705503158		-1.0
	45219.99999996	6.16683		-2.60226     0.2    0.2		4.1705503158		-1.0
	45264.99999996	4.93318		-2.76347     0.2    0.2		4.1705503158		-1.0
	45309.99999996	5.34442		-2.36033     0.2    0.2		4.1705503158		-1.0
	45354.99999996	6.66802		-2.15765     0.2    0.2		4.1705503158		-1.0
	45399.99999996	7.68294		-1.82285     0.2    0.2		4.1705503158		-1.0
	45444.99999996	7.51685		-1.43063     0.2    0.2		4.1705503158		-1.0
	45489.99999996	7.63381		-0.94727     0.2    0.2		4.1705503158		-1.0
	45534.99999996	7.20467		-0.62063     0.2    0.2		4.1705503158		-1.0
	45579.99999996	7.33485		-0.67487     0.2    0.2		4.1705503158		-1.0
	45624.99999996	8.36415		-0.59225     0.2    0.2		4.1705503158		-1.0
	45669.99999996	8.98849		-0.65654     0.2    0.2		4.1705503158		-1.0
	45714.99999996	9.40529		-0.97812     0.2    0.2		4.1705503158		-1.0
	45759.99999996	9.40538		-1.23962     0.2    0.2		4.1705503158		-1.0
	45804.99999996	9.48625		-1.56126     0.2    0.2		4.1705503158		-1.0
	45849.99999996	10.01144		-1.59012     0.2    0.2		4.1705503158		-1.0
	45894.99999996	10.74682		-1.76814     0.2    0.2		4.1705503158		-1.0
