	45.00000000	2.90395		1.08378     0.2    0.2		4.1705503158		-1.0
	90.00000000	2.98496		0.9694     0.2    0.2		4.1705503158		-1.0
	135.00000000	2.82149		0.90853     0.2    0.2		4.1705503158		-1.0
	180.00000000	2.8644		1.1733     0.2    0.2		4.1705503158		-1.0
	225.00000000	2.97876		1.34912     0.2    0.2		4.1705503158		-1.0
	270.00000000	2.87853		1.635     0.2    0.2		4.1705503158		-1.0
	315.00000000	2.85334		1.47976     0.2    0.2		4.1705503158		-1.0
	360.00000000	2.87587		1.36521     0.2    0.2		4.1705503158		-1.0
	405.00000000	2.97929		1.52004     0.2    0.2		4.1705503158		-1.0
	450.00000000	2.93096		1.47364     0.2    0.2		4.1705503158		-1.0
	495.00000000	2.97663		1.696     0.2    0.2		4.1705503158		-1.0
	540.00000000	2.97857		1.93507     0.2    0.2		4.1705503158		-1.0
	585.00000000	2.94318		2.31381     0.2    0.2		4.1705503158		-1.0
	630.00000000	2.82303		2.40957     0.2    0.2		4.1705503158		-1.0
	675.00000000	2.93027		2.61788     0.2    0.2		4.1705503158		-1.0
	720.00000000	2.95596		2.64463     0.2    0.2		4.1705503158		-1.0
	765.00000000	2.97241		2.83997     0.2    0.2		4.1705503158		-1.0
	810.00000000	2.81266		3.09039     0.2    0.2		4.1705503158		-1.0
	855.00000000	2.98907		-3.01921     0.2    0.2		4.1705503158		-1.0
	900.00000000	2.89151		-2.85954     0.2    0.2		4.1705503158		-1.0
	945.00000000	2.92365		-2.67971     0.2    0.2		4.1705503158		-1.0
	990.00000000	2.90173		-2.32683     0.2    0.2		4.1705503158		-1.0
	1035.00000000	2.97549		-1.93255     0.2    0.2		4.1705503158		-1.0
	1080.00000000	2.85955		-1.70993     0.2    0.2		4.1705503158		-1.0
	1125.00000000	2.86727		-1.1769     0.2    0.2		4.1705503158		-1.0
	1170.00000000	3.01356		-0.95923     0.2    0.2		4.1705503158		-1.0
	1215.00000000	2.89556		-0.90468     0.2    0.2		4.1705503158		-1.0
	1260.00000000	2.89952		-0.57381     0.2    0.2		4.1705503158		-1.0
	1305.00000000	2.92443		-0.6516     0.2    0.2		4.1705503158		-1.0
	1350.00000000	2.91743		-0.44932     0.2    0.2		4.1705503158		-1.0
	1395.00000000	2.93037		-0.59354     0.2    0.2		4.1705503158		-1.0
	1440.00000000	3.06465		-0.41431     0.2    0.2		4.1705503158		-1.0
	1485.00000000	2.90198		-0.60124     0.2    0.2		4.1705503158		-1.0
	1530.00000000	2.98526		-0.19553     0.2    0.2		4.1705503158		-1.0
	1575.00000000	2.83639		0.0771     0.2    0.2		4.1705503158		-1.0
	1620.00000000	2.86784		0.39735     0.2    0.2		4.1705503158		-1.0
	1665.00000000	2.98335		0.78954     0.2    0.2		4.1705503158		-1.0
	1710.00000000	2.87094		0.93026     0.2    0.2		4.1705503158		-1.0
	1755.00000000	2.85482		0.49701     0.2    0.2		4.1705503158		-1.0
	1800.00000000	2.87489		0.47848     0.2    0.2		4.1705503158		-1.0
	1845.00000000	2.97647		-0.18091     0.2    0.2		4.1705503158		-1.0
	1890.00000000	2.87745		-0.04274     0.2    0.2		4.1705503158		-1.0
	1935.00000000	2.8241		-0.16514     0.2    0.2		4.1705503158		-1.0
	1980.00000000	2.85917		-0.0652     0.2    0.2		4.1705503158		-1.0
	2025.00000000	2.9213		0.22069     0.2    0.2		4.1705503158		-1.0
	2070.00000000	2.88998		0.38866     0.2    0.2		4.1705503158		-1.0
	2115.00000000	2.90333		0.92602     0.2    0.2		4.1705503158		-1.0
	2160.00000000	3.01017		1.21006     0.2    0.2		4.1705503158		-1.0
	2205.00000000	2.91891		1.60545     0.2    0.2		4.1705503158		-1.0
	2250.00000000	3.07728		2.13177     0.2    0.2		4.1705503158		-1.0
	2295.00000000	2.96911		2.50798     0.2    0.2		4.1705503158		-1.0
	2340.00000000	2.99138		3.07965     0.2    0.2		4.1705503158		-1.0
	2385.00000000	2.95607		-2.8535     0.2    0.2		4.1705503158		-1.0
	2430.00000000	2.81759		-2.69981     0.2    0.2		4.1705503158		-1.0
	2475.00000000	2.84396		-2.07728     0.2    0.2		4.1705503158		-1.0
	2520.00000000	2.94455		-1.98369     0.2    0.2		4.1705503158		-1.0
	2565.00000000	3.03492		-1.40406     0.2    0.2		4.1705503158		-1.0
	2610.00000000	2.81237		-1.1203     0.2    0.2		4.1705503158		-1.0
	2655.00000000	2.82843		-0.83588     0.2    0.2		4.1705503158		-1.0
	2700.00000000	2.76465		-0.85297     0.2    0.2		4.1705503158		-1.0
	2745.00000000	2.91226		-1.11388     0.2    0.2		4.1705503158		-1.0
	2790.00000000	2.88184		-1.60328     0.2    0.2		4.1705503158		-1.0
	2835.00000000	3.01165		-1.58011     0.2    0.2		4.1705503158		-1.0
	2880.00000000	2.95985		-1.99699     0.2    0.2		4.1705503158		-1.0
	2925.00000000	3.06752		-2.10648     0.2    0.2		4.1705503158		-1.0
	2970.00000000	2.90913		-2.47839     0.2    0.2		4.1705503158		-1.0
	3015.00000000	2.96108		-2.66781     0.2    0.2		4.1705503158		-1.0
	3060.00000000	2.93561		-2.47861     0.2    0.2		4.1705503158		-1.0
	3105.00000000	2.98612		-2.30875     0.2    0.2		4.1705503158		-1.0
	3150.00000000	3.04812		-2.24182     0.2    0.2		4.1705503158		-1.0
	3195.00000000	2.97157		-1.72524     0.2    0.2		4.1705503158		-1.0
	3240.00000000	3.08381		-1.33014     0.2    0.2		4.1705503158		-1.0
	3285.00000000	2.94215		-1.13768     0.2    0.2		4.1705503158		-1.0
	3330.00000000	3.12423		-0.7839     0.2    0.2		4.1705503158		-1.0
	3375.00000000	2.99896		-1.45778     0.2    0.2		4.1705503158		-1.0
	3420.00000000	3.03745		-1.64374     0.2    0.2		4.1705503158		-1.0
	3465.00000000	3.07648		-2.16619     0.2    0.2		4.1705503158		-1.0
	3510.00000000	3.02889		-2.7357     0.2    0.2		4.1705503158		-1.0
	3555.00000000	3.13917		-2.84184     0.2    0.2		4.1705503158		-1.0
	3600.00000000	3.03875		3.0453     0.2    0.2		4.1705503158		-1.0
	3645.00000000	2.85992		2.77036     0.2    0.2		4.1705503158		-1.0
	3690.00000000	2.9111		2.63788     0.2    0.2		4.1705503158		-1.0
	3735.00000000	2.94834		2.4159     0.2    0.2		4.1705503158		-1.0
	3780.00000000	2.98049		2.09344     0.2    0.2		4.1705503158		-1.0
	3825.00000000	3.00301		2.0034     0.2    0.2		4.1705503158		-1.0
	3870.00000000	2.80739		1.44416     0.2    0.2		4.1705503158		-1.0
	3915.00000000	3.18559		1.18929     0.2    0.2		4.1705503158		-1.0
	3960.00000000	3.02865		0.9699     0.2    0.2		4.1705503158		-1.0
	4005.00000000	3.086		0.9563     0.2    0.2		4.1705503158		-1.0
	4050.00000000	3.04489		0.68305     0.2    0.2		4.1705503158		-1.0
	4095.00000000	3.06533		0.53682     0.2    0.2		4.1705503158		-1.0
	4140.00000000	2.95086		0.22639     0.2    0.2		4.1705503158		-1.0
	4185.00000000	2.98123		0.33314     0.2    0.2		4.1705503158		-1.0
	4230.00000000	3.07922		0.18834     0.2    0.2		4.1705503158		-1.0
	4275.00000000	2.9864		0.07471     0.2    0.2		4.1705503158		-1.0
	4320.00000000	2.71989		0.17323     0.2    0.2		4.1705503158		-1.0
	4365.00000000	2.74179		-0.19847     0.2    0.2		4.1705503158		-1.0
	4410.00000000	2.83187		-0.20674     0.2    0.2		4.1705503158		-1.0
	4455.00000000	2.96534		-0.41088     0.2    0.2		4.1705503158		-1.0
	4500.00000000	3.14951		-0.62173     0.2    0.2		4.1705503158		-1.0
	4545.00000000	3.17325		-0.91689     0.2    0.2		4.1705503158		-1.0
	4590.00000000	3.06484		-1.56457     0.2    0.2		4.1705503158		-1.0
	4635.00000000	2.97013		-1.78071     0.2    0.2		4.1705503158		-1.0
	4680.00000000	2.77484		-2.03192     0.2    0.2		4.1705503158		-1.0
	4725.00000000	2.80282		-2.43827     0.2    0.2		4.1705503158		-1.0
	4770.00000000	2.85709		-2.58391     0.2    0.2		4.1705503158		-1.0
	4815.00000000	2.83368		-3.06851     0.2    0.2		4.1705503158		-1.0
	4860.00000000	2.75252		2.93438     0.2    0.2		4.1705503158		-1.0
	4905.00000000	2.86062		2.92856     0.2    0.2		4.1705503158		-1.0
	4950.00000000	3.1561		2.71765     0.2    0.2		4.1705503158		-1.0
	4995.00000000	3.15111		3.09089     0.2    0.2		4.1705503158		-1.0
	5040.00000000	3.0524		-3.11397     0.2    0.2		4.1705503158		-1.0
	5085.00000000	2.90551		-2.95341     0.2    0.2		4.1705503158		-1.0
	5130.00000000	3.1077		-2.70635     0.2    0.2		4.1705503158		-1.0
	5175.00000000	3.10277		-2.66526     0.2    0.2		4.1705503158		-1.0
	5220.00000000	2.73931		-2.59354     0.2    0.2		4.1705503158		-1.0
	5265.00000000	2.76945		-2.58087     0.2    0.2		4.1705503158		-1.0
	5310.00000000	2.81821		-2.81667     0.2    0.2		4.1705503158		-1.0
	5355.00000000	2.83449		3.03548     0.2    0.2		4.1705503158		-1.0
	5400.00000000	2.77485		2.60168     0.2    0.2		4.1705503158		-1.0
	5445.00000000	2.71173		2.07005     0.2    0.2		4.1705503158		-1.0
	5490.00000000	2.7181		2.02134     0.2    0.2		4.1705503158		-1.0
	5535.00000000	2.89927		1.88748     0.2    0.2		4.1705503158		-1.0
	5580.00000000	2.82257		2.02527     0.2    0.2		4.1705503158		-1.0
	5625.00000000	2.94604		1.84101     0.2    0.2		4.1705503158		-1.0
	5670.00000000	2.93621		2.02035     0.2    0.2		4.1705503158		-1.0
	5715.00000000	3.09855		1.88405     0.2    0.2		4.1705503158		-1.0
	5760.00000000	3.15933		1.83893     0.2    0.2		4.1705503158		-1.0
	5805.00000000	3.3133		1.61559     0.2    0.2		4.1705503158		-1.0
	5850.00000000	3.09308		1.41205     0.2    0.2		4.1705503158		-1.0
	5895.00000000	2.67732		1.18839     0.2    0.2		4.1705503158		-1.0
	5940.00000000	3.03189		1.1508     0.2    0.2		4.1705503158		-1.0
	5985.00000000	3.167		1.01925     0.2    0.2		4.1705503158		-1.0
	6030.00000000	2.90813		0.94534     0.2    0.2		4.1705503158		-1.0
	6075.00000000	3.07795		0.72455     0.2    0.2		4.1705503158		-1.0
	6120.00000000	2.93933		0.73622     0.2    0.2		4.1705503158		-1.0
	6165.00000000	2.90949		0.29182     0.2    0.2		4.1705503158		-1.0
	6210.00000000	2.89316		0.30024     0.2    0.2		4.1705503158		-1.0
	6255.00000000	3.04128		0.28867     0.2    0.2		4.1705503158		-1.0
	6300.00000000	2.75804		0.68781     0.2    0.2		4.1705503158		-1.0
	6345.00000000	2.75741		0.97021     0.2    0.2		4.1705503158		-1.0
	6390.00000000	2.77254		1.33935     0.2    0.2		4.1705503158		-1.0
	6435.00000000	2.86913		1.68526     0.2    0.2		4.1705503158		-1.0
	6480.00000000	2.87545		1.98309     0.2    0.2		4.1705503158		-1.0
	6525.00000000	2.84323		2.41052     0.2    0.2		4.1705503158		-1.0
	6570.00000000	2.9815		2.77557     0.2    0.2		4.1705503158		-1.0
	6615.00000000	2.98446		-2.99073     0.2    0.2		4.1705503158		-1.0
	6660.00000000	3.24965		-3.02411     0.2    0.2		4.1705503158		-1.0
	6705.00000000	2.74822		-3.10382     0.2    0.2		4.1705503158		-1.0
	6750.00000000	2.81052		3.02315     0.2    0.2		4.1705503158		-1.0
	6795.00000000	2.79703		2.5318     0.2    0.2		4.1705503158		-1.0
	6840.00000000	3.08074		2.52603     0.2    0.2		4.1705503158		-1.0
	6885.00000000	2.99391		2.22438     0.2    0.2		4.1705503158		-1.0
	6930.00000000	3.25194		2.40492     0.2    0.2		4.1705503158		-1.0
	6975.00000000	2.91729		2.4725     0.2    0.2		4.1705503158		-1.0
	7020.00000000	3.01852		3.05073     0.2    0.2		4.1705503158		-1.0
	7065.00000000	3.11714		2.96487     0.2    0.2		4.1705503158		-1.0
	7110.00000000	2.80542		3.03121     0.2    0.2		4.1705503158		-1.0
	7155.00000000	2.78908		2.69801     0.2    0.2		4.1705503158		-1.0
	7200.00000000	2.98775		2.91491     0.2    0.2		4.1705503158		-1.0
	7245.00000000	3.15378		2.75971     0.2    0.2		4.1705503158		-1.0
	7290.00000000	3.04318		2.52834     0.2    0.2		4.1705503158		-1.0
	7335.00000000	2.98384		2.39632     0.2    0.2		4.1705503158		-1.0
	7380.00000000	3.19734		2.33884     0.2    0.2		4.1705503158		-1.0
	7425.00000000	3.22541		2.27581     0.2    0.2		4.1705503158		-1.0
	7470.00000000	3.01549		2.13025     0.2    0.2		4.1705503158		-1.0
	7515.00000000	2.64592		2.15481     0.2    0.2		4.1705503158		-1.0
	7560.00000000	2.9096		2.20081     0.2    0.2		4.1705503158		-1.0
	7605.00000000	2.7372		2.04636     0.2    0.2		4.1705503158		-1.0
	7650.00000000	2.74392		1.70655     0.2    0.2		4.1705503158		-1.0
	7695.00000000	2.69403		1.16445     0.2    0.2		4.1705503158		-1.0
	7740.00000000	2.91424		0.79201     0.2    0.2		4.1705503158		-1.0
	7785.00000000	2.78732		0.69233     0.2    0.2		4.1705503158		-1.0
	7830.00000000	2.83991		0.73596     0.2    0.2		4.1705503158		-1.0
	7875.00000000	3.01243		0.4098     0.2    0.2		4.1705503158		-1.0
	7920.00000000	2.89762		0.44933     0.2    0.2		4.1705503158		-1.0
	7965.00000000	2.68895		0.71266     0.2    0.2		4.1705503158		-1.0
	8010.00000000	2.73079		0.64415     0.2    0.2		4.1705503158		-1.0
	8055.00000000	2.83429		0.56665     0.2    0.2		4.1705503158		-1.0
	8100.00000000	2.79641		1.05811     0.2    0.2		4.1705503158		-1.0
	8145.00000000	2.90076		1.34062     0.2    0.2		4.1705503158		-1.0
	8190.00000000	2.97123		1.43604     0.2    0.2		4.1705503158		-1.0
	8235.00000000	2.82999		1.09515     0.2    0.2		4.1705503158		-1.0
	8280.00000000	3.40964		1.10967     0.2    0.2		4.1705503158		-1.0
	8325.00000000	2.64388		1.39954     0.2    0.2		4.1705503158		-1.0
	8370.00000000	2.75083		1.84087     0.2    0.2		4.1705503158		-1.0
	8415.00000000	3.13794		1.55074     0.2    0.2		4.1705503158		-1.0
	8460.00000000	2.81774		1.53665     0.2    0.2		4.1705503158		-1.0
	8505.00000000	3.13599		1.18896     0.2    0.2		4.1705503158		-1.0
	8550.00000000	2.90267		1.29975     0.2    0.2		4.1705503158		-1.0
	8595.00000000	3.06389		0.89743     0.2    0.2		4.1705503158		-1.0
	8640.00000000	3.22246		0.95984     0.2    0.2		4.1705503158		-1.0
	8685.00000000	3.16643		1.09935     0.2    0.2		4.1705503158		-1.0
	8730.00000000	3.2013		1.12821     0.2    0.2		4.1705503158		-1.0
	8775.00000000	3.27683		1.21917     0.2    0.2		4.1705503158		-1.0
	8820.00000000	3.27051		1.54783     0.2    0.2		4.1705503158		-1.0
	8865.00000000	3.26326		1.67502     0.2    0.2		4.1705503158		-1.0
	8910.00000000	3.05671		2.06676     0.2    0.2		4.1705503158		-1.0
	8955.00000000	3.24541		1.91155     0.2    0.2		4.1705503158		-1.0
	9000.00000000	3.2212		2.12515     0.2    0.2		4.1705503158		-1.0
	9045.00000000	3.13702		1.90934     0.2    0.2		4.1705503158		-1.0
	9090.00000000	3.27434		1.89947     0.2    0.2		4.1705503158		-1.0
	9135.00000000	2.89623		1.59575     0.2    0.2		4.1705503158		-1.0
	9180.00000000	2.70602		1.60933     0.2    0.2		4.1705503158		-1.0
	9225.00000000	2.71322		1.19698     0.2    0.2		4.1705503158		-1.0
	9270.00000000	3.36948		1.4996     0.2    0.2		4.1705503158		-1.0
	9315.00000000	2.64761		1.39471     0.2    0.2		4.1705503158		-1.0
	9360.00000000	3.20627		1.58245     0.2    0.2		4.1705503158		-1.0
	9405.00000000	3.06535		1.5917     0.2    0.2		4.1705503158		-1.0
	9450.00000000	3.20652		1.54522     0.2    0.2		4.1705503158		-1.0
	9495.00000000	3.13281		1.05958     0.2    0.2		4.1705503158		-1.0
	9540.00000000	3.11414		0.38417     0.2    0.2		4.1705503158		-1.0
	9585.00000000	3.33762		0.36296     0.2    0.2		4.1705503158		-1.0
	9630.00000000	3.19445		-0.0434     0.2    0.2		4.1705503158		-1.0
	9675.00000000	2.80088		-0.42571     0.2    0.2		4.1705503158		-1.0
	9720.00000000	2.89062		-1.1306     0.2    0.2		4.1705503158		-1.0
	9765.00000000	2.77661		-1.20365     0.2    0.2		4.1705503158		-1.0
	9810.00000000	2.65737		-1.36232     0.2    0.2		4.1705503158		-1.0
	9855.00000000	2.75122		-1.85852     0.2    0.2		4.1705503158		-1.0
	9900.00000000	3.07795		-2.05188     0.2    0.2		4.1705503158		-1.0
	9945.00000000	2.91548		-2.42128     0.2    0.2		4.1705503158		-1.0
	9990.00000000	2.75648		-2.3327     0.2    0.2		4.1705503158		-1.0
	10035.00000000	3.15883		-2.45512     0.2    0.2		4.1705503158		-1.0
	10080.00000000	3.2418		-2.54713     0.2    0.2		4.1705503158		-1.0
	10125.00000000	2.90758		-2.26187     0.2    0.2		4.1705503158		-1.0
	10170.00000000	3.06569		-2.14471     0.2    0.2		4.1705503158		-1.0
	10215.00000000	3.03003		-2.07803     0.2    0.2		4.1705503158		-1.0
	10260.00000000	2.82433		-1.49179     0.2    0.2		4.1705503158		-1.0
	10305.00000000	3.00338		-1.12013     0.2    0.2		4.1705503158		-1.0
	10350.00000000	2.7558		-0.79234     0.2    0.2		4.1705503158		-1.0
	10395.00000000	3.10002		-0.34177     0.2    0.2		4.1705503158		-1.0
	10440.00000000	3.1252		-0.31435     0.2    0.2		4.1705503158		-1.0
	10485.00000000	2.85439		-0.54755     0.2    0.2		4.1705503158		-1.0
	10530.00000000	2.82677		-0.69152     0.2    0.2		4.1705503158		-1.0
	10575.00000000	3.21651		-1.31888     0.2    0.2		4.1705503158		-1.0
	10620.00000000	3.00072		-1.37105     0.2    0.2		4.1705503158		-1.0
	10665.00000000	2.86295		-1.52318     0.2    0.2		4.1705503158		-1.0
	10710.00000000	2.68604		-1.63679     0.2    0.2		4.1705503158		-1.0
	10755.00000000	2.73444		-1.72125     0.2    0.2		4.1705503158		-1.0
	10800.00000000	2.75319		-1.60788     0.2    0.2		4.1705503158		-1.0
	10845.00000001	3.02574		-1.60741     0.2    0.2		4.1705503158		-1.0
	10890.00000001	3.08209		-1.4993     0.2    0.2		4.1705503158		-1.0
	10935.00000001	2.93687		-1.28647     0.2    0.2		4.1705503158		-1.0
	10980.00000001	2.76209		-1.16162     0.2    0.2		4.1705503158		-1.0
	11025.00000001	3.14888		-0.67053     0.2    0.2		4.1705503158		-1.0
	11070.00000001	2.89681		-0.70779     0.2    0.2		4.1705503158		-1.0
	11115.00000001	2.77491		-0.80375     0.2    0.2		4.1705503158		-1.0
	11160.00000001	3.19478		-1.09659     0.2    0.2		4.1705503158		-1.0
	11205.00000001	2.70171		-1.37852     0.2    0.2		4.1705503158		-1.0
	11250.00000001	3.37809		-1.66333     0.2    0.2		4.1705503158		-1.0
	11295.00000001	3.0574		-2.16977     0.2    0.2		4.1705503158		-1.0
	11340.00000001	3.2023		-2.19349     0.2    0.2		4.1705503158		-1.0
	11385.00000001	2.9283		-2.39974     0.2    0.2		4.1705503158		-1.0
	11430.00000001	2.78529		-2.68223     0.2    0.2		4.1705503158		-1.0
	11475.00000001	2.73089		-2.88559     0.2    0.2		4.1705503158		-1.0
	11520.00000001	2.74947		-2.90194     0.2    0.2		4.1705503158		-1.0
	11565.00000001	2.78025		3.09371     0.2    0.2		4.1705503158		-1.0
	11510.00000001	2.74006		-2.95782     0.2    0.2		4.1705503158		-1.0
	11555.00000001	2.75101		3.12447     0.2    0.2		4.1705503158		-1.0
	11600.00000001	2.78655		3.11867     0.2    0.2		4.1705503158		-1.0
	11645.00000001	2.73692		-3.12102     0.2    0.2		4.1705503158		-1.0
	11690.00000001	3.04645		-2.98189     0.2    0.2		4.1705503158		-1.0
	11735.00000001	2.91724		-2.54268     0.2    0.2		4.1705503158		-1.0
	11780.00000001	2.76567		-2.09798     0.2    0.2		4.1705503158		-1.0
	11825.00000001	3.16846		-1.92457     0.2    0.2		4.1705503158		-1.0
	11870.00000001	2.8198		-1.56261     0.2    0.2		4.1705503158		-1.0
	11915.00000001	2.86975		-1.21062     0.2    0.2		4.1705503158		-1.0
	11960.00000001	3.31392		-1.01401     0.2    0.2		4.1705503158		-1.0
	12005.00000001	3.28123		-0.63349     0.2    0.2		4.1705503158		-1.0
	12050.00000001	2.96424		-0.51941     0.2    0.2		4.1705503158		-1.0
	12095.00000001	3.04907		0.04413     0.2    0.2		4.1705503158		-1.0
	12140.00000001	3.10681		0.06315     0.2    0.2		4.1705503158		-1.0
	12185.00000001	2.70527		-0.05544     0.2    0.2		4.1705503158		-1.0
	12230.00000001	3.11901		-0.13428     0.2    0.2		4.1705503158		-1.0
	12275.00000001	3.10279		-0.41121     0.2    0.2		4.1705503158		-1.0
	12320.00000001	2.70102		-0.4104     0.2    0.2		4.1705503158		-1.0
	12365.00000001	2.74665		-0.60509     0.2    0.2		4.1705503158		-1.0
	12410.00000001	2.783		-0.7134     0.2    0.2		4.1705503158		-1.0
	12455.00000001	3.24091		-0.86011     0.2    0.2		4.1705503158		-1.0
	12500.00000001	3.18566		-1.2099     0.2    0.2		4.1705503158		-1.0
	12545.00000001	3.27511		-1.14357     0.2    0.2		4.1705503158		-1.0
	12590.00000001	3.33562		-1.39485     0.2    0.2		4.1705503158		-1.0
	12635.00000001	2.65174		-1.21867     0.2    0.2		4.1705503158		-1.0
	12680.00000001	2.8282		-0.97785     0.2    0.2		4.1705503158		-1.0
	12725.00000001	2.74779		-0.91561     0.2    0.2		4.1705503158		-1.0
	12770.00000001	2.7625		-0.85477     0.2    0.2		4.1705503158		-1.0
	12815.00000001	2.7922		-1.2094     0.2    0.2		4.1705503158		-1.0
	12860.00000001	2.81193		-1.58332     0.2    0.2		4.1705503158		-1.0
	12905.00000001	3.07899		-1.93008     0.2    0.2		4.1705503158		-1.0
	12950.00000001	3.15049		-2.45038     0.2    0.2		4.1705503158		-1.0
	12995.00000001	3.18635		-2.72531     0.2    0.2		4.1705503158		-1.0
	13040.00000001	3.17865		2.96952     0.2    0.2		4.1705503158		-1.0
	13085.00000001	3.31889		2.62038     0.2    0.2		4.1705503158		-1.0
	13130.00000001	3.36743		2.34276     0.2    0.2		4.1705503158		-1.0
	13175.00000001	2.87349		2.52383     0.2    0.2		4.1705503158		-1.0
	13220.00000001	2.7201		2.47484     0.2    0.2		4.1705503158		-1.0
	13265.00000001	2.75051		2.82239     0.2    0.2		4.1705503158		-1.0
	13310.00000001	3.37894		2.93505     0.2    0.2		4.1705503158		-1.0
	13355.00000001	3.39834		-3.06917     0.2    0.2		4.1705503158		-1.0
	13400.00000001	3.29526		-2.998     0.2    0.2		4.1705503158		-1.0
	13445.00000001	3.05863		-2.66687     0.2    0.2		4.1705503158		-1.0
	13490.00000001	3.22299		-2.57406     0.2    0.2		4.1705503158		-1.0
	13535.00000001	3.28396		-2.47098     0.2    0.2		4.1705503158		-1.0
	13580.00000001	3.33877		-2.16056     0.2    0.2		4.1705503158		-1.0
	13625.00000001	2.64875		-1.92162     0.2    0.2		4.1705503158		-1.0
	13670.00000001	3.14879		-1.62812     0.2    0.2		4.1705503158		-1.0
	13715.00000001	3.19		-1.62535     0.2    0.2		4.1705503158		-1.0
	13760.00000001	3.27829		-1.51468     0.2    0.2		4.1705503158		-1.0
	13805.00000001	3.14713		-1.82488     0.2    0.2		4.1705503158		-1.0
	13850.00000001	2.82901		-2.11413     0.2    0.2		4.1705503158		-1.0
	13895.00000001	2.77725		-2.21794     0.2    0.2		4.1705503158		-1.0
	13940.00000001	2.95617		-2.57573     0.2    0.2		4.1705503158		-1.0
	13985.00000001	2.74401		-2.84446     0.2    0.2		4.1705503158		-1.0
	14030.00000001	2.65461		-3.11131     0.2    0.2		4.1705503158		-1.0
	14075.00000001	2.72392		2.68887     0.2    0.2		4.1705503158		-1.0
	14120.00000001	2.75702		2.56823     0.2    0.2		4.1705503158		-1.0
	14165.00000001	2.77924		2.77695     0.2    0.2		4.1705503158		-1.0
	14210.00000001	2.92075		2.73289     0.2    0.2		4.1705503158		-1.0
	14255.00000000	3.08025		2.81705     0.2    0.2		4.1705503158		-1.0
	14300.00000000	3.12556		3.00449     0.2    0.2		4.1705503158		-1.0
	14345.00000000	3.20983		3.07333     0.2    0.2		4.1705503158		-1.0
	14390.00000000	3.23144		-3.02798     0.2    0.2		4.1705503158		-1.0
	14435.00000000	2.56022		-2.82736     0.2    0.2		4.1705503158		-1.0
	14480.00000000	3.0771		-2.78299     0.2    0.2		4.1705503158		-1.0
	14525.00000000	3.43421		-2.7169     0.2    0.2		4.1705503158		-1.0
	14570.00000000	2.596		-2.67113     0.2    0.2		4.1705503158		-1.0
	14615.00000000	2.58915		-2.82425     0.2    0.2		4.1705503158		-1.0
	14660.00000000	3.43961		-2.73249     0.2    0.2		4.1705503158		-1.0
	14705.00000000	2.71214		-2.6092     0.2    0.2		4.1705503158		-1.0
	14750.00000000	2.76733		-2.35886     0.2    0.2		4.1705503158		-1.0
	14795.00000000	2.76653		-2.1377     0.2    0.2		4.1705503158		-1.0
	14840.00000000	2.74305		-1.97488     0.2    0.2		4.1705503158		-1.0
	14885.00000000	2.77636		-1.7069     0.2    0.2		4.1705503158		-1.0
	14930.00000000	3.22878		-1.58173     0.2    0.2		4.1705503158		-1.0
	14975.00000000	2.60398		-1.44345     0.2    0.2		4.1705503158		-1.0
	15020.00000000	2.73753		-1.09463     0.2    0.2		4.1705503158		-1.0
	15065.00000000	2.7106		-0.99053     0.2    0.2		4.1705503158		-1.0
	15110.00000000	2.72655		-0.63352     0.2    0.2		4.1705503158		-1.0
	15155.00000000	3.43381		-0.74564     0.2    0.2		4.1705503158		-1.0
	15200.00000000	3.42067		-0.40464     0.2    0.2		4.1705503158		-1.0
	15245.00000000	2.79744		-0.36407     0.2    0.2		4.1705503158		-1.0
	15290.00000000	2.78021		-0.00187     0.2    0.2		4.1705503158		-1.0
	15335.00000000	2.85609		0.33949     0.2    0.2		4.1705503158		-1.0
	15380.00000000	3.3343		0.61048     0.2    0.2		4.1705503158		-1.0
	15425.00000000	3.32279		0.75974     0.2    0.2		4.1705503158		-1.0
	15470.00000000	3.32623		0.58807     0.2    0.2		4.1705503158		-1.0
	15515.00000000	3.25161		0.46234     0.2    0.2		4.1705503158		-1.0
	15560.00000000	3.28122		0.33615     0.2    0.2		4.1705503158		-1.0
	15605.00000000	3.1528		-0.11791     0.2    0.2		4.1705503158		-1.0
	15650.00000000	3.35464		-0.16573     0.2    0.2		4.1705503158		-1.0
	15695.00000000	2.80152		-0.33392     0.2    0.2		4.1705503158		-1.0
	15740.00000000	2.66249		-0.51478     0.2    0.2		4.1705503158		-1.0
	15785.00000000	2.71148		-0.17915     0.2    0.2		4.1705503158		-1.0
	15830.00000000	2.76968		0.00587     0.2    0.2		4.1705503158		-1.0
	15875.00000000	2.70433		-0.02177     0.2    0.2		4.1705503158		-1.0
	15920.00000000	2.65439		0.30995     0.2    0.2		4.1705503158		-1.0
	15965.00000000	3.26903		0.58698     0.2    0.2		4.1705503158		-1.0
	16010.00000000	3.40141		0.79915     0.2    0.2		4.1705503158		-1.0
	16055.00000000	2.82017		0.73648     0.2    0.2		4.1705503158		-1.0
	16100.00000000	2.74907		0.75753     0.2    0.2		4.1705503158		-1.0
	16145.00000000	2.64029		0.81611     0.2    0.2		4.1705503158		-1.0
	16190.00000000	2.73457		0.7213     0.2    0.2		4.1705503158		-1.0
	16235.00000000	2.7309		0.74124     0.2    0.2		4.1705503158		-1.0
	16280.00000000	2.66329		0.784     0.2    0.2		4.1705503158		-1.0
	16325.00000000	2.81772		1.29485     0.2    0.2		4.1705503158		-1.0
	16370.00000000	2.93679		1.14287     0.2    0.2		4.1705503158		-1.0
	16415.00000000	2.66587		1.49454     0.2    0.2		4.1705503158		-1.0
	16460.00000000	2.84574		1.76268     0.2    0.2		4.1705503158		-1.0
	16505.00000000	3.38163		2.46805     0.2    0.2		4.1705503158		-1.0
	16550.00000000	3.39626		3.09162     0.2    0.2		4.1705503158		-1.0
	16595.00000000	2.82111		-2.93306     0.2    0.2		4.1705503158		-1.0
	16640.00000000	3.30197		-2.83001     0.2    0.2		4.1705503158		-1.0
	16685.00000000	3.37451		-2.44244     0.2    0.2		4.1705503158		-1.0
	16730.00000000	3.39985		-2.34501     0.2    0.2		4.1705503158		-1.0
	16775.00000000	3.27978		-1.98609     0.2    0.2		4.1705503158		-1.0
	16820.00000000	3.15141		-1.85331     0.2    0.2		4.1705503158		-1.0
	16865.00000000	2.76307		-1.26506     0.2    0.2		4.1705503158		-1.0
	16910.00000000	2.67606		-1.44553     0.2    0.2		4.1705503158		-1.0
	16955.00000000	2.76712		-1.4522     0.2    0.2		4.1705503158		-1.0
	17000.00000000	3.48604		-1.50728     0.2    0.2		4.1705503158		-1.0
	17045.00000000	3.30876		-1.24443     0.2    0.2		4.1705503158		-1.0
	17090.00000000	3.25191		-0.75296     0.2    0.2		4.1705503158		-1.0
	17135.00000000	3.23079		-0.85849     0.2    0.2		4.1705503158		-1.0
	17180.00000000	3.23412		-0.77661     0.2    0.2		4.1705503158		-1.0
	17225.00000000	3.22787		-1.25475     0.2    0.2		4.1705503158		-1.0
	17270.00000000	3.29349		-0.97855     0.2    0.2		4.1705503158		-1.0
	17315.00000000	3.17365		-0.89002     0.2    0.2		4.1705503158		-1.0
	17360.00000000	3.22186		-0.85072     0.2    0.2		4.1705503158		-1.0
	17405.00000000	3.37951		-0.55005     0.2    0.2		4.1705503158		-1.0
	17450.00000000	3.22579		-0.31105     0.2    0.2		4.1705503158		-1.0
	17495.00000000	3.261		0.0746     0.2    0.2		4.1705503158		-1.0
	17540.00000000	3.19981		0.08808     0.2    0.2		4.1705503158		-1.0
	17585.00000000	3.33972		0.5778     0.2    0.2		4.1705503158		-1.0
	17630.00000000	3.37143		0.43847     0.2    0.2		4.1705503158		-1.0
	17675.00000000	2.88075		0.62467     0.2    0.2		4.1705503158		-1.0
	17720.00000000	2.95391		0.45267     0.2    0.2		4.1705503158		-1.0
	17765.00000000	3.23853		0.89515     0.2    0.2		4.1705503158		-1.0
	17810.00000000	3.17706		0.62222     0.2    0.2		4.1705503158		-1.0
	17855.00000000	3.16483		0.76599     0.2    0.2		4.1705503158		-1.0
	17900.00000000	3.33764		0.77917     0.2    0.2		4.1705503158		-1.0
	17945.00000000	3.2854		0.87672     0.2    0.2		4.1705503158		-1.0
	17990.00000000	3.35084		1.01558     0.2    0.2		4.1705503158		-1.0
	18035.00000000	2.69157		1.26492     0.2    0.2		4.1705503158		-1.0
	18080.00000000	3.60377		1.53306     0.2    0.2		4.1705503158		-1.0
	18125.00000000	3.14823		1.80934     0.2    0.2		4.1705503158		-1.0
	18170.00000000	3.19321		2.25758     0.2    0.2		4.1705503158		-1.0
	18215.00000000	3.24744		2.41777     0.2    0.2		4.1705503158		-1.0
	18260.00000000	3.39735		2.83712     0.2    0.2		4.1705503158		-1.0
	18305.00000000	3.37848		2.5973     0.2    0.2		4.1705503158		-1.0
	18350.00000000	3.21363		2.69348     0.2    0.2		4.1705503158		-1.0
	18395.00000000	2.55964		2.80337     0.2    0.2		4.1705503158		-1.0
	18440.00000000	3.56599		2.67092     0.2    0.2		4.1705503158		-1.0
	18485.00000000	2.74252		2.67182     0.2    0.2		4.1705503158		-1.0
	18530.00000000	2.88336		2.90838     0.2    0.2		4.1705503158		-1.0
	18575.00000000	3.25309		3.09791     0.2    0.2		4.1705503158		-1.0
	18620.00000000	3.11961		-2.9363     0.2    0.2		4.1705503158		-1.0
	18665.00000000	2.7954		-2.86836     0.2    0.2		4.1705503158		-1.0
	18710.00000000	2.73284		3.08756     0.2    0.2		4.1705503158		-1.0
	18755.00000000	2.58681		2.90691     0.2    0.2		4.1705503158		-1.0
	18800.00000000	2.85368		2.34647     0.2    0.2		4.1705503158		-1.0
	18845.00000000	2.78362		2.24607     0.2    0.2		4.1705503158		-1.0
	18890.00000000	2.66534		2.35749     0.2    0.2		4.1705503158		-1.0
	18935.00000000	2.7968		2.06113     0.2    0.2		4.1705503158		-1.0
	18980.00000000	2.80409		2.11261     0.2    0.2		4.1705503158		-1.0
	19025.00000000	2.65502		2.12936     0.2    0.2		4.1705503158		-1.0
	19070.00000000	2.8171		1.65607     0.2    0.2		4.1705503158		-1.0
	19115.00000000	2.74234		1.72167     0.2    0.2		4.1705503158		-1.0
	19160.00000000	3.20598		1.40814     0.2    0.2		4.1705503158		-1.0
	19205.00000000	2.85629		1.38083     0.2    0.2		4.1705503158		-1.0
	19250.00000000	3.13761		1.30942     0.2    0.2		4.1705503158		-1.0
	19295.00000000	2.92379		1.36234     0.2    0.2		4.1705503158		-1.0
	19340.00000000	2.71651		1.1208     0.2    0.2		4.1705503158		-1.0
	19385.00000000	2.75223		1.1307     0.2    0.2		4.1705503158		-1.0
	19430.00000000	3.28836		1.08125     0.2    0.2		4.1705503158		-1.0
	19475.00000000	3.29399		1.1902     0.2    0.2		4.1705503158		-1.0
	19520.00000000	3.14956		1.61607     0.2    0.2		4.1705503158		-1.0
	19565.00000000	2.83262		1.81754     0.2    0.2		4.1705503158		-1.0
	19610.00000000	2.73509		2.12387     0.2    0.2		4.1705503158		-1.0
	19655.00000000	3.34447		2.20641     0.2    0.2		4.1705503158		-1.0
	19700.00000000	3.04899		2.27298     0.2    0.2		4.1705503158		-1.0
	19745.00000000	3.20356		2.06998     0.2    0.2		4.1705503158		-1.0
	19790.00000000	3.52061		1.96458     0.2    0.2		4.1705503158		-1.0
	19835.00000000	2.81442		1.97344     0.2    0.2		4.1705503158		-1.0
	19880.00000000	3.31645		1.87524     0.2    0.2		4.1705503158		-1.0
	19925.00000000	3.38668		1.96867     0.2    0.2		4.1705503158		-1.0
	19970.00000000	3.51453		2.01519     0.2    0.2		4.1705503158		-1.0
	20015.00000000	3.56895		1.79587     0.2    0.2		4.1705503158		-1.0
	20060.00000000	2.82436		1.5689     0.2    0.2		4.1705503158		-1.0
	20105.00000000	3.54326		1.32719     0.2    0.2		4.1705503158		-1.0
	20150.00000000	3.03107		1.39939     0.2    0.2		4.1705503158		-1.0
	20195.00000000	3.37911		1.16137     0.2    0.2		4.1705503158		-1.0
	20240.00000000	2.65591		1.10262     0.2    0.2		4.1705503158		-1.0
	20285.00000000	2.82721		0.97917     0.2    0.2		4.1705503158		-1.0
	20330.00000000	2.7352		1.01535     0.2    0.2		4.1705503158		-1.0
	20375.00000000	2.68122		0.74996     0.2    0.2		4.1705503158		-1.0
	20420.00000000	2.70775		0.39364     0.2    0.2		4.1705503158		-1.0
	20465.00000000	2.73636		0.08891     0.2    0.2		4.1705503158		-1.0
	20510.00000000	2.66027		-0.35872     0.2    0.2		4.1705503158		-1.0
	20555.00000000	2.87784		-0.27008     0.2    0.2		4.1705503158		-1.0
	20600.00000000	2.82345		-0.25532     0.2    0.2		4.1705503158		-1.0
	20645.00000000	3.48837		-0.22146     0.2    0.2		4.1705503158		-1.0
	20690.00000000	2.78698		0.09496     0.2    0.2		4.1705503158		-1.0
	20734.99999999	3.33149		0.09421     0.2    0.2		4.1705503158		-1.0
	20779.99999999	3.41688		0.36643     0.2    0.2		4.1705503158		-1.0
	20824.99999999	2.60614		0.78773     0.2    0.2		4.1705503158		-1.0
	20869.99999999	3.05276		0.5236     0.2    0.2		4.1705503158		-1.0
	20914.99999999	3.63825		0.85396     0.2    0.2		4.1705503158		-1.0
	20959.99999999	2.67061		0.46795     0.2    0.2		4.1705503158		-1.0
	21004.99999999	2.69544		0.36226     0.2    0.2		4.1705503158		-1.0
	21049.99999999	2.6532		0.34075     0.2    0.2		4.1705503158		-1.0
	21094.99999999	2.70675		0.10227     0.2    0.2		4.1705503158		-1.0
	21139.99999999	2.7267		-0.24823     0.2    0.2		4.1705503158		-1.0
	21184.99999999	2.76441		-0.94542     0.2    0.2		4.1705503158		-1.0
	21229.99999999	2.69552		-1.30281     0.2    0.2		4.1705503158		-1.0
	21274.99999999	2.673		-1.14942     0.2    0.2		4.1705503158		-1.0
	21319.99999999	2.70298		-1.1431     0.2    0.2		4.1705503158		-1.0
	21364.99999999	2.65409		-0.77618     0.2    0.2		4.1705503158		-1.0
	21409.99999999	2.7217		-0.56849     0.2    0.2		4.1705503158		-1.0
	21454.99999999	2.7783		-0.20109     0.2    0.2		4.1705503158		-1.0
	21499.99999999	2.73261		0.00824     0.2    0.2		4.1705503158		-1.0
	21544.99999999	3.36946		-0.08915     0.2    0.2		4.1705503158		-1.0
	21589.99999999	3.2297		-0.00593     0.2    0.2		4.1705503158		-1.0
	21634.99999999	2.78559		-0.19381     0.2    0.2		4.1705503158		-1.0
	21679.99999999	3.37335		-0.38732     0.2    0.2		4.1705503158		-1.0
	21724.99999999	3.24118		-0.3638     0.2    0.2		4.1705503158		-1.0
	21769.99999999	2.98278		-0.57037     0.2    0.2		4.1705503158		-1.0
	21814.99999999	3.29609		-0.64153     0.2    0.2		4.1705503158		-1.0
	21859.99999999	3.48619		-1.07207     0.2    0.2		4.1705503158		-1.0
	21904.99999999	3.19306		-1.24475     0.2    0.2		4.1705503158		-1.0
	21949.99999999	3.18497		-1.31092     0.2    0.2		4.1705503158		-1.0
	21994.99999999	3.01723		-1.32503     0.2    0.2		4.1705503158		-1.0
	22039.99999999	2.74572		-1.64384     0.2    0.2		4.1705503158		-1.0
	22084.99999999	2.82605		-1.63287     0.2    0.2		4.1705503158		-1.0
	22129.99999999	2.67067		-2.01394     0.2    0.2		4.1705503158		-1.0
	22174.99999999	2.83571		-2.30523     0.2    0.2		4.1705503158		-1.0
	22219.99999999	2.65907		-2.16065     0.2    0.2		4.1705503158		-1.0
	22264.99999999	2.89061		-2.20103     0.2    0.2		4.1705503158		-1.0
	22309.99999999	3.28703		-1.80208     0.2    0.2		4.1705503158		-1.0
	22354.99999999	3.13697		-1.82359     0.2    0.2		4.1705503158		-1.0
	22399.99999999	3.17006		-1.72962     0.2    0.2		4.1705503158		-1.0
	22444.99999999	3.066		-1.89023     0.2    0.2		4.1705503158		-1.0
	22489.99999999	3.25125		-2.09376     0.2    0.2		4.1705503158		-1.0
	22534.99999999	2.87154		-2.22396     0.2    0.2		4.1705503158		-1.0
	22579.99999999	2.94804		-2.22415     0.2    0.2		4.1705503158		-1.0
	22624.99999999	2.80109		-2.36117     0.2    0.2		4.1705503158		-1.0
	22669.99999999	3.29208		-2.18     0.2    0.2		4.1705503158		-1.0
	22529.99999999	2.65978		-2.24154     0.2    0.2		4.1705503158		-1.0
	22574.99999999	3.00302		-2.19323     0.2    0.2		4.1705503158		-1.0
	22619.99999999	2.85258		-2.36457     0.2    0.2		4.1705503158		-1.0
	22664.99999999	3.13004		-2.19415     0.2    0.2		4.1705503158		-1.0
	22709.99999999	2.83026		-2.19163     0.2    0.2		4.1705503158		-1.0
	22754.99999999	3.5987		-2.06039     0.2    0.2		4.1705503158		-1.0
	22799.99999999	3.08806		-2.0518     0.2    0.2		4.1705503158		-1.0
	22844.99999999	2.79841		-1.67248     0.2    0.2		4.1705503158		-1.0
	22889.99999999	3.38536		-1.67342     0.2    0.2		4.1705503158		-1.0
	22934.99999999	2.64846		-1.34009     0.2    0.2		4.1705503158		-1.0
	22979.99999999	3.87698		-1.17862     0.2    0.2		4.1705503158		-1.0
	23024.99999999	5.10213		-1.22609     0.2    0.2		4.1705503158		-1.0
	23069.99999999	6.88075		-1.25823     0.2    0.2		4.1705503158		-1.0
	23114.99999999	8.0806		-1.09053     0.2    0.2		4.1705503158		-1.0
	23159.99999999	8.37323		-0.73725     0.2    0.2		4.1705503158		-1.0
	23204.99999999	8.09637		-0.4999     0.2    0.2		4.1705503158		-1.0
	23249.99999999	7.56958		-0.14227     0.2    0.2		4.1705503158		-1.0
	23294.99999999	7.17368		-0.23962     0.2    0.2		4.1705503158		-1.0
	23339.99999999	7.96486		-0.36835     0.2    0.2		4.1705503158		-1.0
	23384.99999999	7.8862		-0.83735     0.2    0.2		4.1705503158		-1.0
	23429.99999999	7.5037		-1.34275     0.2    0.2		4.1705503158		-1.0
	23474.99999999	6.23771		-1.73011     0.2    0.2		4.1705503158		-1.0
	23519.99999999	6.17611		-2.16531     0.2    0.2		4.1705503158		-1.0
	23564.99999999	7.43519		-2.07066     0.2    0.2		4.1705503158		-1.0
	23609.99999999	8.29513		-2.28405     0.2    0.2		4.1705503158		-1.0
	23654.99999999	8.46325		-1.84969     0.2    0.2		4.1705503158		-1.0
	23699.99999999	7.9197		-1.59267     0.2    0.2		4.1705503158		-1.0
	23744.99999999	7.73378		-1.08872     0.2    0.2		4.1705503158		-1.0
	23789.99999999	8.26409		-0.69796     0.2    0.2		4.1705503158		-1.0
	23834.99999999	9.24505		-0.10568     0.2    0.2		4.1705503158		-1.0
	23879.99999999	9.84744		0.46062     0.2    0.2		4.1705503158		-1.0
	23924.99999999	10.14859		0.70588     0.2    0.2		4.1705503158		-1.0
	23969.99999999	10.58088		0.72958     0.2    0.2		4.1705503158		-1.0
	24014.99999999	10.97055		0.48225     0.2    0.2		4.1705503158		-1.0
	24059.99999999	11.51903		0.34618     0.2    0.2		4.1705503158		-1.0
	24104.99999999	11.61751		-0.04264     0.2    0.2		4.1705503158		-1.0
	24149.99999999	11.63331		-0.4088     0.2    0.2		4.1705503158		-1.0
	24194.99999999	10.95384		-0.919     0.2    0.2		4.1705503158		-1.0
	24239.99999999	10.64604		-0.93911     0.2    0.2		4.1705503158		-1.0
	24284.99999999	10.16063		-0.95965     0.2    0.2		4.1705503158		-1.0
	24329.99999999	9.2634		-0.93215     0.2    0.2		4.1705503158		-1.0
	24374.99999999	8.20955		-1.05148     0.2    0.2		4.1705503158		-1.0
	24419.99999999	8.68595		-1.20774     0.2    0.2		4.1705503158		-1.0
	24464.99999999	9.56451		-0.66488     0.2    0.2		4.1705503158		-1.0
	24509.99999999	9.70917		0.1173     0.2    0.2		4.1705503158		-1.0
	24554.99999999	9.48451		0.77418     0.2    0.2		4.1705503158		-1.0
	24599.99999999	8.62616		1.10508     0.2    0.2		4.1705503158		-1.0
	24644.99999999	7.4987		1.51514     0.2    0.2		4.1705503158		-1.0
	24689.99999999	6.33412		1.74367     0.2    0.2		4.1705503158		-1.0
	24734.99999999	6.04965		2.35264     0.2    0.2		4.1705503158		-1.0
	24779.99999999	7.26263		2.11621     0.2    0.2		4.1705503158		-1.0
	24824.99999999	8.39297		1.92971     0.2    0.2		4.1705503158		-1.0
	24869.99999999	9.88448		1.81428     0.2    0.2		4.1705503158		-1.0
	24914.99999999	10.83069		1.6294     0.2    0.2		4.1705503158		-1.0
	24959.99999999	11.82797		1.49045     0.2    0.2		4.1705503158		-1.0
	25004.99999999	11.51021		1.24906     0.2    0.2		4.1705503158		-1.0
	25049.99999999	11.65938		1.17329     0.2    0.2		4.1705503158		-1.0
	25094.99999999	10.79594		0.6466     0.2    0.2		4.1705503158		-1.0
	25139.99999999	10.53142		0.51657     0.2    0.2		4.1705503158		-1.0
	25184.99999999	9.5896		0.21821     0.2    0.2		4.1705503158		-1.0
	25229.99999999	9.18605		0.12693     0.2    0.2		4.1705503158		-1.0
	25274.99999999	8.77276		0.63429     0.2    0.2		4.1705503158		-1.0
	25319.99999999	8.03171		1.04859     0.2    0.2		4.1705503158		-1.0
	25364.99999999	7.64774		1.56434     0.2    0.2		4.1705503158		-1.0
	25409.99999999	6.8733		1.86909     0.2    0.2		4.1705503158		-1.0
	25454.99999999	6.70945		2.21936     0.2    0.2		4.1705503158		-1.0
	25499.99999999	6.94149		2.55924     0.2    0.2		4.1705503158		-1.0
	25544.99999999	7.29549		2.02844     0.2    0.2		4.1705503158		-1.0
	25589.99999999	6.69676		1.70365     0.2    0.2		4.1705503158		-1.0
	25634.99999999	5.88247		1.37691     0.2    0.2		4.1705503158		-1.0
	25679.99999999	5.54415		1.36558     0.2    0.2		4.1705503158		-1.0
	25724.99999999	5.8082		1.26163     0.2    0.2		4.1705503158		-1.0
	25769.99999999	7.07445		0.91238     0.2    0.2		4.1705503158		-1.0
	25814.99999999	8.67646		0.53743     0.2    0.2		4.1705503158		-1.0
	25859.99999999	9.64592		0.47789     0.2    0.2		4.1705503158		-1.0
	25904.99999999	9.99246		1.0342     0.2    0.2		4.1705503158		-1.0
	25949.99999999	9.69897		1.81918     0.2    0.2		4.1705503158		-1.0
	25994.99999999	8.99663		2.45202     0.2    0.2		4.1705503158		-1.0
	26039.99999999	7.91334		2.81085     0.2    0.2		4.1705503158		-1.0
	26084.99999999	6.72858		3.0491     0.2    0.2		4.1705503158		-1.0
	26129.99999999	5.99788		-3.13924     0.2    0.2		4.1705503158		-1.0
	26174.99999999	5.92724		2.97588     0.2    0.2		4.1705503158		-1.0
	26219.99999999	6.75818		2.85105     0.2    0.2		4.1705503158		-1.0
	26264.99999999	7.82598		2.48824     0.2    0.2		4.1705503158		-1.0
	26309.99999999	8.9567		2.22084     0.2    0.2		4.1705503158		-1.0
	26354.99999999	9.74983		1.75886     0.2    0.2		4.1705503158		-1.0
	26399.99999999	9.64274		1.38793     0.2    0.2		4.1705503158		-1.0
	26444.99999999	8.57132		1.01498     0.2    0.2		4.1705503158		-1.0
	26489.99999999	6.82163		0.98425     0.2    0.2		4.1705503158		-1.0
	26534.99999999	5.41939		0.91595     0.2    0.2		4.1705503158		-1.0
	26579.99999999	5.70925		1.73663     0.2    0.2		4.1705503158		-1.0
	26624.99999999	6.81585		1.58886     0.2    0.2		4.1705503158		-1.0
	26669.99999999	8.20686		1.76305     0.2    0.2		4.1705503158		-1.0
	26714.99999999	9.0664		1.8292     0.2    0.2		4.1705503158		-1.0
	26759.99999999	10.24566		2.13808     0.2    0.2		4.1705503158		-1.0
	26804.99999999	11.54648		2.64196     0.2    0.2		4.1705503158		-1.0
	26849.99999999	11.841		3.07975     0.2    0.2		4.1705503158		-1.0
	26894.99999999	11.95474		2.97695     0.2    0.2		4.1705503158		-1.0
	26939.99999999	10.83426		2.52304     0.2    0.2		4.1705503158		-1.0
	26984.99999999	10.82851		1.8717     0.2    0.2		4.1705503158		-1.0
	27029.99999999	9.76486		1.77412     0.2    0.2		4.1705503158		-1.0
	27074.99999999	9.73732		1.25063     0.2    0.2		4.1705503158		-1.0
	27119.99999999	8.44898		1.18071     0.2    0.2		4.1705503158		-1.0
	27164.99999999	8.06746		0.78089     0.2    0.2		4.1705503158		-1.0
	27209.99999999	7.09079		0.92808     0.2    0.2		4.1705503158		-1.0
	27254.99999998	5.91995		0.53792     0.2    0.2		4.1705503158		-1.0
	27299.99999998	5.80242		0.41113     0.2    0.2		4.1705503158		-1.0
	27344.99999998	6.91031		-0.16794     0.2    0.2		4.1705503158		-1.0
	27389.99999998	7.33451		0.11119     0.2    0.2		4.1705503158		-1.0
	27434.99999998	8.03883		-0.07504     0.2    0.2		4.1705503158		-1.0
	27479.99999998	8.65643		0.43514     0.2    0.2		4.1705503158		-1.0
	27524.99999998	9.06715		0.85589     0.2    0.2		4.1705503158		-1.0
	27569.99999998	8.57596		1.26953     0.2    0.2		4.1705503158		-1.0
	27614.99999998	8.26048		1.66599     0.2    0.2		4.1705503158		-1.0
	27659.99999998	7.22375		1.81428     0.2    0.2		4.1705503158		-1.0
	27704.99999998	6.35596		2.03708     0.2    0.2		4.1705503158		-1.0
	27749.99999998	7.06118		2.08515     0.2    0.2		4.1705503158		-1.0
	27794.99999998	8.59569		2.1447     0.2    0.2		4.1705503158		-1.0
	27839.99999998	9.43126		2.04082     0.2    0.2		4.1705503158		-1.0
	27884.99999998	10.59664		2.17204     0.2    0.2		4.1705503158		-1.0
	27929.99999998	11.03821		2.14024     0.2    0.2		4.1705503158		-1.0
	27974.99999998	11.5861		2.05805     0.2    0.2		4.1705503158		-1.0
	28019.99999998	11.83868		2.37503     0.2    0.2		4.1705503158		-1.0
	28064.99999998	12.39217		2.23106     0.2    0.2		4.1705503158		-1.0
	28109.99999998	12.63704		2.82536     0.2    0.2		4.1705503158		-1.0
	28154.99999998	13.41138		2.98255     0.2    0.2		4.1705503158		-1.0
	28199.99999998	13.92601		-2.81533     0.2    0.2		4.1705503158		-1.0
	28244.99999998	14.45774		-2.43026     0.2    0.2		4.1705503158		-1.0
	28289.99999998	14.53069		-1.98488     0.2    0.2		4.1705503158		-1.0
	28334.99999998	14.78584		-1.84327     0.2    0.2		4.1705503158		-1.0
	28379.99999998	15.17832		-1.59677     0.2    0.2		4.1705503158		-1.0
	28424.99999998	16.12907		-1.44373     0.2    0.2		4.1705503158		-1.0
	28469.99999998	16.49498		-1.64415     0.2    0.2		4.1705503158		-1.0
	28514.99999998	16.79962		-2.40486     0.2    0.2		4.1705503158		-1.0
	28559.99999998	16.28588		-2.918     0.2    0.2		4.1705503158		-1.0
	28604.99999998	15.85157		-3.01515     0.2    0.2		4.1705503158		-1.0
	28649.99999998	15.10641		3.10947     0.2    0.2		4.1705503158		-1.0
	28694.99999998	14.06307		2.87221     0.2    0.2		4.1705503158		-1.0
	28739.99999998	13.35933		2.32117     0.2    0.2		4.1705503158		-1.0
	28784.99999998	12.81572		2.05319     0.2    0.2		4.1705503158		-1.0
	28829.99999998	12.9964		1.6654     0.2    0.2		4.1705503158		-1.0
	28874.99999998	13.35054		1.21625     0.2    0.2		4.1705503158		-1.0
	28919.99999998	13.45676		0.73216     0.2    0.2		4.1705503158		-1.0
	28964.99999998	13.08497		0.10516     0.2    0.2		4.1705503158		-1.0
	29009.99999998	12.61108		-0.25344     0.2    0.2		4.1705503158		-1.0
	29054.99999998	12.36252		-0.00589     0.2    0.2		4.1705503158		-1.0
	29099.99999998	11.59681		0.64505     0.2    0.2		4.1705503158		-1.0
	29144.99999998	10.41142		0.9619     0.2    0.2		4.1705503158		-1.0
	29189.99999998	9.321		0.99904     0.2    0.2		4.1705503158		-1.0
	29234.99999998	8.62867		0.89449     0.2    0.2		4.1705503158		-1.0
	29279.99999998	8.1458		0.66056     0.2    0.2		4.1705503158		-1.0
	29324.99999998	8.3419		0.0887     0.2    0.2		4.1705503158		-1.0
	29369.99999998	9.14811		-0.75226     0.2    0.2		4.1705503158		-1.0
	29414.99999998	9.81971		-1.46397     0.2    0.2		4.1705503158		-1.0
	29459.99999998	10.48026		-1.95045     0.2    0.2		4.1705503158		-1.0
	29504.99999998	11.12794		-2.41202     0.2    0.2		4.1705503158		-1.0
	29549.99999998	11.69736		-2.43679     0.2    0.2		4.1705503158		-1.0
	29594.99999998	12.4748		-2.60676     0.2    0.2		4.1705503158		-1.0
	29639.99999998	13.33223		-2.57506     0.2    0.2		4.1705503158		-1.0
	29684.99999998	14.03127		-2.70824     0.2    0.2		4.1705503158		-1.0
	29729.99999998	14.52727		-2.83351     0.2    0.2		4.1705503158		-1.0
	29774.99999998	14.35967		1.13653     0.2    0.2		4.1705503158		-1.0
	29819.99999998	14.37318		1.0489     0.2    0.2		4.1705503158		-1.0
	29864.99999998	14.1118		0.97415     0.2    0.2		4.1705503158		-1.0
	29909.99999998	13.78397		1.17006     0.2    0.2		4.1705503158		-1.0
	29954.99999998	12.6643		1.25627     0.2    0.2		4.1705503158		-1.0
	29999.99999998	11.78951		1.18734     0.2    0.2		4.1705503158		-1.0
	30044.99999998	10.89707		1.326     0.2    0.2		4.1705503158		-1.0
	30089.99999998	10.53574		1.63934     0.2    0.2		4.1705503158		-1.0
	30134.99999998	10.25517		1.75483     0.2    0.2		4.1705503158		-1.0
	30179.99999998	10.33884		1.63291     0.2    0.2		4.1705503158		-1.0
	30224.99999998	10.28966		1.39279     0.2    0.2		4.1705503158		-1.0
	30269.99999998	10.72907		1.05302     0.2    0.2		4.1705503158		-1.0
	30314.99999998	11.0117		0.97225     0.2    0.2		4.1705503158		-1.0
	30359.99999998	11.37019		1.06853     0.2    0.2		4.1705503158		-1.0
	30404.99999998	11.11475		1.36799     0.2    0.2		4.1705503158		-1.0
	30449.99999998	11.0556		2.08798     0.2    0.2		4.1705503158		-1.0
	30494.99999998	11.02413		2.47223     0.2    0.2		4.1705503158		-1.0
	30539.99999998	11.58832		3.10093     0.2    0.2		4.1705503158		-1.0
	30584.99999998	11.68241		-2.64191     0.2    0.2		4.1705503158		-1.0
	30629.99999998	11.54309		-2.25943     0.2    0.2		4.1705503158		-1.0
	30674.99999998	11.44724		-2.05331     0.2    0.2		4.1705503158		-1.0
	30719.99999998	11.00015		-1.8247     0.2    0.2		4.1705503158		-1.0
	30764.99999998	10.89613		-2.10021     0.2    0.2		4.1705503158		-1.0
	30809.99999998	10.55689		-2.45185     0.2    0.2		4.1705503158		-1.0
	30854.99999998	10.3184		-3.06932     0.2    0.2		4.1705503158		-1.0
	30899.99999998	9.88471		2.87162     0.2    0.2		4.1705503158		-1.0
	30944.99999998	9.05517		2.78214     0.2    0.2		4.1705503158		-1.0
	30989.99999998	7.93877		-3.08182     0.2    0.2		4.1705503158		-1.0
	31034.99999998	7.69918		-2.77226     0.2    0.2		4.1705503158		-1.0
	31079.99999998	8.50139		-2.71379     0.2    0.2		4.1705503158		-1.0
	31124.99999998	9.46496		-2.86608     0.2    0.2		4.1705503158		-1.0
	31169.99999998	10.17426		-2.34409     0.2    0.2		4.1705503158		-1.0
	31214.99999998	10.3391		-1.44157     0.2    0.2		4.1705503158		-1.0
	31259.99999998	10.15178		-0.49487     0.2    0.2		4.1705503158		-1.0
	31304.99999998	9.91984		-0.45541     0.2    0.2		4.1705503158		-1.0
	31349.99999998	9.34629		-0.52882     0.2    0.2		4.1705503158		-1.0
	31394.99999998	8.59293		-0.71039     0.2    0.2		4.1705503158		-1.0
	31439.99999998	8.71662		-0.67227     0.2    0.2		4.1705503158		-1.0
	31484.99999998	9.67471		-0.72826     0.2    0.2		4.1705503158		-1.0
	31529.99999998	10.72757		-0.62112     0.2    0.2		4.1705503158		-1.0
	31574.99999998	11.65112		-0.36676     0.2    0.2		4.1705503158		-1.0
	31619.99999998	11.71678		-0.59382     0.2    0.2		4.1705503158		-1.0
	31664.99999998	11.89195		-2.04686     0.2    0.2		4.1705503158		-1.0
	31709.99999998	11.91148		-1.81191     0.2    0.2		4.1705503158		-1.0
	31754.99999998	12.40173		-1.31518     0.2    0.2		4.1705503158		-1.0
	31799.99999998	12.0313		-1.09184     0.2    0.2		4.1705503158		-1.0
	31844.99999998	11.98603		-0.5512     0.2    0.2		4.1705503158		-1.0
	31889.99999998	10.92084		-0.32087     0.2    0.2		4.1705503158		-1.0
	31934.99999998	10.00031		0.16116     0.2    0.2		4.1705503158		-1.0
	31979.99999998	8.70873		0.1532     0.2    0.2		4.1705503158		-1.0
	32024.99999998	7.88965		0.27519     0.2    0.2		4.1705503158		-1.0
	32069.99999998	6.66182		0.19045     0.2    0.2		4.1705503158		-1.0
	32114.99999998	7.3221		0.38057     0.2    0.2		4.1705503158		-1.0
	32159.99999998	7.77372		0.41052     0.2    0.2		4.1705503158		-1.0
	32204.99999998	8.53744		0.38311     0.2    0.2		4.1705503158		-1.0
	32249.99999998	8.54626		0.4902     0.2    0.2		4.1705503158		-1.0
	32294.99999998	8.74052		0.96591     0.2    0.2		4.1705503158		-1.0
	32339.99999998	8.73507		1.67569     0.2    0.2		4.1705503158		-1.0
	32384.99999998	9.49033		1.83598     0.2    0.2		4.1705503158		-1.0
	32429.99999998	9.73156		0.91208     0.2    0.2		4.1705503158		-1.0
	32474.99999998	10.06348		1.28029     0.2    0.2		4.1705503158		-1.0
	32519.99999998	10.62672		-0.78318     0.2    0.2		4.1705503158		-1.0
	32564.99999998	10.58568		-1.40199     0.2    0.2		4.1705503158		-1.0
	32609.99999998	10.47996		-1.25137     0.2    0.2		4.1705503158		-1.0
	32654.99999998	10.80101		-1.66416     0.2    0.2		4.1705503158		-1.0
	32699.99999998	11.31175		-1.57054     0.2    0.2		4.1705503158		-1.0
	32744.99999998	12.01605		-1.36317     0.2    0.2		4.1705503158		-1.0
	32789.99999998	11.82092		-1.28158     0.2    0.2		4.1705503158		-1.0
	32834.99999998	11.14973		-1.01757     0.2    0.2		4.1705503158		-1.0
	32879.99999998	10.62094		-1.04942     0.2    0.2		4.1705503158		-1.0
	32924.99999998	10.7529		-0.86657     0.2    0.2		4.1705503158		-1.0
	32969.99999998	10.17691		-0.75717     0.2    0.2		4.1705503158		-1.0
	33014.99999998	10.30588		-0.26074     0.2    0.2		4.1705503158		-1.0
	33059.99999998	10.52716		-0.40091     0.2    0.2		4.1705503158		-1.0
	33104.99999998	11.23365		-0.41368     0.2    0.2		4.1705503158		-1.0
	33149.99999998	11.1391		-0.34429     0.2    0.2		4.1705503158		-1.0
	33194.99999998	11.12249		-0.27366     0.2    0.2		4.1705503158		-1.0
	33239.99999998	11.24044		0.18301     0.2    0.2		4.1705503158		-1.0
	33284.99999998	11.1793		0.28542     0.2    0.2		4.1705503158		-1.0
	33329.99999998	12.20619		0.65702     0.2    0.2		4.1705503158		-1.0
	33374.99999998	12.81857		0.41976     0.2    0.2		4.1705503158		-1.0
	33419.99999998	13.65508		0.80909     0.2    0.2		4.1705503158		-1.0
	33464.99999998	13.699		0.72591     0.2    0.2		4.1705503158		-1.0
	33509.99999998	13.427		0.8943     0.2    0.2		4.1705503158		-1.0
	33554.99999998	12.74808		0.59408     0.2    0.2		4.1705503158		-1.0
	33599.99999998	11.92767		0.69553     0.2    0.2		4.1705503158		-1.0
	33644.99999998	11.026		0.56748     0.2    0.2		4.1705503158		-1.0
	33689.99999998	10.56773		0.63826     0.2    0.2		4.1705503158		-1.0
	33734.99999997	10.00507		-0.0264     0.2    0.2		4.1705503158		-1.0
