	45.00000000	2.88793		-1.31629     0.2    0.2		4.1705503158		-1.0
	90.00000000	2.86145		-0.66196     0.2    0.2		4.1705503158		-1.0
	135.00000000	2.94747		-0.4858     0.2    0.2		4.1705503158		-1.0
	180.00000000	2.96089		0.1871     0.2    0.2		4.1705503158		-1.0
	225.00000000	2.8687		0.50711     0.2    0.2		4.1705503158		-1.0
	270.00000000	2.92141		1.06026     0.2    0.2		4.1705503158		-1.0
	315.00000000	2.93924		1.22289     0.2    0.2		4.1705503158		-1.0
	360.00000000	2.87839		1.82486     0.2    0.2		4.1705503158		-1.0
	405.00000000	2.94666		1.75986     0.2    0.2		4.1705503158		-1.0
	450.00000000	2.87186		2.02152     0.2    0.2		4.1705503158		-1.0
	495.00000000	2.9244		2.29521     0.2    0.2		4.1705503158		-1.0
	540.00000000	2.90489		2.62815     0.2    0.2		4.1705503158		-1.0
	585.00000000	2.90003		3.12278     0.2    0.2		4.1705503158		-1.0
	630.00000000	2.89897		-3.02191     0.2    0.2		4.1705503158		-1.0
	675.00000000	2.93508		-2.43317     0.2    0.2		4.1705503158		-1.0
	720.00000000	2.86729		-2.048     0.2    0.2		4.1705503158		-1.0
	765.00000000	2.99722		-1.87174     0.2    0.2		4.1705503158		-1.0
	810.00000000	2.90431		-1.47877     0.2    0.2		4.1705503158		-1.0
	855.00000000	3.00453		-1.30185     0.2    0.2		4.1705503158		-1.0
	900.00000000	2.85403		-1.032     0.2    0.2		4.1705503158		-1.0
	945.00000000	2.90251		-0.79388     0.2    0.2		4.1705503158		-1.0
	990.00000000	2.94155		-0.9103     0.2    0.2		4.1705503158		-1.0
	1035.00000000	2.90647		-1.1881     0.2    0.2		4.1705503158		-1.0
	1080.00000000	2.92261		-1.58497     0.2    0.2		4.1705503158		-1.0
	1125.00000000	2.95102		-1.88374     0.2    0.2		4.1705503158		-1.0
	1170.00000000	2.85995		-1.63976     0.2    0.2		4.1705503158		-1.0
	1215.00000000	2.86093		-1.60165     0.2    0.2		4.1705503158		-1.0
	1260.00000000	2.98125		-1.00896     0.2    0.2		4.1705503158		-1.0
	1305.00000000	2.85383		-0.85756     0.2    0.2		4.1705503158		-1.0
	1350.00000000	3.03662		-0.71389     0.2    0.2		4.1705503158		-1.0
	1395.00000000	2.88347		-0.36333     0.2    0.2		4.1705503158		-1.0
	1440.00000000	2.93596		-0.34647     0.2    0.2		4.1705503158		-1.0
	1485.00000000	2.96592		0.08835     0.2    0.2		4.1705503158		-1.0
	1530.00000000	2.93894		0.24267     0.2    0.2		4.1705503158		-1.0
	1575.00000000	2.81254		0.72919     0.2    0.2		4.1705503158		-1.0
	1620.00000000	2.90849		1.10461     0.2    0.2		4.1705503158		-1.0
	1665.00000000	2.94483		1.41306     0.2    0.2		4.1705503158		-1.0
	1710.00000000	2.96289		1.47529     0.2    0.2		4.1705503158		-1.0
	1755.00000000	2.92218		1.61872     0.2    0.2		4.1705503158		-1.0
	1800.00000000	2.81651		1.52932     0.2    0.2		4.1705503158		-1.0
	1845.00000000	2.78387		0.99566     0.2    0.2		4.1705503158		-1.0
	1890.00000000	2.86218		0.75543     0.2    0.2		4.1705503158		-1.0
	1935.00000000	3.09734		0.49394     0.2    0.2		4.1705503158		-1.0
	1980.00000000	2.92888		0.05249     0.2    0.2		4.1705503158		-1.0
	2025.00000000	2.93357		-0.11143     0.2    0.2		4.1705503158		-1.0
	2070.00000000	2.94845		-0.61497     0.2    0.2		4.1705503158		-1.0
	2115.00000000	2.87171		-1.08211     0.2    0.2		4.1705503158		-1.0
	2160.00000000	3.01613		-1.55378     0.2    0.2		4.1705503158		-1.0
	2205.00000000	2.94663		-2.18443     0.2    0.2		4.1705503158		-1.0
	2250.00000000	2.8985		-2.74825     0.2    0.2		4.1705503158		-1.0
	2295.00000000	2.85713		2.68377     0.2    0.2		4.1705503158		-1.0
	2340.00000000	3.01939		2.22636     0.2    0.2		4.1705503158		-1.0
	2385.00000000	2.9498		1.89402     0.2    0.2		4.1705503158		-1.0
	2430.00000000	3.04867		1.90536     0.2    0.2		4.1705503158		-1.0
	2475.00000000	3.04326		1.84277     0.2    0.2		4.1705503158		-1.0
	2520.00000000	2.89264		2.13837     0.2    0.2		4.1705503158		-1.0
	2565.00000000	2.86915		2.63132     0.2    0.2		4.1705503158		-1.0
	2610.00000000	2.88477		3.03226     0.2    0.2		4.1705503158		-1.0
	2655.00000000	2.96653		-2.67994     0.2    0.2		4.1705503158		-1.0
	2700.00000000	2.99149		-2.34592     0.2    0.2		4.1705503158		-1.0
	2745.00000000	2.88111		-2.06417     0.2    0.2		4.1705503158		-1.0
	2790.00000000	2.96398		-2.13526     0.2    0.2		4.1705503158		-1.0
	2835.00000000	2.94328		-2.00979     0.2    0.2		4.1705503158		-1.0
	2880.00000000	2.78554		-2.19763     0.2    0.2		4.1705503158		-1.0
	2925.00000000	2.89253		-1.86426     0.2    0.2		4.1705503158		-1.0
	2970.00000000	3.08431		-1.91395     0.2    0.2		4.1705503158		-1.0
	3015.00000000	3.01087		-1.7119     0.2    0.2		4.1705503158		-1.0
	3060.00000000	2.83876		-1.11827     0.2    0.2		4.1705503158		-1.0
	3105.00000000	2.88389		-0.8717     0.2    0.2		4.1705503158		-1.0
	3150.00000000	3.06462		-0.51304     0.2    0.2		4.1705503158		-1.0
	3195.00000000	2.95912		-0.01791     0.2    0.2		4.1705503158		-1.0
	3240.00000000	2.74349		0.54553     0.2    0.2		4.1705503158		-1.0
	3285.00000000	2.7728		0.72874     0.2    0.2		4.1705503158		-1.0
	3330.00000000	2.96255		1.47218     0.2    0.2		4.1705503158		-1.0
	3375.00000000	3.13346		1.27112     0.2    0.2		4.1705503158		-1.0
	3420.00000000	3.0951		1.31821     0.2    0.2		4.1705503158		-1.0
	3465.00000000	3.09328		0.81698     0.2    0.2		4.1705503158		-1.0
	3510.00000000	2.97912		1.05732     0.2    0.2		4.1705503158		-1.0
	3555.00000000	2.93162		0.82154     0.2    0.2		4.1705503158		-1.0
	3600.00000000	3.08654		0.66322     0.2    0.2		4.1705503158		-1.0
	3645.00000000	2.88921		0.56017     0.2    0.2		4.1705503158		-1.0
	3690.00000000	3.0851		0.63106     0.2    0.2		4.1705503158		-1.0
	3735.00000000	3.03596		0.48457     0.2    0.2		4.1705503158		-1.0
	3780.00000000	2.9198		0.4104     0.2    0.2		4.1705503158		-1.0
	3825.00000000	2.97716		0.24839     0.2    0.2		4.1705503158		-1.0
	3870.00000000	2.95363		-0.04705     0.2    0.2		4.1705503158		-1.0
	3915.00000000	2.84872		-0.46083     0.2    0.2		4.1705503158		-1.0
	3960.00000000	3.03401		-0.67823     0.2    0.2		4.1705503158		-1.0
	4005.00000000	3.19658		-0.92001     0.2    0.2		4.1705503158		-1.0
	4050.00000000	2.99711		-1.3487     0.2    0.2		4.1705503158		-1.0
	4095.00000000	2.89498		-1.24098     0.2    0.2		4.1705503158		-1.0
	4140.00000000	2.97603		-1.3031     0.2    0.2		4.1705503158		-1.0
	4185.00000000	3.02542		-1.17583     0.2    0.2		4.1705503158		-1.0
	4230.00000000	2.7741		-1.14743     0.2    0.2		4.1705503158		-1.0
	4275.00000000	3.27542		-0.88459     0.2    0.2		4.1705503158		-1.0
	4320.00000000	2.96584		-0.79897     0.2    0.2		4.1705503158		-1.0
	4365.00000000	2.99195		-0.38478     0.2    0.2		4.1705503158		-1.0
	4410.00000000	3.17437		-0.54948     0.2    0.2		4.1705503158		-1.0
	4455.00000000	3.14043		-0.24741     0.2    0.2		4.1705503158		-1.0
	4500.00000000	2.90126		-0.39895     0.2    0.2		4.1705503158		-1.0
	4545.00000000	2.90427		-0.13133     0.2    0.2		4.1705503158		-1.0
	4590.00000000	2.97992		-0.15922     0.2    0.2		4.1705503158		-1.0
	4635.00000000	3.20936		-0.05409     0.2    0.2		4.1705503158		-1.0
	4680.00000000	2.97245		-0.24591     0.2    0.2		4.1705503158		-1.0
	4725.00000000	2.64404		-0.16308     0.2    0.2		4.1705503158		-1.0
	4770.00000000	2.71641		-0.27768     0.2    0.2		4.1705503158		-1.0
	4815.00000000	2.69584		-0.64215     0.2    0.2		4.1705503158		-1.0
	4860.00000000	3.16183		-0.61062     0.2    0.2		4.1705503158		-1.0
	4905.00000000	3.06891		-0.78938     0.2    0.2		4.1705503158		-1.0
	4950.00000000	3.11888		-1.21921     0.2    0.2		4.1705503158		-1.0
	4995.00000000	3.00591		-1.60095     0.2    0.2		4.1705503158		-1.0
	5040.00000000	3.06183		-2.0448     0.2    0.2		4.1705503158		-1.0
	5085.00000000	3.10359		-2.42845     0.2    0.2		4.1705503158		-1.0
	5130.00000000	3.12775		-2.57454     0.2    0.2		4.1705503158		-1.0
	5175.00000000	2.78059		-2.69952     0.2    0.2		4.1705503158		-1.0
	5220.00000000	2.76885		-2.99483     0.2    0.2		4.1705503158		-1.0
	5265.00000000	2.83842		-3.02361     0.2    0.2		4.1705503158		-1.0
	5310.00000000	2.95154		2.89453     0.2    0.2		4.1705503158		-1.0
	5355.00000000	2.98165		2.92085     0.2    0.2		4.1705503158		-1.0
	5400.00000000	2.87077		2.61227     0.2    0.2		4.1705503158		-1.0
	5445.00000000	2.83754		2.84236     0.2    0.2		4.1705503158		-1.0
	5490.00000000	2.75694		2.74392     0.2    0.2		4.1705503158		-1.0
	5535.00000000	2.71584		3.06015     0.2    0.2		4.1705503158		-1.0
	5580.00000000	2.77127		3.10661     0.2    0.2		4.1705503158		-1.0
	5625.00000000	2.86818		-2.61783     0.2    0.2		4.1705503158		-1.0
	5670.00000000	2.98716		-2.56111     0.2    0.2		4.1705503158		-1.0
	5715.00000000	2.87894		-2.71776     0.2    0.2		4.1705503158		-1.0
	5760.00000000	2.91578		3.04937     0.2    0.2		4.1705503158		-1.0
	5805.00000000	2.91071		3.0585     0.2    0.2		4.1705503158		-1.0
	5850.00000000	2.86613		-3.09734     0.2    0.2		4.1705503158		-1.0
	5895.00000000	3.20347		-2.80152     0.2    0.2		4.1705503158		-1.0
	5940.00000000	3.0129		-2.44201     0.2    0.2		4.1705503158		-1.0
	5985.00000000	2.99275		-2.27166     0.2    0.2		4.1705503158		-1.0
	6030.00000000	2.92733		-1.9043     0.2    0.2		4.1705503158		-1.0
	6075.00000000	2.79393		-1.52532     0.2    0.2		4.1705503158		-1.0
	6120.00000000	2.76073		-1.45953     0.2    0.2		4.1705503158		-1.0
	6165.00000000	2.83181		-1.17539     0.2    0.2		4.1705503158		-1.0
	6210.00000000	2.71068		-1.71481     0.2    0.2		4.1705503158		-1.0
	6255.00000000	3.29169		-1.98661     0.2    0.2		4.1705503158		-1.0
	6300.00000000	3.18243		-2.41514     0.2    0.2		4.1705503158		-1.0
	6345.00000000	2.9399		-2.4738     0.2    0.2		4.1705503158		-1.0
	6390.00000000	3.13562		-2.84575     0.2    0.2		4.1705503158		-1.0
	6435.00000000	3.01469		-2.95469     0.2    0.2		4.1705503158		-1.0
	6480.00000000	3.10929		3.04923     0.2    0.2		4.1705503158		-1.0
	6525.00000000	2.8023		2.67397     0.2    0.2		4.1705503158		-1.0
	6570.00000000	2.85688		2.30151     0.2    0.2		4.1705503158		-1.0
	6615.00000000	2.72388		2.03491     0.2    0.2		4.1705503158		-1.0
	6660.00000000	2.81285		2.01995     0.2    0.2		4.1705503158		-1.0
	6705.00000000	3.17268		1.68316     0.2    0.2		4.1705503158		-1.0
	6750.00000000	2.86182		1.51915     0.2    0.2		4.1705503158		-1.0
	6795.00000000	2.86061		1.14431     0.2    0.2		4.1705503158		-1.0
	6840.00000000	2.78532		1.11269     0.2    0.2		4.1705503158		-1.0
	6885.00000000	3.06864		0.93399     0.2    0.2		4.1705503158		-1.0
	6930.00000000	2.81167		1.07224     0.2    0.2		4.1705503158		-1.0
	6975.00000000	2.74003		1.43812     0.2    0.2		4.1705503158		-1.0
	7020.00000000	2.90676		1.3276     0.2    0.2		4.1705503158		-1.0
	7065.00000000	2.9122		1.26462     0.2    0.2		4.1705503158		-1.0
	7110.00000000	3.1318		0.90742     0.2    0.2		4.1705503158		-1.0
	7155.00000000	3.08807		0.90082     0.2    0.2		4.1705503158		-1.0
	7200.00000000	2.83317		0.49505     0.2    0.2		4.1705503158		-1.0
	7245.00000000	2.81812		0.17513     0.2    0.2		4.1705503158		-1.0
	7290.00000000	3.11073		0.03426     0.2    0.2		4.1705503158		-1.0
	7335.00000000	3.02647		0.01048     0.2    0.2		4.1705503158		-1.0
	7380.00000000	3.13349		0.45978     0.2    0.2		4.1705503158		-1.0
	7425.00000000	2.83022		0.60753     0.2    0.2		4.1705503158		-1.0
	7470.00000000	2.8511		1.12454     0.2    0.2		4.1705503158		-1.0
	7515.00000000	2.7198		1.40871     0.2    0.2		4.1705503158		-1.0
	7560.00000000	3.08117		1.66611     0.2    0.2		4.1705503158		-1.0
	7605.00000000	2.70874		1.85866     0.2    0.2		4.1705503158		-1.0
	7650.00000000	2.85348		2.05613     0.2    0.2		4.1705503158		-1.0
	7695.00000000	3.04642		2.39445     0.2    0.2		4.1705503158		-1.0
	7740.00000000	3.1233		2.60618     0.2    0.2		4.1705503158		-1.0
	7785.00000000	3.30591		3.01099     0.2    0.2		4.1705503158		-1.0
	7830.00000000	2.8585		-2.94976     0.2    0.2		4.1705503158		-1.0
	7875.00000000	3.11128		-2.72996     0.2    0.2		4.1705503158		-1.0
	7920.00000000	2.74333		-2.64404     0.2    0.2		4.1705503158		-1.0
	7965.00000000	2.85408		-2.37805     0.2    0.2		4.1705503158		-1.0
	8010.00000000	2.72749		-2.29733     0.2    0.2		4.1705503158		-1.0
	8055.00000000	2.82346		-2.36194     0.2    0.2		4.1705503158		-1.0
	8100.00000000	2.8284		-2.20753     0.2    0.2		4.1705503158		-1.0
	8145.00000000	2.69966		-2.0931     0.2    0.2		4.1705503158		-1.0
	8190.00000000	2.90237		-1.72252     0.2    0.2		4.1705503158		-1.0
	8235.00000000	3.06812		-1.51828     0.2    0.2		4.1705503158		-1.0
	8280.00000000	3.19324		-1.45529     0.2    0.2		4.1705503158		-1.0
	8325.00000000	2.98411		-1.05795     0.2    0.2		4.1705503158		-1.0
	8370.00000000	3.03646		-0.74305     0.2    0.2		4.1705503158		-1.0
	8415.00000000	3.3016		-0.63406     0.2    0.2		4.1705503158		-1.0
	8460.00000000	2.85066		-0.15518     0.2    0.2		4.1705503158		-1.0
	8505.00000000	2.75267		0.21738     0.2    0.2		4.1705503158		-1.0
	8550.00000000	3.20542		0.49455     0.2    0.2		4.1705503158		-1.0
	8595.00000000	2.69044		0.52035     0.2    0.2		4.1705503158		-1.0
	8640.00000000	2.77666		0.64866     0.2    0.2		4.1705503158		-1.0
	8685.00000000	2.79363		0.80241     0.2    0.2		4.1705503158		-1.0
	8730.00000000	2.75169		0.96891     0.2    0.2		4.1705503158		-1.0
	8775.00000000	3.03653		0.91973     0.2    0.2		4.1705503158		-1.0
	8820.00000000	2.84387		1.13725     0.2    0.2		4.1705503158		-1.0
	8865.00000000	2.83561		1.29388     0.2    0.2		4.1705503158		-1.0
	8910.00000000	3.14774		1.50154     0.2    0.2		4.1705503158		-1.0
	8955.00000000	3.09563		1.5835     0.2    0.2		4.1705503158		-1.0
	9000.00000000	2.85924		1.89801     0.2    0.2		4.1705503158		-1.0
	9045.00000000	3.20873		2.07055     0.2    0.2		4.1705503158		-1.0
	9090.00000000	2.98097		2.39029     0.2    0.2		4.1705503158		-1.0
	9135.00000000	2.91381		2.73512     0.2    0.2		4.1705503158		-1.0
	9180.00000000	2.95851		2.949     0.2    0.2		4.1705503158		-1.0
	9225.00000000	2.99967		3.07199     0.2    0.2		4.1705503158		-1.0
	9270.00000000	3.19608		3.13799     0.2    0.2		4.1705503158		-1.0
	9315.00000000	2.67538		-2.96796     0.2    0.2		4.1705503158		-1.0
	9360.00000000	3.00553		-2.76936     0.2    0.2		4.1705503158		-1.0
	9405.00000000	3.27983		-2.71791     0.2    0.2		4.1705503158		-1.0
	9450.00000000	3.24459		-2.81247     0.2    0.2		4.1705503158		-1.0
	9495.00000000	3.08495		-2.91402     0.2    0.2		4.1705503158		-1.0
	9540.00000000	3.2374		2.93369     0.2    0.2		4.1705503158		-1.0
	9585.00000000	2.77574		2.37229     0.2    0.2		4.1705503158		-1.0
	9630.00000000	3.13191		2.05756     0.2    0.2		4.1705503158		-1.0
	9675.00000000	3.23944		1.77999     0.2    0.2		4.1705503158		-1.0
	9720.00000000	2.79051		1.67529     0.2    0.2		4.1705503158		-1.0
	9765.00000000	2.89564		1.48392     0.2    0.2		4.1705503158		-1.0
	9810.00000000	3.18754		1.51146     0.2    0.2		4.1705503158		-1.0
	9855.00000000	2.75897		1.81968     0.2    0.2		4.1705503158		-1.0
	9900.00000000	3.20783		1.79992     0.2    0.2		4.1705503158		-1.0
	9945.00000000	3.36818		2.17243     0.2    0.2		4.1705503158		-1.0
	9990.00000000	3.14914		2.48466     0.2    0.2		4.1705503158		-1.0
	10035.00000000	2.94385		2.78576     0.2    0.2		4.1705503158		-1.0
	10080.00000000	3.07659		2.81311     0.2    0.2		4.1705503158		-1.0
	10125.00000000	3.08641		2.80791     0.2    0.2		4.1705503158		-1.0
	10170.00000000	3.24488		2.86273     0.2    0.2		4.1705503158		-1.0
	10215.00000000	3.19445		2.38888     0.2    0.2		4.1705503158		-1.0
	10260.00000000	3.188		2.37215     0.2    0.2		4.1705503158		-1.0
	10305.00000000	2.78837		2.14678     0.2    0.2		4.1705503158		-1.0
	10350.00000000	2.95755		2.24229     0.2    0.2		4.1705503158		-1.0
	10395.00000000	2.80694		2.39197     0.2    0.2		4.1705503158		-1.0
	10440.00000000	2.86573		2.61347     0.2    0.2		4.1705503158		-1.0
	10485.00000000	2.73566		2.67746     0.2    0.2		4.1705503158		-1.0
	10530.00000000	2.78342		-3.10061     0.2    0.2		4.1705503158		-1.0
	10575.00000000	2.74292		-2.8348     0.2    0.2		4.1705503158		-1.0
	10620.00000000	2.68412		-2.78151     0.2    0.2		4.1705503158		-1.0
	10665.00000000	2.72208		-2.28659     0.2    0.2		4.1705503158		-1.0
	10710.00000000	2.71631		-2.12708     0.2    0.2		4.1705503158		-1.0
	10755.00000000	2.78317		-1.67618     0.2    0.2		4.1705503158		-1.0
	10800.00000000	2.68563		-1.15083     0.2    0.2		4.1705503158		-1.0
	10845.00000001	2.85514		-0.85927     0.2    0.2		4.1705503158		-1.0
	10890.00000001	2.80619		-0.40142     0.2    0.2		4.1705503158		-1.0
	10935.00000001	2.71258		-0.25062     0.2    0.2		4.1705503158		-1.0
	10980.00000001	2.79316		0.2291     0.2    0.2		4.1705503158		-1.0
	11025.00000001	2.83039		0.18669     0.2    0.2		4.1705503158		-1.0
	11070.00000001	2.75318		0.75007     0.2    0.2		4.1705503158		-1.0
	11115.00000001	2.65265		1.25846     0.2    0.2		4.1705503158		-1.0
	11160.00000001	2.71695		1.83944     0.2    0.2		4.1705503158		-1.0
	11205.00000001	2.97012		2.12905     0.2    0.2		4.1705503158		-1.0
	11250.00000001	2.79583		2.62094     0.2    0.2		4.1705503158		-1.0
	11295.00000001	2.67438		2.5994     0.2    0.2		4.1705503158		-1.0
	11340.00000001	3.30057		2.43269     0.2    0.2		4.1705503158		-1.0
	11385.00000001	2.76577		2.43466     0.2    0.2		4.1705503158		-1.0
	11430.00000001	3.07513		2.48603     0.2    0.2		4.1705503158		-1.0
	11475.00000001	3.11969		2.45737     0.2    0.2		4.1705503158		-1.0
	11520.00000001	2.98515		2.33202     0.2    0.2		4.1705503158		-1.0
	11565.00000001	3.29144		2.13014     0.2    0.2		4.1705503158		-1.0
	11610.00000001	2.65943		2.17182     0.2    0.2		4.1705503158		-1.0
	11655.00000001	3.23218		1.74249     0.2    0.2		4.1705503158		-1.0
	11700.00000001	3.30182		1.69313     0.2    0.2		4.1705503158		-1.0
	11745.00000001	2.62165		1.57323     0.2    0.2		4.1705503158		-1.0
	11790.00000001	3.34295		1.46065     0.2    0.2		4.1705503158		-1.0
	11835.00000001	2.70281		1.20465     0.2    0.2		4.1705503158		-1.0
	11880.00000001	2.65479		1.04622     0.2    0.2		4.1705503158		-1.0
	11925.00000001	3.11273		0.96627     0.2    0.2		4.1705503158		-1.0
	11970.00000001	3.19744		0.79448     0.2    0.2		4.1705503158		-1.0
	12015.00000001	3.07536		0.89259     0.2    0.2		4.1705503158		-1.0
	12060.00000001	3.21164		1.17789     0.2    0.2		4.1705503158		-1.0
	12105.00000001	3.13368		1.34019     0.2    0.2		4.1705503158		-1.0
	12150.00000001	3.12529		1.29075     0.2    0.2		4.1705503158		-1.0
	12195.00000001	3.23919		1.31602     0.2    0.2		4.1705503158		-1.0
	12240.00000001	3.27687		0.73052     0.2    0.2		4.1705503158		-1.0
	12285.00000001	3.39904		0.9523     0.2    0.2		4.1705503158		-1.0
	12330.00000001	3.25096		0.75831     0.2    0.2		4.1705503158		-1.0
	12375.00000001	2.78723		0.67936     0.2    0.2		4.1705503158		-1.0
	12420.00000001	3.27734		1.02028     0.2    0.2		4.1705503158		-1.0
	12465.00000001	2.75292		0.82506     0.2    0.2		4.1705503158		-1.0
	12510.00000001	2.79342		1.60797     0.2    0.2		4.1705503158		-1.0
	12555.00000001	2.72862		1.60116     0.2    0.2		4.1705503158		-1.0
	12600.00000001	3.18246		2.14495     0.2    0.2		4.1705503158		-1.0
	12645.00000001	3.03374		2.51157     0.2    0.2		4.1705503158		-1.0
	12690.00000001	3.19792		3.01114     0.2    0.2		4.1705503158		-1.0
	12735.00000001	3.20297		-2.75849     0.2    0.2		4.1705503158		-1.0
	12780.00000001	2.87981		-2.60056     0.2    0.2		4.1705503158		-1.0
	12825.00000001	3.0189		-2.24798     0.2    0.2		4.1705503158		-1.0
	12870.00000001	3.20155		-1.77162     0.2    0.2		4.1705503158		-1.0
	12915.00000001	3.23911		-1.47854     0.2    0.2		4.1705503158		-1.0
	12960.00000001	3.27634		-0.93358     0.2    0.2		4.1705503158		-1.0
	13005.00000001	3.05848		-0.59275     0.2    0.2		4.1705503158		-1.0
	13050.00000001	2.67458		-0.25962     0.2    0.2		4.1705503158		-1.0
	13095.00000001	2.99189		-0.18372     0.2    0.2		4.1705503158		-1.0
	13140.00000001	2.85773		-0.50763     0.2    0.2		4.1705503158		-1.0
	13185.00000001	3.20368		-1.06943     0.2    0.2		4.1705503158		-1.0
	13230.00000001	3.24317		-1.42576     0.2    0.2		4.1705503158		-1.0
	13275.00000001	3.23998		-1.9028     0.2    0.2		4.1705503158		-1.0
	13320.00000001	3.30148		-2.41078     0.2    0.2		4.1705503158		-1.0
	13365.00000001	3.13137		-2.40748     0.2    0.2		4.1705503158		-1.0
	13410.00000001	3.11222		-2.55972     0.2    0.2		4.1705503158		-1.0
	13455.00000001	3.20732		-2.12391     0.2    0.2		4.1705503158		-1.0
	13500.00000001	3.23204		-1.98634     0.2    0.2		4.1705503158		-1.0
	13545.00000001	3.13285		-1.47921     0.2    0.2		4.1705503158		-1.0
	13590.00000001	3.20391		-1.11576     0.2    0.2		4.1705503158		-1.0
	13635.00000001	3.22455		-1.32837     0.2    0.2		4.1705503158		-1.0
	13680.00000001	3.20651		-1.09816     0.2    0.2		4.1705503158		-1.0
	13725.00000001	2.98249		-0.9921     0.2    0.2		4.1705503158		-1.0
	13770.00000001	2.57549		-1.09159     0.2    0.2		4.1705503158		-1.0
	13815.00000001	3.33863		-1.14292     0.2    0.2		4.1705503158		-1.0
	13860.00000001	3.11399		-1.43425     0.2    0.2		4.1705503158		-1.0
	13905.00000001	2.92629		-1.53532     0.2    0.2		4.1705503158		-1.0
	13950.00000001	2.65301		-1.62323     0.2    0.2		4.1705503158		-1.0
	13995.00000001	2.892		-1.78119     0.2    0.2		4.1705503158		-1.0
	14040.00000001	2.69801		-1.92306     0.2    0.2		4.1705503158		-1.0
	14085.00000001	2.78542		-1.96552     0.2    0.2		4.1705503158		-1.0
	14130.00000001	2.64208		-2.0653     0.2    0.2		4.1705503158		-1.0
	14175.00000001	3.1726		-2.081     0.2    0.2		4.1705503158		-1.0
	14220.00000001	3.2982		-2.13119     0.2    0.2		4.1705503158		-1.0
	14265.00000000	3.00579		-2.21713     0.2    0.2		4.1705503158		-1.0
	14310.00000000	3.36788		-2.18249     0.2    0.2		4.1705503158		-1.0
	14355.00000000	3.37901		-2.4867     0.2    0.2		4.1705503158		-1.0
	14400.00000000	3.00566		-2.52795     0.2    0.2		4.1705503158		-1.0
	14445.00000000	2.89168		-3.00588     0.2    0.2		4.1705503158		-1.0
	14490.00000000	2.8729		-3.12825     0.2    0.2		4.1705503158		-1.0
	14535.00000000	2.63955		2.70055     0.2    0.2		4.1705503158		-1.0
	14580.00000000	2.80123		2.75225     0.2    0.2		4.1705503158		-1.0
	14625.00000000	2.62678		2.78033     0.2    0.2		4.1705503158		-1.0
	14670.00000000	3.02962		-2.7869     0.2    0.2		4.1705503158		-1.0
	14715.00000000	3.34818		-3.06219     0.2    0.2		4.1705503158		-1.0
	14760.00000000	3.31639		-3.09458     0.2    0.2		4.1705503158		-1.0
	14805.00000000	3.1844		2.76202     0.2    0.2		4.1705503158		-1.0
	14850.00000000	3.39091		2.77528     0.2    0.2		4.1705503158		-1.0
	14895.00000000	3.41512		2.45056     0.2    0.2		4.1705503158		-1.0
	14940.00000000	2.78024		2.43636     0.2    0.2		4.1705503158		-1.0
	14985.00000000	2.95483		2.10475     0.2    0.2		4.1705503158		-1.0
	15030.00000000	3.34216		1.92089     0.2    0.2		4.1705503158		-1.0
	15075.00000000	2.72005		1.59453     0.2    0.2		4.1705503158		-1.0
	15120.00000000	2.76917		1.45849     0.2    0.2		4.1705503158		-1.0
	15165.00000000	2.63479		1.10341     0.2    0.2		4.1705503158		-1.0
	15210.00000000	3.33009		1.05689     0.2    0.2		4.1705503158		-1.0
	15255.00000000	2.75621		0.67616     0.2    0.2		4.1705503158		-1.0
	15300.00000000	3.12263		0.40367     0.2    0.2		4.1705503158		-1.0
	15345.00000000	2.66988		0.10008     0.2    0.2		4.1705503158		-1.0
	15390.00000000	3.319		-0.06154     0.2    0.2		4.1705503158		-1.0
	15435.00000000	3.35105		-0.5153     0.2    0.2		4.1705503158		-1.0
	15480.00000000	2.81057		-0.53501     0.2    0.2		4.1705503158		-1.0
	15525.00000000	2.80292		-0.66844     0.2    0.2		4.1705503158		-1.0
	15570.00000000	2.8497		-0.83394     0.2    0.2		4.1705503158		-1.0
	15615.00000000	2.82093		-0.89367     0.2    0.2		4.1705503158		-1.0
	15660.00000000	2.7564		-0.76181     0.2    0.2		4.1705503158		-1.0
	15705.00000000	2.76653		-1.39008     0.2    0.2		4.1705503158		-1.0
	15750.00000000	2.80959		-1.63848     0.2    0.2		4.1705503158		-1.0
	15795.00000000	2.68505		-1.77651     0.2    0.2		4.1705503158		-1.0
	15840.00000000	2.76915		-1.99926     0.2    0.2		4.1705503158		-1.0
	15885.00000000	2.61988		-1.87345     0.2    0.2		4.1705503158		-1.0
	15930.00000000	3.12376		-1.54079     0.2    0.2		4.1705503158		-1.0
	15975.00000000	2.87861		-1.38888     0.2    0.2		4.1705503158		-1.0
	16020.00000000	2.75355		-0.96397     0.2    0.2		4.1705503158		-1.0
	16065.00000000	2.80266		-1.15579     0.2    0.2		4.1705503158		-1.0
	16110.00000000	2.77538		-1.32329     0.2    0.2		4.1705503158		-1.0
	16155.00000000	2.67554		-1.42615     0.2    0.2		4.1705503158		-1.0
	16200.00000000	2.70526		-1.49367     0.2    0.2		4.1705503158		-1.0
	16245.00000000	2.77151		-1.14875     0.2    0.2		4.1705503158		-1.0
	16290.00000000	2.76595		-0.55495     0.2    0.2		4.1705503158		-1.0
	16335.00000000	2.78755		-0.1177     0.2    0.2		4.1705503158		-1.0
	16380.00000000	3.31297		0.2783     0.2    0.2		4.1705503158		-1.0
	16425.00000000	2.80871		0.31908     0.2    0.2		4.1705503158		-1.0
	16470.00000000	3.37313		0.27033     0.2    0.2		4.1705503158		-1.0
	16515.00000000	3.3467		0.10085     0.2    0.2		4.1705503158		-1.0
	16560.00000000	2.79481		0.2398     0.2    0.2		4.1705503158		-1.0
	16605.00000000	2.79645		0.3897     0.2    0.2		4.1705503158		-1.0
	16650.00000000	3.09356		0.4266     0.2    0.2		4.1705503158		-1.0
	16695.00000000	2.71981		0.40517     0.2    0.2		4.1705503158		-1.0
	16740.00000000	3.31768		0.28332     0.2    0.2		4.1705503158		-1.0
	16785.00000000	2.75643		0.12959     0.2    0.2		4.1705503158		-1.0
	16830.00000000	3.06299		-0.26284     0.2    0.2		4.1705503158		-1.0
	16875.00000000	3.26602		-0.29511     0.2    0.2		4.1705503158		-1.0
	16920.00000000	3.29577		-0.39859     0.2    0.2		4.1705503158		-1.0
	16965.00000000	3.07981		-0.45962     0.2    0.2		4.1705503158		-1.0
	17010.00000000	3.25495		-0.22483     0.2    0.2		4.1705503158		-1.0
	17055.00000000	3.2686		-0.17045     0.2    0.2		4.1705503158		-1.0
	17100.00000000	3.43097		-0.2678     0.2    0.2		4.1705503158		-1.0
	17145.00000000	2.694		-0.00241     0.2    0.2		4.1705503158		-1.0
	17190.00000000	3.52295		-0.43638     0.2    0.2		4.1705503158		-1.0
	17235.00000000	2.57956		-0.40431     0.2    0.2		4.1705503158		-1.0
	17280.00000000	2.73026		-0.80434     0.2    0.2		4.1705503158		-1.0
	17325.00000000	2.72242		-0.96086     0.2    0.2		4.1705503158		-1.0
	17370.00000000	2.70682		-0.79774     0.2    0.2		4.1705503158		-1.0
	17415.00000000	2.66208		-1.2607     0.2    0.2		4.1705503158		-1.0
	17460.00000000	3.45699		-1.35917     0.2    0.2		4.1705503158		-1.0
	17505.00000000	3.33714		-1.53213     0.2    0.2		4.1705503158		-1.0
	17550.00000000	3.10754		-1.83586     0.2    0.2		4.1705503158		-1.0
	17595.00000000	3.20588		-1.76318     0.2    0.2		4.1705503158		-1.0
	17640.00000000	3.15591		-1.92985     0.2    0.2		4.1705503158		-1.0
	17685.00000000	3.27762		-1.45264     0.2    0.2		4.1705503158		-1.0
	17730.00000000	3.27774		-1.70395     0.2    0.2		4.1705503158		-1.0
	17775.00000000	3.3405		-1.67626     0.2    0.2		4.1705503158		-1.0
	17820.00000000	3.42597		-1.95283     0.2    0.2		4.1705503158		-1.0
	17865.00000000	3.28113		-2.16831     0.2    0.2		4.1705503158		-1.0
	17910.00000000	3.31627		-2.48182     0.2    0.2		4.1705503158		-1.0
	17955.00000000	3.09709		-3.05536     0.2    0.2		4.1705503158		-1.0
	18000.00000000	3.33815		3.02368     0.2    0.2		4.1705503158		-1.0
	18045.00000000	3.27028		2.61624     0.2    0.2		4.1705503158		-1.0
	18090.00000000	3.24915		2.69228     0.2    0.2		4.1705503158		-1.0
	18135.00000000	3.13096		2.56291     0.2    0.2		4.1705503158		-1.0
	18180.00000000	2.98564		2.89304     0.2    0.2		4.1705503158		-1.0
	18225.00000000	3.38472		-3.01862     0.2    0.2		4.1705503158		-1.0
	18270.00000000	2.67642		-2.81821     0.2    0.2		4.1705503158		-1.0
	18315.00000000	2.68139		-2.43613     0.2    0.2		4.1705503158		-1.0
	18360.00000000	2.66483		-2.38751     0.2    0.2		4.1705503158		-1.0
	18405.00000000	2.67102		-2.60465     0.2    0.2		4.1705503158		-1.0
	18450.00000000	2.81949		-3.0081     0.2    0.2		4.1705503158		-1.0
	18495.00000000	2.69711		3.01347     0.2    0.2		4.1705503158		-1.0
	18540.00000000	2.6527		2.90177     0.2    0.2		4.1705503158		-1.0
	18585.00000000	2.70148		-3.11134     0.2    0.2		4.1705503158		-1.0
	18630.00000000	2.72804		-2.71811     0.2    0.2		4.1705503158		-1.0
	18675.00000000	2.61985		-2.27367     0.2    0.2		4.1705503158		-1.0
	18720.00000000	3.33645		-2.16247     0.2    0.2		4.1705503158		-1.0
	18765.00000000	3.14897		-2.42814     0.2    0.2		4.1705503158		-1.0
	18810.00000000	3.31624		-2.66601     0.2    0.2		4.1705503158		-1.0
	18855.00000000	3.40411		-2.71268     0.2    0.2		4.1705503158		-1.0
	18900.00000000	3.08667		-3.01206     0.2    0.2		4.1705503158		-1.0
	18945.00000000	2.7661		2.90272     0.2    0.2		4.1705503158		-1.0
	18990.00000000	3.42211		2.91571     0.2    0.2		4.1705503158		-1.0
	19035.00000000	3.1659		-3.02792     0.2    0.2		4.1705503158		-1.0
	19080.00000000	2.8695		-2.72089     0.2    0.2		4.1705503158		-1.0
	19125.00000000	2.62529		-2.44325     0.2    0.2		4.1705503158		-1.0
	19170.00000000	3.17602		-2.37928     0.2    0.2		4.1705503158		-1.0
	19215.00000000	3.25937		-2.23037     0.2    0.2		4.1705503158		-1.0
	19260.00000000	2.78002		-1.8648     0.2    0.2		4.1705503158		-1.0
	19305.00000000	2.9494		-2.0357     0.2    0.2		4.1705503158		-1.0
	19350.00000000	3.57539		-2.10443     0.2    0.2		4.1705503158		-1.0
	19395.00000000	3.51617		-1.77157     0.2    0.2		4.1705503158		-1.0
	19440.00000000	2.87626		-1.55178     0.2    0.2		4.1705503158		-1.0
	19485.00000000	2.69644		-1.39767     0.2    0.2		4.1705503158		-1.0
	19530.00000000	2.59668		-1.09226     0.2    0.2		4.1705503158		-1.0
	19575.00000000	2.76843		-1.11168     0.2    0.2		4.1705503158		-1.0
	19620.00000000	3.29998		-0.83978     0.2    0.2		4.1705503158		-1.0
	19665.00000000	3.37721		-0.98849     0.2    0.2		4.1705503158		-1.0
	19710.00000000	3.2925		-0.91031     0.2    0.2		4.1705503158		-1.0
	19755.00000000	3.23191		-1.18409     0.2    0.2		4.1705503158		-1.0
	19800.00000000	3.2564		-1.22421     0.2    0.2		4.1705503158		-1.0
	19845.00000000	2.65938		-1.13195     0.2    0.2		4.1705503158		-1.0
	19890.00000000	2.87301		-1.31798     0.2    0.2		4.1705503158		-1.0
	19935.00000000	2.60961		-1.29372     0.2    0.2		4.1705503158		-1.0
	19980.00000000	2.7311		-1.77143     0.2    0.2		4.1705503158		-1.0
	20025.00000000	2.57795		-2.0185     0.2    0.2		4.1705503158		-1.0
	20070.00000000	3.26037		-2.39642     0.2    0.2		4.1705503158		-1.0
	20115.00000000	3.09283		-2.85046     0.2    0.2		4.1705503158		-1.0
	20160.00000000	2.85699		2.98041     0.2    0.2		4.1705503158		-1.0
	20205.00000000	3.41962		2.62095     0.2    0.2		4.1705503158		-1.0
	20250.00000000	2.70173		2.24685     0.2    0.2		4.1705503158		-1.0
	20295.00000000	2.77599		1.93715     0.2    0.2		4.1705503158		-1.0
	20340.00000000	3.33243		1.45216     0.2    0.2		4.1705503158		-1.0
	20385.00000000	3.24439		0.96027     0.2    0.2		4.1705503158		-1.0
	20430.00000000	3.25749		0.834     0.2    0.2		4.1705503158		-1.0
	20475.00000000	3.13978		0.36054     0.2    0.2		4.1705503158		-1.0
	20520.00000000	3.13984		0.21125     0.2    0.2		4.1705503158		-1.0
	20565.00000000	3.27705		-0.03235     0.2    0.2		4.1705503158		-1.0
	20610.00000000	2.59164		-0.3452     0.2    0.2		4.1705503158		-1.0
	20655.00000000	3.35438		-0.66475     0.2    0.2		4.1705503158		-1.0
	20700.00000000	3.42126		-0.64829     0.2    0.2		4.1705503158		-1.0
	20744.99999999	2.5316		-0.65029     0.2    0.2		4.1705503158		-1.0
	20789.99999999	3.36526		-0.58452     0.2    0.2		4.1705503158		-1.0
	20834.99999999	3.06338		-0.75616     0.2    0.2		4.1705503158		-1.0
	20879.99999999	2.99493		-0.69362     0.2    0.2		4.1705503158		-1.0
	20924.99999999	3.00753		-0.41264     0.2    0.2		4.1705503158		-1.0
	20969.99999999	3.22473		0.10504     0.2    0.2		4.1705503158		-1.0
	21014.99999999	2.6833		0.59722     0.2    0.2		4.1705503158		-1.0
	21059.99999999	3.20148		1.13003     0.2    0.2		4.1705503158		-1.0
	21104.99999999	3.31275		1.33049     0.2    0.2		4.1705503158		-1.0
	21149.99999999	2.8572		1.82698     0.2    0.2		4.1705503158		-1.0
	21194.99999999	3.02467		1.64071     0.2    0.2		4.1705503158		-1.0
	21239.99999999	3.26129		1.72944     0.2    0.2		4.1705503158		-1.0
	21284.99999999	3.00482		2.0519     0.2    0.2		4.1705503158		-1.0
	21329.99999999	3.31523		1.9821     0.2    0.2		4.1705503158		-1.0
	21374.99999999	3.22337		2.15568     0.2    0.2		4.1705503158		-1.0
	21419.99999999	3.35822		2.15239     0.2    0.2		4.1705503158		-1.0
	21464.99999999	3.35213		2.1806     0.2    0.2		4.1705503158		-1.0
	21509.99999999	2.66391		2.15754     0.2    0.2		4.1705503158		-1.0
	21554.99999999	3.07349		2.18479     0.2    0.2		4.1705503158		-1.0
	21599.99999999	2.76164		2.28683     0.2    0.2		4.1705503158		-1.0
	21644.99999999	2.83337		2.24575     0.2    0.2		4.1705503158		-1.0
	21689.99999999	2.67627		2.43106     0.2    0.2		4.1705503158		-1.0
	21734.99999999	2.66886		2.55625     0.2    0.2		4.1705503158		-1.0
	21779.99999999	3.54932		2.63988     0.2    0.2		4.1705503158		-1.0
	21824.99999999	2.84299		-3.11625     0.2    0.2		4.1705503158		-1.0
	21869.99999999	2.59372		-2.70409     0.2    0.2		4.1705503158		-1.0
	21914.99999999	2.85287		-2.71825     0.2    0.2		4.1705503158		-1.0
	21959.99999999	2.83341		-2.72374     0.2    0.2		4.1705503158		-1.0
	22004.99999999	2.59135		-2.29919     0.2    0.2		4.1705503158		-1.0
	22049.99999999	2.63804		-2.44067     0.2    0.2		4.1705503158		-1.0
	22094.99999999	2.78928		-2.50336     0.2    0.2		4.1705503158		-1.0
	22139.99999999	2.8124		-2.73876     0.2    0.2		4.1705503158		-1.0
	22184.99999999	2.63439		-3.1242     0.2    0.2		4.1705503158		-1.0
	22229.99999999	2.61204		3.11825     0.2    0.2		4.1705503158		-1.0
	22274.99999999	2.7285		2.9792     0.2    0.2		4.1705503158		-1.0
	22319.99999999	2.6436		2.77345     0.2    0.2		4.1705503158		-1.0
	22364.99999999	2.68935		2.85294     0.2    0.2		4.1705503158		-1.0
	22409.99999999	2.66054		2.81065     0.2    0.2		4.1705503158		-1.0
	22454.99999999	2.64328		3.09881     0.2    0.2		4.1705503158		-1.0
	22499.99999999	2.63945		3.1183     0.2    0.2		4.1705503158		-1.0
	22544.99999999	2.7043		-2.85212     0.2    0.2		4.1705503158		-1.0
	22589.99999999	2.76667		-2.44747     0.2    0.2		4.1705503158		-1.0
	22634.99999999	2.8607		-2.18277     0.2    0.2		4.1705503158		-1.0
	22679.99999999	2.83403		-1.94461     0.2    0.2		4.1705503158		-1.0
	22724.99999999	2.61993		-1.78503     0.2    0.2		4.1705503158		-1.0
	22769.99999999	2.69204		-1.57268     0.2    0.2		4.1705503158		-1.0
	22814.99999999	2.6679		-1.5073     0.2    0.2		4.1705503158		-1.0
	22859.99999999	2.66283		-1.14585     0.2    0.2		4.1705503158		-1.0
	22904.99999999	2.71097		-0.63542     0.2    0.2		4.1705503158		-1.0
	22949.99999999	2.73274		-0.40421     0.2    0.2		4.1705503158		-1.0
	22994.99999999	2.71811		-0.01338     0.2    0.2		4.1705503158		-1.0
	23039.99999999	3.34107		0.33662     0.2    0.2		4.1705503158		-1.0
	23019.99999999	3.04557		0.34434     0.2    0.2		4.1705503158		-1.0
	23064.99999999	3.27016		0.53771     0.2    0.2		4.1705503158		-1.0
	23109.99999999	3.02536		0.7789     0.2    0.2		4.1705503158		-1.0
	23154.99999999	2.73497		1.14811     0.2    0.2		4.1705503158		-1.0
	23199.99999999	2.74102		1.39828     0.2    0.2		4.1705503158		-1.0
	23244.99999999	2.72054		1.51527     0.2    0.2		4.1705503158		-1.0
	23289.99999999	2.90944		1.64383     0.2    0.2		4.1705503158		-1.0
	23334.99999999	2.84351		1.74436     0.2    0.2		4.1705503158		-1.0
	23379.99999999	2.65179		1.86878     0.2    0.2		4.1705503158		-1.0
	23424.99999999	2.70986		1.70602     0.2    0.2		4.1705503158		-1.0
	23469.99999999	2.66645		1.54654     0.2    0.2		4.1705503158		-1.0
	23514.99999999	2.71425		1.1873     0.2    0.2		4.1705503158		-1.0
	23559.99999999	2.63953		0.8513     0.2    0.2		4.1705503158		-1.0
	23604.99999999	3.06031		0.72539     0.2    0.2		4.1705503158		-1.0
	23649.99999999	3.05915		0.54045     0.2    0.2		4.1705503158		-1.0
	23694.99999999	2.82541		0.49778     0.2    0.2		4.1705503158		-1.0
	23739.99999999	3.49647		0.31418     0.2    0.2		4.1705503158		-1.0
	23784.99999999	3.44657		0.75812     0.2    0.2		4.1705503158		-1.0
	23829.99999999	2.61043		0.40241     0.2    0.2		4.1705503158		-1.0
	23874.99999999	2.67053		0.43138     0.2    0.2		4.1705503158		-1.0
	23919.99999999	2.87463		0.1958     0.2    0.2		4.1705503158		-1.0
	23964.99999999	2.93543		0.08342     0.2    0.2		4.1705503158		-1.0
	24009.99999999	3.13301		-0.08691     0.2    0.2		4.1705503158		-1.0
	24054.99999999	2.87135		0.14922     0.2    0.2		4.1705503158		-1.0
	24099.99999999	3.10739		0.12658     0.2    0.2		4.1705503158		-1.0
	24144.99999999	3.04776		0.50436     0.2    0.2		4.1705503158		-1.0
	24189.99999999	3.15556		1.13373     0.2    0.2		4.1705503158		-1.0
	24234.99999999	3.57202		1.29891     0.2    0.2		4.1705503158		-1.0
	24279.99999999	2.90628		0.93356     0.2    0.2		4.1705503158		-1.0
	24324.99999999	3.35357		0.99847     0.2    0.2		4.1705503158		-1.0
	24369.99999999	3.37794		1.35352     0.2    0.2		4.1705503158		-1.0
	24414.99999999	3.39455		1.69474     0.2    0.2		4.1705503158		-1.0
	24459.99999999	3.10766		1.3916     0.2    0.2		4.1705503158		-1.0
	24504.99999999	3.14987		1.17644     0.2    0.2		4.1705503158		-1.0
	24549.99999999	3.48707		1.18212     0.2    0.2		4.1705503158		-1.0
	24594.99999999	3.08493		1.81776     0.2    0.2		4.1705503158		-1.0
	24639.99999999	3.47032		1.929     0.2    0.2		4.1705503158		-1.0
	24684.99999999	3.38422		1.76009     0.2    0.2		4.1705503158		-1.0
	24729.99999999	3.30671		1.46743     0.2    0.2		4.1705503158		-1.0
	24774.99999999	3.13403		1.30847     0.2    0.2		4.1705503158		-1.0
	24819.99999999	3.04716		1.61703     0.2    0.2		4.1705503158		-1.0
	24864.99999999	2.54809		1.2549     0.2    0.2		4.1705503158		-1.0
	24909.99999999	2.65444		0.93522     0.2    0.2		4.1705503158		-1.0
	24954.99999999	2.98266		0.757     0.2    0.2		4.1705503158		-1.0
	24999.99999999	3.33363		1.06946     0.2    0.2		4.1705503158		-1.0
	25044.99999999	3.39121		0.92181     0.2    0.2		4.1705503158		-1.0
	25089.99999999	3.01849		1.09126     0.2    0.2		4.1705503158		-1.0
	25134.99999999	2.76554		1.14762     0.2    0.2		4.1705503158		-1.0
	25179.99999999	2.6446		0.92836     0.2    0.2		4.1705503158		-1.0
	25224.99999999	2.72548		0.64447     0.2    0.2		4.1705503158		-1.0
	25269.99999999	2.75805		0.64693     0.2    0.2		4.1705503158		-1.0
	25314.99999999	2.60005		0.63709     0.2    0.2		4.1705503158		-1.0
	25359.99999999	2.60363		0.7911     0.2    0.2		4.1705503158		-1.0
	25404.99999999	2.75634		1.01994     0.2    0.2		4.1705503158		-1.0
	25449.99999999	2.66324		1.15198     0.2    0.2		4.1705503158		-1.0
	25494.99999999	2.66616		1.48583     0.2    0.2		4.1705503158		-1.0
	25539.99999999	2.70047		2.04144     0.2    0.2		4.1705503158		-1.0
	25584.99999999	2.9213		2.59989     0.2    0.2		4.1705503158		-1.0
	25629.99999999	2.97255		2.98987     0.2    0.2		4.1705503158		-1.0
	25674.99999999	3.05177		-2.69755     0.2    0.2		4.1705503158		-1.0
	25719.99999999	3.37887		-2.63576     0.2    0.2		4.1705503158		-1.0
	25764.99999999	3.52782		-2.98773     0.2    0.2		4.1705503158		-1.0
	25809.99999999	3.31095		2.89865     0.2    0.2		4.1705503158		-1.0
	25854.99999999	3.29963		2.68193     0.2    0.2		4.1705503158		-1.0
	25899.99999999	3.06766		2.5377     0.2    0.2		4.1705503158		-1.0
	25944.99999999	3.29066		2.83666     0.2    0.2		4.1705503158		-1.0
	25989.99999999	3.57224		2.9772     0.2    0.2		4.1705503158		-1.0
	26034.99999999	3.48577		3.0001     0.2    0.2		4.1705503158		-1.0
	26079.99999999	2.82445		2.63971     0.2    0.2		4.1705503158		-1.0
	26124.99999999	2.96697		2.45024     0.2    0.2		4.1705503158		-1.0
	26169.99999999	3.55321		2.17993     0.2    0.2		4.1705503158		-1.0
	26214.99999999	3.10883		1.98133     0.2    0.2		4.1705503158		-1.0
	26259.99999999	2.86052		1.84722     0.2    0.2		4.1705503158		-1.0
	26304.99999999	2.63572		1.9461     0.2    0.2		4.1705503158		-1.0
	26349.99999999	3.59336		2.15022     0.2    0.2		4.1705503158		-1.0
	26394.99999999	3.24694		2.60253     0.2    0.2		4.1705503158		-1.0
	26439.99999999	2.80432		-3.11406     0.2    0.2		4.1705503158		-1.0
	26484.99999999	2.62543		-2.56645     0.2    0.2		4.1705503158		-1.0
	26529.99999999	2.71243		-2.54751     0.2    0.2		4.1705503158		-1.0
	26574.99999999	2.72365		-2.17497     0.2    0.2		4.1705503158		-1.0
	26619.99999999	2.64227		-1.6235     0.2    0.2		4.1705503158		-1.0
	26664.99999999	2.69974		-1.28303     0.2    0.2		4.1705503158		-1.0
	26709.99999999	2.623		-0.67475     0.2    0.2		4.1705503158		-1.0
	26754.99999999	2.76133		-0.28616     0.2    0.2		4.1705503158		-1.0
	26799.99999999	2.86769		-0.07767     0.2    0.2		4.1705503158		-1.0
	26844.99999999	2.77166		0.04837     0.2    0.2		4.1705503158		-1.0
	26889.99999999	2.963		-0.13998     0.2    0.2		4.1705503158		-1.0
	26934.99999999	3.27558		-0.22947     0.2    0.2		4.1705503158		-1.0
	26979.99999999	3.16938		-0.36237     0.2    0.2		4.1705503158		-1.0
	27024.99999999	2.99476		-0.19779     0.2    0.2		4.1705503158		-1.0
	27069.99999999	3.64956		-0.71194     0.2    0.2		4.1705503158		-1.0
	27114.99999999	3.28112		-0.73659     0.2    0.2		4.1705503158		-1.0
	27159.99999999	3.20334		-1.008     0.2    0.2		4.1705503158		-1.0
	27204.99999999	3.53577		-1.08794     0.2    0.2		4.1705503158		-1.0
	27249.99999998	3.64116		-1.25618     0.2    0.2		4.1705503158		-1.0
	27294.99999998	3.58359		-1.1141     0.2    0.2		4.1705503158		-1.0
	27339.99999998	3.56732		-1.18623     0.2    0.2		4.1705503158		-1.0
	27384.99999998	3.55889		-1.18253     0.2    0.2		4.1705503158		-1.0
	27429.99999998	3.46278		-1.25959     0.2    0.2		4.1705503158		-1.0
	27474.99999998	3.36123		-1.62368     0.2    0.2		4.1705503158		-1.0
	27519.99999998	3.47201		-1.58634     0.2    0.2		4.1705503158		-1.0
	27564.99999998	3.01319		-1.81307     0.2    0.2		4.1705503158		-1.0
	27609.99999998	3.22432		-1.66873     0.2    0.2		4.1705503158		-1.0
	27654.99999998	3.47803		-1.61372     0.2    0.2		4.1705503158		-1.0
	27699.99999998	3.0364		-1.64121     0.2    0.2		4.1705503158		-1.0
	27744.99999998	2.67779		-1.41017     0.2    0.2		4.1705503158		-1.0
	27789.99999998	3.86194		-1.50918     0.2    0.2		4.1705503158		-1.0
	27834.99999998	5.79176		-1.51587     0.2    0.2		4.1705503158		-1.0
	27879.99999998	8.23823		-1.64088     0.2    0.2		4.1705503158		-1.0
	27924.99999998	9.68529		-1.43663     0.2    0.2		4.1705503158		-1.0
	27969.99999998	10.49989		-1.21825     0.2    0.2		4.1705503158		-1.0
	28014.99999998	10.58246		-1.00752     0.2    0.2		4.1705503158		-1.0
	28059.99999998	10.59992		-0.92973     0.2    0.2		4.1705503158		-1.0
	28104.99999998	10.47154		-0.60868     0.2    0.2		4.1705503158		-1.0
	28149.99999998	10.08735		-0.12331     0.2    0.2		4.1705503158		-1.0
	28194.99999998	8.93932		0.03761     0.2    0.2		4.1705503158		-1.0
	28239.99999998	7.89051		0.34873     0.2    0.2		4.1705503158		-1.0
	28284.99999998	7.52119		0.50851     0.2    0.2		4.1705503158		-1.0
	28329.99999998	8.03909		0.24713     0.2    0.2		4.1705503158		-1.0
	28374.99999998	8.58601		0.34851     0.2    0.2		4.1705503158		-1.0
	28419.99999998	9.02324		0.22097     0.2    0.2		4.1705503158		-1.0
	28464.99999998	9.91575		0.40753     0.2    0.2		4.1705503158		-1.0
	28509.99999998	10.80525		0.0314     0.2    0.2		4.1705503158		-1.0
	28554.99999998	11.74145		-0.12279     0.2    0.2		4.1705503158		-1.0
	28599.99999998	12.19511		-1.40689     0.2    0.2		4.1705503158		-1.0
	28644.99999998	12.18503		-1.72496     0.2    0.2		4.1705503158		-1.0
	28689.99999998	11.27971		-1.79906     0.2    0.2		4.1705503158		-1.0
	28734.99999998	10.13856		-1.91387     0.2    0.2		4.1705503158		-1.0
	28779.99999998	8.92147		-1.89738     0.2    0.2		4.1705503158		-1.0
	28824.99999998	8.29366		-2.32206     0.2    0.2		4.1705503158		-1.0
	28869.99999998	8.27675		-2.39364     0.2    0.2		4.1705503158		-1.0
	28914.99999998	9.42299		-2.57075     0.2    0.2		4.1705503158		-1.0
	28959.99999998	10.30741		-2.12558     0.2    0.2		4.1705503158		-1.0
	29004.99999998	11.56545		-1.90553     0.2    0.2		4.1705503158		-1.0
	29049.99999998	11.48951		-1.36014     0.2    0.2		4.1705503158		-1.0
	29094.99999998	11.48356		-0.16237     0.2    0.2		4.1705503158		-1.0
	29139.99999998	11.45654		0.17747     0.2    0.2		4.1705503158		-1.0
	29184.99999998	11.70791		0.803     0.2    0.2		4.1705503158		-1.0
	29229.99999998	11.86466		0.94691     0.2    0.2		4.1705503158		-1.0
	29274.99999998	11.89683		1.61254     0.2    0.2		4.1705503158		-1.0
	29319.99999998	11.94118		1.56916     0.2    0.2		4.1705503158		-1.0
	29364.99999998	11.70467		0.9339     0.2    0.2		4.1705503158		-1.0
	29409.99999998	11.64707		-0.61047     0.2    0.2		4.1705503158		-1.0
	29454.99999998	11.0869		-0.65206     0.2    0.2		4.1705503158		-1.0
	29499.99999998	10.82861		-0.67943     0.2    0.2		4.1705503158		-1.0
	29544.99999998	10.0194		-0.38095     0.2    0.2		4.1705503158		-1.0
	29589.99999998	8.9673		-0.41957     0.2    0.2		4.1705503158		-1.0
	29634.99999998	8.00394		-0.04907     0.2    0.2		4.1705503158		-1.0
	29679.99999998	7.54181		0.22068     0.2    0.2		4.1705503158		-1.0
	29724.99999998	7.14005		0.50543     0.2    0.2		4.1705503158		-1.0
	29769.99999998	6.69891		0.28071     0.2    0.2		4.1705503158		-1.0
	29814.99999998	6.08115		0.2579     0.2    0.2		4.1705503158		-1.0
	29859.99999998	5.34138		0.07354     0.2    0.2		4.1705503158		-1.0
	29904.99999998	5.53935		0.44572     0.2    0.2		4.1705503158		-1.0
	29949.99999998	6.83748		0.5548     0.2    0.2		4.1705503158		-1.0
	29994.99999998	7.88055		0.96631     0.2    0.2		4.1705503158		-1.0
	30039.99999998	9.14566		1.15325     0.2    0.2		4.1705503158		-1.0
	30084.99999998	9.56055		1.69815     0.2    0.2		4.1705503158		-1.0
	30129.99999998	9.25653		2.52463     0.2    0.2		4.1705503158		-1.0
	30174.99999998	7.99351		2.62414     0.2    0.2		4.1705503158		-1.0
	30219.99999998	7.05148		2.83894     0.2    0.2		4.1705503158		-1.0
	30264.99999998	7.14772		3.09699     0.2    0.2		4.1705503158		-1.0
	30309.99999998	8.43928		2.88689     0.2    0.2		4.1705503158		-1.0
	30354.99999998	9.84478		2.55152     0.2    0.2		4.1705503158		-1.0
	30399.99999998	10.38835		1.85439     0.2    0.2		4.1705503158		-1.0
	30444.99999998	10.322		1.27206     0.2    0.2		4.1705503158		-1.0
	30489.99999998	9.67833		1.37233     0.2    0.2		4.1705503158		-1.0
	30534.99999998	8.80673		1.10443     0.2    0.2		4.1705503158		-1.0
	30579.99999998	7.74451		1.60293     0.2    0.2		4.1705503158		-1.0
	30624.99999998	6.41925		1.59096     0.2    0.2		4.1705503158		-1.0
	30669.99999998	6.23693		1.58998     0.2    0.2		4.1705503158		-1.0
	30714.99999998	6.28564		0.63327     0.2    0.2		4.1705503158		-1.0
	30759.99999998	6.58461		0.62983     0.2    0.2		4.1705503158		-1.0
	30804.99999998	6.9031		0.99066     0.2    0.2		4.1705503158		-1.0
	30849.99999998	6.98765		1.31669     0.2    0.2		4.1705503158		-1.0
	30894.99999998	7.78091		1.49636     0.2    0.2		4.1705503158		-1.0
	30939.99999998	8.49165		1.25149     0.2    0.2		4.1705503158		-1.0
	30984.99999998	9.09759		0.94637     0.2    0.2		4.1705503158		-1.0
	31029.99999998	8.43304		0.78509     0.2    0.2		4.1705503158		-1.0
	31074.99999998	7.54565		0.86753     0.2    0.2		4.1705503158		-1.0
	31119.99999998	6.59772		1.28336     0.2    0.2		4.1705503158		-1.0
	31164.99999998	5.54484		0.95895     0.2    0.2		4.1705503158		-1.0
	31209.99999998	5.67767		0.78536     0.2    0.2		4.1705503158		-1.0
	31254.99999998	6.1239		0.74437     0.2    0.2		4.1705503158		-1.0
	31299.99999998	7.7321		1.11674     0.2    0.2		4.1705503158		-1.0
	31344.99999998	8.59156		1.50009     0.2    0.2		4.1705503158		-1.0
	31389.99999998	8.97664		2.00977     0.2    0.2		4.1705503158		-1.0
	31434.99999998	8.66271		2.38747     0.2    0.2		4.1705503158		-1.0
	31479.99999998	7.46138		2.56803     0.2    0.2		4.1705503158		-1.0
	31524.99999998	6.64149		2.1531     0.2    0.2		4.1705503158		-1.0
	31569.99999998	5.65665		1.7574     0.2    0.2		4.1705503158		-1.0
	31614.99999998	6.24372		1.30268     0.2    0.2		4.1705503158		-1.0
	31659.99999998	7.36158		1.66315     0.2    0.2		4.1705503158		-1.0
	31704.99999998	7.81738		1.32271     0.2    0.2		4.1705503158		-1.0
	31749.99999998	7.70156		1.04095     0.2    0.2		4.1705503158		-1.0
	31794.99999998	7.05081		0.83272     0.2    0.2		4.1705503158		-1.0
	31839.99999998	7.73072		0.63076     0.2    0.2		4.1705503158		-1.0
	31884.99999998	8.21314		0.73872     0.2    0.2		4.1705503158		-1.0
	31929.99999998	9.52962		0.69802     0.2    0.2		4.1705503158		-1.0
	31974.99999998	10.27878		0.71934     0.2    0.2		4.1705503158		-1.0
	32019.99999998	10.76503		1.17349     0.2    0.2		4.1705503158		-1.0
	32064.99999998	10.61893		1.55055     0.2    0.2		4.1705503158		-1.0
	32109.99999998	10.44731		1.7893     0.2    0.2		4.1705503158		-1.0
	32154.99999998	9.7914		1.88847     0.2    0.2		4.1705503158		-1.0
	32199.99999998	9.396		2.01964     0.2    0.2		4.1705503158		-1.0
	32244.99999998	8.44303		1.82707     0.2    0.2		4.1705503158		-1.0
	32289.99999998	7.36427		1.81736     0.2    0.2		4.1705503158		-1.0
	32334.99999998	7.73932		1.95703     0.2    0.2		4.1705503158		-1.0
	32379.99999998	8.31651		2.42867     0.2    0.2		4.1705503158		-1.0
	32424.99999998	8.91644		2.33384     0.2    0.2		4.1705503158		-1.0
	32469.99999998	9.3613		2.04277     0.2    0.2		4.1705503158		-1.0
	32514.99999998	8.9505		1.30381     0.2    0.2		4.1705503158		-1.0
	32559.99999998	8.49922		0.9755     0.2    0.2		4.1705503158		-1.0
	32604.99999998	7.47649		1.16282     0.2    0.2		4.1705503158		-1.0
	32649.99999998	8.03578		1.09669     0.2    0.2		4.1705503158		-1.0
	32694.99999998	9.13504		1.37222     0.2    0.2		4.1705503158		-1.0
	32739.99999998	9.80776		1.6059     0.2    0.2		4.1705503158		-1.0
	32784.99999998	10.08447		1.87641     0.2    0.2		4.1705503158		-1.0
	32829.99999998	10.60547		2.21613     0.2    0.2		4.1705503158		-1.0
	32874.99999998	10.86136		2.08129     0.2    0.2		4.1705503158		-1.0
	32919.99999998	10.48674		1.82965     0.2    0.2		4.1705503158		-1.0
	32964.99999998	9.5643		1.65407     0.2    0.2		4.1705503158		-1.0
	33009.99999998	9.11872		1.7268     0.2    0.2		4.1705503158		-1.0
	33054.99999998	8.24323		1.5688     0.2    0.2		4.1705503158		-1.0
	33099.99999998	7.1794		1.83995     0.2    0.2		4.1705503158		-1.0
	33144.99999998	6.37815		1.99357     0.2    0.2		4.1705503158		-1.0
	33189.99999998	6.88375		2.21967     0.2    0.2		4.1705503158		-1.0
	33234.99999998	7.8767		2.34621     0.2    0.2		4.1705503158		-1.0
	33279.99999998	8.69133		2.30143     0.2    0.2		4.1705503158		-1.0
	33324.99999998	8.78869		2.25369     0.2    0.2		4.1705503158		-1.0
	33369.99999998	8.26039		1.96656     0.2    0.2		4.1705503158		-1.0
	33414.99999998	8.12218		2.27355     0.2    0.2		4.1705503158		-1.0
	33459.99999998	8.2677		2.22913     0.2    0.2		4.1705503158		-1.0
	33504.99999998	7.61804		2.56001     0.2    0.2		4.1705503158		-1.0
	33549.99999998	6.41056		2.57342     0.2    0.2		4.1705503158		-1.0
	33594.99999998	5.67537		2.75067     0.2    0.2		4.1705503158		-1.0
	33639.99999998	5.91233		2.7946     0.2    0.2		4.1705503158		-1.0
	33684.99999998	6.96161		2.67278     0.2    0.2		4.1705503158		-1.0
	33729.99999997	7.7995		2.58362     0.2    0.2		4.1705503158		-1.0
	33774.99999997	7.90526		2.94726     0.2    0.2		4.1705503158		-1.0
	33819.99999997	8.36506		-2.98137     0.2    0.2		4.1705503158		-1.0
	33864.99999997	8.03554		-2.77952     0.2    0.2		4.1705503158		-1.0
	33909.99999997	7.55243		-2.45129     0.2    0.2		4.1705503158		-1.0
	33954.99999997	6.72972		2.91976     0.2    0.2		4.1705503158		-1.0
	33999.99999997	6.64189		2.00558     0.2    0.2		4.1705503158		-1.0
	34044.99999997	7.3276		2.1118     0.2    0.2		4.1705503158		-1.0
	34089.99999997	7.58755		2.39791     0.2    0.2		4.1705503158		-1.0
	34134.99999997	7.92591		2.49522     0.2    0.2		4.1705503158		-1.0
	34179.99999997	7.75348		2.77485     0.2    0.2		4.1705503158		-1.0
	34224.99999997	7.99622		2.89089     0.2    0.2		4.1705503158		-1.0
	34269.99999997	8.61843		-2.52104     0.2    0.2		4.1705503158		-1.0
	34314.99999997	9.20252		-2.0089     0.2    0.2		4.1705503158		-1.0
	34359.99999997	9.60944		-1.8172     0.2    0.2		4.1705503158		-1.0
	34404.99999997	10.3582		-2.26648     0.2    0.2		4.1705503158		-1.0
	34449.99999997	10.75833		-2.80522     0.2    0.2		4.1705503158		-1.0
	34494.99999997	10.92366		2.86308     0.2    0.2		4.1705503158		-1.0
	34539.99999997	10.1781		2.3572     0.2    0.2		4.1705503158		-1.0
	34584.99999997	9.02346		2.38923     0.2    0.2		4.1705503158		-1.0
	34629.99999997	8.5753		2.13905     0.2    0.2		4.1705503158		-1.0
	34674.99999997	8.47411		1.66464     0.2    0.2		4.1705503158		-1.0
	34719.99999997	8.79712		0.59198     0.2    0.2		4.1705503158		-1.0
	34764.99999997	9.12795		-0.15134     0.2    0.2		4.1705503158		-1.0
	34809.99999997	9.32591		-1.1157     0.2    0.2		4.1705503158		-1.0
	34854.99999997	8.73862		-1.51235     0.2    0.2		4.1705503158		-1.0
	34899.99999997	8.06088		-2.30173     0.2    0.2		4.1705503158		-1.0
	34944.99999997	8.06672		-2.68127     0.2    0.2		4.1705503158		-1.0
	34989.99999997	7.51017		2.94925     0.2    0.2		4.1705503158		-1.0
	35034.99999997	6.83086		-0.63582     0.2    0.2		4.1705503158		-1.0
	35079.99999997	6.6283		-0.02124     0.2    0.2		4.1705503158		-1.0
	35124.99999997	7.57576		-0.21772     0.2    0.2		4.1705503158		-1.0
	35169.99999997	8.41068		-0.78164     0.2    0.2		4.1705503158		-1.0
	35214.99999997	8.56634		-1.90741     0.2    0.2		4.1705503158		-1.0
	35259.99999997	7.21499		-1.99047     0.2    0.2		4.1705503158		-1.0
	35304.99999997	6.19091		-1.85925     0.2    0.2		4.1705503158		-1.0
	35349.99999997	5.95708		-1.18691     0.2    0.2		4.1705503158		-1.0
	35394.99999997	6.85141		-0.40976     0.2    0.2		4.1705503158		-1.0
	35439.99999997	7.96108		-0.31005     0.2    0.2		4.1705503158		-1.0
	35484.99999997	8.03041		0.00792     0.2    0.2		4.1705503158		-1.0
	35529.99999997	7.34535		0.0156     0.2    0.2		4.1705503158		-1.0
	35574.99999997	7.16013		-0.3685     0.2    0.2		4.1705503158		-1.0
	35619.99999997	7.36741		-1.08216     0.2    0.2		4.1705503158		-1.0
	35664.99999997	8.25223		-1.09576     0.2    0.2		4.1705503158		-1.0
	35709.99999997	8.89154		-0.89333     0.2    0.2		4.1705503158		-1.0
	35754.99999997	9.56137		-0.55503     0.2    0.2		4.1705503158		-1.0
	35799.99999997	10.2883		-0.25389     0.2    0.2		4.1705503158		-1.0
	35844.99999997	11.19946		0.07637     0.2    0.2		4.1705503158		-1.0
	35889.99999997	11.87088		0.49377     0.2    0.2		4.1705503158		-1.0
	35934.99999997	12.56977		0.83622     0.2    0.2		4.1705503158		-1.0
	35979.99999997	12.83537		1.31012     0.2    0.2		4.1705503158		-1.0
	36024.99999997	12.39671		1.60011     0.2    0.2		4.1705503158		-1.0
	36069.99999997	11.48913		1.94927     0.2    0.2		4.1705503158		-1.0
	36114.99999997	11.08425		2.2024     0.2    0.2		4.1705503158		-1.0
	36159.99999997	11.11747		2.46323     0.2    0.2		4.1705503158		-1.0
	36204.99999997	11.74289		2.50753     0.2    0.2		4.1705503158		-1.0
	36249.99999997	12.28557		2.35675     0.2    0.2		4.1705503158		-1.0
	36294.99999997	12.67904		1.5823     0.2    0.2		4.1705503158		-1.0
	36339.99999997	12.41373		0.77832     0.2    0.2		4.1705503158		-1.0
	36384.99999997	12.56826		0.08091     0.2    0.2		4.1705503158		-1.0
	36429.99999997	13.00214		-0.86818     0.2    0.2		4.1705503158		-1.0
	36474.99999997	13.55883		-0.77315     0.2    0.2		4.1705503158		-1.0
	36519.99999997	13.78148		-0.83783     0.2    0.2		4.1705503158		-1.0
	36564.99999997	14.23105		-0.69924     0.2    0.2		4.1705503158		-1.0
	36609.99999997	14.16546		-0.60504     0.2    0.2		4.1705503158		-1.0
	36654.99999997	14.64767		-0.43237     0.2    0.2		4.1705503158		-1.0
	36699.99999997	14.78647		-0.48073     0.2    0.2		4.1705503158		-1.0
	36744.99999997	15.59551		-0.7229     0.2    0.2		4.1705503158		-1.0
	36789.99999997	16.04922		-0.88204     0.2    0.2		4.1705503158		-1.0
	36834.99999997	16.6437		-0.84361     0.2    0.2		4.1705503158		-1.0
	36879.99999997	16.90928		-0.4666     0.2    0.2		4.1705503158		-1.0
	36924.99999997	17.12479		-0.25611     0.2    0.2		4.1705503158		-1.0
	36969.99999997	17.34179		-0.05295     0.2    0.2		4.1705503158		-1.0
	37014.99999997	17.36503		0.02737     0.2    0.2		4.1705503158		-1.0
	37059.99999997	17.58242		-0.06344     0.2    0.2		4.1705503158		-1.0
	37104.99999997	17.83259		-0.0531     0.2    0.2		4.1705503158		-1.0
	37149.99999997	18.3161		-0.00548     0.2    0.2		4.1705503158		-1.0
	37194.99999997	19.34981		-0.00501     0.2    0.2		4.1705503158		-1.0
	37239.99999997	19.62104		-0.34521     0.2    0.2		4.1705503158		-1.0
	37284.99999997	20.13145		-1.00536     0.2    0.2		4.1705503158		-1.0
	37329.99999997	19.81386		-1.38509     0.2    0.2		4.1705503158		-1.0
	37374.99999997	18.88981		-1.73049     0.2    0.2		4.1705503158		-1.0
	37419.99999997	17.5387		-1.67773     0.2    0.2		4.1705503158		-1.0
	37464.99999997	16.52182		-1.44865     0.2    0.2		4.1705503158		-1.0
	37509.99999997	15.51502		-0.72736     0.2    0.2		4.1705503158		-1.0
	37554.99999997	15.74931		-0.19169     0.2    0.2		4.1705503158		-1.0
	37599.99999997	16.49523		0.70006     0.2    0.2		4.1705503158		-1.0
	37644.99999997	17.14782		1.07519     0.2    0.2		4.1705503158		-1.0
	37689.99999997	17.67909		1.52139     0.2    0.2		4.1705503158		-1.0
	37734.99999997	18.1062		1.87403     0.2    0.2		4.1705503158		-1.0
	37779.99999997	18.7398		1.57706     0.2    0.2		4.1705503158		-1.0
	37824.99999997	18.95011		1.35587     0.2    0.2		4.1705503158		-1.0
	37869.99999997	19.10006		0.82224     0.2    0.2		4.1705503158		-1.0
	37914.99999997	18.72198		0.35046     0.2    0.2		4.1705503158		-1.0
	37959.99999997	18.81332		-0.3921     0.2    0.2		4.1705503158		-1.0
	38004.99999997	18.26949		-0.92364     0.2    0.2		4.1705503158		-1.0
	38049.99999997	17.82273		-1.10678     0.2    0.2		4.1705503158		-1.0
	38094.99999997	17.15069		-1.34756     0.2    0.2		4.1705503158		-1.0
	38139.99999997	16.43465		-1.22702     0.2    0.2		4.1705503158		-1.0
	38184.99999997	15.97859		-1.54503     0.2    0.2		4.1705503158		-1.0
	38229.99999997	15.1588		-1.71005     0.2    0.2		4.1705503158		-1.0
	38274.99999997	14.59382		-2.16315     0.2    0.2		4.1705503158		-1.0
	38319.99999997	14.07119		-2.30787     0.2    0.2		4.1705503158		-1.0
	38364.99999997	13.51584		-2.60963     0.2    0.2		4.1705503158		-1.0
	38409.99999997	13.01107		-2.75782     0.2    0.2		4.1705503158		-1.0
	38454.99999997	12.80263		-3.06368     0.2    0.2		4.1705503158		-1.0
	38499.99999997	12.34247		3.0667     0.2    0.2		4.1705503158		-1.0
	38544.99999997	11.88941		2.82417     0.2    0.2		4.1705503158		-1.0
	38589.99999997	11.3094		2.77789     0.2    0.2		4.1705503158		-1.0
	38634.99999997	10.74749		2.83972     0.2    0.2		4.1705503158		-1.0
	38679.99999997	10.48654		-3.08738     0.2    0.2		4.1705503158		-1.0
	38724.99999997	9.84379		-3.01882     0.2    0.2		4.1705503158		-1.0
	38769.99999997	8.91403		-3.1322     0.2    0.2		4.1705503158		-1.0
	38814.99999997	8.18944		-3.05417     0.2    0.2		4.1705503158		-1.0
	38859.99999997	7.28191		3.04364     0.2    0.2		4.1705503158		-1.0
	38904.99999997	6.42027		2.66057     0.2    0.2		4.1705503158		-1.0
	38949.99999997	6.81635		1.76566     0.2    0.2		4.1705503158		-1.0
	38994.99999997	7.46155		1.41646     0.2    0.2		4.1705503158		-1.0
	39039.99999997	7.85232		1.40241     0.2    0.2		4.1705503158		-1.0
	39084.99999997	8.49294		1.89044     0.2    0.2		4.1705503158		-1.0
	39129.99999997	9.33027		1.94011     0.2    0.2		4.1705503158		-1.0
	39174.99999997	10.60876		2.09262     0.2    0.2		4.1705503158		-1.0
	39219.99999997	11.31933		1.99515     0.2    0.2		4.1705503158		-1.0
	39264.99999997	12.19508		2.00377     0.2    0.2		4.1705503158		-1.0
	39309.99999997	12.46955		1.65272     0.2    0.2		4.1705503158		-1.0
	39354.99999997	13.47653		1.53307     0.2    0.2		4.1705503158		-1.0
	39399.99999997	13.67404		0.87883     0.2    0.2		4.1705503158		-1.0
	39444.99999997	13.79291		0.1546     0.2    0.2		4.1705503158		-1.0
	39489.99999997	12.77322		-0.31865     0.2    0.2		4.1705503158		-1.0
	39534.99999997	11.67402		-0.57588     0.2    0.2		4.1705503158		-1.0
	39579.99999997	10.92871		-0.52262     0.2    0.2		4.1705503158		-1.0
	39624.99999997	11.19957		-0.38055     0.2    0.2		4.1705503158		-1.0
	39669.99999997	12.35821		0.07469     0.2    0.2		4.1705503158		-1.0
	39714.99999997	13.41583		0.45764     0.2    0.2		4.1705503158		-1.0
	39759.99999997	13.88768		1.09957     0.2    0.2		4.1705503158		-1.0
	39804.99999997	14.37549		1.19178     0.2    0.2		4.1705503158		-1.0
	39849.99999997	14.57483		0.23216     0.2    0.2		4.1705503158		-1.0
	39894.99999997	15.04076		-0.05613     0.2    0.2		4.1705503158		-1.0
	39939.99999997	15.23842		0.31461     0.2    0.2		4.1705503158		-1.0
	39984.99999997	15.0686		0.54916     0.2    0.2		4.1705503158		-1.0
	40029.99999997	14.77608		0.80513     0.2    0.2		4.1705503158		-1.0
	40074.99999997	14.05852		1.23467     0.2    0.2		4.1705503158		-1.0
	40119.99999997	13.95942		1.26781     0.2    0.2		4.1705503158		-1.0
	40164.99999997	13.33958		2.8877     0.2    0.2		4.1705503158		-1.0
	40209.99999997	13.48102		-2.88878     0.2    0.2		4.1705503158		-1.0
	40254.99999996	14.0868		2.64654     0.2    0.2		4.1705503158		-1.0
	40299.99999996	14.76503		1.97774     0.2    0.2		4.1705503158		-1.0
	40344.99999996	14.34928		1.72165     0.2    0.2		4.1705503158		-1.0
	40389.99999996	14.00744		1.6809     0.2    0.2		4.1705503158		-1.0
	40434.99999996	13.2076		2.33392     0.2    0.2		4.1705503158		-1.0
	40479.99999996	12.17384		2.70279     0.2    0.2		4.1705503158		-1.0
	40524.99999996	11.29567		2.55121     0.2    0.2		4.1705503158		-1.0
	40569.99999996	11.15889		2.51838     0.2    0.2		4.1705503158		-1.0
	40614.99999996	10.29829		2.70143     0.2    0.2		4.1705503158		-1.0
	40659.99999996	9.98092		-2.79795     0.2    0.2		4.1705503158		-1.0
	40704.99999996	9.45687		-2.61731     0.2    0.2		4.1705503158		-1.0
	40749.99999996	9.06507		-2.08505     0.2    0.2		4.1705503158		-1.0
	40794.99999996	8.56043		-1.55911     0.2    0.2		4.1705503158		-1.0
	40839.99999996	7.99744		-1.19013     0.2    0.2		4.1705503158		-1.0
	40884.99999996	7.74876		-0.40183     0.2    0.2		4.1705503158		-1.0
	40929.99999996	7.70032		-0.73802     0.2    0.2		4.1705503158		-1.0
	40974.99999996	7.91564		-2.5487     0.2    0.2		4.1705503158		-1.0
	41019.99999996	7.56139		-2.3718     0.2    0.2		4.1705503158		-1.0
	41064.99999996	7.19535		-2.56248     0.2    0.2		4.1705503158		-1.0
	41109.99999996	6.67426		-2.53963     0.2    0.2		4.1705503158		-1.0
	41154.99999996	6.20633		-2.6152     0.2    0.2		4.1705503158		-1.0
	41199.99999996	6.11659		-3.0915     0.2    0.2		4.1705503158		-1.0
	41244.99999996	5.78059		-3.00039     0.2    0.2		4.1705503158		-1.0
	41289.99999996	6.71593		-2.9854     0.2    0.2		4.1705503158		-1.0
	41334.99999996	7.19462		-2.44995     0.2    0.2		4.1705503158		-1.0
	41379.99999996	8.32857		-2.49254     0.2    0.2		4.1705503158		-1.0
	41424.99999996	9.1607		-2.10461     0.2    0.2		4.1705503158		-1.0
	41469.99999996	9.0559		-2.29927     0.2    0.2		4.1705503158		-1.0
	41514.99999996	7.94173		-2.59783     0.2    0.2		4.1705503158		-1.0
	41559.99999996	7.1498		-2.88854     0.2    0.2		4.1705503158		-1.0
	41604.99999996	6.47261		3.01278     0.2    0.2		4.1705503158		-1.0
	41649.99999996	6.39832		3.1166     0.2    0.2		4.1705503158		-1.0
	41694.99999996	6.61117		-2.59724     0.2    0.2		4.1705503158		-1.0
	41739.99999996	7.19577		-2.26398     0.2    0.2		4.1705503158		-1.0
	41784.99999996	7.59557		-1.9429     0.2    0.2		4.1705503158		-1.0
	41829.99999996	7.53289		-1.60657     0.2    0.2		4.1705503158		-1.0
	41874.99999996	6.89873		-1.31705     0.2    0.2		4.1705503158		-1.0
	41919.99999996	6.38832		-1.0672     0.2    0.2		4.1705503158		-1.0
	41964.99999996	6.38255		-1.21304     0.2    0.2		4.1705503158		-1.0
	42009.99999996	6.27225		-1.12526     0.2    0.2		4.1705503158		-1.0
	42054.99999996	7.35279		-0.92548     0.2    0.2		4.1705503158		-1.0
	42099.99999996	8.31838		-0.49518     0.2    0.2		4.1705503158		-1.0
	42144.99999996	9.23011		-0.86678     0.2    0.2		4.1705503158		-1.0
	42189.99999996	9.7776		-0.75292     0.2    0.2		4.1705503158		-1.0
	42234.99999996	10.00105		-0.82951     0.2    0.2		4.1705503158		-1.0
	42279.99999996	9.41314		-1.09408     0.2    0.2		4.1705503158		-1.0
	42324.99999996	8.83206		-1.02959     0.2    0.2		4.1705503158		-1.0
	42369.99999996	9.03926		-0.71894     0.2    0.2		4.1705503158		-1.0
	42414.99999996	8.12298		-0.19928     0.2    0.2		4.1705503158		-1.0
	42459.99999996	8.00936		0.05764     0.2    0.2		4.1705503158		-1.0
	42504.99999996	8.91579		-0.35057     0.2    0.2		4.1705503158		-1.0
	42549.99999996	9.98407		-0.53735     0.2    0.2		4.1705503158		-1.0
	42594.99999996	9.71299		-1.11076     0.2    0.2		4.1705503158		-1.0
	42639.99999996	8.9218		-1.96305     0.2    0.2		4.1705503158		-1.0
	42684.99999996	8.00411		-0.89809     0.2    0.2		4.1705503158		-1.0
	42729.99999996	8.56203		-1.31227     0.2    0.2		4.1705503158		-1.0
	42774.99999996	9.06409		-2.06766     0.2    0.2		4.1705503158		-1.0
	42819.99999996	9.11258		-2.27141     0.2    0.2		4.1705503158		-1.0
	42864.99999996	8.55254		-2.57804     0.2    0.2		4.1705503158		-1.0
	42909.99999996	8.39931		-2.44633     0.2    0.2		4.1705503158		-1.0
	42954.99999996	9.0845		-2.51546     0.2    0.2		4.1705503158		-1.0
	42999.99999996	9.07121		-1.94315     0.2    0.2		4.1705503158		-1.0
	43044.99999996	9.33971		-1.9473     0.2    0.2		4.1705503158		-1.0
	43089.99999996	8.76555		-0.70909     0.2    0.2		4.1705503158		-1.0
	43134.99999996	8.05364		-0.10654     0.2    0.2		4.1705503158		-1.0
	43179.99999996	7.2918		-0.43065     0.2    0.2		4.1705503158		-1.0
	43224.99999996	6.65856		-0.49951     0.2    0.2		4.1705503158		-1.0
	43269.99999996	5.99875		-0.74803     0.2    0.2		4.1705503158		-1.0
	43314.99999996	5.36866		-0.80038     0.2    0.2		4.1705503158		-1.0
	43359.99999996	6.21796		-0.96336     0.2    0.2		4.1705503158		-1.0
	43404.99999996	6.77592		-0.82759     0.2    0.2		4.1705503158		-1.0
	43449.99999996	7.79642		-0.63821     0.2    0.2		4.1705503158		-1.0
	43494.99999996	8.75821		-0.71543     0.2    0.2		4.1705503158		-1.0
	43539.99999996	9.47502		-0.63511     0.2    0.2		4.1705503158		-1.0
	43584.99999996	10.20102		-0.65047     0.2    0.2		4.1705503158		-1.0
	43629.99999996	10.55904		-0.55541     0.2    0.2		4.1705503158		-1.0
	43674.99999996	10.94272		-0.5861     0.2    0.2		4.1705503158		-1.0
	43719.99999996	11.13973		-1.95548     0.2    0.2		4.1705503158		-1.0
	43764.99999996	11.17885		-2.61202     0.2    0.2		4.1705503158		-1.0
	43809.99999996	10.65593		-3.10192     0.2    0.2		4.1705503158		-1.0
	43854.99999996	10.0922		2.65562     0.2    0.2		4.1705503158		-1.0
	43899.99999996	9.3329		2.73642     0.2    0.2		4.1705503158		-1.0
	43944.99999996	8.54593		-2.77747     0.2    0.2		4.1705503158		-1.0
	43989.99999996	9.2489		3.09454     0.2    0.2		4.1705503158		-1.0
	44034.99999996	9.53107		2.3855     0.2    0.2		4.1705503158		-1.0
	44079.99999996	9.27776		1.87817     0.2    0.2		4.1705503158		-1.0
	44124.99999996	8.85185		1.54132     0.2    0.2		4.1705503158		-1.0
	44169.99999996	9.07152		1.21876     0.2    0.2		4.1705503158		-1.0
	44214.99999996	9.84758		1.11628     0.2    0.2		4.1705503158		-1.0
	44259.99999996	10.69652		0.78803     0.2    0.2		4.1705503158		-1.0
	44304.99999996	11.37684		0.37038     0.2    0.2		4.1705503158		-1.0
	44349.99999996	11.71311		0.21251     0.2    0.2		4.1705503158		-1.0
	44394.99999996	12.63734		-0.04202     0.2    0.2		4.1705503158		-1.0
	44439.99999996	13.35992		-0.13159     0.2    0.2		4.1705503158		-1.0
	44484.99999996	13.7601		-0.43513     0.2    0.2		4.1705503158		-1.0
	44529.99999996	14.07481		-0.48906     0.2    0.2		4.1705503158		-1.0
	44574.99999996	13.64606		-0.57563     0.2    0.2		4.1705503158		-1.0
	44619.99999996	12.70594		-0.55618     0.2    0.2		4.1705503158		-1.0
	44664.99999996	11.40203		-0.57546     0.2    0.2		4.1705503158		-1.0
	44709.99999996	10.18431		0.44885     0.2    0.2		4.1705503158		-1.0
	44754.99999996	9.12052		0.75535     0.2    0.2		4.1705503158		-1.0
	44799.99999996	9.54504		0.55474     0.2    0.2		4.1705503158		-1.0
	44844.99999996	9.80168		-0.11298     0.2    0.2		4.1705503158		-1.0
	44889.99999996	10.58466		-0.24603     0.2    0.2		4.1705503158		-1.0
	44934.99999996	11.41812		0.10639     0.2    0.2		4.1705503158		-1.0
	44979.99999996	12.05084		1.3784     0.2    0.2		4.1705503158		-1.0
	45024.99999996	12.35938		-0.31995     0.2    0.2		4.1705503158		-1.0
	45069.99999996	12.32816		-0.95678     0.2    0.2		4.1705503158		-1.0
	45114.99999996	11.60296		-1.35514     0.2    0.2		4.1705503158		-1.0
	45159.99999996	10.92253		-1.58459     0.2    0.2		4.1705503158		-1.0
	45204.99999996	9.78661		-1.52833     0.2    0.2		4.1705503158		-1.0
	45249.99999996	9.22686		-1.43987     0.2    0.2		4.1705503158		-1.0
	45294.99999996	8.99294		-1.28698     0.2    0.2		4.1705503158		-1.0
	45339.99999996	8.86477		-0.18652     0.2    0.2		4.1705503158		-1.0
	45384.99999996	9.36138		0.5002     0.2    0.2		4.1705503158		-1.0
	45429.99999996	9.59639		1.0347     0.2    0.2		4.1705503158		-1.0
	45474.99999996	9.00146		0.14277     0.2    0.2		4.1705503158		-1.0
	45519.99999996	8.8234		-0.35376     0.2    0.2		4.1705503158		-1.0
	45564.99999996	9.31939		-0.1716     0.2    0.2		4.1705503158		-1.0
	45609.99999996	10.0937		0.21242     0.2    0.2		4.1705503158		-1.0
	45654.99999996	9.95104		1.02662     0.2    0.2		4.1705503158		-1.0
	45699.99999996	9.25466		1.87893     0.2    0.2		4.1705503158		-1.0
	45744.99999996	9.33243		2.33283     0.2    0.2		4.1705503158		-1.0
	45789.99999996	10.35665		2.77982     0.2    0.2		4.1705503158		-1.0
	45834.99999996	10.04733		2.52195     0.2    0.2		4.1705503158		-1.0
	45879.99999996	9.48592		2.07595     0.2    0.2		4.1705503158		-1.0
	45924.99999996	9.46679		1.78223     0.2    0.2		4.1705503158		-1.0
	45969.99999996	10.16325		1.71181     0.2    0.2		4.1705503158		-1.0
