	45.00000000	2.89481		1.10701     0.2    0.2		4.1705503158		-1.0
	90.00000000	2.89		1.18186     0.2    0.2		4.1705503158		-1.0
	135.00000000	2.83669		1.26222     0.2    0.2		4.1705503158		-1.0
	180.00000000	3.07995		1.69774     0.2    0.2		4.1705503158		-1.0
	225.00000000	2.9076		1.46098     0.2    0.2		4.1705503158		-1.0
	270.00000000	2.84304		1.51533     0.2    0.2		4.1705503158		-1.0
	315.00000000	2.8615		0.87868     0.2    0.2		4.1705503158		-1.0
	360.00000000	2.89185		0.39239     0.2    0.2		4.1705503158		-1.0
	405.00000000	2.96551		0.17121     0.2    0.2		4.1705503158		-1.0
	450.00000000	2.8917		-0.27634     0.2    0.2		4.1705503158		-1.0
	495.00000000	2.93459		-0.5917     0.2    0.2		4.1705503158		-1.0
	540.00000000	2.9523		-0.96393     0.2    0.2		4.1705503158		-1.0
	585.00000000	2.92737		-1.24902     0.2    0.2		4.1705503158		-1.0
	630.00000000	2.87959		-1.48539     0.2    0.2		4.1705503158		-1.0
	675.00000000	2.9585		-1.62919     0.2    0.2		4.1705503158		-1.0
	720.00000000	2.88135		-2.13648     0.2    0.2		4.1705503158		-1.0
	765.00000000	2.88419		-2.88294     0.2    0.2		4.1705503158		-1.0
	810.00000000	2.92326		2.67979     0.2    0.2		4.1705503158		-1.0
	855.00000000	2.85549		2.40725     0.2    0.2		4.1705503158		-1.0
	900.00000000	2.97295		2.32894     0.2    0.2		4.1705503158		-1.0
	945.00000000	2.85819		2.37035     0.2    0.2		4.1705503158		-1.0
	990.00000000	2.90996		2.42795     0.2    0.2		4.1705503158		-1.0
	1035.00000000	2.88045		2.97056     0.2    0.2		4.1705503158		-1.0
	1080.00000000	2.84247		-2.70574     0.2    0.2		4.1705503158		-1.0
	1125.00000000	3.01287		-2.52341     0.2    0.2		4.1705503158		-1.0
	1170.00000000	2.85804		-2.31205     0.2    0.2		4.1705503158		-1.0
	1215.00000000	2.94013		-2.38846     0.2    0.2		4.1705503158		-1.0
	1260.00000000	2.90875		-2.99447     0.2    0.2		4.1705503158		-1.0
	1305.00000000	2.90219		-3.12488     0.2    0.2		4.1705503158		-1.0
	1350.00000000	2.90226		3.01448     0.2    0.2		4.1705503158		-1.0
	1395.00000000	2.87418		3.10236     0.2    0.2		4.1705503158		-1.0
	1440.00000000	2.82562		2.9193     0.2    0.2		4.1705503158		-1.0
	1485.00000000	2.78854		-3.10345     0.2    0.2		4.1705503158		-1.0
	1530.00000000	2.88311		2.95852     0.2    0.2		4.1705503158		-1.0
	1575.00000000	2.87201		3.09391     0.2    0.2		4.1705503158		-1.0
	1620.00000000	3.06422		3.0089     0.2    0.2		4.1705503158		-1.0
	1665.00000000	2.96259		3.02193     0.2    0.2		4.1705503158		-1.0
	1710.00000000	2.80485		-3.00098     0.2    0.2		4.1705503158		-1.0
	1755.00000000	2.88676		-2.94389     0.2    0.2		4.1705503158		-1.0
	1800.00000000	2.8686		-2.56895     0.2    0.2		4.1705503158		-1.0
	1845.00000000	2.99827		-2.55122     0.2    0.2		4.1705503158		-1.0
	1890.00000000	2.95704		-2.41408     0.2    0.2		4.1705503158		-1.0
	1935.00000000	2.94317		-2.70911     0.2    0.2		4.1705503158		-1.0
	1980.00000000	2.81202		-2.78232     0.2    0.2		4.1705503158		-1.0
	2025.00000000	2.89674		-3.07703     0.2    0.2		4.1705503158		-1.0
	2070.00000000	2.82886		2.87754     0.2    0.2		4.1705503158		-1.0
	2115.00000000	2.83126		2.25343     0.2    0.2		4.1705503158		-1.0
	2160.00000000	2.86042		1.78247     0.2    0.2		4.1705503158		-1.0
	2205.00000000	2.94915		1.40903     0.2    0.2		4.1705503158		-1.0
	2250.00000000	2.95107		0.86333     0.2    0.2		4.1705503158		-1.0
	2295.00000000	2.93474		0.59191     0.2    0.2		4.1705503158		-1.0
	2340.00000000	2.96826		0.06141     0.2    0.2		4.1705503158		-1.0
	2385.00000000	2.8357		0.0075     0.2    0.2		4.1705503158		-1.0
	2430.00000000	2.92471		-0.42058     0.2    0.2		4.1705503158		-1.0
	2475.00000000	2.88074		-0.23031     0.2    0.2		4.1705503158		-1.0
	2520.00000000	2.91032		-0.28388     0.2    0.2		4.1705503158		-1.0
	2565.00000000	2.93424		-0.57905     0.2    0.2		4.1705503158		-1.0
	2610.00000000	2.93049		-0.66909     0.2    0.2		4.1705503158		-1.0
	2655.00000000	3.02254		-0.94302     0.2    0.2		4.1705503158		-1.0
	2700.00000000	2.89228		-1.51259     0.2    0.2		4.1705503158		-1.0
	2745.00000000	2.903		-1.8663     0.2    0.2		4.1705503158		-1.0
	2790.00000000	2.83654		-1.97977     0.2    0.2		4.1705503158		-1.0
	2835.00000000	2.94475		-2.14502     0.2    0.2		4.1705503158		-1.0
	2880.00000000	2.85178		-1.99232     0.2    0.2		4.1705503158		-1.0
	2925.00000000	2.78893		-1.91903     0.2    0.2		4.1705503158		-1.0
	2970.00000000	2.80969		-1.71302     0.2    0.2		4.1705503158		-1.0
	3015.00000000	2.81642		-1.25154     0.2    0.2		4.1705503158		-1.0
	3060.00000000	2.86904		-1.32422     0.2    0.2		4.1705503158		-1.0
	3105.00000000	2.79043		-0.8921     0.2    0.2		4.1705503158		-1.0
	3150.00000000	2.9305		-0.75839     0.2    0.2		4.1705503158		-1.0
	3195.00000000	2.78994		-0.8999     0.2    0.2		4.1705503158		-1.0
	3240.00000000	2.77968		-0.95873     0.2    0.2		4.1705503158		-1.0
	3285.00000000	2.84704		-1.14952     0.2    0.2		4.1705503158		-1.0
	3330.00000000	2.79192		-1.19302     0.2    0.2		4.1705503158		-1.0
	3375.00000000	2.88394		-1.58758     0.2    0.2		4.1705503158		-1.0
	3420.00000000	2.87418		-1.63825     0.2    0.2		4.1705503158		-1.0
	3465.00000000	2.89144		-1.82369     0.2    0.2		4.1705503158		-1.0
	3510.00000000	2.90026		-2.13947     0.2    0.2		4.1705503158		-1.0
	3555.00000000	3.03495		-2.31227     0.2    0.2		4.1705503158		-1.0
	3600.00000000	3.17099		-2.56294     0.2    0.2		4.1705503158		-1.0
	3645.00000000	3.02472		-2.7373     0.2    0.2		4.1705503158		-1.0
	3690.00000000	2.9519		-2.9642     0.2    0.2		4.1705503158		-1.0
	3735.00000000	3.12359		-3.13835     0.2    0.2		4.1705503158		-1.0
	3780.00000000	3.12604		2.95993     0.2    0.2		4.1705503158		-1.0
	3825.00000000	2.91119		2.6254     0.2    0.2		4.1705503158		-1.0
	3870.00000000	2.89935		2.5572     0.2    0.2		4.1705503158		-1.0
	3915.00000000	2.8612		2.2058     0.2    0.2		4.1705503158		-1.0
	3960.00000000	2.8548		1.99127     0.2    0.2		4.1705503158		-1.0
	4005.00000000	2.91003		1.49759     0.2    0.2		4.1705503158		-1.0
	4050.00000000	2.8818		1.15399     0.2    0.2		4.1705503158		-1.0
	4095.00000000	2.93301		0.61132     0.2    0.2		4.1705503158		-1.0
	4140.00000000	2.99546		0.38982     0.2    0.2		4.1705503158		-1.0
	4185.00000000	2.95104		0.12532     0.2    0.2		4.1705503158		-1.0
	4230.00000000	3.10056		0.03815     0.2    0.2		4.1705503158		-1.0
	4275.00000000	2.97947		-0.3345     0.2    0.2		4.1705503158		-1.0
	4320.00000000	3.04593		-0.46373     0.2    0.2		4.1705503158		-1.0
	4365.00000000	2.93585		-0.76199     0.2    0.2		4.1705503158		-1.0
	4410.00000000	3.15089		-1.15828     0.2    0.2		4.1705503158		-1.0
	4455.00000000	3.17345		-1.17712     0.2    0.2		4.1705503158		-1.0
	4500.00000000	2.90756		-1.4637     0.2    0.2		4.1705503158		-1.0
	4545.00000000	2.90732		-1.63399     0.2    0.2		4.1705503158		-1.0
	4590.00000000	2.88244		-1.92376     0.2    0.2		4.1705503158		-1.0
	4635.00000000	2.99714		-2.12739     0.2    0.2		4.1705503158		-1.0
	4680.00000000	2.94813		-2.23359     0.2    0.2		4.1705503158		-1.0
	4725.00000000	2.84613		-2.42248     0.2    0.2		4.1705503158		-1.0
	4770.00000000	2.8329		-2.34979     0.2    0.2		4.1705503158		-1.0
	4815.00000000	2.73703		-2.58664     0.2    0.2		4.1705503158		-1.0
	4860.00000000	3.09234		-2.88625     0.2    0.2		4.1705503158		-1.0
	4905.00000000	3.14298		-2.82975     0.2    0.2		4.1705503158		-1.0
	4950.00000000	2.66377		-2.97688     0.2    0.2		4.1705503158		-1.0
	4995.00000000	3.05573		2.68218     0.2    0.2		4.1705503158		-1.0
	5040.00000000	3.04382		2.14934     0.2    0.2		4.1705503158		-1.0
	5085.00000000	2.97476		1.66429     0.2    0.2		4.1705503158		-1.0
	5130.00000000	3.17579		1.19388     0.2    0.2		4.1705503158		-1.0
	5175.00000000	3.1227		0.86045     0.2    0.2		4.1705503158		-1.0
	5220.00000000	3.03927		0.95452     0.2    0.2		4.1705503158		-1.0
	5265.00000000	3.01708		0.79086     0.2    0.2		4.1705503158		-1.0
	5310.00000000	2.82895		0.56676     0.2    0.2		4.1705503158		-1.0
	5355.00000000	2.92592		0.45801     0.2    0.2		4.1705503158		-1.0
	5400.00000000	3.02792		0.54934     0.2    0.2		4.1705503158		-1.0
	5445.00000000	2.90435		0.09437     0.2    0.2		4.1705503158		-1.0
	5490.00000000	2.83724		0.21877     0.2    0.2		4.1705503158		-1.0
	5535.00000000	2.97008		0.12188     0.2    0.2		4.1705503158		-1.0
	5580.00000000	3.1768		0.2709     0.2    0.2		4.1705503158		-1.0
	5625.00000000	2.84284		-0.10383     0.2    0.2		4.1705503158		-1.0
	5670.00000000	2.75409		0.07727     0.2    0.2		4.1705503158		-1.0
	5715.00000000	2.88712		-0.1248     0.2    0.2		4.1705503158		-1.0
	5760.00000000	3.16195		-0.28292     0.2    0.2		4.1705503158		-1.0
	5805.00000000	2.92589		-0.89221     0.2    0.2		4.1705503158		-1.0
	5850.00000000	2.84716		-1.31388     0.2    0.2		4.1705503158		-1.0
	5895.00000000	2.73229		-1.7646     0.2    0.2		4.1705503158		-1.0
	5940.00000000	2.7791		-1.94656     0.2    0.2		4.1705503158		-1.0
	5985.00000000	3.16126		-2.27161     0.2    0.2		4.1705503158		-1.0
	6030.00000000	3.15914		-2.47375     0.2    0.2		4.1705503158		-1.0
	6075.00000000	2.92571		-2.75844     0.2    0.2		4.1705503158		-1.0
	6120.00000000	2.77042		-3.07134     0.2    0.2		4.1705503158		-1.0
	6165.00000000	3.09162		-3.13734     0.2    0.2		4.1705503158		-1.0
	6210.00000000	2.74262		2.7022     0.2    0.2		4.1705503158		-1.0
	6255.00000000	2.82073		2.59594     0.2    0.2		4.1705503158		-1.0
	6300.00000000	2.93576		2.48377     0.2    0.2		4.1705503158		-1.0
	6345.00000000	2.91526		2.60129     0.2    0.2		4.1705503158		-1.0
	6390.00000000	3.0393		2.49901     0.2    0.2		4.1705503158		-1.0
	6435.00000000	3.16434		2.61287     0.2    0.2		4.1705503158		-1.0
	6480.00000000	3.06197		2.44947     0.2    0.2		4.1705503158		-1.0
	6525.00000000	3.13178		2.42748     0.2    0.2		4.1705503158		-1.0
	6570.00000000	2.87925		1.94288     0.2    0.2		4.1705503158		-1.0
	6615.00000000	2.86009		1.83715     0.2    0.2		4.1705503158		-1.0
	6660.00000000	2.81699		1.39983     0.2    0.2		4.1705503158		-1.0
	6705.00000000	2.7909		1.04711     0.2    0.2		4.1705503158		-1.0
	6750.00000000	2.76803		0.65431     0.2    0.2		4.1705503158		-1.0
	6795.00000000	2.78785		0.52747     0.2    0.2		4.1705503158		-1.0
	6840.00000000	2.77556		0.29192     0.2    0.2		4.1705503158		-1.0
	6885.00000000	3.20596		0.48174     0.2    0.2		4.1705503158		-1.0
	6930.00000000	2.84567		0.56549     0.2    0.2		4.1705503158		-1.0
	6975.00000000	2.93442		0.9005     0.2    0.2		4.1705503158		-1.0
	7020.00000000	2.85078		1.13248     0.2    0.2		4.1705503158		-1.0
	7065.00000000	3.03104		1.54542     0.2    0.2		4.1705503158		-1.0
	7110.00000000	2.76943		1.51873     0.2    0.2		4.1705503158		-1.0
	7155.00000000	2.89928		2.007     0.2    0.2		4.1705503158		-1.0
	7200.00000000	3.00682		1.86906     0.2    0.2		4.1705503158		-1.0
	7245.00000000	3.21039		1.89663     0.2    0.2		4.1705503158		-1.0
	7290.00000000	2.89559		1.64219     0.2    0.2		4.1705503158		-1.0
	7335.00000000	2.91691		1.39851     0.2    0.2		4.1705503158		-1.0
	7380.00000000	2.66567		0.93573     0.2    0.2		4.1705503158		-1.0
	7425.00000000	2.75385		0.86057     0.2    0.2		4.1705503158		-1.0
	7470.00000000	3.17767		0.76366     0.2    0.2		4.1705503158		-1.0
	7515.00000000	3.21033		0.96272     0.2    0.2		4.1705503158		-1.0
	7560.00000000	2.82214		1.28412     0.2    0.2		4.1705503158		-1.0
	7605.00000000	2.69061		1.69265     0.2    0.2		4.1705503158		-1.0
	7650.00000000	2.86014		1.99495     0.2    0.2		4.1705503158		-1.0
	7695.00000000	3.11115		2.16402     0.2    0.2		4.1705503158		-1.0
	7740.00000000	2.87574		2.16181     0.2    0.2		4.1705503158		-1.0
	7785.00000000	2.78156		1.96924     0.2    0.2		4.1705503158		-1.0
	7830.00000000	3.14926		1.77959     0.2    0.2		4.1705503158		-1.0
	7875.00000000	2.79937		1.69446     0.2    0.2		4.1705503158		-1.0
	7920.00000000	2.96091		1.44422     0.2    0.2		4.1705503158		-1.0
	7965.00000000	2.89935		1.1317     0.2    0.2		4.1705503158		-1.0
	8010.00000000	2.94597		1.1034     0.2    0.2		4.1705503158		-1.0
	8055.00000000	3.10964		0.84748     0.2    0.2		4.1705503158		-1.0
	8100.00000000	2.69749		1.12076     0.2    0.2		4.1705503158		-1.0
	8145.00000000	2.97508		0.84568     0.2    0.2		4.1705503158		-1.0
	8190.00000000	2.78699		0.78369     0.2    0.2		4.1705503158		-1.0
	8235.00000000	2.77786		0.5338     0.2    0.2		4.1705503158		-1.0
	8280.00000000	3.17678		0.62298     0.2    0.2		4.1705503158		-1.0
	8325.00000000	2.72558		0.3064     0.2    0.2		4.1705503158		-1.0
	8370.00000000	3.07682		0.14175     0.2    0.2		4.1705503158		-1.0
	8415.00000000	3.38211		0.01807     0.2    0.2		4.1705503158		-1.0
	8460.00000000	2.75077		-0.13393     0.2    0.2		4.1705503158		-1.0
	8505.00000000	2.76834		-0.49841     0.2    0.2		4.1705503158		-1.0
	8550.00000000	3.14965		-0.91014     0.2    0.2		4.1705503158		-1.0
	8595.00000000	2.99963		-1.2694     0.2    0.2		4.1705503158		-1.0
	8640.00000000	2.76828		-1.55242     0.2    0.2		4.1705503158		-1.0
	8685.00000000	2.6776		-1.75174     0.2    0.2		4.1705503158		-1.0
	8730.00000000	3.08324		-1.71812     0.2    0.2		4.1705503158		-1.0
	8775.00000000	3.28335		-1.64612     0.2    0.2		4.1705503158		-1.0
	8820.00000000	3.15484		-1.71354     0.2    0.2		4.1705503158		-1.0
	8865.00000000	3.11227		-1.82486     0.2    0.2		4.1705503158		-1.0
	8910.00000000	2.91471		-1.90773     0.2    0.2		4.1705503158		-1.0
	8955.00000000	2.99737		-2.05571     0.2    0.2		4.1705503158		-1.0
	9000.00000000	3.16423		-2.27391     0.2    0.2		4.1705503158		-1.0
	9045.00000000	3.25518		-2.53293     0.2    0.2		4.1705503158		-1.0
	9090.00000000	3.08382		-2.79776     0.2    0.2		4.1705503158		-1.0
	9135.00000000	3.20115		-2.94929     0.2    0.2		4.1705503158		-1.0
	9180.00000000	3.15405		-2.97261     0.2    0.2		4.1705503158		-1.0
	9225.00000000	3.16139		3.07413     0.2    0.2		4.1705503158		-1.0
	9270.00000000	2.96646		2.63472     0.2    0.2		4.1705503158		-1.0
	9315.00000000	2.74707		2.70522     0.2    0.2		4.1705503158		-1.0
	9360.00000000	2.83935		2.86789     0.2    0.2		4.1705503158		-1.0
	9405.00000000	2.71053		-2.93611     0.2    0.2		4.1705503158		-1.0
	9450.00000000	2.73668		-2.42009     0.2    0.2		4.1705503158		-1.0
	9495.00000000	2.70085		-2.53886     0.2    0.2		4.1705503158		-1.0
	9540.00000000	2.70499		-2.31269     0.2    0.2		4.1705503158		-1.0
	9585.00000000	2.83583		-2.25067     0.2    0.2		4.1705503158		-1.0
	9630.00000000	2.96997		-2.77334     0.2    0.2		4.1705503158		-1.0
	9675.00000000	3.05056		-2.63625     0.2    0.2		4.1705503158		-1.0
	9720.00000000	2.90213		-2.96127     0.2    0.2		4.1705503158		-1.0
	9765.00000000	3.11984		2.9568     0.2    0.2		4.1705503158		-1.0
	9810.00000000	2.95639		2.77058     0.2    0.2		4.1705503158		-1.0
	9855.00000000	3.13398		2.68502     0.2    0.2		4.1705503158		-1.0
	9900.00000000	3.23136		2.70686     0.2    0.2		4.1705503158		-1.0
	9945.00000000	2.96855		2.24731     0.2    0.2		4.1705503158		-1.0
	9990.00000000	3.2271		1.82015     0.2    0.2		4.1705503158		-1.0
	10035.00000000	3.17644		1.63314     0.2    0.2		4.1705503158		-1.0
	10080.00000000	3.27379		1.17722     0.2    0.2		4.1705503158		-1.0
	10125.00000000	3.23466		0.94918     0.2    0.2		4.1705503158		-1.0
	10170.00000000	2.63812		0.8089     0.2    0.2		4.1705503158		-1.0
	10215.00000000	3.26872		0.73951     0.2    0.2		4.1705503158		-1.0
	10260.00000000	2.88114		0.17203     0.2    0.2		4.1705503158		-1.0
	10305.00000000	3.07396		0.36827     0.2    0.2		4.1705503158		-1.0
	10350.00000000	3.09763		0.13632     0.2    0.2		4.1705503158		-1.0
	10395.00000000	3.12886		-0.06163     0.2    0.2		4.1705503158		-1.0
	10440.00000000	3.00583		-0.53176     0.2    0.2		4.1705503158		-1.0
	10485.00000000	2.865		-1.09883     0.2    0.2		4.1705503158		-1.0
	10530.00000000	3.0091		-1.27046     0.2    0.2		4.1705503158		-1.0
	10575.00000000	3.11738		-1.67358     0.2    0.2		4.1705503158		-1.0
	10620.00000000	3.38485		-2.10929     0.2    0.2		4.1705503158		-1.0
	10665.00000000	3.25451		-2.12381     0.2    0.2		4.1705503158		-1.0
	10710.00000000	2.86525		-2.19576     0.2    0.2		4.1705503158		-1.0
	10755.00000000	3.3565		-2.60372     0.2    0.2		4.1705503158		-1.0
	10800.00000000	3.13361		-2.4197     0.2    0.2		4.1705503158		-1.0
	10845.00000001	3.17384		-2.02199     0.2    0.2		4.1705503158		-1.0
	10890.00000001	3.27787		-2.23555     0.2    0.2		4.1705503158		-1.0
	10935.00000001	3.21929		-1.41386     0.2    0.2		4.1705503158		-1.0
	10980.00000001	3.20973		-1.23214     0.2    0.2		4.1705503158		-1.0
	11025.00000001	2.82878		-0.66695     0.2    0.2		4.1705503158		-1.0
	11070.00000001	2.75347		-0.3407     0.2    0.2		4.1705503158		-1.0
	11115.00000001	2.78278		-0.00866     0.2    0.2		4.1705503158		-1.0
	11160.00000001	2.77818		0.32568     0.2    0.2		4.1705503158		-1.0
	11205.00000001	2.85969		0.53719     0.2    0.2		4.1705503158		-1.0
	11250.00000001	2.82124		0.95536     0.2    0.2		4.1705503158		-1.0
	11295.00000001	3.18341		1.38369     0.2    0.2		4.1705503158		-1.0
	11340.00000001	2.64638		1.66388     0.2    0.2		4.1705503158		-1.0
	11385.00000001	3.0974		2.15623     0.2    0.2		4.1705503158		-1.0
	11430.00000001	3.25599		2.18068     0.2    0.2		4.1705503158		-1.0
	11475.00000001	2.69477		2.14101     0.2    0.2		4.1705503158		-1.0
	11520.00000001	2.71092		2.35663     0.2    0.2		4.1705503158		-1.0
	11565.00000001	2.83651		2.09928     0.2    0.2		4.1705503158		-1.0
	11610.00000001	3.09281		2.07188     0.2    0.2		4.1705503158		-1.0
	11655.00000001	3.09772		2.07991     0.2    0.2		4.1705503158		-1.0
	11700.00000001	2.94988		2.04887     0.2    0.2		4.1705503158		-1.0
	11745.00000001	2.92101		1.74201     0.2    0.2		4.1705503158		-1.0
	11790.00000001	2.75668		1.48803     0.2    0.2		4.1705503158		-1.0
	11835.00000001	3.324		1.08578     0.2    0.2		4.1705503158		-1.0
	11880.00000001	2.69905		0.7056     0.2    0.2		4.1705503158		-1.0
	11925.00000001	2.71534		0.29703     0.2    0.2		4.1705503158		-1.0
	11970.00000001	3.38442		0.26878     0.2    0.2		4.1705503158		-1.0
	12015.00000001	3.25257		0.48204     0.2    0.2		4.1705503158		-1.0
	12060.00000001	3.03091		0.59386     0.2    0.2		4.1705503158		-1.0
	12105.00000001	3.20431		0.96277     0.2    0.2		4.1705503158		-1.0
	12150.00000001	2.8643		1.42533     0.2    0.2		4.1705503158		-1.0
	12195.00000001	2.95231		1.42587     0.2    0.2		4.1705503158		-1.0
	12240.00000001	3.14266		1.47329     0.2    0.2		4.1705503158		-1.0
	12285.00000001	3.09236		1.38053     0.2    0.2		4.1705503158		-1.0
	12330.00000001	3.18082		1.25187     0.2    0.2		4.1705503158		-1.0
	12375.00000001	3.27958		1.35972     0.2    0.2		4.1705503158		-1.0
	12420.00000001	3.28839		1.21879     0.2    0.2		4.1705503158		-1.0
	12465.00000001	2.56603		1.48988     0.2    0.2		4.1705503158		-1.0
	12510.00000001	3.08485		1.54116     0.2    0.2		4.1705503158		-1.0
	12555.00000001	2.90541		1.80619     0.2    0.2		4.1705503158		-1.0
	12600.00000001	2.85507		1.94212     0.2    0.2		4.1705503158		-1.0
	12645.00000001	2.75661		2.28475     0.2    0.2		4.1705503158		-1.0
	12690.00000001	2.61146		2.57993     0.2    0.2		4.1705503158		-1.0
	12735.00000001	3.30156		2.80202     0.2    0.2		4.1705503158		-1.0
	12780.00000001	3.33541		3.04677     0.2    0.2		4.1705503158		-1.0
	12825.00000001	2.60932		3.03266     0.2    0.2		4.1705503158		-1.0
	12870.00000001	2.77411		2.92946     0.2    0.2		4.1705503158		-1.0
	12915.00000001	2.80181		2.45458     0.2    0.2		4.1705503158		-1.0
	12960.00000001	2.7185		2.66327     0.2    0.2		4.1705503158		-1.0
	13005.00000001	2.65813		2.94911     0.2    0.2		4.1705503158		-1.0
	13050.00000001	2.88477		3.09491     0.2    0.2		4.1705503158		-1.0
	13095.00000001	2.76031		-3.12332     0.2    0.2		4.1705503158		-1.0
	13140.00000001	2.72839		3.02313     0.2    0.2		4.1705503158		-1.0
	13185.00000001	2.72434		2.76885     0.2    0.2		4.1705503158		-1.0
	13230.00000001	2.73437		2.35261     0.2    0.2		4.1705503158		-1.0
	13275.00000001	2.70677		1.98754     0.2    0.2		4.1705503158		-1.0
	13320.00000001	2.717		2.04281     0.2    0.2		4.1705503158		-1.0
	13365.00000001	2.73892		1.56245     0.2    0.2		4.1705503158		-1.0
	13410.00000001	2.92877		0.81195     0.2    0.2		4.1705503158		-1.0
	13455.00000001	2.66824		0.78455     0.2    0.2		4.1705503158		-1.0
	13500.00000001	2.6351		0.92512     0.2    0.2		4.1705503158		-1.0
	13545.00000001	3.35597		1.42586     0.2    0.2		4.1705503158		-1.0
	13590.00000001	3.30967		1.79333     0.2    0.2		4.1705503158		-1.0
	13635.00000001	3.25649		2.12552     0.2    0.2		4.1705503158		-1.0
	13680.00000001	3.30641		2.20195     0.2    0.2		4.1705503158		-1.0
	13725.00000001	3.35902		2.13304     0.2    0.2		4.1705503158		-1.0
	13770.00000001	3.37213		2.52394     0.2    0.2		4.1705503158		-1.0
	13815.00000001	3.34886		2.83468     0.2    0.2		4.1705503158		-1.0
	13860.00000001	3.26592		3.10325     0.2    0.2		4.1705503158		-1.0
	13905.00000001	3.1538		-2.79528     0.2    0.2		4.1705503158		-1.0
	13950.00000001	3.19072		-2.68369     0.2    0.2		4.1705503158		-1.0
	13995.00000001	2.8161		-2.26401     0.2    0.2		4.1705503158		-1.0
	14040.00000001	2.71678		-1.96888     0.2    0.2		4.1705503158		-1.0
	14085.00000001	3.27796		-1.9689     0.2    0.2		4.1705503158		-1.0
	14130.00000001	2.70594		-1.51456     0.2    0.2		4.1705503158		-1.0
	14175.00000001	3.1371		-1.21     0.2    0.2		4.1705503158		-1.0
	14220.00000001	2.92094		-1.01449     0.2    0.2		4.1705503158		-1.0
	14265.00000000	3.21406		-0.73124     0.2    0.2		4.1705503158		-1.0
	14310.00000000	2.79527		-0.90316     0.2    0.2		4.1705503158		-1.0
	14355.00000000	3.07786		-0.80467     0.2    0.2		4.1705503158		-1.0
	14400.00000000	2.69633		-0.73786     0.2    0.2		4.1705503158		-1.0
	14445.00000000	2.95737		-1.08028     0.2    0.2		4.1705503158		-1.0
	14490.00000000	2.75248		-1.20398     0.2    0.2		4.1705503158		-1.0
	14535.00000000	2.67795		-1.17061     0.2    0.2		4.1705503158		-1.0
	14580.00000000	2.75777		-0.87893     0.2    0.2		4.1705503158		-1.0
	14625.00000000	2.82615		-0.59778     0.2    0.2		4.1705503158		-1.0
	14670.00000000	2.84941		-0.49925     0.2    0.2		4.1705503158		-1.0
	14715.00000000	3.15274		-0.54759     0.2    0.2		4.1705503158		-1.0
	14760.00000000	3.12746		-0.25352     0.2    0.2		4.1705503158		-1.0
	14805.00000000	3.25305		-0.347     0.2    0.2		4.1705503158		-1.0
	14850.00000000	3.22005		-0.43777     0.2    0.2		4.1705503158		-1.0
	14895.00000000	3.05979		-0.4353     0.2    0.2		4.1705503158		-1.0
	14940.00000000	3.16129		-0.74808     0.2    0.2		4.1705503158		-1.0
	14985.00000000	3.11345		-0.84225     0.2    0.2		4.1705503158		-1.0
	15030.00000000	3.14413		-0.99833     0.2    0.2		4.1705503158		-1.0
	15075.00000000	3.09661		-1.01882     0.2    0.2		4.1705503158		-1.0
	15120.00000000	2.7175		-0.46875     0.2    0.2		4.1705503158		-1.0
	15165.00000000	2.93015		-0.22736     0.2    0.2		4.1705503158		-1.0
	15210.00000000	2.69362		-0.0096     0.2    0.2		4.1705503158		-1.0
	15255.00000000	2.68401		-0.26221     0.2    0.2		4.1705503158		-1.0
	15300.00000000	3.29651		-0.25839     0.2    0.2		4.1705503158		-1.0
	15345.00000000	2.80989		-0.36717     0.2    0.2		4.1705503158		-1.0
	15390.00000000	2.71825		-0.71573     0.2    0.2		4.1705503158		-1.0
	15435.00000000	3.32		-0.66439     0.2    0.2		4.1705503158		-1.0
	15480.00000000	2.81651		-0.76824     0.2    0.2		4.1705503158		-1.0
	15525.00000000	2.76619		-0.52551     0.2    0.2		4.1705503158		-1.0
	15570.00000000	2.70902		-0.75886     0.2    0.2		4.1705503158		-1.0
	15615.00000000	3.49958		-0.54843     0.2    0.2		4.1705503158		-1.0
	15660.00000000	2.87524		-0.52042     0.2    0.2		4.1705503158		-1.0
	15705.00000000	2.91402		-0.31306     0.2    0.2		4.1705503158		-1.0
	15750.00000000	3.07922		-0.03788     0.2    0.2		4.1705503158		-1.0
	15795.00000000	3.27861		-0.20789     0.2    0.2		4.1705503158		-1.0
	15840.00000000	3.31685		0.04112     0.2    0.2		4.1705503158		-1.0
	15885.00000000	2.98934		-0.02617     0.2    0.2		4.1705503158		-1.0
	15930.00000000	2.89065		0.3998     0.2    0.2		4.1705503158		-1.0
	15975.00000000	3.42558		0.37579     0.2    0.2		4.1705503158		-1.0
	16020.00000000	2.58495		0.44635     0.2    0.2		4.1705503158		-1.0
	16065.00000000	2.98593		0.46603     0.2    0.2		4.1705503158		-1.0
	16110.00000000	3.00205		0.2065     0.2    0.2		4.1705503158		-1.0
	16155.00000000	3.30204		0.43234     0.2    0.2		4.1705503158		-1.0
	16200.00000000	3.21982		0.32955     0.2    0.2		4.1705503158		-1.0
	16245.00000000	3.30029		0.18018     0.2    0.2		4.1705503158		-1.0
	16290.00000000	2.80151		0.03255     0.2    0.2		4.1705503158		-1.0
	16335.00000000	2.71213		-0.37868     0.2    0.2		4.1705503158		-1.0
	16380.00000000	2.70106		-0.18438     0.2    0.2		4.1705503158		-1.0
	16425.00000000	2.82488		-0.73535     0.2    0.2		4.1705503158		-1.0
	16470.00000000	2.64739		-1.20537     0.2    0.2		4.1705503158		-1.0
	16515.00000000	3.14549		-1.79345     0.2    0.2		4.1705503158		-1.0
	16560.00000000	3.19153		-2.11485     0.2    0.2		4.1705503158		-1.0
	16605.00000000	3.43668		-1.89368     0.2    0.2		4.1705503158		-1.0
	16650.00000000	2.96738		-1.34043     0.2    0.2		4.1705503158		-1.0
	16695.00000000	3.07461		-1.09899     0.2    0.2		4.1705503158		-1.0
	16740.00000000	3.20781		-1.09737     0.2    0.2		4.1705503158		-1.0
	16785.00000000	2.9205		-1.3271     0.2    0.2		4.1705503158		-1.0
	16830.00000000	3.31868		-1.6788     0.2    0.2		4.1705503158		-1.0
	16875.00000000	3.19255		-1.53718     0.2    0.2		4.1705503158		-1.0
	16920.00000000	2.79793		-1.54352     0.2    0.2		4.1705503158		-1.0
	16965.00000000	3.0714		-1.39577     0.2    0.2		4.1705503158		-1.0
	17010.00000000	3.32313		-1.06498     0.2    0.2		4.1705503158		-1.0
	17055.00000000	3.39562		-0.8505     0.2    0.2		4.1705503158		-1.0
	17100.00000000	3.3318		-0.45062     0.2    0.2		4.1705503158		-1.0
	17145.00000000	3.29461		-0.62707     0.2    0.2		4.1705503158		-1.0
	17190.00000000	3.25255		-0.58326     0.2    0.2		4.1705503158		-1.0
	17235.00000000	3.42136		-0.8411     0.2    0.2		4.1705503158		-1.0
	17280.00000000	3.47952		-1.18566     0.2    0.2		4.1705503158		-1.0
	17325.00000000	3.44763		-1.44326     0.2    0.2		4.1705503158		-1.0
	17370.00000000	2.65095		-1.83563     0.2    0.2		4.1705503158		-1.0
	17415.00000000	3.18303		-2.03542     0.2    0.2		4.1705503158		-1.0
	17460.00000000	2.78678		-2.00712     0.2    0.2		4.1705503158		-1.0
	17505.00000000	2.75834		-2.21691     0.2    0.2		4.1705503158		-1.0
	17550.00000000	2.70365		-2.35321     0.2    0.2		4.1705503158		-1.0
	17595.00000000	2.69785		-2.52117     0.2    0.2		4.1705503158		-1.0
	17640.00000000	2.70448		-2.65374     0.2    0.2		4.1705503158		-1.0
	17685.00000000	2.74745		-2.88303     0.2    0.2		4.1705503158		-1.0
	17730.00000000	2.76166		-2.74339     0.2    0.2		4.1705503158		-1.0
	17775.00000000	2.76976		-2.84778     0.2    0.2		4.1705503158		-1.0
	17820.00000000	2.66231		-2.60408     0.2    0.2		4.1705503158		-1.0
	17865.00000000	2.98838		-2.31285     0.2    0.2		4.1705503158		-1.0
	17910.00000000	3.08278		-2.08364     0.2    0.2		4.1705503158		-1.0
	17955.00000000	3.16379		-1.40771     0.2    0.2		4.1705503158		-1.0
	18000.00000000	3.17569		-1.34127     0.2    0.2		4.1705503158		-1.0
	18045.00000000	3.23547		-1.04451     0.2    0.2		4.1705503158		-1.0
	18090.00000000	3.21207		-0.89077     0.2    0.2		4.1705503158		-1.0
	18135.00000000	3.29526		-0.60754     0.2    0.2		4.1705503158		-1.0
	18180.00000000	3.57648		-0.69692     0.2    0.2		4.1705503158		-1.0
	18225.00000000	2.86679		-0.7521     0.2    0.2		4.1705503158		-1.0
	18270.00000000	2.77356		-1.08626     0.2    0.2		4.1705503158		-1.0
	18315.00000000	2.71587		-1.40078     0.2    0.2		4.1705503158		-1.0
	18360.00000000	2.67784		-1.5075     0.2    0.2		4.1705503158		-1.0
	18405.00000000	2.73393		-1.81171     0.2    0.2		4.1705503158		-1.0
	18450.00000000	2.75727		-1.86678     0.2    0.2		4.1705503158		-1.0
	18495.00000000	3.04389		-1.64706     0.2    0.2		4.1705503158		-1.0
	18540.00000000	3.07869		-1.66013     0.2    0.2		4.1705503158		-1.0
	18585.00000000	3.39435		-1.76091     0.2    0.2		4.1705503158		-1.0
	18630.00000000	3.36479		-1.41383     0.2    0.2		4.1705503158		-1.0
	18675.00000000	3.25075		-1.18524     0.2    0.2		4.1705503158		-1.0
	18720.00000000	3.13345		-1.36556     0.2    0.2		4.1705503158		-1.0
	18765.00000000	3.48489		-1.4163     0.2    0.2		4.1705503158		-1.0
	18810.00000000	3.44609		-1.39512     0.2    0.2		4.1705503158		-1.0
	18855.00000000	3.02699		-1.62677     0.2    0.2		4.1705503158		-1.0
	18900.00000000	3.52934		-1.71894     0.2    0.2		4.1705503158		-1.0
	18945.00000000	2.76487		-1.58524     0.2    0.2		4.1705503158		-1.0
	18990.00000000	2.76964		-1.88443     0.2    0.2		4.1705503158		-1.0
	19035.00000000	2.69125		-1.72341     0.2    0.2		4.1705503158		-1.0
	19080.00000000	2.73186		-1.33548     0.2    0.2		4.1705503158		-1.0
	19125.00000000	2.7724		-1.34774     0.2    0.2		4.1705503158		-1.0
	19170.00000000	2.62684		-0.91945     0.2    0.2		4.1705503158		-1.0
	19215.00000000	2.77198		-0.69662     0.2    0.2		4.1705503158		-1.0
	19260.00000000	2.70644		-0.28788     0.2    0.2		4.1705503158		-1.0
	19305.00000000	2.61229		-0.0163     0.2    0.2		4.1705503158		-1.0
	19350.00000000	2.71793		0.5214     0.2    0.2		4.1705503158		-1.0
	19395.00000000	2.80086		0.6668     0.2    0.2		4.1705503158		-1.0
	19440.00000000	2.84562		0.6267     0.2    0.2		4.1705503158		-1.0
	19485.00000000	2.6705		1.199     0.2    0.2		4.1705503158		-1.0
	19530.00000000	3.17588		1.18253     0.2    0.2		4.1705503158		-1.0
	19575.00000000	3.08946		1.50311     0.2    0.2		4.1705503158		-1.0
	19620.00000000	3.20549		1.78641     0.2    0.2		4.1705503158		-1.0
	19665.00000000	3.08784		1.85637     0.2    0.2		4.1705503158		-1.0
	19710.00000000	2.88328		1.8079     0.2    0.2		4.1705503158		-1.0
	19755.00000000	3.26067		1.70001     0.2    0.2		4.1705503158		-1.0
	19800.00000000	3.26552		1.89723     0.2    0.2		4.1705503158		-1.0
	19845.00000000	2.67574		1.42203     0.2    0.2		4.1705503158		-1.0
	19890.00000000	2.71855		1.06004     0.2    0.2		4.1705503158		-1.0
	19935.00000000	2.75549		0.81948     0.2    0.2		4.1705503158		-1.0
	19980.00000000	2.66317		1.30159     0.2    0.2		4.1705503158		-1.0
	20025.00000000	2.73925		1.24016     0.2    0.2		4.1705503158		-1.0
	20070.00000000	3.39107		0.95477     0.2    0.2		4.1705503158		-1.0
	20115.00000000	2.7667		0.91201     0.2    0.2		4.1705503158		-1.0
	20160.00000000	2.75059		1.23593     0.2    0.2		4.1705503158		-1.0
	20205.00000000	3.4722		0.93046     0.2    0.2		4.1705503158		-1.0
	20250.00000000	3.21382		0.86348     0.2    0.2		4.1705503158		-1.0
	20295.00000000	3.03522		1.06475     0.2    0.2		4.1705503158		-1.0
	20340.00000000	3.31324		1.22222     0.2    0.2		4.1705503158		-1.0
	20385.00000000	3.12576		1.52192     0.2    0.2		4.1705503158		-1.0
	20430.00000000	3.20085		1.4921     0.2    0.2		4.1705503158		-1.0
	20475.00000000	3.3911		1.55019     0.2    0.2		4.1705503158		-1.0
	20520.00000000	3.32883		1.40968     0.2    0.2		4.1705503158		-1.0
	20565.00000000	3.06255		0.93509     0.2    0.2		4.1705503158		-1.0
	20610.00000000	3.17395		1.02084     0.2    0.2		4.1705503158		-1.0
	20655.00000000	3.30023		0.74327     0.2    0.2		4.1705503158		-1.0
	20700.00000000	3.30738		0.72753     0.2    0.2		4.1705503158		-1.0
	20744.99999999	3.21137		0.43973     0.2    0.2		4.1705503158		-1.0
	20789.99999999	3.3865		0.46389     0.2    0.2		4.1705503158		-1.0
	20834.99999999	3.39866		0.04542     0.2    0.2		4.1705503158		-1.0
	20879.99999999	3.29366		-0.34805     0.2    0.2		4.1705503158		-1.0
	20924.99999999	3.1152		-0.34849     0.2    0.2		4.1705503158		-1.0
	20969.99999999	3.37021		-0.40388     0.2    0.2		4.1705503158		-1.0
	21014.99999999	3.3919		-0.19266     0.2    0.2		4.1705503158		-1.0
	21059.99999999	2.96163		-0.06047     0.2    0.2		4.1705503158		-1.0
	21104.99999999	2.70346		0.14041     0.2    0.2		4.1705503158		-1.0
	21149.99999999	2.71237		0.36265     0.2    0.2		4.1705503158		-1.0
	21194.99999999	2.76566		0.41225     0.2    0.2		4.1705503158		-1.0
	21239.99999999	3.39197		0.52166     0.2    0.2		4.1705503158		-1.0
	21284.99999999	3.37376		0.65763     0.2    0.2		4.1705503158		-1.0
	21329.99999999	2.87988		0.61067     0.2    0.2		4.1705503158		-1.0
	21374.99999999	2.78868		1.02762     0.2    0.2		4.1705503158		-1.0
	21419.99999999	2.66634		1.33796     0.2    0.2		4.1705503158		-1.0
	21464.99999999	2.74727		1.95938     0.2    0.2		4.1705503158		-1.0
	21509.99999999	2.67672		2.54176     0.2    0.2		4.1705503158		-1.0
	21554.99999999	2.66954		2.96122     0.2    0.2		4.1705503158		-1.0
	21599.99999999	2.74905		-3.01203     0.2    0.2		4.1705503158		-1.0
	21644.99999999	2.6198		-2.92379     0.2    0.2		4.1705503158		-1.0
	21689.99999999	2.73615		-2.55907     0.2    0.2		4.1705503158		-1.0
	21734.99999999	2.78665		-2.31741     0.2    0.2		4.1705503158		-1.0
	21779.99999999	3.51925		-1.92837     0.2    0.2		4.1705503158		-1.0
	21824.99999999	3.14113		-1.82096     0.2    0.2		4.1705503158		-1.0
	21869.99999999	3.16565		-1.65359     0.2    0.2		4.1705503158		-1.0
	21914.99999999	3.32138		-1.86485     0.2    0.2		4.1705503158		-1.0
	21959.99999999	2.96324		-1.74102     0.2    0.2		4.1705503158		-1.0
	22004.99999999	3.38528		-1.95343     0.2    0.2		4.1705503158		-1.0
	22049.99999999	3.2805		-2.16651     0.2    0.2		4.1705503158		-1.0
	22094.99999999	3.30256		-2.5736     0.2    0.2		4.1705503158		-1.0
	22139.99999999	3.36428		-2.89415     0.2    0.2		4.1705503158		-1.0
	22184.99999999	3.13784		2.6968     0.2    0.2		4.1705503158		-1.0
	22229.99999999	3.23267		2.44882     0.2    0.2		4.1705503158		-1.0
	22274.99999999	3.26684		2.05547     0.2    0.2		4.1705503158		-1.0
	22319.99999999	3.37169		2.57615     0.2    0.2		4.1705503158		-1.0
	22364.99999999	3.25044		2.79084     0.2    0.2		4.1705503158		-1.0
	22409.99999999	3.30852		-2.99052     0.2    0.2		4.1705503158		-1.0
	22454.99999999	3.30949		-2.86524     0.2    0.2		4.1705503158		-1.0
	22499.99999999	3.40829		-2.45429     0.2    0.2		4.1705503158		-1.0
	22544.99999999	3.38594		-2.42914     0.2    0.2		4.1705503158		-1.0
	22589.99999999	3.47269		-2.36173     0.2    0.2		4.1705503158		-1.0
	22634.99999999	2.61386		-2.49489     0.2    0.2		4.1705503158		-1.0
	22679.99999999	3.35043		-2.73583     0.2    0.2		4.1705503158		-1.0
	22529.99999999	3.35173		-2.55391     0.2    0.2		4.1705503158		-1.0
	22574.99999999	3.37599		-2.30931     0.2    0.2		4.1705503158		-1.0
	22619.99999999	2.88468		-2.5579     0.2    0.2		4.1705503158		-1.0
	22664.99999999	3.47502		-2.61588     0.2    0.2		4.1705503158		-1.0
	22709.99999999	2.7613		-2.83707     0.2    0.2		4.1705503158		-1.0
	22754.99999999	2.59488		-3.11848     0.2    0.2		4.1705503158		-1.0
	22799.99999999	2.65685		2.90627     0.2    0.2		4.1705503158		-1.0
	22844.99999999	3.49655		2.5854     0.2    0.2		4.1705503158		-1.0
	22889.99999999	2.73751		2.40075     0.2    0.2		4.1705503158		-1.0
	22934.99999999	2.76179		2.42056     0.2    0.2		4.1705503158		-1.0
	22979.99999999	3.00006		2.43681     0.2    0.2		4.1705503158		-1.0
	23024.99999999	3.07639		2.64319     0.2    0.2		4.1705503158		-1.0
	23069.99999999	3.26485		2.59495     0.2    0.2		4.1705503158		-1.0
	23114.99999999	3.46413		2.8533     0.2    0.2		4.1705503158		-1.0
	23159.99999999	3.45787		3.09327     0.2    0.2		4.1705503158		-1.0
	23204.99999999	3.28985		-3.05561     0.2    0.2		4.1705503158		-1.0
	23249.99999999	3.39113		2.95045     0.2    0.2		4.1705503158		-1.0
	23294.99999999	3.50591		2.89037     0.2    0.2		4.1705503158		-1.0
	23339.99999999	3.46241		2.80071     0.2    0.2		4.1705503158		-1.0
	23384.99999999	3.29469		3.13282     0.2    0.2		4.1705503158		-1.0
	23429.99999999	3.44615		-3.14082     0.2    0.2		4.1705503158		-1.0
	23474.99999999	3.14107		-2.70077     0.2    0.2		4.1705503158		-1.0
	23519.99999999	3.482		-2.70619     0.2    0.2		4.1705503158		-1.0
	23564.99999999	3.14797		-2.42281     0.2    0.2		4.1705503158		-1.0
	23609.99999999	2.56732		-2.51305     0.2    0.2		4.1705503158		-1.0
	23654.99999999	3.37834		-2.50244     0.2    0.2		4.1705503158		-1.0
	23699.99999999	3.50633		-2.9736     0.2    0.2		4.1705503158		-1.0
	23744.99999999	2.90784		3.03307     0.2    0.2		4.1705503158		-1.0
	23789.99999999	2.70139		2.81518     0.2    0.2		4.1705503158		-1.0
	23834.99999999	2.6971		2.66809     0.2    0.2		4.1705503158		-1.0
	23879.99999999	2.79249		2.33842     0.2    0.2		4.1705503158		-1.0
	23924.99999999	3.13757		2.31625     0.2    0.2		4.1705503158		-1.0
	23969.99999999	2.67573		2.17245     0.2    0.2		4.1705503158		-1.0
	24014.99999999	2.68251		1.8733     0.2    0.2		4.1705503158		-1.0
	24059.99999999	2.65647		1.75346     0.2    0.2		4.1705503158		-1.0
	24104.99999999	2.61929		1.71114     0.2    0.2		4.1705503158		-1.0
	24149.99999999	2.73924		1.69962     0.2    0.2		4.1705503158		-1.0
	24194.99999999	2.66924		1.91068     0.2    0.2		4.1705503158		-1.0
	24239.99999999	2.70207		2.06038     0.2    0.2		4.1705503158		-1.0
	24284.99999999	2.85427		2.49446     0.2    0.2		4.1705503158		-1.0
	24329.99999999	3.22352		2.75026     0.2    0.2		4.1705503158		-1.0
	24374.99999999	3.0502		3.0299     0.2    0.2		4.1705503158		-1.0
	24419.99999999	3.37653		-3.06171     0.2    0.2		4.1705503158		-1.0
	24464.99999999	2.72602		-2.88625     0.2    0.2		4.1705503158		-1.0
	24509.99999999	2.67712		-2.99295     0.2    0.2		4.1705503158		-1.0
	24554.99999999	2.63351		-3.01357     0.2    0.2		4.1705503158		-1.0
	24599.99999999	2.69859		-2.54206     0.2    0.2		4.1705503158		-1.0
	24644.99999999	2.68284		-2.19492     0.2    0.2		4.1705503158		-1.0
	24689.99999999	2.64221		-2.07344     0.2    0.2		4.1705503158		-1.0
	24734.99999999	2.64282		-1.88711     0.2    0.2		4.1705503158		-1.0
	24779.99999999	2.69035		-2.00937     0.2    0.2		4.1705503158		-1.0
	24824.99999999	2.70459		-2.40753     0.2    0.2		4.1705503158		-1.0
	24869.99999999	3.27071		-2.67254     0.2    0.2		4.1705503158		-1.0
	24914.99999999	3.43372		2.8566     0.2    0.2		4.1705503158		-1.0
	24959.99999999	3.27113		2.08863     0.2    0.2		4.1705503158		-1.0
	25004.99999999	3.33233		1.876     0.2    0.2		4.1705503158		-1.0
	25049.99999999	3.38004		1.42045     0.2    0.2		4.1705503158		-1.0
	25094.99999999	3.43597		0.99283     0.2    0.2		4.1705503158		-1.0
	25139.99999999	2.91908		0.51268     0.2    0.2		4.1705503158		-1.0
	25184.99999999	3.01778		0.33839     0.2    0.2		4.1705503158		-1.0
	25229.99999999	3.16374		0.06396     0.2    0.2		4.1705503158		-1.0
	25274.99999999	3.38294		-0.14158     0.2    0.2		4.1705503158		-1.0
	25319.99999999	3.46661		0.10218     0.2    0.2		4.1705503158		-1.0
	25364.99999999	2.76746		-0.08208     0.2    0.2		4.1705503158		-1.0
	25409.99999999	3.12302		-0.44902     0.2    0.2		4.1705503158		-1.0
	25454.99999999	3.17771		-0.40926     0.2    0.2		4.1705503158		-1.0
	25499.99999999	3.15065		-0.77723     0.2    0.2		4.1705503158		-1.0
	25544.99999999	2.63072		-0.844     0.2    0.2		4.1705503158		-1.0
	25589.99999999	2.66739		-0.96827     0.2    0.2		4.1705503158		-1.0
	25634.99999999	2.77148		-1.20828     0.2    0.2		4.1705503158		-1.0
	25679.99999999	2.66803		-1.15158     0.2    0.2		4.1705503158		-1.0
	25724.99999999	2.68685		-1.52273     0.2    0.2		4.1705503158		-1.0
	25769.99999999	2.6827		-1.29805     0.2    0.2		4.1705503158		-1.0
	25814.99999999	2.671		-0.96502     0.2    0.2		4.1705503158		-1.0
	25859.99999999	2.65393		-0.44603     0.2    0.2		4.1705503158		-1.0
	25904.99999999	2.67897		-0.13535     0.2    0.2		4.1705503158		-1.0
	25949.99999999	2.63269		0.24945     0.2    0.2		4.1705503158		-1.0
	25994.99999999	2.6144		0.51943     0.2    0.2		4.1705503158		-1.0
	26039.99999999	2.66622		0.79234     0.2    0.2		4.1705503158		-1.0
	26084.99999999	2.66138		1.17554     0.2    0.2		4.1705503158		-1.0
	26129.99999999	2.65295		1.34237     0.2    0.2		4.1705503158		-1.0
	26174.99999999	2.70366		1.644     0.2    0.2		4.1705503158		-1.0
	26219.99999999	2.79597		1.6477     0.2    0.2		4.1705503158		-1.0
	26264.99999999	3.58899		1.93638     0.2    0.2		4.1705503158		-1.0
	26309.99999999	3.23274		1.62409     0.2    0.2		4.1705503158		-1.0
	26354.99999999	3.10521		1.84257     0.2    0.2		4.1705503158		-1.0
	26399.99999999	3.50511		1.35471     0.2    0.2		4.1705503158		-1.0
	26444.99999999	3.05088		1.71167     0.2    0.2		4.1705503158		-1.0
	26489.99999999	3.40382		1.1855     0.2    0.2		4.1705503158		-1.0
	26534.99999999	2.6655		1.52763     0.2    0.2		4.1705503158		-1.0
	26579.99999999	2.79256		1.16471     0.2    0.2		4.1705503158		-1.0
	26624.99999999	2.6407		1.46675     0.2    0.2		4.1705503158		-1.0
	26669.99999999	2.64433		1.28405     0.2    0.2		4.1705503158		-1.0
	26714.99999999	2.58778		1.66949     0.2    0.2		4.1705503158		-1.0
	26759.99999999	2.69843		1.67251     0.2    0.2		4.1705503158		-1.0
	26804.99999999	2.67077		2.00407     0.2    0.2		4.1705503158		-1.0
	26849.99999999	3.0411		2.21905     0.2    0.2		4.1705503158		-1.0
	26894.99999999	2.90724		2.37418     0.2    0.2		4.1705503158		-1.0
	26939.99999999	3.49191		2.38529     0.2    0.2		4.1705503158		-1.0
	26984.99999999	3.1896		2.40769     0.2    0.2		4.1705503158		-1.0
	27029.99999999	2.86619		2.29681     0.2    0.2		4.1705503158		-1.0
	27074.99999999	3.16312		2.2782     0.2    0.2		4.1705503158		-1.0
	27119.99999999	3.25694		2.19554     0.2    0.2		4.1705503158		-1.0
	27164.99999999	3.44133		2.50247     0.2    0.2		4.1705503158		-1.0
	27209.99999999	3.32247		2.71731     0.2    0.2		4.1705503158		-1.0
	27254.99999998	3.16969		-2.9438     0.2    0.2		4.1705503158		-1.0
	27299.99999998	2.95051		-2.55386     0.2    0.2		4.1705503158		-1.0
	27344.99999998	3.102		-2.64673     0.2    0.2		4.1705503158		-1.0
	27389.99999998	3.07359		-2.12505     0.2    0.2		4.1705503158		-1.0
	27434.99999998	3.49947		-2.1565     0.2    0.2		4.1705503158		-1.0
	27479.99999998	3.18024		-2.01087     0.2    0.2		4.1705503158		-1.0
	27524.99999998	3.43637		-1.72609     0.2    0.2		4.1705503158		-1.0
	27569.99999998	2.68672		-1.6552     0.2    0.2		4.1705503158		-1.0
	27614.99999998	2.59674		-1.03264     0.2    0.2		4.1705503158		-1.0
	27659.99999998	2.75731		-0.93259     0.2    0.2		4.1705503158		-1.0
	27704.99999998	2.56807		-0.82981     0.2    0.2		4.1705503158		-1.0
	27749.99999998	2.60903		-0.81272     0.2    0.2		4.1705503158		-1.0
	27794.99999998	2.87748		-0.49526     0.2    0.2		4.1705503158		-1.0
	27839.99999998	3.45574		-0.06039     0.2    0.2		4.1705503158		-1.0
	27884.99999998	3.4485		0.44473     0.2    0.2		4.1705503158		-1.0
	27929.99999998	3.31089		0.13958     0.2    0.2		4.1705503158		-1.0
	27974.99999998	3.60204		0.35529     0.2    0.2		4.1705503158		-1.0
	28019.99999998	3.60617		0.41061     0.2    0.2		4.1705503158		-1.0
	28064.99999998	2.81954		0.27716     0.2    0.2		4.1705503158		-1.0
	28109.99999998	3.55297		0.58285     0.2    0.2		4.1705503158		-1.0
	28154.99999998	2.70641		0.55015     0.2    0.2		4.1705503158		-1.0
	28199.99999998	3.13092		0.53703     0.2    0.2		4.1705503158		-1.0
	28244.99999998	3.71564		0.68814     0.2    0.2		4.1705503158		-1.0
	28289.99999998	3.60018		0.89717     0.2    0.2		4.1705503158		-1.0
	28334.99999998	3.42654		0.76213     0.2    0.2		4.1705503158		-1.0
	28379.99999998	3.4505		1.0277     0.2    0.2		4.1705503158		-1.0
	28424.99999998	3.61824		1.45797     0.2    0.2		4.1705503158		-1.0
	28469.99999998	2.98137		1.1515     0.2    0.2		4.1705503158		-1.0
	28514.99999998	3.72975		1.32805     0.2    0.2		4.1705503158		-1.0
	28559.99999998	2.92351		1.20969     0.2    0.2		4.1705503158		-1.0
	28604.99999998	3.04697		1.30206     0.2    0.2		4.1705503158		-1.0
	28649.99999998	2.95255		1.02218     0.2    0.2		4.1705503158		-1.0
	28694.99999998	2.76821		1.30877     0.2    0.2		4.1705503158		-1.0
	28739.99999998	3.02781		1.06507     0.2    0.2		4.1705503158		-1.0
	28784.99999998	2.65648		0.81393     0.2    0.2		4.1705503158		-1.0
	28829.99999998	3.29303		0.67074     0.2    0.2		4.1705503158		-1.0
	28874.99999998	2.91011		0.61008     0.2    0.2		4.1705503158		-1.0
	28919.99999998	2.80039		0.54585     0.2    0.2		4.1705503158		-1.0
	28964.99999998	2.80212		0.03811     0.2    0.2		4.1705503158		-1.0
	29009.99999998	2.66957		0.5346     0.2    0.2		4.1705503158		-1.0
	29054.99999998	2.67623		0.7642     0.2    0.2		4.1705503158		-1.0
	29099.99999998	2.75161		0.97784     0.2    0.2		4.1705503158		-1.0
	29144.99999998	2.68518		1.0668     0.2    0.2		4.1705503158		-1.0
	29189.99999998	2.55901		1.07987     0.2    0.2		4.1705503158		-1.0
	29234.99999998	3.454		0.91797     0.2    0.2		4.1705503158		-1.0
	29279.99999998	3.21147		0.76616     0.2    0.2		4.1705503158		-1.0
	29324.99999998	3.03199		0.9346     0.2    0.2		4.1705503158		-1.0
	29369.99999998	3.74788		1.36642     0.2    0.2		4.1705503158		-1.0
	29414.99999998	3.72136		1.37492     0.2    0.2		4.1705503158		-1.0
	29459.99999998	3.01225		1.84422     0.2    0.2		4.1705503158		-1.0
	29504.99999998	3.27895		1.71955     0.2    0.2		4.1705503158		-1.0
	29549.99999998	3.612		2.08657     0.2    0.2		4.1705503158		-1.0
	29594.99999998	3.2752		2.1091     0.2    0.2		4.1705503158		-1.0
	29639.99999998	2.92872		2.3751     0.2    0.2		4.1705503158		-1.0
	29684.99999998	2.67349		2.8318     0.2    0.2		4.1705503158		-1.0
	29729.99999998	2.71887		2.90623     0.2    0.2		4.1705503158		-1.0
	29774.99999998	2.63552		2.91153     0.2    0.2		4.1705503158		-1.0
	29819.99999998	2.69886		2.70135     0.2    0.2		4.1705503158		-1.0
	29864.99999998	2.7162		2.21699     0.2    0.2		4.1705503158		-1.0
	29909.99999998	3.33131		2.21442     0.2    0.2		4.1705503158		-1.0
	29954.99999998	3.20766		2.32612     0.2    0.2		4.1705503158		-1.0
	29999.99999998	3.09593		2.53067     0.2    0.2		4.1705503158		-1.0
	30044.99999998	3.55948		2.82933     0.2    0.2		4.1705503158		-1.0
	30089.99999998	2.9937		3.11714     0.2    0.2		4.1705503158		-1.0
	30134.99999998	3.7023		-2.93147     0.2    0.2		4.1705503158		-1.0
	30179.99999998	2.77043		-2.73523     0.2    0.2		4.1705503158		-1.0
	30224.99999998	3.59739		-2.7419     0.2    0.2		4.1705503158		-1.0
	30269.99999998	3.04418		-2.47859     0.2    0.2		4.1705503158		-1.0
	30314.99999998	2.65005		-2.56712     0.2    0.2		4.1705503158		-1.0
	30359.99999998	2.66865		-2.3237     0.2    0.2		4.1705503158		-1.0
	30404.99999998	2.65039		-2.06657     0.2    0.2		4.1705503158		-1.0
	30449.99999998	2.64243		-1.61096     0.2    0.2		4.1705503158		-1.0
	30494.99999998	2.58178		-1.45456     0.2    0.2		4.1705503158		-1.0
	30539.99999998	2.67734		-1.23679     0.2    0.2		4.1705503158		-1.0
	30584.99999998	2.73056		-1.66419     0.2    0.2		4.1705503158		-1.0
	30629.99999998	3.1269		-1.67941     0.2    0.2		4.1705503158		-1.0
	30674.99999998	2.71034		-2.0128     0.2    0.2		4.1705503158		-1.0
	30719.99999998	3.59492		-2.32269     0.2    0.2		4.1705503158		-1.0
	30764.99999998	3.38688		-2.41808     0.2    0.2		4.1705503158		-1.0
	30809.99999998	3.04641		-2.77589     0.2    0.2		4.1705503158		-1.0
	30854.99999998	3.40124		-2.65591     0.2    0.2		4.1705503158		-1.0
	30899.99999998	2.80037		-2.63531     0.2    0.2		4.1705503158		-1.0
	30944.99999998	3.45305		-2.91108     0.2    0.2		4.1705503158		-1.0
	30989.99999998	3.48063		3.08014     0.2    0.2		4.1705503158		-1.0
	31034.99999998	2.82756		2.81649     0.2    0.2		4.1705503158		-1.0
	31079.99999998	2.59431		2.7805     0.2    0.2		4.1705503158		-1.0
	31124.99999998	2.66239		2.68115     0.2    0.2		4.1705503158		-1.0
	31169.99999998	2.67946		2.24543     0.2    0.2		4.1705503158		-1.0
	31214.99999998	2.78091		1.81151     0.2    0.2		4.1705503158		-1.0
	31259.99999998	2.70477		1.74989     0.2    0.2		4.1705503158		-1.0
	31304.99999998	2.64878		1.35495     0.2    0.2		4.1705503158		-1.0
	31349.99999998	3.28325		1.25336     0.2    0.2		4.1705503158		-1.0
	31394.99999998	3.2459		1.0542     0.2    0.2		4.1705503158		-1.0
	31439.99999998	3.38208		1.05331     0.2    0.2		4.1705503158		-1.0
	31484.99999998	3.33896		1.26461     0.2    0.2		4.1705503158		-1.0
	31529.99999998	3.20636		1.57119     0.2    0.2		4.1705503158		-1.0
	31574.99999998	3.55478		1.83603     0.2    0.2		4.1705503158		-1.0
	31619.99999998	3.44096		2.0867     0.2    0.2		4.1705503158		-1.0
	31664.99999998	3.34375		2.0734     0.2    0.2		4.1705503158		-1.0
	31709.99999998	3.58332		2.17079     0.2    0.2		4.1705503158		-1.0
	31754.99999998	2.99135		2.22569     0.2    0.2		4.1705503158		-1.0
	31799.99999998	3.38872		2.6563     0.2    0.2		4.1705503158		-1.0
	31844.99999998	3.43906		2.7222     0.2    0.2		4.1705503158		-1.0
	31889.99999998	3.82664		3.04252     0.2    0.2		4.1705503158		-1.0
	31934.99999998	2.75708		2.98797     0.2    0.2		4.1705503158		-1.0
	31979.99999998	2.70382		-3.06174     0.2    0.2		4.1705503158		-1.0
	32024.99999998	2.56323		3.11186     0.2    0.2		4.1705503158		-1.0
	32069.99999998	3.43676		-2.93976     0.2    0.2		4.1705503158		-1.0
	32114.99999998	3.28671		-3.09086     0.2    0.2		4.1705503158		-1.0
	32159.99999998	2.85966		-2.73441     0.2    0.2		4.1705503158		-1.0
	32204.99999998	3.34179		-2.78661     0.2    0.2		4.1705503158		-1.0
	32249.99999998	3.13396		-2.74626     0.2    0.2		4.1705503158		-1.0
	32294.99999998	2.79715		-2.69811     0.2    0.2		4.1705503158		-1.0
	32339.99999998	3.88963		-2.89857     0.2    0.2		4.1705503158		-1.0
	32384.99999998	5.51582		3.07229     0.2    0.2		4.1705503158		-1.0
	32429.99999998	7.40088		-3.12552     0.2    0.2		4.1705503158		-1.0
	32474.99999998	8.7217		-2.95883     0.2    0.2		4.1705503158		-1.0
	32519.99999998	8.82813		-2.42209     0.2    0.2		4.1705503158		-1.0
	32564.99999998	8.15666		-2.09827     0.2    0.2		4.1705503158		-1.0
	32609.99999998	6.83494		-1.81865     0.2    0.2		4.1705503158		-1.0
	32654.99999998	5.47528		-1.80452     0.2    0.2		4.1705503158		-1.0
	32699.99999998	4.7872		-1.81743     0.2    0.2		4.1705503158		-1.0
	32744.99999998	6.1687		-1.51801     0.2    0.2		4.1705503158		-1.0
	32789.99999998	7.43551		-1.44325     0.2    0.2		4.1705503158		-1.0
	32834.99999998	7.49925		-1.76791     0.2    0.2		4.1705503158		-1.0
	32879.99999998	7.01897		-2.05132     0.2    0.2		4.1705503158		-1.0
	32924.99999998	6.87204		-1.98838     0.2    0.2		4.1705503158		-1.0
	32969.99999998	7.55612		-2.34867     0.2    0.2		4.1705503158		-1.0
	33014.99999998	7.65905		-2.59751     0.2    0.2		4.1705503158		-1.0
	33059.99999998	7.12326		-2.97043     0.2    0.2		4.1705503158		-1.0
	33104.99999998	6.75669		-1.18931     0.2    0.2		4.1705503158		-1.0
	33149.99999998	6.96402		-0.358     0.2    0.2		4.1705503158		-1.0
	33194.99999998	7.93415		-0.79715     0.2    0.2		4.1705503158		-1.0
	33239.99999998	9.14171		-1.25296     0.2    0.2		4.1705503158		-1.0
	33284.99999998	9.54181		-1.79911     0.2    0.2		4.1705503158		-1.0
	33329.99999998	8.68089		-1.96293     0.2    0.2		4.1705503158		-1.0
	33374.99999998	7.81733		-2.04535     0.2    0.2		4.1705503158		-1.0
	33419.99999998	6.98868		-1.95017     0.2    0.2		4.1705503158		-1.0
	33464.99999998	5.84937		-2.04044     0.2    0.2		4.1705503158		-1.0
	33509.99999998	5.42087		-1.94916     0.2    0.2		4.1705503158		-1.0
	33554.99999998	6.24892		-1.80973     0.2    0.2		4.1705503158		-1.0
	33599.99999998	7.39446		-1.81093     0.2    0.2		4.1705503158		-1.0
	33644.99999998	8.37425		-1.92844     0.2    0.2		4.1705503158		-1.0
	33689.99999998	8.48991		-2.00017     0.2    0.2		4.1705503158		-1.0
	33734.99999997	7.91442		-1.93397     0.2    0.2		4.1705503158		-1.0
	33779.99999997	8.05068		-2.26224     0.2    0.2		4.1705503158		-1.0
	33824.99999997	8.38212		-2.3408     0.2    0.2		4.1705503158		-1.0
	33869.99999997	8.87785		-2.53742     0.2    0.2		4.1705503158		-1.0
	33914.99999997	9.26434		-2.28493     0.2    0.2		4.1705503158		-1.0
	33959.99999997	9.569		-2.1043     0.2    0.2		4.1705503158		-1.0
	34004.99999997	9.8309		-1.72785     0.2    0.2		4.1705503158		-1.0
	34049.99999997	9.78095		-1.41272     0.2    0.2		4.1705503158		-1.0
	34094.99999997	9.29729		-1.17985     0.2    0.2		4.1705503158		-1.0
	34139.99999997	8.88823		-0.75141     0.2    0.2		4.1705503158		-1.0
	34184.99999997	7.91038		-0.42155     0.2    0.2		4.1705503158		-1.0
	34229.99999997	8.47647		0.03457     0.2    0.2		4.1705503158		-1.0
	34274.99999997	8.88084		0.04327     0.2    0.2		4.1705503158		-1.0
	34319.99999997	9.45175		0.46212     0.2    0.2		4.1705503158		-1.0
	34364.99999997	9.61604		0.34694     0.2    0.2		4.1705503158		-1.0
	34409.99999997	10.69249		0.4814     0.2    0.2		4.1705503158		-1.0
	34454.99999997	11.38509		0.02639     0.2    0.2		4.1705503158		-1.0
	34499.99999997	11.90796		-0.12728     0.2    0.2		4.1705503158		-1.0
	34544.99999997	11.90634		0.38598     0.2    0.2		4.1705503158		-1.0
	34589.99999997	12.48984		0.95976     0.2    0.2		4.1705503158		-1.0
	34634.99999997	12.34015		2.09317     0.2    0.2		4.1705503158		-1.0
	34679.99999997	11.86161		2.47656     0.2    0.2		4.1705503158		-1.0
	34724.99999997	10.73869		2.39553     0.2    0.2		4.1705503158		-1.0
	34769.99999997	9.77621		1.89943     0.2    0.2		4.1705503158		-1.0
	34814.99999997	9.29516		1.73048     0.2    0.2		4.1705503158		-1.0
	34859.99999997	8.22437		1.56096     0.2    0.2		4.1705503158		-1.0
	34904.99999997	7.15135		1.80586     0.2    0.2		4.1705503158		-1.0
	34949.99999997	6.25202		1.95647     0.2    0.2		4.1705503158		-1.0
	34994.99999997	5.68279		1.96647     0.2    0.2		4.1705503158		-1.0
	35039.99999997	6.68759		1.77231     0.2    0.2		4.1705503158		-1.0
	35084.99999997	7.55939		1.86871     0.2    0.2		4.1705503158		-1.0
	35129.99999997	7.96433		1.94819     0.2    0.2		4.1705503158		-1.0
	35174.99999997	7.47633		2.17422     0.2    0.2		4.1705503158		-1.0
	35219.99999997	7.2093		2.09074     0.2    0.2		4.1705503158		-1.0
	35264.99999997	7.25136		1.66825     0.2    0.2		4.1705503158		-1.0
	35309.99999997	8.0733		0.96769     0.2    0.2		4.1705503158		-1.0
	35354.99999997	9.34521		0.55677     0.2    0.2		4.1705503158		-1.0
	35399.99999997	9.91604		0.60602     0.2    0.2		4.1705503158		-1.0
	35444.99999997	9.50611		0.91579     0.2    0.2		4.1705503158		-1.0
	35489.99999997	8.89225		1.15432     0.2    0.2		4.1705503158		-1.0
	35534.99999997	8.18462		1.1105     0.2    0.2		4.1705503158		-1.0
	35579.99999997	7.85076		0.68231     0.2    0.2		4.1705503158		-1.0
	35624.99999997	9.08114		1.1155     0.2    0.2		4.1705503158		-1.0
	35669.99999997	10.5391		1.57498     0.2    0.2		4.1705503158		-1.0
	35714.99999997	11.64407		1.63502     0.2    0.2		4.1705503158		-1.0
	35759.99999997	12.7124		1.64851     0.2    0.2		4.1705503158		-1.0
	35804.99999997	13.98813		1.72088     0.2    0.2		4.1705503158		-1.0
	35849.99999997	14.83705		1.97036     0.2    0.2		4.1705503158		-1.0
	35894.99999997	14.85107		1.99557     0.2    0.2		4.1705503158		-1.0
	35939.99999997	13.92664		2.15307     0.2    0.2		4.1705503158		-1.0
	35984.99999997	13.01934		2.05356     0.2    0.2		4.1705503158		-1.0
	36029.99999997	12.17622		2.09786     0.2    0.2		4.1705503158		-1.0
	36074.99999997	11.17884		1.92761     0.2    0.2		4.1705503158		-1.0
	36119.99999997	10.36535		2.07979     0.2    0.2		4.1705503158		-1.0
	36164.99999997	9.05799		1.93654     0.2    0.2		4.1705503158		-1.0
	36209.99999997	8.06991		2.06609     0.2    0.2		4.1705503158		-1.0
	36254.99999997	7.57159		2.55928     0.2    0.2		4.1705503158		-1.0
	36299.99999997	7.69867		3.13972     0.2    0.2		4.1705503158		-1.0
	36344.99999997	7.65326		-2.98125     0.2    0.2		4.1705503158		-1.0
	36389.99999997	6.53724		-2.9645     0.2    0.2		4.1705503158		-1.0
	36434.99999997	5.27697		-2.7039     0.2    0.2		4.1705503158		-1.0
	36479.99999997	6.0368		-2.46589     0.2    0.2		4.1705503158		-1.0
	36524.99999997	7.37005		-2.4152     0.2    0.2		4.1705503158		-1.0
	36569.99999997	7.07099		-2.14072     0.2    0.2		4.1705503158		-1.0
	36614.99999997	6.61023		-2.50333     0.2    0.2		4.1705503158		-1.0
	36659.99999997	7.1861		-2.50412     0.2    0.2		4.1705503158		-1.0
	36704.99999997	7.75143		-2.4921     0.2    0.2		4.1705503158		-1.0
	36749.99999997	8.11554		-2.07382     0.2    0.2		4.1705503158		-1.0
	36794.99999997	7.89763		-2.28145     0.2    0.2		4.1705503158		-1.0
	36839.99999997	7.29463		-2.37877     0.2    0.2		4.1705503158		-1.0
	36884.99999997	6.2743		-2.72511     0.2    0.2		4.1705503158		-1.0
	36929.99999997	5.9472		-2.74995     0.2    0.2		4.1705503158		-1.0
	36974.99999997	5.42948		-2.5788     0.2    0.2		4.1705503158		-1.0
	37019.99999997	6.5491		-2.60594     0.2    0.2		4.1705503158		-1.0
	37064.99999997	7.64701		-2.24799     0.2    0.2		4.1705503158		-1.0
	37109.99999997	7.62309		-2.09561     0.2    0.2		4.1705503158		-1.0
	37154.99999997	6.20617		-2.15007     0.2    0.2		4.1705503158		-1.0
	37199.99999997	5.9527		-2.52307     0.2    0.2		4.1705503158		-1.0
	37244.99999997	6.67062		-2.26828     0.2    0.2		4.1705503158		-1.0
	37289.99999997	7.39914		-2.50061     0.2    0.2		4.1705503158		-1.0
	37334.99999997	6.94106		-2.48663     0.2    0.2		4.1705503158		-1.0
	37379.99999997	6.2124		-2.72174     0.2    0.2		4.1705503158		-1.0
	37424.99999997	6.98165		-2.79874     0.2    0.2		4.1705503158		-1.0
	37469.99999997	8.58963		-2.76389     0.2    0.2		4.1705503158		-1.0
	37514.99999997	9.95744		-2.97216     0.2    0.2		4.1705503158		-1.0
	37559.99999997	10.2799		-2.73821     0.2    0.2		4.1705503158		-1.0
	37604.99999997	10.43155		-2.83103     0.2    0.2		4.1705503158		-1.0
	37649.99999997	11.16998		-2.89099     0.2    0.2		4.1705503158		-1.0
	37694.99999997	11.85009		3.13984     0.2    0.2		4.1705503158		-1.0
	37739.99999997	12.21703		-2.92115     0.2    0.2		4.1705503158		-1.0
	37784.99999997	12.37177		-2.71037     0.2    0.2		4.1705503158		-1.0
	37829.99999997	12.6412		-2.34334     0.2    0.2		4.1705503158		-1.0
	37874.99999997	12.48607		-2.02891     0.2    0.2		4.1705503158		-1.0
	37919.99999997	12.4645		-1.35677     0.2    0.2		4.1705503158		-1.0
	37964.99999997	11.42364		-1.09759     0.2    0.2		4.1705503158		-1.0
	38009.99999997	10.81273		-0.48283     0.2    0.2		4.1705503158		-1.0
	38054.99999997	10.10098		-0.55108     0.2    0.2		4.1705503158		-1.0
	38099.99999997	9.45664		-0.22702     0.2    0.2		4.1705503158		-1.0
	38144.99999997	8.93537		-0.4861     0.2    0.2		4.1705503158		-1.0
	38189.99999997	8.90932		-0.32189     0.2    0.2		4.1705503158		-1.0
	38234.99999997	9.45857		-0.10204     0.2    0.2		4.1705503158		-1.0
	38279.99999997	10.40277		0.4776     0.2    0.2		4.1705503158		-1.0
	38324.99999997	10.96123		1.42435     0.2    0.2		4.1705503158		-1.0
	38369.99999997	11.06586		1.91564     0.2    0.2		4.1705503158		-1.0
	38414.99999997	11.75046		2.04156     0.2    0.2		4.1705503158		-1.0
	38459.99999997	12.89108		2.1915     0.2    0.2		4.1705503158		-1.0
	38504.99999997	13.98354		1.9099     0.2    0.2		4.1705503158		-1.0
	38549.99999997	13.96689		1.65502     0.2    0.2		4.1705503158		-1.0
	38594.99999997	13.47745		0.83227     0.2    0.2		4.1705503158		-1.0
	38639.99999997	12.32122		0.60116     0.2    0.2		4.1705503158		-1.0
	38684.99999997	11.05394		1.00547     0.2    0.2		4.1705503158		-1.0
	38729.99999997	10.1907		0.9769     0.2    0.2		4.1705503158		-1.0
	38774.99999997	9.15989		0.78119     0.2    0.2		4.1705503158		-1.0
	38819.99999997	8.90986		0.66603     0.2    0.2		4.1705503158		-1.0
	38864.99999997	8.94618		0.38125     0.2    0.2		4.1705503158		-1.0
	38909.99999997	8.65538		0.20368     0.2    0.2		4.1705503158		-1.0
	38954.99999997	8.01063		-0.06756     0.2    0.2		4.1705503158		-1.0
	38999.99999997	6.94848		-0.13364     0.2    0.2		4.1705503158		-1.0
	39044.99999997	6.97134		-0.5116     0.2    0.2		4.1705503158		-1.0
	39089.99999997	7.11084		-0.63126     0.2    0.2		4.1705503158		-1.0
	39134.99999997	7.74698		-0.87195     0.2    0.2		4.1705503158		-1.0
	39179.99999997	8.07611		-0.68095     0.2    0.2		4.1705503158		-1.0
	39224.99999997	8.54259		-0.41727     0.2    0.2		4.1705503158		-1.0
	39269.99999997	8.29917		-0.29948     0.2    0.2		4.1705503158		-1.0
	39314.99999997	8.51017		-0.50797     0.2    0.2		4.1705503158		-1.0
	39359.99999997	8.14693		-1.12118     0.2    0.2		4.1705503158		-1.0
	39404.99999997	7.76488		-1.84099     0.2    0.2		4.1705503158		-1.0
	39449.99999997	6.33137		-2.1537     0.2    0.2		4.1705503158		-1.0
	39494.99999997	6.38294		-2.29558     0.2    0.2		4.1705503158		-1.0
	39539.99999997	7.71335		-2.21971     0.2    0.2		4.1705503158		-1.0
	39584.99999997	9.14561		-2.11651     0.2    0.2		4.1705503158		-1.0
	39629.99999997	8.77576		-2.22245     0.2    0.2		4.1705503158		-1.0
	39674.99999997	8.59952		-2.12524     0.2    0.2		4.1705503158		-1.0
	39719.99999997	8.223		-1.91089     0.2    0.2		4.1705503158		-1.0
	39764.99999997	8.32093		-1.46452     0.2    0.2		4.1705503158		-1.0
	39809.99999997	8.37988		-1.21072     0.2    0.2		4.1705503158		-1.0
	39854.99999997	9.30184		-0.97484     0.2    0.2		4.1705503158		-1.0
	39899.99999997	9.64536		-0.762     0.2    0.2		4.1705503158		-1.0
	39944.99999997	10.56198		-0.7442     0.2    0.2		4.1705503158		-1.0
	39989.99999997	10.51484		-0.94005     0.2    0.2		4.1705503158		-1.0
	40034.99999997	10.05487		-1.58992     0.2    0.2		4.1705503158		-1.0
	40079.99999997	8.8182		-1.69955     0.2    0.2		4.1705503158		-1.0
	40124.99999997	7.51739		-1.8249     0.2    0.2		4.1705503158		-1.0
	40169.99999997	6.82761		-0.9881     0.2    0.2		4.1705503158		-1.0
	40214.99999997	7.22771		-0.45913     0.2    0.2		4.1705503158		-1.0
	40259.99999996	8.21775		0.25965     0.2    0.2		4.1705503158		-1.0
	40304.99999996	9.21374		0.60969     0.2    0.2		4.1705503158		-1.0
	40349.99999996	9.40752		0.79766     0.2    0.2		4.1705503158		-1.0
	40394.99999996	8.23426		0.53331     0.2    0.2		4.1705503158		-1.0
	40439.99999996	7.41864		0.47215     0.2    0.2		4.1705503158		-1.0
	40484.99999996	7.98329		0.05563     0.2    0.2		4.1705503158		-1.0
	40529.99999996	8.8679		0.45934     0.2    0.2		4.1705503158		-1.0
	40574.99999996	8.66089		0.40698     0.2    0.2		4.1705503158		-1.0
	40619.99999996	7.69868		0.52479     0.2    0.2		4.1705503158		-1.0
	40664.99999996	6.45292		0.62641     0.2    0.2		4.1705503158		-1.0
	40709.99999996	6.08065		0.90149     0.2    0.2		4.1705503158		-1.0
	40754.99999996	5.53603		0.78615     0.2    0.2		4.1705503158		-1.0
	40799.99999996	5.64993		0.31304     0.2    0.2		4.1705503158		-1.0
	40844.99999996	6.86013		0.00466     0.2    0.2		4.1705503158		-1.0
	40889.99999996	7.60037		-0.48366     0.2    0.2		4.1705503158		-1.0
	40934.99999996	7.54481		-0.81745     0.2    0.2		4.1705503158		-1.0
	40979.99999996	6.9024		-1.33     0.2    0.2		4.1705503158		-1.0
	41024.99999996	6.35364		0.13747     0.2    0.2		4.1705503158		-1.0
	41069.99999996	6.0796		-0.79079     0.2    0.2		4.1705503158		-1.0
	41114.99999996	6.06361		-0.82732     0.2    0.2		4.1705503158		-1.0
	41159.99999996	6.04169		-0.53465     0.2    0.2		4.1705503158		-1.0
	41204.99999996	5.85942		-1.83114     0.2    0.2		4.1705503158		-1.0
	41249.99999996	6.29858		-0.96681     0.2    0.2		4.1705503158		-1.0
	41294.99999996	6.62155		-1.28235     0.2    0.2		4.1705503158		-1.0
	41339.99999996	7.44576		-1.31842     0.2    0.2		4.1705503158		-1.0
	41384.99999996	7.75588		-1.47381     0.2    0.2		4.1705503158		-1.0
	41429.99999996	8.1731		-1.40289     0.2    0.2		4.1705503158		-1.0
	41474.99999996	7.8		-0.91529     0.2    0.2		4.1705503158		-1.0
	41519.99999996	6.89411		-0.70976     0.2    0.2		4.1705503158		-1.0
	41564.99999996	6.65325		-0.33335     0.2    0.2		4.1705503158		-1.0
	41609.99999996	6.63767		0.24405     0.2    0.2		4.1705503158		-1.0
	41654.99999996	7.0098		0.66244     0.2    0.2		4.1705503158		-1.0
	41699.99999996	7.14834		1.05956     0.2    0.2		4.1705503158		-1.0
	41744.99999996	7.11715		1.28913     0.2    0.2		4.1705503158		-1.0
	41789.99999996	6.53902		0.99246     0.2    0.2		4.1705503158		-1.0
	41834.99999996	6.23812		1.27991     0.2    0.2		4.1705503158		-1.0
	41879.99999996	6.62616		1.71766     0.2    0.2		4.1705503158		-1.0
	41924.99999996	6.36046		1.89405     0.2    0.2		4.1705503158		-1.0
	41969.99999996	5.5095		1.90878     0.2    0.2		4.1705503158		-1.0
	42014.99999996	5.658		1.88601     0.2    0.2		4.1705503158		-1.0
	42059.99999996	7.64081		2.29868     0.2    0.2		4.1705503158		-1.0
	42104.99999996	9.29084		2.33015     0.2    0.2		4.1705503158		-1.0
	42149.99999996	10.82046		2.20818     0.2    0.2		4.1705503158		-1.0
	42194.99999996	11.15206		2.89405     0.2    0.2		4.1705503158		-1.0
	42239.99999996	11.09909		3.06041     0.2    0.2		4.1705503158		-1.0
	42284.99999996	10.58447		3.0789     0.2    0.2		4.1705503158		-1.0
	42329.99999996	10.29094		2.67832     0.2    0.2		4.1705503158		-1.0
	42374.99999996	9.92492		2.28351     0.2    0.2		4.1705503158		-1.0
	42419.99999996	9.87401		2.20747     0.2    0.2		4.1705503158		-1.0
	42464.99999996	9.63447		2.22289     0.2    0.2		4.1705503158		-1.0
	42509.99999996	8.56383		2.408     0.2    0.2		4.1705503158		-1.0
	42554.99999996	7.25139		2.59763     0.2    0.2		4.1705503158		-1.0
	42599.99999996	7.14213		3.12378     0.2    0.2		4.1705503158		-1.0
	42644.99999996	7.03068		-3.01599     0.2    0.2		4.1705503158		-1.0
	42689.99999996	6.43788		3.02094     0.2    0.2		4.1705503158		-1.0
	42734.99999996	6.49724		2.468     0.2    0.2		4.1705503158		-1.0
	42779.99999996	7.02392		2.35533     0.2    0.2		4.1705503158		-1.0
	42824.99999996	7.20364		2.08222     0.2    0.2		4.1705503158		-1.0
	42869.99999996	6.24991		2.24169     0.2    0.2		4.1705503158		-1.0
	42914.99999996	6.6964		2.6674     0.2    0.2		4.1705503158		-1.0
	42959.99999996	7.89078		2.99847     0.2    0.2		4.1705503158		-1.0
	43004.99999996	8.53911		2.89899     0.2    0.2		4.1705503158		-1.0
	43049.99999996	8.65311		2.20502     0.2    0.2		4.1705503158		-1.0
	43094.99999996	8.32017		1.99548     0.2    0.2		4.1705503158		-1.0
	43139.99999996	8.38372		1.53998     0.2    0.2		4.1705503158		-1.0
	43184.99999996	9.08469		1.59867     0.2    0.2		4.1705503158		-1.0
	43229.99999996	9.82933		1.38363     0.2    0.2		4.1705503158		-1.0
	43274.99999996	10.53423		1.30817     0.2    0.2		4.1705503158		-1.0
	43319.99999996	10.8037		1.00179     0.2    0.2		4.1705503158		-1.0
	43364.99999996	11.68307		0.79346     0.2    0.2		4.1705503158		-1.0
	43409.99999996	12.31945		0.08922     0.2    0.2		4.1705503158		-1.0
	43454.99999996	12.98569		-1.30395     0.2    0.2		4.1705503158		-1.0
	43499.99999996	13.13622		-1.94791     0.2    0.2		4.1705503158		-1.0
	43544.99999996	13.78863		-2.35336     0.2    0.2		4.1705503158		-1.0
	43589.99999996	14.0252		2.45021     0.2    0.2		4.1705503158		-1.0
	43634.99999996	14.33405		2.93849     0.2    0.2		4.1705503158		-1.0
	43679.99999996	14.06859		2.50406     0.2    0.2		4.1705503158		-1.0
	43724.99999996	13.93341		2.4957     0.2    0.2		4.1705503158		-1.0
	43769.99999996	13.76766		-2.94363     0.2    0.2		4.1705503158		-1.0
	43814.99999996	14.07878		-2.55759     0.2    0.2		4.1705503158		-1.0
	43859.99999996	14.15636		-1.92047     0.2    0.2		4.1705503158		-1.0
	43904.99999996	14.6137		-0.84202     0.2    0.2		4.1705503158		-1.0
	43949.99999996	14.60446		-1.15569     0.2    0.2		4.1705503158		-1.0
	43994.99999996	14.51515		-0.08143     0.2    0.2		4.1705503158		-1.0
	44039.99999996	13.67911		1.12563     0.2    0.2		4.1705503158		-1.0
	44084.99999996	13.36326		1.19053     0.2    0.2		4.1705503158		-1.0
	44129.99999996	12.92406		0.13027     0.2    0.2		4.1705503158		-1.0
	44174.99999996	13.1134		-0.49542     0.2    0.2		4.1705503158		-1.0
	44219.99999996	12.9069		-0.91504     0.2    0.2		4.1705503158		-1.0
	44264.99999996	13.5305		-0.64992     0.2    0.2		4.1705503158		-1.0
	44309.99999996	14.28039		-1.56951     0.2    0.2		4.1705503158		-1.0
	44354.99999996	15.11274		-1.59987     0.2    0.2		4.1705503158		-1.0
	44399.99999996	15.53927		-2.58674     0.2    0.2		4.1705503158		-1.0
	44444.99999996	15.80873		-1.97434     0.2    0.2		4.1705503158		-1.0
	44489.99999996	15.44555		2.45922     0.2    0.2		4.1705503158		-1.0
	44534.99999996	15.11454		-2.49439     0.2    0.2		4.1705503158		-1.0
	44579.99999996	14.75002		2.69876     0.2    0.2		4.1705503158		-1.0
	44624.99999996	14.57264		3.04088     0.2    0.2		4.1705503158		-1.0
	44669.99999996	14.21901		1.01733     0.2    0.2		4.1705503158		-1.0
	44714.99999996	13.66641		0.80569     0.2    0.2		4.1705503158		-1.0
	44759.99999996	13.23118		0.60341     0.2    0.2		4.1705503158		-1.0
	44804.99999996	12.6132		0.25318     0.2    0.2		4.1705503158		-1.0
	44849.99999996	12.04808		0.08565     0.2    0.2		4.1705503158		-1.0
	44894.99999996	11.17023		0.04834     0.2    0.2		4.1705503158		-1.0
	44939.99999996	10.65057		0.20476     0.2    0.2		4.1705503158		-1.0
	44984.99999996	10.41154		0.13287     0.2    0.2		4.1705503158		-1.0
	45029.99999996	10.76206		-0.22612     0.2    0.2		4.1705503158		-1.0
	45074.99999996	11.89277		-0.32023     0.2    0.2		4.1705503158		-1.0
	45119.99999996	12.52987		-0.89578     0.2    0.2		4.1705503158		-1.0
