	45.00000000	2.85511		0.79105     0.2    0.2		4.1705503158		-1.0
	90.00000000	2.83941		0.82894     0.2    0.2		4.1705503158		-1.0
	135.00000000	3.04567		0.95044     0.2    0.2		4.1705503158		-1.0
	180.00000000	2.99723		0.54538     0.2    0.2		4.1705503158		-1.0
	225.00000000	2.8063		1.1543     0.2    0.2		4.1705503158		-1.0
	270.00000000	2.79889		1.08701     0.2    0.2		4.1705503158		-1.0
	315.00000000	2.93746		1.54491     0.2    0.2		4.1705503158		-1.0
	360.00000000	3.06347		1.40087     0.2    0.2		4.1705503158		-1.0
	405.00000000	2.7953		1.42746     0.2    0.2		4.1705503158		-1.0
	450.00000000	2.89176		1.19006     0.2    0.2		4.1705503158		-1.0
	495.00000000	2.93028		1.38982     0.2    0.2		4.1705503158		-1.0
	540.00000000	2.90497		1.5848     0.2    0.2		4.1705503158		-1.0
	585.00000000	2.96575		1.82855     0.2    0.2		4.1705503158		-1.0
	630.00000000	2.85395		2.54226     0.2    0.2		4.1705503158		-1.0
	675.00000000	2.92398		-3.0925     0.2    0.2		4.1705503158		-1.0
	720.00000000	2.9295		-2.83253     0.2    0.2		4.1705503158		-1.0
	765.00000000	2.86576		-2.6349     0.2    0.2		4.1705503158		-1.0
	810.00000000	2.94261		-2.11129     0.2    0.2		4.1705503158		-1.0
	855.00000000	2.91177		-1.8898     0.2    0.2		4.1705503158		-1.0
	900.00000000	2.95536		-1.52387     0.2    0.2		4.1705503158		-1.0
	945.00000000	2.91473		-1.22921     0.2    0.2		4.1705503158		-1.0
	990.00000000	2.84279		-0.7594     0.2    0.2		4.1705503158		-1.0
	1035.00000000	2.85864		-0.72493     0.2    0.2		4.1705503158		-1.0
	1080.00000000	2.96531		-1.14528     0.2    0.2		4.1705503158		-1.0
	1125.00000000	2.9862		-1.27582     0.2    0.2		4.1705503158		-1.0
	1170.00000000	2.95252		-1.5884     0.2    0.2		4.1705503158		-1.0
	1215.00000000	2.8329		-1.95458     0.2    0.2		4.1705503158		-1.0
	1260.00000000	2.82819		-2.23894     0.2    0.2		4.1705503158		-1.0
	1305.00000000	2.92396		-2.65477     0.2    0.2		4.1705503158		-1.0
	1350.00000000	3.00172		-2.88203     0.2    0.2		4.1705503158		-1.0
	1395.00000000	2.94604		3.08604     0.2    0.2		4.1705503158		-1.0
	1440.00000000	2.90803		2.71533     0.2    0.2		4.1705503158		-1.0
	1485.00000000	2.89157		2.65717     0.2    0.2		4.1705503158		-1.0
	1530.00000000	3.01113		2.35548     0.2    0.2		4.1705503158		-1.0
	1575.00000000	2.92892		2.34191     0.2    0.2		4.1705503158		-1.0
	1620.00000000	2.94497		2.3807     0.2    0.2		4.1705503158		-1.0
	1665.00000000	2.91233		2.44507     0.2    0.2		4.1705503158		-1.0
	1710.00000000	2.85024		2.37775     0.2    0.2		4.1705503158		-1.0
	1755.00000000	2.85836		2.00229     0.2    0.2		4.1705503158		-1.0
	1800.00000000	2.91574		1.85233     0.2    0.2		4.1705503158		-1.0
	1845.00000000	2.99945		1.40827     0.2    0.2		4.1705503158		-1.0
	1890.00000000	2.96499		1.48219     0.2    0.2		4.1705503158		-1.0
	1935.00000000	2.90722		1.49312     0.2    0.2		4.1705503158		-1.0
	1980.00000000	3.03122		1.76079     0.2    0.2		4.1705503158		-1.0
	2025.00000000	2.8308		1.84706     0.2    0.2		4.1705503158		-1.0
	2070.00000000	2.97293		2.15546     0.2    0.2		4.1705503158		-1.0
	2115.00000000	2.84336		1.75335     0.2    0.2		4.1705503158		-1.0
	2160.00000000	3.01123		2.18708     0.2    0.2		4.1705503158		-1.0
	2205.00000000	2.99043		1.84722     0.2    0.2		4.1705503158		-1.0
	2250.00000000	2.88959		2.2246     0.2    0.2		4.1705503158		-1.0
	2295.00000000	2.84343		2.04499     0.2    0.2		4.1705503158		-1.0
	2340.00000000	3.23421		2.03445     0.2    0.2		4.1705503158		-1.0
	2385.00000000	2.92136		2.26868     0.2    0.2		4.1705503158		-1.0
	2430.00000000	3.11124		2.43732     0.2    0.2		4.1705503158		-1.0
	2475.00000000	2.95141		2.89689     0.2    0.2		4.1705503158		-1.0
	2035.00000000	2.74705		1.83232     0.2    0.2		4.1705503158		-1.0
	2080.00000000	3.04446		2.19691     0.2    0.2		4.1705503158		-1.0
	2125.00000000	2.76916		1.67904     0.2    0.2		4.1705503158		-1.0
	2170.00000000	3.0585		2.22424     0.2    0.2		4.1705503158		-1.0
	2215.00000000	2.95733		1.9664     0.2    0.2		4.1705503158		-1.0
	2260.00000000	2.87031		2.0275     0.2    0.2		4.1705503158		-1.0
	2305.00000000	2.84486		2.13343     0.2    0.2		4.1705503158		-1.0
	2350.00000000	3.11582		2.06657     0.2    0.2		4.1705503158		-1.0
	2395.00000000	3.04918		2.3239     0.2    0.2		4.1705503158		-1.0
	2440.00000000	3.04685		2.4598     0.2    0.2		4.1705503158		-1.0
	2485.00000000	2.87525		2.96238     0.2    0.2		4.1705503158		-1.0
	2530.00000000	2.93237		-3.04005     0.2    0.2		4.1705503158		-1.0
	2575.00000000	2.86042		-2.36447     0.2    0.2		4.1705503158		-1.0
	2620.00000000	2.88199		-2.21942     0.2    0.2		4.1705503158		-1.0
	2665.00000000	2.82012		-1.62779     0.2    0.2		4.1705503158		-1.0
	2710.00000000	2.85994		-1.51937     0.2    0.2		4.1705503158		-1.0
	2755.00000000	2.87901		-0.93034     0.2    0.2		4.1705503158		-1.0
	2800.00000000	2.89572		-0.4732     0.2    0.2		4.1705503158		-1.0
	2845.00000000	2.89863		-0.30064     0.2    0.2		4.1705503158		-1.0
	2890.00000000	2.93279		0.10408     0.2    0.2		4.1705503158		-1.0
	2935.00000000	3.06516		0.22585     0.2    0.2		4.1705503158		-1.0
	2980.00000000	2.86774		0.4663     0.2    0.2		4.1705503158		-1.0
	3025.00000000	2.87627		0.99738     0.2    0.2		4.1705503158		-1.0
	3070.00000000	2.78858		1.22659     0.2    0.2		4.1705503158		-1.0
	3115.00000000	2.97084		0.96329     0.2    0.2		4.1705503158		-1.0
	3160.00000000	2.94736		0.7459     0.2    0.2		4.1705503158		-1.0
	3205.00000000	2.79405		0.19524     0.2    0.2		4.1705503158		-1.0
	3250.00000000	2.90679		-0.13507     0.2    0.2		4.1705503158		-1.0
	3295.00000000	2.86613		-0.61487     0.2    0.2		4.1705503158		-1.0
	3340.00000000	3.01746		-0.54103     0.2    0.2		4.1705503158		-1.0
	3385.00000000	3.0656		-0.7395     0.2    0.2		4.1705503158		-1.0
	3430.00000000	3.02538		-0.86434     0.2    0.2		4.1705503158		-1.0
	3475.00000000	2.99166		-1.14808     0.2    0.2		4.1705503158		-1.0
	3520.00000000	3.06916		-1.43825     0.2    0.2		4.1705503158		-1.0
	3565.00000000	3.06651		-1.4088     0.2    0.2		4.1705503158		-1.0
	3610.00000000	3.10168		-1.74636     0.2    0.2		4.1705503158		-1.0
	3655.00000000	3.13692		-1.98437     0.2    0.2		4.1705503158		-1.0
	3700.00000000	3.20733		-2.00889     0.2    0.2		4.1705503158		-1.0
	3745.00000000	3.12309		-2.53232     0.2    0.2		4.1705503158		-1.0
	3790.00000000	2.942		-2.76055     0.2    0.2		4.1705503158		-1.0
	3835.00000000	2.90243		3.07682     0.2    0.2		4.1705503158		-1.0
	3880.00000000	2.84437		2.84553     0.2    0.2		4.1705503158		-1.0
	3925.00000000	2.8098		2.86499     0.2    0.2		4.1705503158		-1.0
	3970.00000000	2.82958		2.84788     0.2    0.2		4.1705503158		-1.0
	4015.00000000	2.79769		3.01542     0.2    0.2		4.1705503158		-1.0
	4060.00000000	2.71099		-2.88094     0.2    0.2		4.1705503158		-1.0
	4105.00000000	2.69219		-2.72967     0.2    0.2		4.1705503158		-1.0
	4150.00000000	2.74236		-2.74383     0.2    0.2		4.1705503158		-1.0
	4195.00000000	2.71136		-2.50545     0.2    0.2		4.1705503158		-1.0
	4240.00000000	2.68327		-2.52508     0.2    0.2		4.1705503158		-1.0
	4285.00000000	2.68751		-2.39924     0.2    0.2		4.1705503158		-1.0
	4330.00000000	2.77165		-2.31081     0.2    0.2		4.1705503158		-1.0
	4375.00000000	2.97648		-2.06786     0.2    0.2		4.1705503158		-1.0
	4420.00000000	3.06821		-1.97755     0.2    0.2		4.1705503158		-1.0
	4465.00000000	2.78741		-1.42699     0.2    0.2		4.1705503158		-1.0
	4510.00000000	3.02968		-1.00638     0.2    0.2		4.1705503158		-1.0
	4555.00000000	3.00784		-0.82983     0.2    0.2		4.1705503158		-1.0
	4600.00000000	3.02639		-0.56199     0.2    0.2		4.1705503158		-1.0
	4645.00000000	2.96125		-0.53137     0.2    0.2		4.1705503158		-1.0
	4690.00000000	3.01282		-0.40763     0.2    0.2		4.1705503158		-1.0
	4735.00000000	2.93688		0.12275     0.2    0.2		4.1705503158		-1.0
	4780.00000000	2.97502		0.2017     0.2    0.2		4.1705503158		-1.0
	4825.00000000	2.92759		0.74234     0.2    0.2		4.1705503158		-1.0
	4870.00000000	2.9315		1.06348     0.2    0.2		4.1705503158		-1.0
	4915.00000000	2.8208		0.93484     0.2    0.2		4.1705503158		-1.0
	4960.00000000	3.13724		1.15383     0.2    0.2		4.1705503158		-1.0
	5005.00000000	2.96298		0.89388     0.2    0.2		4.1705503158		-1.0
	5050.00000000	2.90913		0.39061     0.2    0.2		4.1705503158		-1.0
	5095.00000000	2.88285		0.1151     0.2    0.2		4.1705503158		-1.0
	5140.00000000	3.02145		0.03414     0.2    0.2		4.1705503158		-1.0
	5185.00000000	2.94282		-0.23453     0.2    0.2		4.1705503158		-1.0
	5230.00000000	2.8745		-0.24168     0.2    0.2		4.1705503158		-1.0
	5275.00000000	2.99312		-0.94171     0.2    0.2		4.1705503158		-1.0
	5320.00000000	2.95164		-0.97971     0.2    0.2		4.1705503158		-1.0
	5365.00000000	3.08653		-1.46859     0.2    0.2		4.1705503158		-1.0
	5410.00000000	2.97996		-1.39179     0.2    0.2		4.1705503158		-1.0
	5455.00000000	3.01189		-1.53518     0.2    0.2		4.1705503158		-1.0
	5500.00000000	2.70362		-1.50642     0.2    0.2		4.1705503158		-1.0
	5545.00000000	3.13935		-1.27464     0.2    0.2		4.1705503158		-1.0
	5590.00000000	3.23828		-1.35006     0.2    0.2		4.1705503158		-1.0
	5635.00000000	2.84587		-1.03156     0.2    0.2		4.1705503158		-1.0
	5680.00000000	2.76316		-1.03558     0.2    0.2		4.1705503158		-1.0
	5725.00000000	3.28719		-1.09544     0.2    0.2		4.1705503158		-1.0
	5770.00000000	3.28027		-0.89765     0.2    0.2		4.1705503158		-1.0
	5815.00000000	2.81754		-1.20629     0.2    0.2		4.1705503158		-1.0
	5860.00000000	2.64434		-1.16631     0.2    0.2		4.1705503158		-1.0
	5905.00000000	3.18041		-1.43205     0.2    0.2		4.1705503158		-1.0
	5950.00000000	2.74043		-1.6513     0.2    0.2		4.1705503158		-1.0
	5995.00000000	2.80617		-2.00299     0.2    0.2		4.1705503158		-1.0
	6040.00000000	3.05822		-2.03062     0.2    0.2		4.1705503158		-1.0
	6085.00000000	2.98615		-2.30224     0.2    0.2		4.1705503158		-1.0
	6130.00000000	2.91599		-2.26099     0.2    0.2		4.1705503158		-1.0
	6175.00000000	2.79841		-2.4733     0.2    0.2		4.1705503158		-1.0
	6220.00000000	3.17186		-2.81946     0.2    0.2		4.1705503158		-1.0
	6265.00000000	3.23688		3.04112     0.2    0.2		4.1705503158		-1.0
	6310.00000000	2.92092		2.85268     0.2    0.2		4.1705503158		-1.0
	6355.00000000	2.96622		2.84635     0.2    0.2		4.1705503158		-1.0
	6400.00000000	2.80486		2.76876     0.2    0.2		4.1705503158		-1.0
	6445.00000000	3.1454		3.01019     0.2    0.2		4.1705503158		-1.0
	6490.00000000	2.73318		3.14155     0.2    0.2		4.1705503158		-1.0
	6535.00000000	3.09301		-2.88158     0.2    0.2		4.1705503158		-1.0
	6580.00000000	3.17004		-2.72198     0.2    0.2		4.1705503158		-1.0
	6625.00000000	3.2524		-2.44735     0.2    0.2		4.1705503158		-1.0
	6670.00000000	3.27196		-2.34024     0.2    0.2		4.1705503158		-1.0
	6715.00000000	3.13577		-2.21147     0.2    0.2		4.1705503158		-1.0
	6760.00000000	3.14707		-1.80424     0.2    0.2		4.1705503158		-1.0
	6805.00000000	3.12884		-1.7944     0.2    0.2		4.1705503158		-1.0
	6850.00000000	2.9612		-1.51947     0.2    0.2		4.1705503158		-1.0
	6895.00000000	2.729		-1.46717     0.2    0.2		4.1705503158		-1.0
	6940.00000000	2.7346		-1.28902     0.2    0.2		4.1705503158		-1.0
	6985.00000000	2.72159		-1.27083     0.2    0.2		4.1705503158		-1.0
	7030.00000000	2.77637		-1.54296     0.2    0.2		4.1705503158		-1.0
	7075.00000000	2.75604		-1.9404     0.2    0.2		4.1705503158		-1.0
	7120.00000000	2.73912		-2.27721     0.2    0.2		4.1705503158		-1.0
	7165.00000000	2.86326		-2.7282     0.2    0.2		4.1705503158		-1.0
	7210.00000000	2.75927		-3.07738     0.2    0.2		4.1705503158		-1.0
	7255.00000000	2.75644		-3.08696     0.2    0.2		4.1705503158		-1.0
	7300.00000000	2.78996		-2.94927     0.2    0.2		4.1705503158		-1.0
	7345.00000000	2.84504		-2.94214     0.2    0.2		4.1705503158		-1.0
	7390.00000000	2.85227		-2.93686     0.2    0.2		4.1705503158		-1.0
	7435.00000000	2.88826		-2.86848     0.2    0.2		4.1705503158		-1.0
	7480.00000000	2.774		3.12436     0.2    0.2		4.1705503158		-1.0
	7525.00000000	3.10389		2.95597     0.2    0.2		4.1705503158		-1.0
	7570.00000000	3.24106		2.64841     0.2    0.2		4.1705503158		-1.0
	7615.00000000	3.11056		2.55337     0.2    0.2		4.1705503158		-1.0
	7660.00000000	2.70235		2.51518     0.2    0.2		4.1705503158		-1.0
	7705.00000000	2.73729		2.53303     0.2    0.2		4.1705503158		-1.0
	7750.00000000	2.75537		2.94175     0.2    0.2		4.1705503158		-1.0
	7795.00000000	2.69679		-2.73222     0.2    0.2		4.1705503158		-1.0
	7840.00000000	2.73119		-2.32786     0.2    0.2		4.1705503158		-1.0
	7885.00000000	2.74232		-2.12805     0.2    0.2		4.1705503158		-1.0
	7930.00000000	2.91514		-1.66891     0.2    0.2		4.1705503158		-1.0
	7975.00000000	3.07188		-1.74068     0.2    0.2		4.1705503158		-1.0
	8020.00000000	3.11981		-1.7619     0.2    0.2		4.1705503158		-1.0
	8065.00000000	3.07862		-1.90741     0.2    0.2		4.1705503158		-1.0
	8110.00000000	3.25764		-1.77463     0.2    0.2		4.1705503158		-1.0
	8155.00000000	3.357		-1.77813     0.2    0.2		4.1705503158		-1.0
	8200.00000000	3.07668		-1.79769     0.2    0.2		4.1705503158		-1.0
	8245.00000000	3.06797		-1.81503     0.2    0.2		4.1705503158		-1.0
	8290.00000000	2.61821		-1.78568     0.2    0.2		4.1705503158		-1.0
	8335.00000000	2.67509		-1.94765     0.2    0.2		4.1705503158		-1.0
	8380.00000000	2.78405		-2.02021     0.2    0.2		4.1705503158		-1.0
	8425.00000000	2.70475		-1.98188     0.2    0.2		4.1705503158		-1.0
	8470.00000000	2.77556		-2.25499     0.2    0.2		4.1705503158		-1.0
	8515.00000000	3.08374		-2.43145     0.2    0.2		4.1705503158		-1.0
	8560.00000000	3.15169		-2.69053     0.2    0.2		4.1705503158		-1.0
	8605.00000000	3.29672		-3.00492     0.2    0.2		4.1705503158		-1.0
	8650.00000000	3.08545		2.83139     0.2    0.2		4.1705503158		-1.0
	8695.00000000	3.19571		2.28934     0.2    0.2		4.1705503158		-1.0
	8740.00000000	2.79264		1.60349     0.2    0.2		4.1705503158		-1.0
	8785.00000000	2.75865		1.03794     0.2    0.2		4.1705503158		-1.0
	8830.00000000	2.96174		0.44777     0.2    0.2		4.1705503158		-1.0
	8875.00000000	2.96361		0.38821     0.2    0.2		4.1705503158		-1.0
	8920.00000000	3.12074		0.10089     0.2    0.2		4.1705503158		-1.0
	8965.00000000	2.99661		0.09681     0.2    0.2		4.1705503158		-1.0
	9010.00000000	3.07498		-0.28028     0.2    0.2		4.1705503158		-1.0
	9055.00000000	2.94892		-0.12897     0.2    0.2		4.1705503158		-1.0
	9100.00000000	2.94461		-0.31171     0.2    0.2		4.1705503158		-1.0
	9145.00000000	2.85612		-0.32748     0.2    0.2		4.1705503158		-1.0
	9190.00000000	3.17629		-0.28447     0.2    0.2		4.1705503158		-1.0
	9235.00000000	3.25632		-0.54634     0.2    0.2		4.1705503158		-1.0
	9280.00000000	2.8876		-0.47632     0.2    0.2		4.1705503158		-1.0
	9325.00000000	3.12844		-0.72438     0.2    0.2		4.1705503158		-1.0
	9370.00000000	3.25066		-0.93047     0.2    0.2		4.1705503158		-1.0
	9415.00000000	3.3788		-0.95066     0.2    0.2		4.1705503158		-1.0
	9460.00000000	2.8847		-0.9571     0.2    0.2		4.1705503158		-1.0
	9505.00000000	3.01221		-0.90047     0.2    0.2		4.1705503158		-1.0
	9550.00000000	3.23189		-0.80564     0.2    0.2		4.1705503158		-1.0
	9595.00000000	3.03782		-0.45285     0.2    0.2		4.1705503158		-1.0
	9640.00000000	3.0937		-0.42884     0.2    0.2		4.1705503158		-1.0
	9685.00000000	2.99973		0.05779     0.2    0.2		4.1705503158		-1.0
	9730.00000000	2.84307		0.60545     0.2    0.2		4.1705503158		-1.0
	9775.00000000	2.80702		0.62017     0.2    0.2		4.1705503158		-1.0
	9820.00000000	3.25587		0.99935     0.2    0.2		4.1705503158		-1.0
	9865.00000000	2.75392		1.41375     0.2    0.2		4.1705503158		-1.0
	9910.00000000	2.99348		1.77639     0.2    0.2		4.1705503158		-1.0
	9955.00000000	2.88201		2.00901     0.2    0.2		4.1705503158		-1.0
	10000.00000000	2.79286		2.55512     0.2    0.2		4.1705503158		-1.0
	10045.00000000	2.78101		2.77557     0.2    0.2		4.1705503158		-1.0
	10090.00000000	2.90914		2.99483     0.2    0.2		4.1705503158		-1.0
	10135.00000000	3.09926		-3.13819     0.2    0.2		4.1705503158		-1.0
	10180.00000000	3.19235		-2.93313     0.2    0.2		4.1705503158		-1.0
	10225.00000000	2.67816		-2.65397     0.2    0.2		4.1705503158		-1.0
	10270.00000000	2.65578		-2.40419     0.2    0.2		4.1705503158		-1.0
	10315.00000000	2.66004		-2.28612     0.2    0.2		4.1705503158		-1.0
	10360.00000000	2.64359		-2.35833     0.2    0.2		4.1705503158		-1.0
	10405.00000000	3.41102		-2.76123     0.2    0.2		4.1705503158		-1.0
	10450.00000000	3.24451		-3.1067     0.2    0.2		4.1705503158		-1.0
	10495.00000000	3.16091		2.73628     0.2    0.2		4.1705503158		-1.0
	10540.00000000	3.21071		2.54527     0.2    0.2		4.1705503158		-1.0
	10585.00000000	3.21546		2.13776     0.2    0.2		4.1705503158		-1.0
	10630.00000000	2.79717		1.5139     0.2    0.2		4.1705503158		-1.0
	10675.00000000	3.09265		1.3037     0.2    0.2		4.1705503158		-1.0
	10720.00000000	2.96634		0.93149     0.2    0.2		4.1705503158		-1.0
	10765.00000000	2.96173		0.6566     0.2    0.2		4.1705503158		-1.0
	10810.00000000	2.77404		0.46555     0.2    0.2		4.1705503158		-1.0
	10855.00000001	2.81079		0.27932     0.2    0.2		4.1705503158		-1.0
	10900.00000001	2.84756		0.0638     0.2    0.2		4.1705503158		-1.0
	10945.00000001	2.77229		0.12289     0.2    0.2		4.1705503158		-1.0
	10990.00000001	3.19403		0.24422     0.2    0.2		4.1705503158		-1.0
	11035.00000001	3.16285		0.57915     0.2    0.2		4.1705503158		-1.0
	11080.00000001	2.64107		0.87744     0.2    0.2		4.1705503158		-1.0
	11125.00000001	2.69723		1.2263     0.2    0.2		4.1705503158		-1.0
	11170.00000001	3.16492		1.55675     0.2    0.2		4.1705503158		-1.0
	11215.00000001	2.94068		1.98385     0.2    0.2		4.1705503158		-1.0
	11260.00000001	3.015		2.12939     0.2    0.2		4.1705503158		-1.0
	11305.00000001	2.9548		2.06266     0.2    0.2		4.1705503158		-1.0
	11350.00000001	2.6758		2.00729     0.2    0.2		4.1705503158		-1.0
	11395.00000001	3.28761		1.52198     0.2    0.2		4.1705503158		-1.0
	11440.00000001	2.90883		1.52502     0.2    0.2		4.1705503158		-1.0
	11485.00000001	2.60648		1.39497     0.2    0.2		4.1705503158		-1.0
	11530.00000001	3.06905		1.29675     0.2    0.2		4.1705503158		-1.0
	11575.00000001	2.82044		1.26091     0.2    0.2		4.1705503158		-1.0
	11620.00000001	2.8284		1.611     0.2    0.2		4.1705503158		-1.0
	11665.00000001	3.19983		1.83217     0.2    0.2		4.1705503158		-1.0
	11710.00000001	3.04226		1.92065     0.2    0.2		4.1705503158		-1.0
	11755.00000001	3.07154		2.19507     0.2    0.2		4.1705503158		-1.0
	11800.00000001	3.16779		1.96188     0.2    0.2		4.1705503158		-1.0
	11845.00000001	3.2174		1.76289     0.2    0.2		4.1705503158		-1.0
	11890.00000001	3.06985		1.43285     0.2    0.2		4.1705503158		-1.0
	11935.00000001	2.98906		0.98537     0.2    0.2		4.1705503158		-1.0
	11980.00000001	3.19484		0.64556     0.2    0.2		4.1705503158		-1.0
	12025.00000001	3.22844		0.53361     0.2    0.2		4.1705503158		-1.0
	12070.00000001	2.66216		0.24827     0.2    0.2		4.1705503158		-1.0
	12115.00000001	3.28163		0.20897     0.2    0.2		4.1705503158		-1.0
	12160.00000001	2.88647		0.41451     0.2    0.2		4.1705503158		-1.0
	12205.00000001	3.25895		0.23389     0.2    0.2		4.1705503158		-1.0
	12250.00000001	3.04263		0.14266     0.2    0.2		4.1705503158		-1.0
	12295.00000001	3.24784		0.37032     0.2    0.2		4.1705503158		-1.0
	12340.00000001	3.26057		0.28354     0.2    0.2		4.1705503158		-1.0
	12385.00000001	3.00093		0.59063     0.2    0.2		4.1705503158		-1.0
	12430.00000001	2.88775		0.83143     0.2    0.2		4.1705503158		-1.0
	12475.00000001	2.6872		0.81145     0.2    0.2		4.1705503158		-1.0
	12520.00000001	3.27526		1.09194     0.2    0.2		4.1705503158		-1.0
	12565.00000001	2.74731		0.84772     0.2    0.2		4.1705503158		-1.0
	12610.00000001	3.16391		0.85065     0.2    0.2		4.1705503158		-1.0
	12655.00000001	2.81989		0.59684     0.2    0.2		4.1705503158		-1.0
	12700.00000001	2.74847		0.4821     0.2    0.2		4.1705503158		-1.0
	12745.00000001	2.78689		0.12062     0.2    0.2		4.1705503158		-1.0
	12790.00000001	2.80939		-0.19638     0.2    0.2		4.1705503158		-1.0
	12835.00000001	2.7017		-0.39119     0.2    0.2		4.1705503158		-1.0
	12880.00000001	2.70032		-0.87841     0.2    0.2		4.1705503158		-1.0
	12925.00000001	2.73507		-1.25157     0.2    0.2		4.1705503158		-1.0
	12970.00000001	2.75899		-1.51703     0.2    0.2		4.1705503158		-1.0
	13015.00000001	2.75807		-1.62456     0.2    0.2		4.1705503158		-1.0
	13060.00000001	2.68844		-1.3944     0.2    0.2		4.1705503158		-1.0
	13105.00000001	2.91428		-1.11548     0.2    0.2		4.1705503158		-1.0
	13150.00000001	2.96502		-0.55634     0.2    0.2		4.1705503158		-1.0
	13195.00000001	2.85591		-0.68789     0.2    0.2		4.1705503158		-1.0
	13240.00000001	2.71377		-0.27788     0.2    0.2		4.1705503158		-1.0
	13285.00000001	3.16601		-0.21207     0.2    0.2		4.1705503158		-1.0
	13330.00000001	2.7686		-0.37844     0.2    0.2		4.1705503158		-1.0
	13375.00000001	2.82922		-0.29117     0.2    0.2		4.1705503158		-1.0
	13420.00000001	3.26779		-0.53591     0.2    0.2		4.1705503158		-1.0
	13465.00000001	2.77877		-0.93921     0.2    0.2		4.1705503158		-1.0
	13510.00000001	3.10196		-1.1448     0.2    0.2		4.1705503158		-1.0
	13555.00000001	3.132		-1.59731     0.2    0.2		4.1705503158		-1.0
	13600.00000001	3.20473		-1.46077     0.2    0.2		4.1705503158		-1.0
	13645.00000001	3.10654		-1.29831     0.2    0.2		4.1705503158		-1.0
	13690.00000001	3.21401		-0.93851     0.2    0.2		4.1705503158		-1.0
	13735.00000001	3.21343		-0.70319     0.2    0.2		4.1705503158		-1.0
	13780.00000001	3.36352		-0.63276     0.2    0.2		4.1705503158		-1.0
	13825.00000001	3.21807		-0.71422     0.2    0.2		4.1705503158		-1.0
	13870.00000001	2.7199		-0.5495     0.2    0.2		4.1705503158		-1.0
	13915.00000001	2.98103		-0.84525     0.2    0.2		4.1705503158		-1.0
	13960.00000001	2.80204		-1.09482     0.2    0.2		4.1705503158		-1.0
	14005.00000001	2.74528		-1.3041     0.2    0.2		4.1705503158		-1.0
	14050.00000001	3.43384		-1.45509     0.2    0.2		4.1705503158		-1.0
	14095.00000001	3.48846		-1.04676     0.2    0.2		4.1705503158		-1.0
	14140.00000001	2.77428		-0.95736     0.2    0.2		4.1705503158		-1.0
	14185.00000001	3.17817		-0.7428     0.2    0.2		4.1705503158		-1.0
	14230.00000000	2.84832		-0.58886     0.2    0.2		4.1705503158		-1.0
	14275.00000000	2.5914		-0.48798     0.2    0.2		4.1705503158		-1.0
	14320.00000000	3.09966		0.02511     0.2    0.2		4.1705503158		-1.0
	14365.00000000	2.89582		0.37546     0.2    0.2		4.1705503158		-1.0
	14410.00000000	2.74435		0.62728     0.2    0.2		4.1705503158		-1.0
	14455.00000000	2.75729		1.30366     0.2    0.2		4.1705503158		-1.0
	14500.00000000	2.70786		1.58341     0.2    0.2		4.1705503158		-1.0
	14545.00000000	2.80747		1.97608     0.2    0.2		4.1705503158		-1.0
	14590.00000000	2.71653		2.04352     0.2    0.2		4.1705503158		-1.0
	14635.00000000	2.84506		2.49911     0.2    0.2		4.1705503158		-1.0
	14680.00000000	2.82492		2.61879     0.2    0.2		4.1705503158		-1.0
	14725.00000000	2.76302		2.98966     0.2    0.2		4.1705503158		-1.0
	14770.00000000	2.67504		-3.0812     0.2    0.2		4.1705503158		-1.0
	14815.00000000	2.70187		-3.12681     0.2    0.2		4.1705503158		-1.0
	14860.00000000	2.75655		-2.85876     0.2    0.2		4.1705503158		-1.0
	14905.00000000	2.62266		-2.60061     0.2    0.2		4.1705503158		-1.0
	14950.00000000	2.67084		-2.46005     0.2    0.2		4.1705503158		-1.0
	14995.00000000	3.12828		-2.2775     0.2    0.2		4.1705503158		-1.0
	15040.00000000	3.28042		-2.17257     0.2    0.2		4.1705503158		-1.0
	15085.00000000	3.33259		-2.07343     0.2    0.2		4.1705503158		-1.0
	15130.00000000	3.44537		-2.08168     0.2    0.2		4.1705503158		-1.0
	15175.00000000	3.28477		-2.15471     0.2    0.2		4.1705503158		-1.0
	15220.00000000	3.29299		-2.39487     0.2    0.2		4.1705503158		-1.0
	15265.00000000	3.32765		-2.56109     0.2    0.2		4.1705503158		-1.0
	15310.00000000	3.29877		-3.01795     0.2    0.2		4.1705503158		-1.0
	15355.00000000	3.22433		2.8006     0.2    0.2		4.1705503158		-1.0
	15400.00000000	3.35086		2.39707     0.2    0.2		4.1705503158		-1.0
	15445.00000000	3.18359		1.9005     0.2    0.2		4.1705503158		-1.0
	15490.00000000	3.39819		1.68852     0.2    0.2		4.1705503158		-1.0
	15535.00000000	3.18786		1.2675     0.2    0.2		4.1705503158		-1.0
	15580.00000000	3.2099		1.26369     0.2    0.2		4.1705503158		-1.0
	15625.00000000	3.2354		1.05233     0.2    0.2		4.1705503158		-1.0
	15670.00000000	3.15843		0.74815     0.2    0.2		4.1705503158		-1.0
	15715.00000000	3.26905		0.72266     0.2    0.2		4.1705503158		-1.0
	15760.00000000	3.18821		0.79259     0.2    0.2		4.1705503158		-1.0
	15805.00000000	3.06932		0.58456     0.2    0.2		4.1705503158		-1.0
	15850.00000000	3.26749		0.85894     0.2    0.2		4.1705503158		-1.0
	15895.00000000	3.00131		1.37199     0.2    0.2		4.1705503158		-1.0
	15940.00000000	3.08716		1.68652     0.2    0.2		4.1705503158		-1.0
	15985.00000000	3.54149		1.82393     0.2    0.2		4.1705503158		-1.0
	16030.00000000	3.23339		2.02688     0.2    0.2		4.1705503158		-1.0
	16075.00000000	2.55175		2.09157     0.2    0.2		4.1705503158		-1.0
	16120.00000000	3.15944		2.32958     0.2    0.2		4.1705503158		-1.0
	16165.00000000	3.25202		2.51158     0.2    0.2		4.1705503158		-1.0
	16210.00000000	3.21652		2.75273     0.2    0.2		4.1705503158		-1.0
	16255.00000000	2.74844		-3.02032     0.2    0.2		4.1705503158		-1.0
	16300.00000000	2.56593		-2.75286     0.2    0.2		4.1705503158		-1.0
	16345.00000000	2.68394		-2.70848     0.2    0.2		4.1705503158		-1.0
	16390.00000000	2.96912		-2.60187     0.2    0.2		4.1705503158		-1.0
	16435.00000000	3.33365		-2.65574     0.2    0.2		4.1705503158		-1.0
	16480.00000000	3.43584		-2.62004     0.2    0.2		4.1705503158		-1.0
	16525.00000000	3.41469		-2.59649     0.2    0.2		4.1705503158		-1.0
	16570.00000000	3.57854		-2.51305     0.2    0.2		4.1705503158		-1.0
	16615.00000000	3.38026		-2.31141     0.2    0.2		4.1705503158		-1.0
	16660.00000000	2.80564		-1.99647     0.2    0.2		4.1705503158		-1.0
	16705.00000000	2.63344		-1.72452     0.2    0.2		4.1705503158		-1.0
	16750.00000000	3.06492		-1.27936     0.2    0.2		4.1705503158		-1.0
	16795.00000000	3.14301		-1.35867     0.2    0.2		4.1705503158		-1.0
	16840.00000000	2.94811		-1.22699     0.2    0.2		4.1705503158		-1.0
	16885.00000000	2.81337		-0.96987     0.2    0.2		4.1705503158		-1.0
	16930.00000000	3.37852		-0.86265     0.2    0.2		4.1705503158		-1.0
	16975.00000000	3.48187		-0.9643     0.2    0.2		4.1705503158		-1.0
	17020.00000000	2.70556		-1.38291     0.2    0.2		4.1705503158		-1.0
	17065.00000000	2.60013		-1.40581     0.2    0.2		4.1705503158		-1.0
	17110.00000000	2.77077		-1.7859     0.2    0.2		4.1705503158		-1.0
	17155.00000000	2.75265		-1.69885     0.2    0.2		4.1705503158		-1.0
	17200.00000000	3.2753		-1.83226     0.2    0.2		4.1705503158		-1.0
	17245.00000000	3.35646		-1.89516     0.2    0.2		4.1705503158		-1.0
	17290.00000000	2.86499		-1.93712     0.2    0.2		4.1705503158		-1.0
	17335.00000000	2.59375		-1.85867     0.2    0.2		4.1705503158		-1.0
	17380.00000000	3.1788		-1.90336     0.2    0.2		4.1705503158		-1.0
	17425.00000000	3.23667		-1.96539     0.2    0.2		4.1705503158		-1.0
	17470.00000000	3.18067		-1.85168     0.2    0.2		4.1705503158		-1.0
	17515.00000000	3.04528		-2.05811     0.2    0.2		4.1705503158		-1.0
	17560.00000000	3.37389		-2.09896     0.2    0.2		4.1705503158		-1.0
	17605.00000000	3.04543		-2.2808     0.2    0.2		4.1705503158		-1.0
	17650.00000000	3.35277		-2.52017     0.2    0.2		4.1705503158		-1.0
	17695.00000000	3.05776		3.0982     0.2    0.2		4.1705503158		-1.0
	17740.00000000	3.2673		2.72003     0.2    0.2		4.1705503158		-1.0
	17785.00000000	3.30236		2.43948     0.2    0.2		4.1705503158		-1.0
	17830.00000000	3.13838		2.22835     0.2    0.2		4.1705503158		-1.0
	17875.00000000	2.86111		2.1158     0.2    0.2		4.1705503158		-1.0
	17920.00000000	2.7399		2.19594     0.2    0.2		4.1705503158		-1.0
	17965.00000000	2.68278		2.12493     0.2    0.2		4.1705503158		-1.0
	18010.00000000	2.91999		2.44388     0.2    0.2		4.1705503158		-1.0
	18055.00000000	3.29419		2.53061     0.2    0.2		4.1705503158		-1.0
	18100.00000000	3.11332		2.71532     0.2    0.2		4.1705503158		-1.0
	18145.00000000	3.09131		2.66488     0.2    0.2		4.1705503158		-1.0
	18190.00000000	3.12026		2.46208     0.2    0.2		4.1705503158		-1.0
	18235.00000000	2.96133		2.56951     0.2    0.2		4.1705503158		-1.0
	18280.00000000	2.71546		2.51079     0.2    0.2		4.1705503158		-1.0
	18325.00000000	2.61203		2.71684     0.2    0.2		4.1705503158		-1.0
	18370.00000000	2.65224		2.86303     0.2    0.2		4.1705503158		-1.0
	18415.00000000	2.84375		-3.0709     0.2    0.2		4.1705503158		-1.0
	18460.00000000	2.63119		-2.9655     0.2    0.2		4.1705503158		-1.0
	18505.00000000	2.69304		2.96122     0.2    0.2		4.1705503158		-1.0
	18550.00000000	2.81665		2.89052     0.2    0.2		4.1705503158		-1.0
	18595.00000000	2.62328		2.64713     0.2    0.2		4.1705503158		-1.0
	18640.00000000	2.77828		2.83991     0.2    0.2		4.1705503158		-1.0
	18685.00000000	3.28427		-3.08809     0.2    0.2		4.1705503158		-1.0
	18730.00000000	3.40938		-2.90925     0.2    0.2		4.1705503158		-1.0
	18775.00000000	3.53777		-3.03839     0.2    0.2		4.1705503158		-1.0
	18820.00000000	3.64081		-3.06405     0.2    0.2		4.1705503158		-1.0
	18865.00000000	3.60016		3.12708     0.2    0.2		4.1705503158		-1.0
	18910.00000000	3.12472		2.92119     0.2    0.2		4.1705503158		-1.0
	18955.00000000	3.35875		3.00659     0.2    0.2		4.1705503158		-1.0
	19000.00000000	3.43789		-3.13132     0.2    0.2		4.1705503158		-1.0
	19045.00000000	3.22575		-3.03654     0.2    0.2		4.1705503158		-1.0
	19090.00000000	3.12687		2.98244     0.2    0.2		4.1705503158		-1.0
	19135.00000000	3.22248		2.60658     0.2    0.2		4.1705503158		-1.0
	19180.00000000	3.16368		2.27885     0.2    0.2		4.1705503158		-1.0
	19225.00000000	3.5055		2.23447     0.2    0.2		4.1705503158		-1.0
	19270.00000000	3.12213		1.91488     0.2    0.2		4.1705503158		-1.0
	19315.00000000	2.88949		1.7985     0.2    0.2		4.1705503158		-1.0
	19360.00000000	2.66581		1.00864     0.2    0.2		4.1705503158		-1.0
	19405.00000000	2.6763		0.79243     0.2    0.2		4.1705503158		-1.0
	19450.00000000	2.75755		0.65432     0.2    0.2		4.1705503158		-1.0
	19495.00000000	2.73724		0.48795     0.2    0.2		4.1705503158		-1.0
	19540.00000000	2.83865		0.30999     0.2    0.2		4.1705503158		-1.0
	19585.00000000	2.97421		-0.06928     0.2    0.2		4.1705503158		-1.0
	19630.00000000	2.66289		-0.09269     0.2    0.2		4.1705503158		-1.0
	19675.00000000	3.22255		-0.45563     0.2    0.2		4.1705503158		-1.0
	19720.00000000	3.06459		-0.26078     0.2    0.2		4.1705503158		-1.0
	19765.00000000	3.37539		-0.16708     0.2    0.2		4.1705503158		-1.0
	19810.00000000	3.19421		-0.16663     0.2    0.2		4.1705503158		-1.0
	19855.00000000	3.36471		0.59407     0.2    0.2		4.1705503158		-1.0
	19900.00000000	3.36711		0.93307     0.2    0.2		4.1705503158		-1.0
	19945.00000000	2.86039		1.38134     0.2    0.2		4.1705503158		-1.0
	19990.00000000	3.03207		1.38667     0.2    0.2		4.1705503158		-1.0
	20035.00000000	3.2099		1.82103     0.2    0.2		4.1705503158		-1.0
	20080.00000000	3.2559		1.17128     0.2    0.2		4.1705503158		-1.0
	20125.00000000	3.28037		1.34022     0.2    0.2		4.1705503158		-1.0
	20170.00000000	3.43299		1.08685     0.2    0.2		4.1705503158		-1.0
	20215.00000000	3.07864		1.03041     0.2    0.2		4.1705503158		-1.0
	20260.00000000	2.71497		0.75727     0.2    0.2		4.1705503158		-1.0
	20305.00000000	2.70131		1.1834     0.2    0.2		4.1705503158		-1.0
	20350.00000000	2.74413		1.36498     0.2    0.2		4.1705503158		-1.0
	20395.00000000	2.66728		1.75626     0.2    0.2		4.1705503158		-1.0
	20440.00000000	2.9006		1.72201     0.2    0.2		4.1705503158		-1.0
	20485.00000000	2.66322		2.2879     0.2    0.2		4.1705503158		-1.0
	20530.00000000	2.66756		2.42693     0.2    0.2		4.1705503158		-1.0
	20575.00000000	2.64501		2.45151     0.2    0.2		4.1705503158		-1.0
	20620.00000000	2.60781		3.01911     0.2    0.2		4.1705503158		-1.0
	20665.00000000	2.60714		-2.93073     0.2    0.2		4.1705503158		-1.0
	20710.00000000	2.69005		-2.43931     0.2    0.2		4.1705503158		-1.0
	20754.99999999	2.78331		-1.89823     0.2    0.2		4.1705503158		-1.0
	20799.99999999	2.58575		-1.52944     0.2    0.2		4.1705503158		-1.0
	20844.99999999	2.76856		-1.01076     0.2    0.2		4.1705503158		-1.0
	20889.99999999	2.71924		-0.5256     0.2    0.2		4.1705503158		-1.0
	20934.99999999	2.70926		-0.27898     0.2    0.2		4.1705503158		-1.0
	20979.99999999	2.76659		-0.02772     0.2    0.2		4.1705503158		-1.0
	21024.99999999	3.48502		0.36324     0.2    0.2		4.1705503158		-1.0
	21069.99999999	2.62888		0.42863     0.2    0.2		4.1705503158		-1.0
	21114.99999999	3.32585		0.58635     0.2    0.2		4.1705503158		-1.0
	21159.99999999	2.58185		0.84552     0.2    0.2		4.1705503158		-1.0
	21204.99999999	2.7442		0.90981     0.2    0.2		4.1705503158		-1.0
	21249.99999999	2.78502		0.78967     0.2    0.2		4.1705503158		-1.0
	21294.99999999	2.76137		1.2186     0.2    0.2		4.1705503158		-1.0
	21339.99999999	2.67137		1.34866     0.2    0.2		4.1705503158		-1.0
	21384.99999999	2.77869		1.58995     0.2    0.2		4.1705503158		-1.0
	21429.99999999	2.7567		1.59861     0.2    0.2		4.1705503158		-1.0
	21474.99999999	2.60846		1.28762     0.2    0.2		4.1705503158		-1.0
	21519.99999999	3.54837		0.81501     0.2    0.2		4.1705503158		-1.0
	21564.99999999	3.30381		0.80777     0.2    0.2		4.1705503158		-1.0
	21609.99999999	3.32632		1.06395     0.2    0.2		4.1705503158		-1.0
	21654.99999999	3.22287		0.26962     0.2    0.2		4.1705503158		-1.0
	21699.99999999	3.18113		0.05751     0.2    0.2		4.1705503158		-1.0
	21744.99999999	3.35878		-0.03325     0.2    0.2		4.1705503158		-1.0
	21789.99999999	3.40781		-0.56405     0.2    0.2		4.1705503158		-1.0
	21834.99999999	3.28696		-0.60155     0.2    0.2		4.1705503158		-1.0
	21879.99999999	3.28307		-1.15987     0.2    0.2		4.1705503158		-1.0
	21924.99999999	3.34896		-1.26504     0.2    0.2		4.1705503158		-1.0
	21969.99999999	3.41282		-1.52633     0.2    0.2		4.1705503158		-1.0
	22014.99999999	3.33544		-1.5824     0.2    0.2		4.1705503158		-1.0
	22059.99999999	3.56586		-1.31354     0.2    0.2		4.1705503158		-1.0
	22104.99999999	2.5968		-0.91156     0.2    0.2		4.1705503158		-1.0
	22149.99999999	3.57807		-0.83115     0.2    0.2		4.1705503158		-1.0
	22194.99999999	2.52349		-0.71409     0.2    0.2		4.1705503158		-1.0
	22239.99999999	2.68554		-0.48683     0.2    0.2		4.1705503158		-1.0
	22284.99999999	2.78148		-0.37077     0.2    0.2		4.1705503158		-1.0
	22329.99999999	2.69532		-0.60803     0.2    0.2		4.1705503158		-1.0
	22374.99999999	2.65999		-0.70495     0.2    0.2		4.1705503158		-1.0
	22419.99999999	2.69648		-1.00842     0.2    0.2		4.1705503158		-1.0
	22464.99999999	2.65128		-1.23483     0.2    0.2		4.1705503158		-1.0
	22509.99999999	2.71779		-1.43628     0.2    0.2		4.1705503158		-1.0
	22554.99999999	2.67441		-1.3661     0.2    0.2		4.1705503158		-1.0
	22599.99999999	2.71509		-1.30752     0.2    0.2		4.1705503158		-1.0
	22644.99999999	2.63166		-0.87416     0.2    0.2		4.1705503158		-1.0
	22689.99999999	2.77874		-0.72973     0.2    0.2		4.1705503158		-1.0
	22734.99999999	2.8765		-0.55752     0.2    0.2		4.1705503158		-1.0
	22779.99999999	3.38652		-0.68551     0.2    0.2		4.1705503158		-1.0
	22824.99999999	3.30422		-0.48943     0.2    0.2		4.1705503158		-1.0
	22869.99999999	3.3633		-0.44577     0.2    0.2		4.1705503158		-1.0
	22914.99999999	3.29994		-0.40424     0.2    0.2		4.1705503158		-1.0
	22959.99999999	3.52929		-0.63218     0.2    0.2		4.1705503158		-1.0
	23004.99999999	2.85682		-0.07854     0.2    0.2		4.1705503158		-1.0
	23049.99999999	2.71826		-0.17776     0.2    0.2		4.1705503158		-1.0
	23094.99999999	3.29346		0.21404     0.2    0.2		4.1705503158		-1.0
	23139.99999999	3.12499		0.26219     0.2    0.2		4.1705503158		-1.0
	23184.99999999	3.49369		0.58875     0.2    0.2		4.1705503158		-1.0
	23229.99999999	3.39708		0.5042     0.2    0.2		4.1705503158		-1.0
	23274.99999999	3.40926		0.85394     0.2    0.2		4.1705503158		-1.0
	23319.99999999	3.36331		0.91303     0.2    0.2		4.1705503158		-1.0
	23364.99999999	3.2317		1.20561     0.2    0.2		4.1705503158		-1.0
	23409.99999999	2.96985		1.32231     0.2    0.2		4.1705503158		-1.0
	23454.99999999	3.27108		1.45034     0.2    0.2		4.1705503158		-1.0
	23499.99999999	3.3612		1.59334     0.2    0.2		4.1705503158		-1.0
	23544.99999999	3.36379		1.78598     0.2    0.2		4.1705503158		-1.0
	23589.99999999	3.23884		1.72883     0.2    0.2		4.1705503158		-1.0
	23634.99999999	3.25118		1.63454     0.2    0.2		4.1705503158		-1.0
	23679.99999999	3.06153		1.58691     0.2    0.2		4.1705503158		-1.0
	23724.99999999	2.60868		1.52729     0.2    0.2		4.1705503158		-1.0
	23769.99999999	2.79365		1.57773     0.2    0.2		4.1705503158		-1.0
	23814.99999999	2.61237		1.3576     0.2    0.2		4.1705503158		-1.0
	23859.99999999	3.6768		1.26052     0.2    0.2		4.1705503158		-1.0
	23904.99999999	3.25923		1.31401     0.2    0.2		4.1705503158		-1.0
	23949.99999999	3.59856		0.88373     0.2    0.2		4.1705503158		-1.0
	23994.99999999	2.5094		0.98312     0.2    0.2		4.1705503158		-1.0
	24039.99999999	3.57867		0.66942     0.2    0.2		4.1705503158		-1.0
	24084.99999999	2.77339		0.69996     0.2    0.2		4.1705503158		-1.0
	24129.99999999	2.64092		0.44101     0.2    0.2		4.1705503158		-1.0
	24174.99999999	2.68917		0.03409     0.2    0.2		4.1705503158		-1.0
	24219.99999999	2.70665		0.04718     0.2    0.2		4.1705503158		-1.0
	24264.99999999	2.73606		0.05307     0.2    0.2		4.1705503158		-1.0
	24309.99999999	2.80201		0.36389     0.2    0.2		4.1705503158		-1.0
	24354.99999999	3.18026		0.08415     0.2    0.2		4.1705503158		-1.0
	24399.99999999	3.16392		0.48743     0.2    0.2		4.1705503158		-1.0
	24444.99999999	3.11594		0.38646     0.2    0.2		4.1705503158		-1.0
	24489.99999999	3.17475		-0.05839     0.2    0.2		4.1705503158		-1.0
	24534.99999999	2.68052		0.03971     0.2    0.2		4.1705503158		-1.0
	24579.99999999	3.44602		-0.12793     0.2    0.2		4.1705503158		-1.0
	24624.99999999	3.37943		-0.21403     0.2    0.2		4.1705503158		-1.0
	24669.99999999	3.11916		0.04587     0.2    0.2		4.1705503158		-1.0
	24714.99999999	3.57449		-0.26604     0.2    0.2		4.1705503158		-1.0
	24759.99999999	2.95042		0.03854     0.2    0.2		4.1705503158		-1.0
	24804.99999999	3.21612		-0.27648     0.2    0.2		4.1705503158		-1.0
	24849.99999999	3.31899		-0.02747     0.2    0.2		4.1705503158		-1.0
	24894.99999999	3.28149		-0.12572     0.2    0.2		4.1705503158		-1.0
	24939.99999999	2.88828		0.04181     0.2    0.2		4.1705503158		-1.0
	24984.99999999	2.78497		0.14137     0.2    0.2		4.1705503158		-1.0
	25029.99999999	2.69697		0.23173     0.2    0.2		4.1705503158		-1.0
	25074.99999999	2.67651		0.44438     0.2    0.2		4.1705503158		-1.0
	25119.99999999	2.74003		0.69792     0.2    0.2		4.1705503158		-1.0
	25164.99999999	2.76086		0.84154     0.2    0.2		4.1705503158		-1.0
	25209.99999999	2.56935		1.06714     0.2    0.2		4.1705503158		-1.0
	25254.99999999	2.6407		1.28839     0.2    0.2		4.1705503158		-1.0
	25299.99999999	2.70658		1.46073     0.2    0.2		4.1705503158		-1.0
	25344.99999999	2.73975		1.50684     0.2    0.2		4.1705503158		-1.0
	25389.99999999	2.81292		1.72186     0.2    0.2		4.1705503158		-1.0
	25434.99999999	3.57807		1.85605     0.2    0.2		4.1705503158		-1.0
	25479.99999999	3.18542		1.97886     0.2    0.2		4.1705503158		-1.0
	25524.99999999	3.12779		2.19256     0.2    0.2		4.1705503158		-1.0
	25569.99999999	3.50786		2.26118     0.2    0.2		4.1705503158		-1.0
	25614.99999999	3.08836		2.54167     0.2    0.2		4.1705503158		-1.0
	25659.99999999	3.30461		2.73474     0.2    0.2		4.1705503158		-1.0
	25704.99999999	3.39031		2.88985     0.2    0.2		4.1705503158		-1.0
	25749.99999999	3.39542		-2.92948     0.2    0.2		4.1705503158		-1.0
	25794.99999999	3.50128		-2.89004     0.2    0.2		4.1705503158		-1.0
	25839.99999999	3.32084		-2.50126     0.2    0.2		4.1705503158		-1.0
	25884.99999999	3.5054		-2.25194     0.2    0.2		4.1705503158		-1.0
	25929.99999999	3.56766		-2.22959     0.2    0.2		4.1705503158		-1.0
	25974.99999999	3.45299		-1.82816     0.2    0.2		4.1705503158		-1.0
	26019.99999999	3.09834		-2.16289     0.2    0.2		4.1705503158		-1.0
	26064.99999999	3.46859		-2.00191     0.2    0.2		4.1705503158		-1.0
	26109.99999999	3.51609		-2.2292     0.2    0.2		4.1705503158		-1.0
	26154.99999999	3.14824		-2.33706     0.2    0.2		4.1705503158		-1.0
	26199.99999999	2.76555		-2.48665     0.2    0.2		4.1705503158		-1.0
	26244.99999999	3.3446		-2.65575     0.2    0.2		4.1705503158		-1.0
	26289.99999999	3.412		-2.81884     0.2    0.2		4.1705503158		-1.0
	26334.99999999	3.50993		-2.8375     0.2    0.2		4.1705503158		-1.0
	26379.99999999	3.40605		-2.7799     0.2    0.2		4.1705503158		-1.0
	26424.99999999	3.68297		-2.83587     0.2    0.2		4.1705503158		-1.0
	26469.99999999	2.82338		-2.70055     0.2    0.2		4.1705503158		-1.0
	26514.99999999	2.77336		-2.66921     0.2    0.2		4.1705503158		-1.0
	26559.99999999	2.56971		-2.86822     0.2    0.2		4.1705503158		-1.0
	26604.99999999	2.76573		-2.72161     0.2    0.2		4.1705503158		-1.0
	26649.99999999	2.58698		-2.93804     0.2    0.2		4.1705503158		-1.0
	26694.99999999	2.59678		3.02206     0.2    0.2		4.1705503158		-1.0
	26739.99999999	2.61382		2.73029     0.2    0.2		4.1705503158		-1.0
	26784.99999999	2.62445		2.43531     0.2    0.2		4.1705503158		-1.0
	26829.99999999	2.78108		1.91962     0.2    0.2		4.1705503158		-1.0
	26874.99999999	2.72329		1.94968     0.2    0.2		4.1705503158		-1.0
	26919.99999999	2.93115		1.60765     0.2    0.2		4.1705503158		-1.0
	26964.99999999	3.11516		1.47745     0.2    0.2		4.1705503158		-1.0
	27009.99999999	2.62741		1.22161     0.2    0.2		4.1705503158		-1.0
	27054.99999999	2.81278		0.85894     0.2    0.2		4.1705503158		-1.0
	27099.99999999	2.89468		0.96343     0.2    0.2		4.1705503158		-1.0
	27144.99999999	3.50002		0.79213     0.2    0.2		4.1705503158		-1.0
	27189.99999999	3.50892		0.68039     0.2    0.2		4.1705503158		-1.0
	27234.99999998	3.41386		0.67642     0.2    0.2		4.1705503158		-1.0
	27279.99999998	3.00977		0.87029     0.2    0.2		4.1705503158		-1.0
	27324.99999998	3.35936		1.4293     0.2    0.2		4.1705503158		-1.0
	27369.99999998	3.23948		1.92422     0.2    0.2		4.1705503158		-1.0
	27414.99999998	3.27038		2.38225     0.2    0.2		4.1705503158		-1.0
	27459.99999998	3.2916		2.71019     0.2    0.2		4.1705503158		-1.0
	27504.99999998	3.32925		3.01849     0.2    0.2		4.1705503158		-1.0
	27549.99999998	3.38997		3.0708     0.2    0.2		4.1705503158		-1.0
	27594.99999998	3.41405		3.10343     0.2    0.2		4.1705503158		-1.0
	27639.99999998	3.22517		2.91702     0.2    0.2		4.1705503158		-1.0
	27684.99999998	3.19575		2.59608     0.2    0.2		4.1705503158		-1.0
	27729.99999998	3.48322		2.47224     0.2    0.2		4.1705503158		-1.0
	27774.99999998	3.59844		2.50155     0.2    0.2		4.1705503158		-1.0
	27819.99999998	2.95862		2.57824     0.2    0.2		4.1705503158		-1.0
	27864.99999998	2.54513		2.78193     0.2    0.2		4.1705503158		-1.0
	27909.99999998	2.58757		-3.03353     0.2    0.2		4.1705503158		-1.0
	27954.99999998	2.61866		-2.88869     0.2    0.2		4.1705503158		-1.0
	27999.99999998	2.73994		-2.40491     0.2    0.2		4.1705503158		-1.0
	28044.99999998	2.73462		-1.89423     0.2    0.2		4.1705503158		-1.0
	28089.99999998	2.74483		-1.44773     0.2    0.2		4.1705503158		-1.0
	28134.99999998	2.61044		-1.20834     0.2    0.2		4.1705503158		-1.0
	28179.99999998	2.64076		-1.14969     0.2    0.2		4.1705503158		-1.0
	28224.99999998	2.58957		-0.49426     0.2    0.2		4.1705503158		-1.0
	28269.99999998	2.60464		-0.43853     0.2    0.2		4.1705503158		-1.0
	28314.99999998	3.73212		-0.2093     0.2    0.2		4.1705503158		-1.0
	28359.99999998	3.28509		0.099     0.2    0.2		4.1705503158		-1.0
	28404.99999998	3.42649		0.13405     0.2    0.2		4.1705503158		-1.0
	28449.99999998	3.48892		0.41135     0.2    0.2		4.1705503158		-1.0
	28494.99999998	3.5405		0.43643     0.2    0.2		4.1705503158		-1.0
	28539.99999998	3.2186		0.2386     0.2    0.2		4.1705503158		-1.0
	28584.99999998	2.73841		0.42603     0.2    0.2		4.1705503158		-1.0
	28629.99999998	3.09817		0.08271     0.2    0.2		4.1705503158		-1.0
	28674.99999998	3.16473		-0.04374     0.2    0.2		4.1705503158		-1.0
	28719.99999998	2.93605		-0.47628     0.2    0.2		4.1705503158		-1.0
	28764.99999998	3.23924		-1.09124     0.2    0.2		4.1705503158		-1.0
	28809.99999998	3.40911		-1.7362     0.2    0.2		4.1705503158		-1.0
	28854.99999998	3.49825		-2.00611     0.2    0.2		4.1705503158		-1.0
	28899.99999998	2.77256		-2.23835     0.2    0.2		4.1705503158		-1.0
	28944.99999998	2.86465		-2.26837     0.2    0.2		4.1705503158		-1.0
	28989.99999998	3.62654		-2.32018     0.2    0.2		4.1705503158		-1.0
	29034.99999998	2.99047		-2.32781     0.2    0.2		4.1705503158		-1.0
	29079.99999998	2.96235		-2.1526     0.2    0.2		4.1705503158		-1.0
	29124.99999998	2.92576		-2.11469     0.2    0.2		4.1705503158		-1.0
	29169.99999998	2.59177		-1.85973     0.2    0.2		4.1705503158		-1.0
	29214.99999998	2.68888		-1.66477     0.2    0.2		4.1705503158		-1.0
	29259.99999998	2.58059		-1.50658     0.2    0.2		4.1705503158		-1.0
	29304.99999998	3.94235		-1.11908     0.2    0.2		4.1705503158		-1.0
	29349.99999998	5.46578		-1.13151     0.2    0.2		4.1705503158		-1.0
	29394.99999998	7.04625		-0.95761     0.2    0.2		4.1705503158		-1.0
	29439.99999998	8.68302		-0.92515     0.2    0.2		4.1705503158		-1.0
	29484.99999998	8.98449		-0.57712     0.2    0.2		4.1705503158		-1.0
	29529.99999998	8.17441		-0.42458     0.2    0.2		4.1705503158		-1.0
	29574.99999998	6.82941		-0.12492     0.2    0.2		4.1705503158		-1.0
	29619.99999998	5.96601		-0.1959     0.2    0.2		4.1705503158		-1.0
	29664.99999998	5.40479		0.10119     0.2    0.2		4.1705503158		-1.0
	29709.99999998	6.05802		0.32115     0.2    0.2		4.1705503158		-1.0
	29754.99999998	7.08884		0.76971     0.2    0.2		4.1705503158		-1.0
	29799.99999998	7.89715		1.14563     0.2    0.2		4.1705503158		-1.0
	29844.99999998	8.30629		1.79803     0.2    0.2		4.1705503158		-1.0
	29889.99999998	8.39484		2.00321     0.2    0.2		4.1705503158		-1.0
	29934.99999998	8.89358		2.12724     0.2    0.2		4.1705503158		-1.0
	29979.99999998	9.59314		1.96525     0.2    0.2		4.1705503158		-1.0
	30024.99999998	10.24729		2.00379     0.2    0.2		4.1705503158		-1.0
	30069.99999998	11.15833		1.6242     0.2    0.2		4.1705503158		-1.0
	30114.99999998	11.84537		0.55192     0.2    0.2		4.1705503158		-1.0
	30159.99999998	11.67467		0.25125     0.2    0.2		4.1705503158		-1.0
	30204.99999998	10.87769		0.38525     0.2    0.2		4.1705503158		-1.0
	30249.99999998	9.95517		0.69205     0.2    0.2		4.1705503158		-1.0
	30294.99999998	8.77353		1.03318     0.2    0.2		4.1705503158		-1.0
	30339.99999998	7.86524		1.42197     0.2    0.2		4.1705503158		-1.0
	30384.99999998	7.15188		1.56799     0.2    0.2		4.1705503158		-1.0
	30429.99999998	7.39515		1.75056     0.2    0.2		4.1705503158		-1.0
	30474.99999998	8.51028		1.76848     0.2    0.2		4.1705503158		-1.0
	30519.99999998	9.365		2.05385     0.2    0.2		4.1705503158		-1.0
	30564.99999998	9.79839		1.18673     0.2    0.2		4.1705503158		-1.0
	30609.99999998	9.52613		0.3573     0.2    0.2		4.1705503158		-1.0
	30654.99999998	9.07055		0.53885     0.2    0.2		4.1705503158		-1.0
	30699.99999998	7.90362		0.3338     0.2    0.2		4.1705503158		-1.0
	30744.99999998	7.15772		0.41503     0.2    0.2		4.1705503158		-1.0
	30789.99999998	8.0912		0.47336     0.2    0.2		4.1705503158		-1.0
	30834.99999998	9.09253		0.60335     0.2    0.2		4.1705503158		-1.0
	30879.99999998	10.63352		0.6659     0.2    0.2		4.1705503158		-1.0
	30924.99999998	12.26693		0.62468     0.2    0.2		4.1705503158		-1.0
	30969.99999998	13.06952		1.01535     0.2    0.2		4.1705503158		-1.0
	31014.99999998	13.43506		0.94418     0.2    0.2		4.1705503158		-1.0
	31059.99999998	13.82377		0.961     0.2    0.2		4.1705503158		-1.0
	31104.99999998	14.28561		0.38604     0.2    0.2		4.1705503158		-1.0
	31149.99999998	14.31067		-0.10129     0.2    0.2		4.1705503158		-1.0
	31194.99999998	14.27267		-2.316     0.2    0.2		4.1705503158		-1.0
	31239.99999998	13.72168		2.33968     0.2    0.2		4.1705503158		-1.0
	31284.99999998	13.17279		2.02305     0.2    0.2		4.1705503158		-1.0
	31329.99999998	12.31822		1.36802     0.2    0.2		4.1705503158		-1.0
	31374.99999998	11.40867		0.95118     0.2    0.2		4.1705503158		-1.0
	31419.99999998	10.50638		0.58149     0.2    0.2		4.1705503158		-1.0
	31464.99999998	10.0083		0.20781     0.2    0.2		4.1705503158		-1.0
	31509.99999998	9.98405		-0.02854     0.2    0.2		4.1705503158		-1.0
	31554.99999998	10.23841		-0.45198     0.2    0.2		4.1705503158		-1.0
	31599.99999998	11.13522		-0.603     0.2    0.2		4.1705503158		-1.0
	31644.99999998	12.22308		-0.57114     0.2    0.2		4.1705503158		-1.0
	31689.99999998	13.4528		-0.3927     0.2    0.2		4.1705503158		-1.0
	31734.99999998	14.24177		-0.41048     0.2    0.2		4.1705503158		-1.0
	31779.99999998	15.11221		-2.00302     0.2    0.2		4.1705503158		-1.0
	31824.99999998	15.61186		2.63621     0.2    0.2		4.1705503158		-1.0
	31869.99999998	15.77686		2.40898     0.2    0.2		4.1705503158		-1.0
	31914.99999998	15.87584		2.01945     0.2    0.2		4.1705503158		-1.0
	31959.99999998	15.82766		1.59823     0.2    0.2		4.1705503158		-1.0
	32004.99999998	15.6787		1.1592     0.2    0.2		4.1705503158		-1.0
	32049.99999998	15.35228		0.70279     0.2    0.2		4.1705503158		-1.0
	32094.99999998	14.97145		0.23657     0.2    0.2		4.1705503158		-1.0
	32139.99999998	14.50134		-0.35429     0.2    0.2		4.1705503158		-1.0
	32184.99999998	14.49645		-0.86501     0.2    0.2		4.1705503158		-1.0
	32229.99999998	13.91309		-1.43976     0.2    0.2		4.1705503158		-1.0
	32274.99999998	13.42326		-1.17493     0.2    0.2		4.1705503158		-1.0
	32319.99999998	12.75125		0.51934     0.2    0.2		4.1705503158		-1.0
	32364.99999998	12.10356		0.71464     0.2    0.2		4.1705503158		-1.0
	32409.99999998	11.10676		0.78978     0.2    0.2		4.1705503158		-1.0
	32454.99999998	9.91405		0.79826     0.2    0.2		4.1705503158		-1.0
	32499.99999998	8.66269		0.81881     0.2    0.2		4.1705503158		-1.0
	32544.99999998	7.54105		0.98137     0.2    0.2		4.1705503158		-1.0
	32589.99999998	6.57582		1.14004     0.2    0.2		4.1705503158		-1.0
	32634.99999998	6.11622		1.36912     0.2    0.2		4.1705503158		-1.0
	32679.99999998	6.75742		1.37318     0.2    0.2		4.1705503158		-1.0
	32724.99999998	7.6425		1.26972     0.2    0.2		4.1705503158		-1.0
	32769.99999998	8.74475		0.96923     0.2    0.2		4.1705503158		-1.0
	32814.99999998	9.90016		0.95218     0.2    0.2		4.1705503158		-1.0
	32859.99999998	10.92278		1.40024     0.2    0.2		4.1705503158		-1.0
	32904.99999998	11.84908		1.86007     0.2    0.2		4.1705503158		-1.0
	32949.99999998	12.7238		2.36075     0.2    0.2		4.1705503158		-1.0
	32994.99999998	13.48336		2.57811     0.2    0.2		4.1705503158		-1.0
	33039.99999998	14.1845		2.49634     0.2    0.2		4.1705503158		-1.0
	33084.99999998	14.58729		1.21042     0.2    0.2		4.1705503158		-1.0
	33129.99999998	14.20766		0.83005     0.2    0.2		4.1705503158		-1.0
	33174.99999998	13.56911		0.80761     0.2    0.2		4.1705503158		-1.0
	33219.99999998	13.03859		0.64558     0.2    0.2		4.1705503158		-1.0
	33264.99999998	12.40862		0.18565     0.2    0.2		4.1705503158		-1.0
	33309.99999998	11.6141		-0.24491     0.2    0.2		4.1705503158		-1.0
	33354.99999998	11.00387		-0.79069     0.2    0.2		4.1705503158		-1.0
	33399.99999998	10.81972		-1.11146     0.2    0.2		4.1705503158		-1.0
	33444.99999998	10.89581		-1.74974     0.2    0.2		4.1705503158		-1.0
	33489.99999998	11.43548		-2.02498     0.2    0.2		4.1705503158		-1.0
	33534.99999998	12.42654		-2.05663     0.2    0.2		4.1705503158		-1.0
	33579.99999998	12.82589		-0.67051     0.2    0.2		4.1705503158		-1.0
	33624.99999998	12.14901		0.2327     0.2    0.2		4.1705503158		-1.0
	33669.99999998	11.30111		0.03544     0.2    0.2		4.1705503158		-1.0
	33714.99999998	10.81142		-0.17372     0.2    0.2		4.1705503158		-1.0
	33759.99999997	10.59367		-0.34919     0.2    0.2		4.1705503158		-1.0
	33804.99999997	10.06195		-0.45148     0.2    0.2		4.1705503158		-1.0
	33849.99999997	9.33473		-0.1077     0.2    0.2		4.1705503158		-1.0
	33894.99999997	8.46451		-0.12155     0.2    0.2		4.1705503158		-1.0
	33939.99999997	7.97452		-0.34562     0.2    0.2		4.1705503158		-1.0
	33984.99999997	8.03921		-1.19411     0.2    0.2		4.1705503158		-1.0
	34029.99999997	7.75597		-1.85374     0.2    0.2		4.1705503158		-1.0
	34074.99999997	6.99979		-2.62367     0.2    0.2		4.1705503158		-1.0
	34119.99999997	6.21188		3.05966     0.2    0.2		4.1705503158		-1.0
	34164.99999997	5.94388		2.58299     0.2    0.2		4.1705503158		-1.0
	34209.99999997	6.34845		2.68194     0.2    0.2		4.1705503158		-1.0
	34254.99999997	7.32329		2.71406     0.2    0.2		4.1705503158		-1.0
	34299.99999997	7.6113		-3.06222     0.2    0.2		4.1705503158		-1.0
	34344.99999997	7.99396		-2.94248     0.2    0.2		4.1705503158		-1.0
	34389.99999997	8.64106		-2.49815     0.2    0.2		4.1705503158		-1.0
	34434.99999997	9.71692		-2.07531     0.2    0.2		4.1705503158		-1.0
	34479.99999997	10.49772		-1.53482     0.2    0.2		4.1705503158		-1.0
