	45.00000000	2.98806		1.07929     0.2    0.2		4.1705503158		-1.0
	90.00000000	2.83574		1.46814     0.2    0.2		4.1705503158		-1.0
	135.00000000	2.89338		1.1813     0.2    0.2		4.1705503158		-1.0
	180.00000000	2.84476		1.08708     0.2    0.2		4.1705503158		-1.0
	225.00000000	2.99771		0.83503     0.2    0.2		4.1705503158		-1.0
	270.00000000	2.93985		0.554     0.2    0.2		4.1705503158		-1.0
	315.00000000	2.90307		0.14037     0.2    0.2		4.1705503158		-1.0
	360.00000000	2.90032		0.01056     0.2    0.2		4.1705503158		-1.0
	405.00000000	3.03235		-0.38185     0.2    0.2		4.1705503158		-1.0
	450.00000000	2.89819		-0.76021     0.2    0.2		4.1705503158		-1.0
	495.00000000	2.84244		-0.97831     0.2    0.2		4.1705503158		-1.0
	540.00000000	2.90053		-1.27694     0.2    0.2		4.1705503158		-1.0
	585.00000000	3.00791		-1.527     0.2    0.2		4.1705503158		-1.0
	630.00000000	2.87014		-1.69428     0.2    0.2		4.1705503158		-1.0
	675.00000000	2.83943		-1.72092     0.2    0.2		4.1705503158		-1.0
	720.00000000	3.02498		-1.44903     0.2    0.2		4.1705503158		-1.0
	765.00000000	2.95417		-1.16896     0.2    0.2		4.1705503158		-1.0
	810.00000000	2.96374		-0.83974     0.2    0.2		4.1705503158		-1.0
	855.00000000	2.83451		-0.68075     0.2    0.2		4.1705503158		-1.0
	900.00000000	2.81486		-0.95898     0.2    0.2		4.1705503158		-1.0
	945.00000000	2.85912		-0.53176     0.2    0.2		4.1705503158		-1.0
	990.00000000	2.87357		-0.56639     0.2    0.2		4.1705503158		-1.0
	1035.00000000	2.91951		-0.71565     0.2    0.2		4.1705503158		-1.0
	1080.00000000	2.93055		-0.91507     0.2    0.2		4.1705503158		-1.0
	1125.00000000	2.94256		-1.23295     0.2    0.2		4.1705503158		-1.0
	1170.00000000	2.91736		-1.27522     0.2    0.2		4.1705503158		-1.0
	1215.00000000	2.90874		-1.93803     0.2    0.2		4.1705503158		-1.0
	1260.00000000	2.92523		-2.40399     0.2    0.2		4.1705503158		-1.0
	1305.00000000	2.89733		-2.59274     0.2    0.2		4.1705503158		-1.0
	1350.00000000	2.93312		-3.08205     0.2    0.2		4.1705503158		-1.0
	1395.00000000	2.85567		-3.11538     0.2    0.2		4.1705503158		-1.0
	1440.00000000	2.84826		2.86031     0.2    0.2		4.1705503158		-1.0
	1485.00000000	3.06924		3.00319     0.2    0.2		4.1705503158		-1.0
	1530.00000000	2.8433		2.88189     0.2    0.2		4.1705503158		-1.0
	1575.00000000	2.87222		-2.98853     0.2    0.2		4.1705503158		-1.0
	1620.00000000	2.85209		-2.72346     0.2    0.2		4.1705503158		-1.0
	1665.00000000	3.05459		-2.38678     0.2    0.2		4.1705503158		-1.0
	1710.00000000	2.89803		-2.15344     0.2    0.2		4.1705503158		-1.0
	1755.00000000	2.89597		-2.06714     0.2    0.2		4.1705503158		-1.0
	1800.00000000	2.80284		-2.14318     0.2    0.2		4.1705503158		-1.0
	1845.00000000	2.88462		-2.45934     0.2    0.2		4.1705503158		-1.0
	1890.00000000	2.92192		-2.78789     0.2    0.2		4.1705503158		-1.0
	1935.00000000	2.90761		-2.99993     0.2    0.2		4.1705503158		-1.0
	1980.00000000	3.00845		2.98071     0.2    0.2		4.1705503158		-1.0
	2025.00000000	2.92468		2.52662     0.2    0.2		4.1705503158		-1.0
	2070.00000000	2.86586		2.42153     0.2    0.2		4.1705503158		-1.0
	2115.00000000	2.91399		1.83042     0.2    0.2		4.1705503158		-1.0
	2160.00000000	2.97202		1.43301     0.2    0.2		4.1705503158		-1.0
	2205.00000000	2.88126		0.65093     0.2    0.2		4.1705503158		-1.0
	2250.00000000	2.87848		0.7439     0.2    0.2		4.1705503158		-1.0
	2295.00000000	2.86125		0.52494     0.2    0.2		4.1705503158		-1.0
	2340.00000000	2.88681		0.3236     0.2    0.2		4.1705503158		-1.0
	2385.00000000	3.00013		0.04754     0.2    0.2		4.1705503158		-1.0
	2430.00000000	2.94653		-0.2908     0.2    0.2		4.1705503158		-1.0
	2475.00000000	2.87418		-0.47484     0.2    0.2		4.1705503158		-1.0
	2520.00000000	3.02493		-0.87193     0.2    0.2		4.1705503158		-1.0
	2565.00000000	3.11347		-1.21454     0.2    0.2		4.1705503158		-1.0
	2610.00000000	3.02048		-1.40274     0.2    0.2		4.1705503158		-1.0
	2655.00000000	2.83618		-1.38233     0.2    0.2		4.1705503158		-1.0
	2700.00000000	2.85759		-1.62713     0.2    0.2		4.1705503158		-1.0
	2745.00000000	2.8538		-1.75281     0.2    0.2		4.1705503158		-1.0
	2790.00000000	3.03577		-1.48515     0.2    0.2		4.1705503158		-1.0
	2835.00000000	2.80162		-1.0764     0.2    0.2		4.1705503158		-1.0
	2880.00000000	3.08905		-0.86176     0.2    0.2		4.1705503158		-1.0
	2925.00000000	3.08016		-0.7909     0.2    0.2		4.1705503158		-1.0
	2970.00000000	3.04243		-0.7753     0.2    0.2		4.1705503158		-1.0
	3015.00000000	2.82368		-0.36569     0.2    0.2		4.1705503158		-1.0
	3060.00000000	2.84073		0.10615     0.2    0.2		4.1705503158		-1.0
	3105.00000000	2.85843		0.85015     0.2    0.2		4.1705503158		-1.0
	3150.00000000	2.83818		1.29979     0.2    0.2		4.1705503158		-1.0
	3195.00000000	2.83954		1.66791     0.2    0.2		4.1705503158		-1.0
	3240.00000000	2.95501		2.11824     0.2    0.2		4.1705503158		-1.0
	3285.00000000	2.97803		2.23273     0.2    0.2		4.1705503158		-1.0
	3330.00000000	2.87496		2.23976     0.2    0.2		4.1705503158		-1.0
	3375.00000000	2.90182		2.32947     0.2    0.2		4.1705503158		-1.0
	3420.00000000	2.90158		2.26609     0.2    0.2		4.1705503158		-1.0
	3465.00000000	2.96851		2.13145     0.2    0.2		4.1705503158		-1.0
	3510.00000000	2.96213		1.87138     0.2    0.2		4.1705503158		-1.0
	3555.00000000	2.90041		1.61545     0.2    0.2		4.1705503158		-1.0
	3600.00000000	2.92167		1.3488     0.2    0.2		4.1705503158		-1.0
	3645.00000000	3.07268		1.39359     0.2    0.2		4.1705503158		-1.0
	3690.00000000	3.02551		1.5014     0.2    0.2		4.1705503158		-1.0
	3735.00000000	2.93415		1.90505     0.2    0.2		4.1705503158		-1.0
	3780.00000000	2.88757		1.88054     0.2    0.2		4.1705503158		-1.0
	3825.00000000	2.77235		1.82637     0.2    0.2		4.1705503158		-1.0
	3870.00000000	2.83877		1.79622     0.2    0.2		4.1705503158		-1.0
	3915.00000000	3.02252		1.40675     0.2    0.2		4.1705503158		-1.0
	3960.00000000	2.99111		1.03871     0.2    0.2		4.1705503158		-1.0
	4005.00000000	2.98933		0.80598     0.2    0.2		4.1705503158		-1.0
	4050.00000000	3.09629		0.43716     0.2    0.2		4.1705503158		-1.0
	4095.00000000	2.92554		0.11382     0.2    0.2		4.1705503158		-1.0
	4140.00000000	3.08435		-0.17639     0.2    0.2		4.1705503158		-1.0
	4185.00000000	2.91785		-0.35904     0.2    0.2		4.1705503158		-1.0
	4230.00000000	2.81243		-0.79066     0.2    0.2		4.1705503158		-1.0
	4275.00000000	2.80647		-1.2255     0.2    0.2		4.1705503158		-1.0
	4320.00000000	2.7643		-1.51471     0.2    0.2		4.1705503158		-1.0
	4365.00000000	2.86283		-2.00122     0.2    0.2		4.1705503158		-1.0
	4410.00000000	2.94364		-2.03656     0.2    0.2		4.1705503158		-1.0
	4455.00000000	3.10154		-2.11135     0.2    0.2		4.1705503158		-1.0
	4500.00000000	2.94892		-2.06215     0.2    0.2		4.1705503158		-1.0
	4545.00000000	2.86645		-1.78656     0.2    0.2		4.1705503158		-1.0
	4590.00000000	3.05313		-1.70129     0.2    0.2		4.1705503158		-1.0
	4635.00000000	2.95723		-1.28958     0.2    0.2		4.1705503158		-1.0
	4680.00000000	2.72743		-0.92835     0.2    0.2		4.1705503158		-1.0
	4725.00000000	3.15915		-0.92538     0.2    0.2		4.1705503158		-1.0
	4770.00000000	3.16252		-0.91901     0.2    0.2		4.1705503158		-1.0
	4815.00000000	2.87368		-0.91377     0.2    0.2		4.1705503158		-1.0
	4860.00000000	2.91546		-1.3838     0.2    0.2		4.1705503158		-1.0
	4905.00000000	2.82432		-1.68829     0.2    0.2		4.1705503158		-1.0
	4950.00000000	2.93577		-2.15945     0.2    0.2		4.1705503158		-1.0
	4995.00000000	2.88643		-2.56521     0.2    0.2		4.1705503158		-1.0
	5040.00000000	2.74422		-3.02374     0.2    0.2		4.1705503158		-1.0
	5085.00000000	2.88455		3.01653     0.2    0.2		4.1705503158		-1.0
	5130.00000000	2.87041		2.47599     0.2    0.2		4.1705503158		-1.0
	5175.00000000	2.96099		2.61354     0.2    0.2		4.1705503158		-1.0
	5220.00000000	3.02548		2.65163     0.2    0.2		4.1705503158		-1.0
	5265.00000000	2.97679		-3.06506     0.2    0.2		4.1705503158		-1.0
	5310.00000000	2.84449		-2.78198     0.2    0.2		4.1705503158		-1.0
	5355.00000000	2.82247		-2.57996     0.2    0.2		4.1705503158		-1.0
	5400.00000000	3.08016		-2.38304     0.2    0.2		4.1705503158		-1.0
	5445.00000000	2.94212		-2.11413     0.2    0.2		4.1705503158		-1.0
	5490.00000000	3.20625		-2.06651     0.2    0.2		4.1705503158		-1.0
	5535.00000000	2.768		-2.29376     0.2    0.2		4.1705503158		-1.0
	5580.00000000	3.14116		-2.75693     0.2    0.2		4.1705503158		-1.0
	5625.00000000	3.12692		-2.9925     0.2    0.2		4.1705503158		-1.0
	5670.00000000	2.9484		-3.04798     0.2    0.2		4.1705503158		-1.0
	5715.00000000	2.86184		2.69818     0.2    0.2		4.1705503158		-1.0
	5760.00000000	2.85819		2.68329     0.2    0.2		4.1705503158		-1.0
	5805.00000000	2.83566		2.54091     0.2    0.2		4.1705503158		-1.0
	5850.00000000	3.05209		2.51431     0.2    0.2		4.1705503158		-1.0
	5895.00000000	3.13287		2.57318     0.2    0.2		4.1705503158		-1.0
	5940.00000000	2.7223		3.04248     0.2    0.2		4.1705503158		-1.0
	5985.00000000	3.12657		-3.12207     0.2    0.2		4.1705503158		-1.0
	6030.00000000	3.10747		-2.77318     0.2    0.2		4.1705503158		-1.0
	6075.00000000	2.83166		-2.82215     0.2    0.2		4.1705503158		-1.0
	6120.00000000	2.71195		-2.51761     0.2    0.2		4.1705503158		-1.0
	6165.00000000	2.84572		-2.62813     0.2    0.2		4.1705503158		-1.0
	6210.00000000	3.19941		-2.49077     0.2    0.2		4.1705503158		-1.0
	6255.00000000	2.89577		-2.62483     0.2    0.2		4.1705503158		-1.0
	6300.00000000	3.15993		-2.52345     0.2    0.2		4.1705503158		-1.0
	6345.00000000	2.72332		-2.268     0.2    0.2		4.1705503158		-1.0
	6390.00000000	3.02956		-2.31788     0.2    0.2		4.1705503158		-1.0
	6435.00000000	2.73149		-2.33872     0.2    0.2		4.1705503158		-1.0
	6480.00000000	3.24798		-2.4133     0.2    0.2		4.1705503158		-1.0
	6525.00000000	2.71275		-2.43041     0.2    0.2		4.1705503158		-1.0
	6570.00000000	2.96691		-2.84467     0.2    0.2		4.1705503158		-1.0
	6615.00000000	3.01066		3.00306     0.2    0.2		4.1705503158		-1.0
	6660.00000000	2.75013		2.53159     0.2    0.2		4.1705503158		-1.0
	6705.00000000	3.15187		2.20673     0.2    0.2		4.1705503158		-1.0
	6750.00000000	3.04304		1.86667     0.2    0.2		4.1705503158		-1.0
	6795.00000000	2.90466		1.50014     0.2    0.2		4.1705503158		-1.0
	6840.00000000	2.85641		1.01051     0.2    0.2		4.1705503158		-1.0
	6885.00000000	3.13752		0.95117     0.2    0.2		4.1705503158		-1.0
	6930.00000000	2.90821		0.44991     0.2    0.2		4.1705503158		-1.0
	6975.00000000	2.92713		0.54573     0.2    0.2		4.1705503158		-1.0
	7020.00000000	3.22763		0.07025     0.2    0.2		4.1705503158		-1.0
	7065.00000000	3.22265		0.27733     0.2    0.2		4.1705503158		-1.0
	7110.00000000	3.10542		0.11367     0.2    0.2		4.1705503158		-1.0
	7155.00000000	3.02991		0.25389     0.2    0.2		4.1705503158		-1.0
	7200.00000000	2.92939		0.22271     0.2    0.2		4.1705503158		-1.0
	7245.00000000	2.68853		0.04523     0.2    0.2		4.1705503158		-1.0
	7290.00000000	2.91076		-0.08595     0.2    0.2		4.1705503158		-1.0
	7335.00000000	2.89024		-0.42073     0.2    0.2		4.1705503158		-1.0
	7380.00000000	3.2782		-0.56124     0.2    0.2		4.1705503158		-1.0
	7425.00000000	2.89203		-0.33261     0.2    0.2		4.1705503158		-1.0
	7470.00000000	2.93953		-0.5843     0.2    0.2		4.1705503158		-1.0
	7515.00000000	3.00742		-0.23827     0.2    0.2		4.1705503158		-1.0
	7560.00000000	2.70483		0.11115     0.2    0.2		4.1705503158		-1.0
	7605.00000000	3.02264		-0.24114     0.2    0.2		4.1705503158		-1.0
	7650.00000000	2.74859		-0.46376     0.2    0.2		4.1705503158		-1.0
	7695.00000000	2.77187		-0.77713     0.2    0.2		4.1705503158		-1.0
	7740.00000000	2.80497		-1.15365     0.2    0.2		4.1705503158		-1.0
	7785.00000000	2.71283		-1.16629     0.2    0.2		4.1705503158		-1.0
	7830.00000000	2.90338		-1.78743     0.2    0.2		4.1705503158		-1.0
	7875.00000000	3.15625		-1.65767     0.2    0.2		4.1705503158		-1.0
	7920.00000000	3.09385		-1.6407     0.2    0.2		4.1705503158		-1.0
	7965.00000000	2.84832		-1.51609     0.2    0.2		4.1705503158		-1.0
	8010.00000000	2.67508		-1.35117     0.2    0.2		4.1705503158		-1.0
	8055.00000000	3.25472		-1.1898     0.2    0.2		4.1705503158		-1.0
	8100.00000000	3.24218		-1.31675     0.2    0.2		4.1705503158		-1.0
	8145.00000000	3.35256		-1.51814     0.2    0.2		4.1705503158		-1.0
	8190.00000000	3.16961		-1.69982     0.2    0.2		4.1705503158		-1.0
	8235.00000000	3.00923		-1.8144     0.2    0.2		4.1705503158		-1.0
	8280.00000000	2.82523		-1.92496     0.2    0.2		4.1705503158		-1.0
	8325.00000000	2.69074		-1.77509     0.2    0.2		4.1705503158		-1.0
	8370.00000000	3.0938		-1.94258     0.2    0.2		4.1705503158		-1.0
	8415.00000000	2.73438		-2.17689     0.2    0.2		4.1705503158		-1.0
	8460.00000000	2.95247		-2.46248     0.2    0.2		4.1705503158		-1.0
	8505.00000000	2.97613		-2.66425     0.2    0.2		4.1705503158		-1.0
	8550.00000000	2.96524		-2.7811     0.2    0.2		4.1705503158		-1.0
	8595.00000000	2.74696		2.84906     0.2    0.2		4.1705503158		-1.0
	8640.00000000	3.2841		2.75431     0.2    0.2		4.1705503158		-1.0
	8685.00000000	2.76702		2.74921     0.2    0.2		4.1705503158		-1.0
	8730.00000000	3.29265		-3.13057     0.2    0.2		4.1705503158		-1.0
	8775.00000000	3.29456		-3.00819     0.2    0.2		4.1705503158		-1.0
	8820.00000000	3.39176		-2.65795     0.2    0.2		4.1705503158		-1.0
	8865.00000000	2.67166		-2.44868     0.2    0.2		4.1705503158		-1.0
	8910.00000000	3.26323		-2.23549     0.2    0.2		4.1705503158		-1.0
	8955.00000000	2.82218		-1.97929     0.2    0.2		4.1705503158		-1.0
	9000.00000000	2.7652		-1.6315     0.2    0.2		4.1705503158		-1.0
	9045.00000000	2.96153		-1.18254     0.2    0.2		4.1705503158		-1.0
	9090.00000000	3.06453		-0.74318     0.2    0.2		4.1705503158		-1.0
	9135.00000000	3.21688		-0.44098     0.2    0.2		4.1705503158		-1.0
	9180.00000000	2.93246		-0.25297     0.2    0.2		4.1705503158		-1.0
	9225.00000000	3.22466		-0.01766     0.2    0.2		4.1705503158		-1.0
	9270.00000000	2.68968		0.38496     0.2    0.2		4.1705503158		-1.0
	9315.00000000	2.9106		0.69888     0.2    0.2		4.1705503158		-1.0
	9360.00000000	3.22696		0.60483     0.2    0.2		4.1705503158		-1.0
	9405.00000000	2.99784		0.88004     0.2    0.2		4.1705503158		-1.0
	9450.00000000	3.07715		1.14662     0.2    0.2		4.1705503158		-1.0
	9495.00000000	2.83564		1.65774     0.2    0.2		4.1705503158		-1.0
	9540.00000000	3.0544		1.63769     0.2    0.2		4.1705503158		-1.0
	9585.00000000	2.68977		2.04988     0.2    0.2		4.1705503158		-1.0
	9630.00000000	2.8183		1.98473     0.2    0.2		4.1705503158		-1.0
	9675.00000000	3.14232		1.65662     0.2    0.2		4.1705503158		-1.0
	9720.00000000	2.71816		1.15418     0.2    0.2		4.1705503158		-1.0
	9765.00000000	2.74861		0.96219     0.2    0.2		4.1705503158		-1.0
	9810.00000000	2.92906		0.33037     0.2    0.2		4.1705503158		-1.0
	9855.00000000	2.70482		0.43198     0.2    0.2		4.1705503158		-1.0
	9900.00000000	2.83156		0.59249     0.2    0.2		4.1705503158		-1.0
	9945.00000000	3.18434		0.87547     0.2    0.2		4.1705503158		-1.0
	9990.00000000	2.8046		1.0311     0.2    0.2		4.1705503158		-1.0
	10035.00000000	3.0139		1.29264     0.2    0.2		4.1705503158		-1.0
	10080.00000000	2.79274		1.28749     0.2    0.2		4.1705503158		-1.0
	10125.00000000	2.74946		1.38798     0.2    0.2		4.1705503158		-1.0
	10170.00000000	2.78652		1.08087     0.2    0.2		4.1705503158		-1.0
	10215.00000000	3.02058		1.02025     0.2    0.2		4.1705503158		-1.0
	10260.00000000	2.62786		0.99686     0.2    0.2		4.1705503158		-1.0
	10305.00000000	3.0593		0.71873     0.2    0.2		4.1705503158		-1.0
	10350.00000000	3.08714		1.0256     0.2    0.2		4.1705503158		-1.0
	10395.00000000	2.96246		1.38655     0.2    0.2		4.1705503158		-1.0
	10440.00000000	3.14146		1.86046     0.2    0.2		4.1705503158		-1.0
	10485.00000000	2.80643		2.3039     0.2    0.2		4.1705503158		-1.0
	10530.00000000	2.69255		2.5788     0.2    0.2		4.1705503158		-1.0
	10575.00000000	3.05765		2.6812     0.2    0.2		4.1705503158		-1.0
	10620.00000000	2.92527		2.81705     0.2    0.2		4.1705503158		-1.0
	10665.00000000	2.72765		3.10811     0.2    0.2		4.1705503158		-1.0
	10710.00000000	2.74067		-3.07915     0.2    0.2		4.1705503158		-1.0
	10755.00000000	3.0449		-3.10458     0.2    0.2		4.1705503158		-1.0
	10800.00000000	2.65746		-3.03253     0.2    0.2		4.1705503158		-1.0
	10845.00000001	2.7182		-2.87942     0.2    0.2		4.1705503158		-1.0
	10890.00000001	2.70789		3.10541     0.2    0.2		4.1705503158		-1.0
	10935.00000001	2.97685		2.80052     0.2    0.2		4.1705503158		-1.0
	10980.00000001	2.86438		2.70086     0.2    0.2		4.1705503158		-1.0
	11025.00000001	2.94812		-3.08519     0.2    0.2		4.1705503158		-1.0
	11070.00000001	3.11881		-2.97492     0.2    0.2		4.1705503158		-1.0
	11115.00000001	3.16311		-2.79386     0.2    0.2		4.1705503158		-1.0
	11160.00000001	3.02882		-2.73316     0.2    0.2		4.1705503158		-1.0
	11205.00000001	3.38071		-2.83674     0.2    0.2		4.1705503158		-1.0
	11250.00000001	3.34717		-3.05273     0.2    0.2		4.1705503158		-1.0
	11295.00000001	3.14104		2.83452     0.2    0.2		4.1705503158		-1.0
	11340.00000001	2.85439		2.86041     0.2    0.2		4.1705503158		-1.0
	11385.00000001	2.71379		2.84302     0.2    0.2		4.1705503158		-1.0
	11430.00000001	2.734		2.95398     0.2    0.2		4.1705503158		-1.0
	11475.00000001	2.73522		2.68897     0.2    0.2		4.1705503158		-1.0
	11520.00000001	3.11657		2.6417     0.2    0.2		4.1705503158		-1.0
	11565.00000001	3.22874		2.66741     0.2    0.2		4.1705503158		-1.0
	11610.00000001	3.39909		2.59526     0.2    0.2		4.1705503158		-1.0
	11655.00000001	2.94059		2.05286     0.2    0.2		4.1705503158		-1.0
	11700.00000001	2.97059		2.02943     0.2    0.2		4.1705503158		-1.0
	11745.00000001	3.16802		1.64168     0.2    0.2		4.1705503158		-1.0
	11790.00000001	3.17055		1.31449     0.2    0.2		4.1705503158		-1.0
	11835.00000001	2.99139		1.00636     0.2    0.2		4.1705503158		-1.0
	11880.00000001	2.7877		0.66742     0.2    0.2		4.1705503158		-1.0
	11925.00000001	2.84846		0.27396     0.2    0.2		4.1705503158		-1.0
	11970.00000001	2.73895		-0.25527     0.2    0.2		4.1705503158		-1.0
	12015.00000001	2.74693		-0.38736     0.2    0.2		4.1705503158		-1.0
	12060.00000001	2.83485		-0.79258     0.2    0.2		4.1705503158		-1.0
	12105.00000001	2.71826		-1.27987     0.2    0.2		4.1705503158		-1.0
	12150.00000001	2.69376		-1.51447     0.2    0.2		4.1705503158		-1.0
	12195.00000001	2.75999		-1.84846     0.2    0.2		4.1705503158		-1.0
	12240.00000001	3.19182		-1.68012     0.2    0.2		4.1705503158		-1.0
	12285.00000001	3.3951		-1.8073     0.2    0.2		4.1705503158		-1.0
	12330.00000001	2.71142		-1.61726     0.2    0.2		4.1705503158		-1.0
	12375.00000001	2.74454		-1.11056     0.2    0.2		4.1705503158		-1.0
	12420.00000001	3.4619		-1.17845     0.2    0.2		4.1705503158		-1.0
	12465.00000001	3.26627		-0.92779     0.2    0.2		4.1705503158		-1.0
	12510.00000001	3.274		-0.90281     0.2    0.2		4.1705503158		-1.0
	12555.00000001	3.32043		-0.88971     0.2    0.2		4.1705503158		-1.0
	12600.00000001	2.90403		-1.11206     0.2    0.2		4.1705503158		-1.0
	12645.00000001	2.87917		-1.43556     0.2    0.2		4.1705503158		-1.0
	12690.00000001	2.91833		-1.43067     0.2    0.2		4.1705503158		-1.0
	12735.00000001	3.19635		-1.34526     0.2    0.2		4.1705503158		-1.0
	12780.00000001	3.13004		-1.16581     0.2    0.2		4.1705503158		-1.0
	12825.00000001	2.75223		-1.1258     0.2    0.2		4.1705503158		-1.0
	12870.00000001	2.82946		-1.06204     0.2    0.2		4.1705503158		-1.0
	12915.00000001	2.99084		-0.23246     0.2    0.2		4.1705503158		-1.0
	12960.00000001	3.21666		-0.19489     0.2    0.2		4.1705503158		-1.0
	13005.00000001	2.95437		-0.00212     0.2    0.2		4.1705503158		-1.0
	13050.00000001	2.66681		-0.13371     0.2    0.2		4.1705503158		-1.0
	13095.00000001	2.80988		0.16711     0.2    0.2		4.1705503158		-1.0
	13140.00000001	2.849		0.56265     0.2    0.2		4.1705503158		-1.0
	13185.00000001	3.25796		0.7389     0.2    0.2		4.1705503158		-1.0
	13230.00000001	3.21858		0.77574     0.2    0.2		4.1705503158		-1.0
	13275.00000001	2.62072		0.73367     0.2    0.2		4.1705503158		-1.0
	13320.00000001	2.64385		0.7039     0.2    0.2		4.1705503158		-1.0
	13365.00000001	3.03248		0.74666     0.2    0.2		4.1705503158		-1.0
	13410.00000001	3.18396		0.42511     0.2    0.2		4.1705503158		-1.0
	13455.00000001	3.23327		0.21821     0.2    0.2		4.1705503158		-1.0
	13500.00000001	3.18841		0.33697     0.2    0.2		4.1705503158		-1.0
	13545.00000001	3.10332		0.79296     0.2    0.2		4.1705503158		-1.0
	13590.00000001	3.30097		1.30202     0.2    0.2		4.1705503158		-1.0
	13635.00000001	3.23132		1.45424     0.2    0.2		4.1705503158		-1.0
	13680.00000001	3.24589		1.44616     0.2    0.2		4.1705503158		-1.0
	13725.00000001	3.35103		1.25835     0.2    0.2		4.1705503158		-1.0
	13770.00000001	2.76209		1.09117     0.2    0.2		4.1705503158		-1.0
	13815.00000001	2.72519		0.91843     0.2    0.2		4.1705503158		-1.0
	13860.00000001	2.74883		1.25828     0.2    0.2		4.1705503158		-1.0
	13905.00000001	2.69111		1.74463     0.2    0.2		4.1705503158		-1.0
	13950.00000001	2.82414		2.05252     0.2    0.2		4.1705503158		-1.0
	13995.00000001	3.21404		2.13207     0.2    0.2		4.1705503158		-1.0
	14040.00000001	3.138		2.436     0.2    0.2		4.1705503158		-1.0
	14085.00000001	3.28487		2.25761     0.2    0.2		4.1705503158		-1.0
	14130.00000001	2.83447		2.2481     0.2    0.2		4.1705503158		-1.0
	14175.00000001	3.16552		2.04823     0.2    0.2		4.1705503158		-1.0
	14220.00000001	3.01947		1.60964     0.2    0.2		4.1705503158		-1.0
	14265.00000000	2.66288		1.36468     0.2    0.2		4.1705503158		-1.0
	14310.00000000	2.70176		1.39035     0.2    0.2		4.1705503158		-1.0
	14355.00000000	2.91461		1.56987     0.2    0.2		4.1705503158		-1.0
	14400.00000000	3.05726		2.00058     0.2    0.2		4.1705503158		-1.0
	14445.00000000	3.01805		2.17218     0.2    0.2		4.1705503158		-1.0
	14490.00000000	3.2424		2.33248     0.2    0.2		4.1705503158		-1.0
	14535.00000000	2.75354		2.66968     0.2    0.2		4.1705503158		-1.0
	14580.00000000	3.01607		2.75945     0.2    0.2		4.1705503158		-1.0
	14625.00000000	3.04261		2.87432     0.2    0.2		4.1705503158		-1.0
	14670.00000000	3.11555		3.04202     0.2    0.2		4.1705503158		-1.0
	14715.00000000	3.24591		3.03005     0.2    0.2		4.1705503158		-1.0
	14760.00000000	3.24637		3.03709     0.2    0.2		4.1705503158		-1.0
	14805.00000000	3.29699		2.76933     0.2    0.2		4.1705503158		-1.0
	14850.00000000	3.38673		2.71174     0.2    0.2		4.1705503158		-1.0
	14895.00000000	3.25442		2.37534     0.2    0.2		4.1705503158		-1.0
	14940.00000000	3.31294		2.19516     0.2    0.2		4.1705503158		-1.0
	14985.00000000	3.24143		1.77559     0.2    0.2		4.1705503158		-1.0
	15030.00000000	3.34078		1.5647     0.2    0.2		4.1705503158		-1.0
	15075.00000000	3.27953		1.28179     0.2    0.2		4.1705503158		-1.0
	15120.00000000	3.24761		1.16912     0.2    0.2		4.1705503158		-1.0
	15165.00000000	3.33462		0.76026     0.2    0.2		4.1705503158		-1.0
	15210.00000000	3.24497		0.59639     0.2    0.2		4.1705503158		-1.0
	15255.00000000	3.27963		0.40493     0.2    0.2		4.1705503158		-1.0
	15300.00000000	2.77372		0.20142     0.2    0.2		4.1705503158		-1.0
	15345.00000000	2.83703		-0.1241     0.2    0.2		4.1705503158		-1.0
	15390.00000000	3.40577		-0.04488     0.2    0.2		4.1705503158		-1.0
	15435.00000000	3.27497		-0.38134     0.2    0.2		4.1705503158		-1.0
	15480.00000000	3.26082		-0.57904     0.2    0.2		4.1705503158		-1.0
	15525.00000000	3.07631		-0.58833     0.2    0.2		4.1705503158		-1.0
	15570.00000000	3.17387		-0.64462     0.2    0.2		4.1705503158		-1.0
	15615.00000000	2.82813		-0.61223     0.2    0.2		4.1705503158		-1.0
	15660.00000000	3.32272		-0.40723     0.2    0.2		4.1705503158		-1.0
	15705.00000000	2.87892		-0.51576     0.2    0.2		4.1705503158		-1.0
	15750.00000000	2.69761		-0.49312     0.2    0.2		4.1705503158		-1.0
	15795.00000000	2.62046		-0.93974     0.2    0.2		4.1705503158		-1.0
	15840.00000000	3.13941		-1.26376     0.2    0.2		4.1705503158		-1.0
	15885.00000000	3.23366		-1.79815     0.2    0.2		4.1705503158		-1.0
	15930.00000000	3.19784		-2.39963     0.2    0.2		4.1705503158		-1.0
	15975.00000000	2.70595		-2.66088     0.2    0.2		4.1705503158		-1.0
	16020.00000000	2.68636		-3.00491     0.2    0.2		4.1705503158		-1.0
	16065.00000000	2.83067		2.92053     0.2    0.2		4.1705503158		-1.0
	16110.00000000	3.36967		-3.06125     0.2    0.2		4.1705503158		-1.0
	16155.00000000	3.2495		-2.80424     0.2    0.2		4.1705503158		-1.0
	16200.00000000	3.24767		-2.37975     0.2    0.2		4.1705503158		-1.0
	16245.00000000	3.21628		-2.19156     0.2    0.2		4.1705503158		-1.0
	16290.00000000	3.07355		-1.96897     0.2    0.2		4.1705503158		-1.0
	16335.00000000	3.28778		-1.96455     0.2    0.2		4.1705503158		-1.0
	16380.00000000	3.03457		-2.04739     0.2    0.2		4.1705503158		-1.0
	16425.00000000	3.29789		-2.25363     0.2    0.2		4.1705503158		-1.0
	16470.00000000	2.76662		-2.48467     0.2    0.2		4.1705503158		-1.0
	16515.00000000	3.26879		-2.47812     0.2    0.2		4.1705503158		-1.0
	16560.00000000	2.81845		-2.6693     0.2    0.2		4.1705503158		-1.0
	16605.00000000	2.69868		-2.8511     0.2    0.2		4.1705503158		-1.0
	16650.00000000	2.84839		-2.96404     0.2    0.2		4.1705503158		-1.0
	16695.00000000	2.64813		3.07958     0.2    0.2		4.1705503158		-1.0
	16740.00000000	2.6471		3.09075     0.2    0.2		4.1705503158		-1.0
	16785.00000000	3.33047		3.0426     0.2    0.2		4.1705503158		-1.0
	16830.00000000	2.79345		-3.12515     0.2    0.2		4.1705503158		-1.0
	16875.00000000	3.47429		-2.87738     0.2    0.2		4.1705503158		-1.0
	16920.00000000	2.94765		-2.63352     0.2    0.2		4.1705503158		-1.0
	16965.00000000	2.97763		-2.2779     0.2    0.2		4.1705503158		-1.0
	17010.00000000	3.34247		-2.19009     0.2    0.2		4.1705503158		-1.0
	17055.00000000	3.12785		-1.73099     0.2    0.2		4.1705503158		-1.0
	17100.00000000	3.17628		-1.74518     0.2    0.2		4.1705503158		-1.0
	17145.00000000	3.28424		-1.23889     0.2    0.2		4.1705503158		-1.0
	17190.00000000	3.2615		-1.33236     0.2    0.2		4.1705503158		-1.0
	17235.00000000	3.31489		-1.02312     0.2    0.2		4.1705503158		-1.0
	17280.00000000	3.20403		-0.94285     0.2    0.2		4.1705503158		-1.0
	17325.00000000	3.10127		-0.61874     0.2    0.2		4.1705503158		-1.0
	17370.00000000	3.04124		-0.73729     0.2    0.2		4.1705503158		-1.0
	17415.00000000	3.53796		-0.49139     0.2    0.2		4.1705503158		-1.0
	17460.00000000	2.81495		-0.71893     0.2    0.2		4.1705503158		-1.0
	17505.00000000	2.95826		-0.97358     0.2    0.2		4.1705503158		-1.0
	17550.00000000	3.01684		-0.94611     0.2    0.2		4.1705503158		-1.0
	17595.00000000	2.85192		-1.07215     0.2    0.2		4.1705503158		-1.0
	17640.00000000	2.73411		-1.48714     0.2    0.2		4.1705503158		-1.0
	17685.00000000	2.65346		-1.40643     0.2    0.2		4.1705503158		-1.0
	17730.00000000	2.74311		-1.83371     0.2    0.2		4.1705503158		-1.0
	17775.00000000	2.76769		-2.06492     0.2    0.2		4.1705503158		-1.0
	17820.00000000	2.6614		-2.2464     0.2    0.2		4.1705503158		-1.0
	17865.00000000	2.69816		-2.57438     0.2    0.2		4.1705503158		-1.0
	17910.00000000	2.63484		-2.88335     0.2    0.2		4.1705503158		-1.0
	17955.00000000	2.92523		-2.93612     0.2    0.2		4.1705503158		-1.0
	18000.00000000	3.00251		-2.93361     0.2    0.2		4.1705503158		-1.0
	18045.00000000	2.73432		-2.77141     0.2    0.2		4.1705503158		-1.0
	18090.00000000	2.64873		-2.63698     0.2    0.2		4.1705503158		-1.0
	18135.00000000	2.71982		-2.69979     0.2    0.2		4.1705503158		-1.0
	18180.00000000	2.85576		-2.35005     0.2    0.2		4.1705503158		-1.0
	18225.00000000	2.63898		-1.97904     0.2    0.2		4.1705503158		-1.0
	18270.00000000	2.65575		-1.77485     0.2    0.2		4.1705503158		-1.0
	18315.00000000	2.74197		-1.51738     0.2    0.2		4.1705503158		-1.0
	18360.00000000	2.71823		-1.30759     0.2    0.2		4.1705503158		-1.0
	18405.00000000	2.74684		-1.08449     0.2    0.2		4.1705503158		-1.0
	18450.00000000	2.74898		-0.89541     0.2    0.2		4.1705503158		-1.0
	18495.00000000	2.67025		-0.80773     0.2    0.2		4.1705503158		-1.0
	18540.00000000	2.8138		-0.28679     0.2    0.2		4.1705503158		-1.0
	18585.00000000	2.81693		0.19786     0.2    0.2		4.1705503158		-1.0
	18630.00000000	2.70125		0.51412     0.2    0.2		4.1705503158		-1.0
	18675.00000000	2.77326		0.79182     0.2    0.2		4.1705503158		-1.0
	18720.00000000	2.92893		0.92641     0.2    0.2		4.1705503158		-1.0
	18765.00000000	3.22855		0.88893     0.2    0.2		4.1705503158		-1.0
	18810.00000000	3.2821		0.26668     0.2    0.2		4.1705503158		-1.0
	18855.00000000	2.87022		0.3948     0.2    0.2		4.1705503158		-1.0
	18900.00000000	3.21561		0.35787     0.2    0.2		4.1705503158		-1.0
	18945.00000000	3.11541		0.20201     0.2    0.2		4.1705503158		-1.0
	18990.00000000	2.87412		0.04854     0.2    0.2		4.1705503158		-1.0
	19035.00000000	3.5483		-0.15405     0.2    0.2		4.1705503158		-1.0
	19080.00000000	2.80888		-0.26026     0.2    0.2		4.1705503158		-1.0
	19125.00000000	2.98779		-0.35978     0.2    0.2		4.1705503158		-1.0
	19170.00000000	3.29564		-0.38309     0.2    0.2		4.1705503158		-1.0
	19215.00000000	3.2228		-0.11266     0.2    0.2		4.1705503158		-1.0
	19260.00000000	3.33768		-0.41116     0.2    0.2		4.1705503158		-1.0
	19305.00000000	3.31506		0.04946     0.2    0.2		4.1705503158		-1.0
	19350.00000000	3.06085		0.04658     0.2    0.2		4.1705503158		-1.0
	19395.00000000	3.46602		0.04304     0.2    0.2		4.1705503158		-1.0
	19440.00000000	2.78135		0.21394     0.2    0.2		4.1705503158		-1.0
	19485.00000000	2.73148		0.02118     0.2    0.2		4.1705503158		-1.0
	19530.00000000	2.72855		0.11865     0.2    0.2		4.1705503158		-1.0
	19575.00000000	2.64575		-0.16825     0.2    0.2		4.1705503158		-1.0
	19620.00000000	2.64559		-0.04436     0.2    0.2		4.1705503158		-1.0
	19665.00000000	2.66877		-0.12767     0.2    0.2		4.1705503158		-1.0
	19710.00000000	2.68537		-0.45394     0.2    0.2		4.1705503158		-1.0
	19755.00000000	2.61482		-0.93074     0.2    0.2		4.1705503158		-1.0
	19800.00000000	2.66477		-0.96933     0.2    0.2		4.1705503158		-1.0
	19845.00000000	2.68854		-1.05047     0.2    0.2		4.1705503158		-1.0
	19890.00000000	2.62385		-0.67056     0.2    0.2		4.1705503158		-1.0
	19935.00000000	2.70864		-0.51138     0.2    0.2		4.1705503158		-1.0
	19980.00000000	2.75204		-0.23063     0.2    0.2		4.1705503158		-1.0
	20025.00000000	2.60742		-0.88825     0.2    0.2		4.1705503158		-1.0
	20070.00000000	2.62141		-0.81602     0.2    0.2		4.1705503158		-1.0
	20115.00000000	2.7989		-0.5366     0.2    0.2		4.1705503158		-1.0
	20160.00000000	3.12721		-0.15942     0.2    0.2		4.1705503158		-1.0
	20205.00000000	3.27499		-0.03346     0.2    0.2		4.1705503158		-1.0
	20250.00000000	2.73681		0.61421     0.2    0.2		4.1705503158		-1.0
	20295.00000000	2.6953		0.61319     0.2    0.2		4.1705503158		-1.0
	20340.00000000	3.13224		1.27159     0.2    0.2		4.1705503158		-1.0
	20385.00000000	2.93101		1.59649     0.2    0.2		4.1705503158		-1.0
	20430.00000000	2.66184		2.38255     0.2    0.2		4.1705503158		-1.0
	20475.00000000	2.77174		2.27763     0.2    0.2		4.1705503158		-1.0
	20520.00000000	2.74058		2.42407     0.2    0.2		4.1705503158		-1.0
	20565.00000000	2.79229		2.53622     0.2    0.2		4.1705503158		-1.0
	20610.00000000	3.38777		2.07941     0.2    0.2		4.1705503158		-1.0
	20655.00000000	2.69503		1.62586     0.2    0.2		4.1705503158		-1.0
	20700.00000000	2.62963		1.464     0.2    0.2		4.1705503158		-1.0
	20744.99999999	2.85215		1.16307     0.2    0.2		4.1705503158		-1.0
	20789.99999999	2.70781		1.22165     0.2    0.2		4.1705503158		-1.0
	20834.99999999	2.71819		1.35066     0.2    0.2		4.1705503158		-1.0
	20879.99999999	2.71509		1.84646     0.2    0.2		4.1705503158		-1.0
	20924.99999999	2.66974		2.03318     0.2    0.2		4.1705503158		-1.0
	20969.99999999	2.71791		2.33768     0.2    0.2		4.1705503158		-1.0
	21014.99999999	2.71427		2.14633     0.2    0.2		4.1705503158		-1.0
	21059.99999999	2.64871		1.94892     0.2    0.2		4.1705503158		-1.0
	21104.99999999	2.70326		1.74819     0.2    0.2		4.1705503158		-1.0
	21149.99999999	2.72292		1.48305     0.2    0.2		4.1705503158		-1.0
	21194.99999999	2.83094		1.47851     0.2    0.2		4.1705503158		-1.0
	21239.99999999	2.64839		1.55547     0.2    0.2		4.1705503158		-1.0
	21284.99999999	3.26372		1.84519     0.2    0.2		4.1705503158		-1.0
	21329.99999999	2.93913		2.05833     0.2    0.2		4.1705503158		-1.0
	21374.99999999	3.07683		2.40388     0.2    0.2		4.1705503158		-1.0
	21419.99999999	3.21581		2.6743     0.2    0.2		4.1705503158		-1.0
	21464.99999999	3.23403		2.87821     0.2    0.2		4.1705503158		-1.0
	21509.99999999	3.34683		2.81807     0.2    0.2		4.1705503158		-1.0
	21554.99999999	3.36508		3.13236     0.2    0.2		4.1705503158		-1.0
	21599.99999999	3.31073		3.08779     0.2    0.2		4.1705503158		-1.0
	21644.99999999	3.50498		3.06536     0.2    0.2		4.1705503158		-1.0
	21689.99999999	2.72112		2.83852     0.2    0.2		4.1705503158		-1.0
	21734.99999999	2.62698		2.71313     0.2    0.2		4.1705503158		-1.0
	21779.99999999	2.66898		2.22537     0.2    0.2		4.1705503158		-1.0
	21824.99999999	3.60586		2.1728     0.2    0.2		4.1705503158		-1.0
	21869.99999999	3.33227		1.84455     0.2    0.2		4.1705503158		-1.0
	21914.99999999	3.29976		1.80985     0.2    0.2		4.1705503158		-1.0
	21959.99999999	3.27854		1.14211     0.2    0.2		4.1705503158		-1.0
	22004.99999999	3.39787		0.78614     0.2    0.2		4.1705503158		-1.0
	22049.99999999	3.02124		0.62219     0.2    0.2		4.1705503158		-1.0
	22094.99999999	2.8318		0.32863     0.2    0.2		4.1705503158		-1.0
	22139.99999999	2.79078		0.73386     0.2    0.2		4.1705503158		-1.0
	22184.99999999	3.55336		0.75922     0.2    0.2		4.1705503158		-1.0
	22229.99999999	2.59221		0.40197     0.2    0.2		4.1705503158		-1.0
	22024.99999999	3.3413		0.72296     0.2    0.2		4.1705503158		-1.0
	22069.99999999	2.79185		0.40469     0.2    0.2		4.1705503158		-1.0
	22114.99999999	2.63195		0.52334     0.2    0.2		4.1705503158		-1.0
	22159.99999999	2.62534		0.71193     0.2    0.2		4.1705503158		-1.0
	22204.99999999	3.11747		0.58226     0.2    0.2		4.1705503158		-1.0
	22249.99999999	2.6633		0.10304     0.2    0.2		4.1705503158		-1.0
	22294.99999999	2.82464		0.30998     0.2    0.2		4.1705503158		-1.0
	22339.99999999	2.73383		0.56607     0.2    0.2		4.1705503158		-1.0
	22384.99999999	2.93452		0.92092     0.2    0.2		4.1705503158		-1.0
	22429.99999999	3.43388		1.512     0.2    0.2		4.1705503158		-1.0
	22474.99999999	3.38477		2.03214     0.2    0.2		4.1705503158		-1.0
	22519.99999999	3.14784		2.45394     0.2    0.2		4.1705503158		-1.0
	22564.99999999	3.19556		2.4329     0.2    0.2		4.1705503158		-1.0
	22609.99999999	3.22705		2.49943     0.2    0.2		4.1705503158		-1.0
	22654.99999999	2.89535		2.5362     0.2    0.2		4.1705503158		-1.0
	22699.99999999	3.13535		2.08698     0.2    0.2		4.1705503158		-1.0
	22744.99999999	2.84646		1.92945     0.2    0.2		4.1705503158		-1.0
	22789.99999999	3.53455		1.8805     0.2    0.2		4.1705503158		-1.0
	22834.99999999	3.5215		1.40832     0.2    0.2		4.1705503158		-1.0
	22879.99999999	3.38104		1.70876     0.2    0.2		4.1705503158		-1.0
	22924.99999999	3.16105		1.3961     0.2    0.2		4.1705503158		-1.0
	22969.99999999	3.19771		1.74664     0.2    0.2		4.1705503158		-1.0
	23014.99999999	3.25167		1.70805     0.2    0.2		4.1705503158		-1.0
	23059.99999999	2.83129		1.85497     0.2    0.2		4.1705503158		-1.0
	23104.99999999	2.91187		1.71982     0.2    0.2		4.1705503158		-1.0
	23149.99999999	3.20593		1.57378     0.2    0.2		4.1705503158		-1.0
	23194.99999999	2.71724		1.69292     0.2    0.2		4.1705503158		-1.0
	23239.99999999	2.77263		1.51303     0.2    0.2		4.1705503158		-1.0
	23284.99999999	3.6063		1.25423     0.2    0.2		4.1705503158		-1.0
	23329.99999999	3.6238		0.91159     0.2    0.2		4.1705503158		-1.0
	23374.99999999	2.70896		0.88419     0.2    0.2		4.1705503158		-1.0
	23419.99999999	3.33565		0.71367     0.2    0.2		4.1705503158		-1.0
	23464.99999999	3.41574		0.4626     0.2    0.2		4.1705503158		-1.0
	23509.99999999	3.45395		0.424     0.2    0.2		4.1705503158		-1.0
	23554.99999999	3.30588		0.48602     0.2    0.2		4.1705503158		-1.0
	23599.99999999	3.49335		0.07509     0.2    0.2		4.1705503158		-1.0
	23644.99999999	3.20236		0.11619     0.2    0.2		4.1705503158		-1.0
	23689.99999999	3.12288		-0.44592     0.2    0.2		4.1705503158		-1.0
	23734.99999999	3.31796		-0.8602     0.2    0.2		4.1705503158		-1.0
	23779.99999999	3.3246		-0.93249     0.2    0.2		4.1705503158		-1.0
	23824.99999999	3.16932		-1.33909     0.2    0.2		4.1705503158		-1.0
	23869.99999999	3.14469		-1.52551     0.2    0.2		4.1705503158		-1.0
	23914.99999999	2.91639		-1.9265     0.2    0.2		4.1705503158		-1.0
	23959.99999999	2.88326		-1.99807     0.2    0.2		4.1705503158		-1.0
	24004.99999999	3.0063		-2.29851     0.2    0.2		4.1705503158		-1.0
	24049.99999999	3.1214		-2.78562     0.2    0.2		4.1705503158		-1.0
	24094.99999999	3.11224		-2.80816     0.2    0.2		4.1705503158		-1.0
	24139.99999999	2.93109		-2.57025     0.2    0.2		4.1705503158		-1.0
	24184.99999999	3.37722		-2.40402     0.2    0.2		4.1705503158		-1.0
	24229.99999999	3.36263		-1.97631     0.2    0.2		4.1705503158		-1.0
	24274.99999999	3.39776		-1.45908     0.2    0.2		4.1705503158		-1.0
	24319.99999999	3.4996		-1.42469     0.2    0.2		4.1705503158		-1.0
	24364.99999999	3.45237		-1.51856     0.2    0.2		4.1705503158		-1.0
	24409.99999999	2.99858		-1.48778     0.2    0.2		4.1705503158		-1.0
	24454.99999999	2.77179		-2.18586     0.2    0.2		4.1705503158		-1.0
	24499.99999999	2.74707		-2.33582     0.2    0.2		4.1705503158		-1.0
	24544.99999999	2.59313		-2.09904     0.2    0.2		4.1705503158		-1.0
	24589.99999999	3.56785		-2.06052     0.2    0.2		4.1705503158		-1.0
	24634.99999999	3.56071		-1.92571     0.2    0.2		4.1705503158		-1.0
	24679.99999999	3.58373		-1.89373     0.2    0.2		4.1705503158		-1.0
	24724.99999999	3.61843		-1.84456     0.2    0.2		4.1705503158		-1.0
	24769.99999999	3.65049		-1.87471     0.2    0.2		4.1705503158		-1.0
	24814.99999999	3.02795		-1.66503     0.2    0.2		4.1705503158		-1.0
	24859.99999999	3.35762		-1.732     0.2    0.2		4.1705503158		-1.0
	24904.99999999	3.39922		-1.56943     0.2    0.2		4.1705503158		-1.0
	24949.99999999	3.4884		-1.35017     0.2    0.2		4.1705503158		-1.0
	24994.99999999	3.3579		-1.21701     0.2    0.2		4.1705503158		-1.0
	25039.99999999	3.5247		-0.93586     0.2    0.2		4.1705503158		-1.0
	25084.99999999	3.39756		-0.67698     0.2    0.2		4.1705503158		-1.0
	25129.99999999	3.28173		-0.26516     0.2    0.2		4.1705503158		-1.0
	25174.99999999	3.52939		-0.69033     0.2    0.2		4.1705503158		-1.0
	25219.99999999	3.37256		-0.54331     0.2    0.2		4.1705503158		-1.0
	25264.99999999	3.41225		-0.83363     0.2    0.2		4.1705503158		-1.0
	25309.99999999	3.51068		-0.92228     0.2    0.2		4.1705503158		-1.0
	25354.99999999	3.3394		-0.93029     0.2    0.2		4.1705503158		-1.0
	25399.99999999	3.07296		-1.26039     0.2    0.2		4.1705503158		-1.0
	25444.99999999	2.77064		-1.45614     0.2    0.2		4.1705503158		-1.0
	25489.99999999	2.73138		-1.6213     0.2    0.2		4.1705503158		-1.0
	25534.99999999	2.63048		-1.74926     0.2    0.2		4.1705503158		-1.0
	25579.99999999	3.49061		-1.70966     0.2    0.2		4.1705503158		-1.0
	25624.99999999	3.2884		-1.61672     0.2    0.2		4.1705503158		-1.0
	25669.99999999	3.50767		-1.56418     0.2    0.2		4.1705503158		-1.0
	25714.99999999	3.11179		-1.49395     0.2    0.2		4.1705503158		-1.0
	25759.99999999	3.36727		-1.79986     0.2    0.2		4.1705503158		-1.0
	25804.99999999	3.46341		-1.6873     0.2    0.2		4.1705503158		-1.0
	25849.99999999	3.57473		-2.08588     0.2    0.2		4.1705503158		-1.0
	25894.99999999	3.45069		-2.38809     0.2    0.2		4.1705503158		-1.0
	25939.99999999	3.57288		-2.4713     0.2    0.2		4.1705503158		-1.0
	25984.99999999	3.2981		-2.80549     0.2    0.2		4.1705503158		-1.0
	26029.99999999	3.506		-2.74131     0.2    0.2		4.1705503158		-1.0
	26074.99999999	3.19237		-2.89638     0.2    0.2		4.1705503158		-1.0
	26119.99999999	3.13829		-2.88101     0.2    0.2		4.1705503158		-1.0
	26164.99999999	3.27307		-2.92232     0.2    0.2		4.1705503158		-1.0
	26209.99999999	3.05344		-2.9191     0.2    0.2		4.1705503158		-1.0
	26254.99999999	2.88076		-3.09436     0.2    0.2		4.1705503158		-1.0
	26299.99999999	3.00609		3.06733     0.2    0.2		4.1705503158		-1.0
	26344.99999999	3.40918		2.59605     0.2    0.2		4.1705503158		-1.0
	26389.99999999	3.38271		2.26495     0.2    0.2		4.1705503158		-1.0
	26434.99999999	3.47632		2.18956     0.2    0.2		4.1705503158		-1.0
	26479.99999999	3.12159		2.21976     0.2    0.2		4.1705503158		-1.0
	26524.99999999	3.18253		2.20575     0.2    0.2		4.1705503158		-1.0
	26569.99999999	3.56457		2.40184     0.2    0.2		4.1705503158		-1.0
	26614.99999999	3.41754		2.69948     0.2    0.2		4.1705503158		-1.0
	26659.99999999	2.94122		2.81576     0.2    0.2		4.1705503158		-1.0
	26704.99999999	3.34281		3.10339     0.2    0.2		4.1705503158		-1.0
	26749.99999999	3.28981		2.94798     0.2    0.2		4.1705503158		-1.0
	26794.99999999	2.68153		3.01174     0.2    0.2		4.1705503158		-1.0
	26839.99999999	2.70771		2.78385     0.2    0.2		4.1705503158		-1.0
	26884.99999999	2.66402		2.38962     0.2    0.2		4.1705503158		-1.0
	26929.99999999	2.64394		2.72037     0.2    0.2		4.1705503158		-1.0
	26974.99999999	2.69461		2.34602     0.2    0.2		4.1705503158		-1.0
	27019.99999999	2.64775		2.25547     0.2    0.2		4.1705503158		-1.0
	27064.99999999	2.6431		1.8954     0.2    0.2		4.1705503158		-1.0
	27109.99999999	2.62312		1.96132     0.2    0.2		4.1705503158		-1.0
	27154.99999999	3.46936		1.83762     0.2    0.2		4.1705503158		-1.0
	27199.99999999	3.37755		1.88886     0.2    0.2		4.1705503158		-1.0
	27244.99999998	3.41834		2.06955     0.2    0.2		4.1705503158		-1.0
	27289.99999998	3.03359		2.2195     0.2    0.2		4.1705503158		-1.0
	27334.99999998	2.96314		2.38942     0.2    0.2		4.1705503158		-1.0
	27379.99999998	3.42081		2.65101     0.2    0.2		4.1705503158		-1.0
	27424.99999998	3.31909		2.79739     0.2    0.2		4.1705503158		-1.0
	27469.99999998	3.24469		3.05042     0.2    0.2		4.1705503158		-1.0
	27514.99999998	3.22367		3.0467     0.2    0.2		4.1705503158		-1.0
	27559.99999998	3.20109		-3.05129     0.2    0.2		4.1705503158		-1.0
	27604.99999998	3.52174		-2.92408     0.2    0.2		4.1705503158		-1.0
	27649.99999998	4.14876		-2.96545     0.2    0.2		4.1705503158		-1.0
	27694.99999998	6.41998		-2.75886     0.2    0.2		4.1705503158		-1.0
	27739.99999998	7.48707		-2.62197     0.2    0.2		4.1705503158		-1.0
	27784.99999998	7.8457		-2.46249     0.2    0.2		4.1705503158		-1.0
	27829.99999998	7.80683		-2.38531     0.2    0.2		4.1705503158		-1.0
	27874.99999998	8.78719		-2.18507     0.2    0.2		4.1705503158		-1.0
	27919.99999998	9.60288		-2.01265     0.2    0.2		4.1705503158		-1.0
	27964.99999998	10.17457		-2.03096     0.2    0.2		4.1705503158		-1.0
	28009.99999998	10.67878		-1.75808     0.2    0.2		4.1705503158		-1.0
	28054.99999998	10.95543		-1.95067     0.2    0.2		4.1705503158		-1.0
	28099.99999998	11.59214		-1.6171     0.2    0.2		4.1705503158		-1.0
	28144.99999998	11.57024		-1.6094     0.2    0.2		4.1705503158		-1.0
	28189.99999998	11.59272		-1.40887     0.2    0.2		4.1705503158		-1.0
	28234.99999998	10.89972		-1.52797     0.2    0.2		4.1705503158		-1.0
	28279.99999998	9.86049		-0.78461     0.2    0.2		4.1705503158		-1.0
	28324.99999998	9.12229		-0.63899     0.2    0.2		4.1705503158		-1.0
	28369.99999998	8.79182		0.62764     0.2    0.2		4.1705503158		-1.0
	28414.99999998	8.73753		1.1774     0.2    0.2		4.1705503158		-1.0
	28459.99999998	8.89651		0.30323     0.2    0.2		4.1705503158		-1.0
	28504.99999998	8.48059		0.05781     0.2    0.2		4.1705503158		-1.0
	28549.99999998	8.18541		0.59795     0.2    0.2		4.1705503158		-1.0
	28594.99999998	8.16032		1.4328     0.2    0.2		4.1705503158		-1.0
	28639.99999998	8.11191		1.56566     0.2    0.2		4.1705503158		-1.0
	28684.99999998	7.61516		1.61094     0.2    0.2		4.1705503158		-1.0
	28729.99999998	6.47019		1.45304     0.2    0.2		4.1705503158		-1.0
	28774.99999998	5.16405		1.44929     0.2    0.2		4.1705503158		-1.0
	28819.99999998	5.9573		1.42414     0.2    0.2		4.1705503158		-1.0
	28864.99999998	7.31524		1.41287     0.2    0.2		4.1705503158		-1.0
	28909.99999998	8.19648		1.35205     0.2    0.2		4.1705503158		-1.0
	28954.99999998	9.05784		1.04949     0.2    0.2		4.1705503158		-1.0
	28999.99999998	9.73037		0.80878     0.2    0.2		4.1705503158		-1.0
	29044.99999998	10.31756		0.37469     0.2    0.2		4.1705503158		-1.0
	29089.99999998	10.61583		0.46012     0.2    0.2		4.1705503158		-1.0
	29134.99999998	11.00211		-0.05056     0.2    0.2		4.1705503158		-1.0
	29179.99999998	10.66443		-0.87816     0.2    0.2		4.1705503158		-1.0
	29224.99999998	10.27253		-1.48888     0.2    0.2		4.1705503158		-1.0
	29269.99999998	9.50863		-1.75095     0.2    0.2		4.1705503158		-1.0
	29314.99999998	8.88878		-1.80921     0.2    0.2		4.1705503158		-1.0
	29359.99999998	7.6483		-1.99442     0.2    0.2		4.1705503158		-1.0
	29404.99999998	7.15904		-2.18466     0.2    0.2		4.1705503158		-1.0
	29449.99999998	6.59041		-2.0425     0.2    0.2		4.1705503158		-1.0
	29494.99999998	6.74708		-2.231     0.2    0.2		4.1705503158		-1.0
	29539.99999998	7.52146		-2.31858     0.2    0.2		4.1705503158		-1.0
	29584.99999998	8.38387		-2.49835     0.2    0.2		4.1705503158		-1.0
	29629.99999998	9.03001		-2.25993     0.2    0.2		4.1705503158		-1.0
	29674.99999998	9.80263		-2.35784     0.2    0.2		4.1705503158		-1.0
	29719.99999998	10.43917		-2.35259     0.2    0.2		4.1705503158		-1.0
	29764.99999998	11.44526		-2.37953     0.2    0.2		4.1705503158		-1.0
	29809.99999998	12.35904		-2.25296     0.2    0.2		4.1705503158		-1.0
	29854.99999998	12.33644		-2.10385     0.2    0.2		4.1705503158		-1.0
	29899.99999998	11.34273		-2.31453     0.2    0.2		4.1705503158		-1.0
	29944.99999998	10.0946		-2.14799     0.2    0.2		4.1705503158		-1.0
	29989.99999998	9.17409		-2.25073     0.2    0.2		4.1705503158		-1.0
	30034.99999998	8.62677		-1.68147     0.2    0.2		4.1705503158		-1.0
	30079.99999998	8.79334		-0.51725     0.2    0.2		4.1705503158		-1.0
	30124.99999998	9.02271		-0.28649     0.2    0.2		4.1705503158		-1.0
	30169.99999998	9.82828		-0.27853     0.2    0.2		4.1705503158		-1.0
	30214.99999998	10.36842		-0.47733     0.2    0.2		4.1705503158		-1.0
	30259.99999998	10.73075		-0.96029     0.2    0.2		4.1705503158		-1.0
	30304.99999998	10.98456		-1.49415     0.2    0.2		4.1705503158		-1.0
	30349.99999998	11.31402		-1.94871     0.2    0.2		4.1705503158		-1.0
	30394.99999998	11.49773		-2.19144     0.2    0.2		4.1705503158		-1.0
	30439.99999998	11.14106		-2.50954     0.2    0.2		4.1705503158		-1.0
	30484.99999998	10.0327		-2.61745     0.2    0.2		4.1705503158		-1.0
	30529.99999998	8.77881		-2.84402     0.2    0.2		4.1705503158		-1.0
	30574.99999998	7.26525		-2.99008     0.2    0.2		4.1705503158		-1.0
	30619.99999998	5.92861		-2.86956     0.2    0.2		4.1705503158		-1.0
	30664.99999998	6.55042		-3.05045     0.2    0.2		4.1705503158		-1.0
	30709.99999998	8.14412		2.95531     0.2    0.2		4.1705503158		-1.0
	30754.99999998	9.23479		3.05767     0.2    0.2		4.1705503158		-1.0
	30799.99999998	10.06662		2.91149     0.2    0.2		4.1705503158		-1.0
	30844.99999998	10.55629		-3.09575     0.2    0.2		4.1705503158		-1.0
	30889.99999998	11.56959		-3.06506     0.2    0.2		4.1705503158		-1.0
	30934.99999998	12.10131		-2.83927     0.2    0.2		4.1705503158		-1.0
	30979.99999998	13.1615		-2.35107     0.2    0.2		4.1705503158		-1.0
	31024.99999998	13.63385		-2.00982     0.2    0.2		4.1705503158		-1.0
	31069.99999998	14.47823		-2.03514     0.2    0.2		4.1705503158		-1.0
	31114.99999998	14.82328		-2.41467     0.2    0.2		4.1705503158		-1.0
	31159.99999998	15.15783		-2.62342     0.2    0.2		4.1705503158		-1.0
	31204.99999998	15.56766		-2.58816     0.2    0.2		4.1705503158		-1.0
	31249.99999998	16.01816		-2.26096     0.2    0.2		4.1705503158		-1.0
	31294.99999998	16.55223		-1.67789     0.2    0.2		4.1705503158		-1.0
	31339.99999998	16.30583		-1.45117     0.2    0.2		4.1705503158		-1.0
	31384.99999998	16.46817		-1.6258     0.2    0.2		4.1705503158		-1.0
	31429.99999998	16.39175		-2.16373     0.2    0.2		4.1705503158		-1.0
	31474.99999998	16.89679		-3.08487     0.2    0.2		4.1705503158		-1.0
	31519.99999998	17.0625		2.79067     0.2    0.2		4.1705503158		-1.0
	31564.99999998	17.53849		2.28075     0.2    0.2		4.1705503158		-1.0
	31609.99999998	17.29547		2.31269     0.2    0.2		4.1705503158		-1.0
	31654.99999998	17.11387		1.98529     0.2    0.2		4.1705503158		-1.0
	31699.99999998	16.34231		1.93153     0.2    0.2		4.1705503158		-1.0
	31744.99999998	15.69593		1.88342     0.2    0.2		4.1705503158		-1.0
	31789.99999998	14.7686		2.15799     0.2    0.2		4.1705503158		-1.0
	31834.99999998	13.89661		2.46763     0.2    0.2		4.1705503158		-1.0
	31879.99999998	13.21101		2.68533     0.2    0.2		4.1705503158		-1.0
	31924.99999998	12.91523		3.11763     0.2    0.2		4.1705503158		-1.0
	31969.99999998	12.57552		-2.88691     0.2    0.2		4.1705503158		-1.0
	32014.99999998	12.02755		-2.88543     0.2    0.2		4.1705503158		-1.0
	32059.99999998	11.90208		-3.05569     0.2    0.2		4.1705503158		-1.0
	32104.99999998	12.50897		2.91229     0.2    0.2		4.1705503158		-1.0
	32149.99999998	13.36783		2.81866     0.2    0.2		4.1705503158		-1.0
	32194.99999998	14.34237		-3.008     0.2    0.2		4.1705503158		-1.0
	32239.99999998	15.1979		2.95595     0.2    0.2		4.1705503158		-1.0
	32284.99999998	15.58247		2.59621     0.2    0.2		4.1705503158		-1.0
	32329.99999998	16.07289		2.36671     0.2    0.2		4.1705503158		-1.0
	32374.99999998	16.05696		2.63272     0.2    0.2		4.1705503158		-1.0
	32419.99999998	16.20186		-2.76253     0.2    0.2		4.1705503158		-1.0
	32464.99999998	16.11412		-2.22354     0.2    0.2		4.1705503158		-1.0
	32509.99999998	15.6574		-2.00081     0.2    0.2		4.1705503158		-1.0
	32554.99999998	15.02113		-2.14334     0.2    0.2		4.1705503158		-1.0
	32599.99999998	14.85084		-2.02883     0.2    0.2		4.1705503158		-1.0
	32644.99999998	14.67722		-1.79131     0.2    0.2		4.1705503158		-1.0
	32689.99999998	14.27586		-1.16932     0.2    0.2		4.1705503158		-1.0
	32734.99999998	14.05467		-0.98028     0.2    0.2		4.1705503158		-1.0
	32779.99999998	13.41351		-0.61628     0.2    0.2		4.1705503158		-1.0
	32824.99999998	12.82908		-0.52047     0.2    0.2		4.1705503158		-1.0
	32869.99999998	11.91657		-0.44566     0.2    0.2		4.1705503158		-1.0
	32914.99999998	11.2612		-0.39317     0.2    0.2		4.1705503158		-1.0
	32959.99999998	11.47441		-0.18518     0.2    0.2		4.1705503158		-1.0
	33004.99999998	12.42828		0.07529     0.2    0.2		4.1705503158		-1.0
	33049.99999998	13.69844		0.02956     0.2    0.2		4.1705503158		-1.0
	33094.99999998	15.01704		0.27553     0.2    0.2		4.1705503158		-1.0
	33139.99999998	16.16172		0.22698     0.2    0.2		4.1705503158		-1.0
	33184.99999998	16.86628		0.32751     0.2    0.2		4.1705503158		-1.0
	33229.99999998	16.95811		0.48347     0.2    0.2		4.1705503158		-1.0
	33274.99999998	16.65758		0.41435     0.2    0.2		4.1705503158		-1.0
	33319.99999998	16.04438		1.51057     0.2    0.2		4.1705503158		-1.0
	33364.99999998	15.47168		1.80478     0.2    0.2		4.1705503158		-1.0
	33409.99999998	14.8272		2.30253     0.2    0.2		4.1705503158		-1.0
	33454.99999998	14.38277		2.44904     0.2    0.2		4.1705503158		-1.0
	33499.99999998	14.4414		3.13889     0.2    0.2		4.1705503158		-1.0
	33544.99999998	14.48944		-2.3951     0.2    0.2		4.1705503158		-1.0
	33589.99999998	14.34583		-0.78161     0.2    0.2		4.1705503158		-1.0
	33634.99999998	13.71703		0.06953     0.2    0.2		4.1705503158		-1.0
	33679.99999998	13.0302		0.27716     0.2    0.2		4.1705503158		-1.0
	33724.99999997	12.2541		0.30798     0.2    0.2		4.1705503158		-1.0
	33769.99999997	11.67616		0.1893     0.2    0.2		4.1705503158		-1.0
	33814.99999997	11.02868		0.03658     0.2    0.2		4.1705503158		-1.0
	33859.99999997	10.50488		0.16792     0.2    0.2		4.1705503158		-1.0
	33904.99999997	9.87498		0.14287     0.2    0.2		4.1705503158		-1.0
	33949.99999997	9.39214		0.04483     0.2    0.2		4.1705503158		-1.0
	33994.99999997	8.9209		-0.64464     0.2    0.2		4.1705503158		-1.0
	34039.99999997	8.90463		-1.88467     0.2    0.2		4.1705503158		-1.0
	34084.99999997	8.27248		-2.36522     0.2    0.2		4.1705503158		-1.0
	34129.99999997	7.16701		-2.92688     0.2    0.2		4.1705503158		-1.0
	34174.99999997	6.82524		2.69881     0.2    0.2		4.1705503158		-1.0
	34219.99999997	6.67616		-3.06473     0.2    0.2		4.1705503158		-1.0
	34264.99999997	6.90562		-2.90707     0.2    0.2		4.1705503158		-1.0
	34309.99999997	7.53694		-2.8405     0.2    0.2		4.1705503158		-1.0
	34354.99999997	8.25098		2.91955     0.2    0.2		4.1705503158		-1.0
	34399.99999997	8.89561		2.54977     0.2    0.2		4.1705503158		-1.0
	34444.99999997	9.72939		1.82594     0.2    0.2		4.1705503158		-1.0
	34489.99999997	10.27271		0.58322     0.2    0.2		4.1705503158		-1.0
	34534.99999997	11.08924		-0.97139     0.2    0.2		4.1705503158		-1.0
	34579.99999997	11.51141		0.87429     0.2    0.2		4.1705503158		-1.0
	34624.99999997	11.39663		0.77886     0.2    0.2		4.1705503158		-1.0
	34669.99999997	11.40951		0.74612     0.2    0.2		4.1705503158		-1.0
	34714.99999997	10.98927		-0.46874     0.2    0.2		4.1705503158		-1.0
	34759.99999997	10.9685		-0.66891     0.2    0.2		4.1705503158		-1.0
	34804.99999997	10.82434		-2.03617     0.2    0.2		4.1705503158		-1.0
	34849.99999997	10.31054		-1.26113     0.2    0.2		4.1705503158		-1.0
	34894.99999997	9.61686		0.12954     0.2    0.2		4.1705503158		-1.0
	34939.99999997	8.93423		1.23175     0.2    0.2		4.1705503158		-1.0
	34984.99999997	8.6855		2.53573     0.2    0.2		4.1705503158		-1.0
	35029.99999997	8.80697		-2.27181     0.2    0.2		4.1705503158		-1.0
	35074.99999997	9.49692		-2.11104     0.2    0.2		4.1705503158		-1.0
	35119.99999997	9.84734		-1.76135     0.2    0.2		4.1705503158		-1.0
	35164.99999997	10.47538		-1.62124     0.2    0.2		4.1705503158		-1.0
	35209.99999997	10.60706		-1.7235     0.2    0.2		4.1705503158		-1.0
	35254.99999997	10.35295		1.15194     0.2    0.2		4.1705503158		-1.0
	35299.99999997	10.27562		1.01076     0.2    0.2		4.1705503158		-1.0
	35344.99999997	10.55297		0.82874     0.2    0.2		4.1705503158		-1.0
	35389.99999997	10.66378		0.81804     0.2    0.2		4.1705503158		-1.0
	35434.99999997	10.99298		0.72927     0.2    0.2		4.1705503158		-1.0
	35479.99999997	11.71131		0.42933     0.2    0.2		4.1705503158		-1.0
	35524.99999997	12.30411		0.40081     0.2    0.2		4.1705503158		-1.0
	35569.99999997	13.27475		0.51155     0.2    0.2		4.1705503158		-1.0
	35614.99999997	13.92069		0.58751     0.2    0.2		4.1705503158		-1.0
	35659.99999997	14.62575		0.7052     0.2    0.2		4.1705503158		-1.0
	35704.99999997	15.22421		0.69049     0.2    0.2		4.1705503158		-1.0
	35749.99999997	15.7388		0.58045     0.2    0.2		4.1705503158		-1.0
	35794.99999997	16.32046		0.47747     0.2    0.2		4.1705503158		-1.0
	35839.99999997	16.42839		0.76373     0.2    0.2		4.1705503158		-1.0
	35884.99999997	15.64109		1.20606     0.2    0.2		4.1705503158		-1.0
	35929.99999997	14.44387		1.35836     0.2    0.2		4.1705503158		-1.0
	35974.99999997	13.22199		1.11357     0.2    0.2		4.1705503158		-1.0
	36019.99999997	12.42876		0.71226     0.2    0.2		4.1705503158		-1.0
	36064.99999997	11.82612		0.52387     0.2    0.2		4.1705503158		-1.0
	36109.99999997	11.08524		0.44789     0.2    0.2		4.1705503158		-1.0
	36154.99999997	10.79194		0.52078     0.2    0.2		4.1705503158		-1.0
	36199.99999997	10.513		0.39398     0.2    0.2		4.1705503158		-1.0
	36244.99999997	10.16982		0.65691     0.2    0.2		4.1705503158		-1.0
	36289.99999997	9.31034		0.62618     0.2    0.2		4.1705503158		-1.0
	36334.99999997	8.82832		0.89662     0.2    0.2		4.1705503158		-1.0
	36379.99999997	8.14695		0.95589     0.2    0.2		4.1705503158		-1.0
	36424.99999997	8.94171		0.92491     0.2    0.2		4.1705503158		-1.0
	36469.99999997	9.02651		0.97423     0.2    0.2		4.1705503158		-1.0
	36514.99999997	8.18379		1.31028     0.2    0.2		4.1705503158		-1.0
	36559.99999997	7.1283		1.42529     0.2    0.2		4.1705503158		-1.0
	36604.99999997	7.01119		1.71067     0.2    0.2		4.1705503158		-1.0
	36649.99999997	7.55184		1.64474     0.2    0.2		4.1705503158		-1.0
	36694.99999997	8.23995		2.12011     0.2    0.2		4.1705503158		-1.0
	36739.99999997	8.18105		1.91906     0.2    0.2		4.1705503158		-1.0
	36784.99999997	8.16288		2.29029     0.2    0.2		4.1705503158		-1.0
	36829.99999997	8.12042		1.81321     0.2    0.2		4.1705503158		-1.0
	36874.99999997	8.55836		2.07466     0.2    0.2		4.1705503158		-1.0
	36919.99999997	9.04076		1.95822     0.2    0.2		4.1705503158		-1.0
	36964.99999997	9.8442		2.54475     0.2    0.2		4.1705503158		-1.0
	37009.99999997	10.55197		2.76148     0.2    0.2		4.1705503158		-1.0
	37054.99999997	11.11675		3.01624     0.2    0.2		4.1705503158		-1.0
	37099.99999997	11.0845		2.7114     0.2    0.2		4.1705503158		-1.0
	37144.99999997	10.53953		1.7793     0.2    0.2		4.1705503158		-1.0
	37189.99999997	9.81104		0.22606     0.2    0.2		4.1705503158		-1.0
	37234.99999997	9.20684		-0.17302     0.2    0.2		4.1705503158		-1.0
	37279.99999997	8.60442		-0.545     0.2    0.2		4.1705503158		-1.0
	37324.99999997	7.71736		-0.94029     0.2    0.2		4.1705503158		-1.0
	37369.99999997	7.36363		-1.3926     0.2    0.2		4.1705503158		-1.0
	37414.99999997	7.47281		-0.96563     0.2    0.2		4.1705503158		-1.0
	37459.99999997	8.28923		-0.92367     0.2    0.2		4.1705503158		-1.0
	37504.99999997	9.32846		-0.45978     0.2    0.2		4.1705503158		-1.0
	37549.99999997	9.49932		-0.43161     0.2    0.2		4.1705503158		-1.0
	37594.99999997	9.79372		-0.01045     0.2    0.2		4.1705503158		-1.0
	37639.99999997	10.19961		-0.05145     0.2    0.2		4.1705503158		-1.0
	37684.99999997	10.71304		0.16092     0.2    0.2		4.1705503158		-1.0
	37729.99999997	11.1992		-0.71214     0.2    0.2		4.1705503158		-1.0
	37774.99999997	11.09528		-0.95865     0.2    0.2		4.1705503158		-1.0
	37819.99999997	10.77089		-1.37414     0.2    0.2		4.1705503158		-1.0
	37864.99999997	10.43281		-0.5904     0.2    0.2		4.1705503158		-1.0
	37909.99999997	10.2597		-0.81054     0.2    0.2		4.1705503158		-1.0
	37954.99999997	9.62263		-0.61419     0.2    0.2		4.1705503158		-1.0
	37999.99999997	9.48638		-1.11341     0.2    0.2		4.1705503158		-1.0
	38044.99999997	9.18572		-1.55137     0.2    0.2		4.1705503158		-1.0
	38089.99999997	9.64067		-2.02039     0.2    0.2		4.1705503158		-1.0
	38134.99999997	10.34453		-1.72384     0.2    0.2		4.1705503158		-1.0
	38179.99999997	10.94643		-1.2412     0.2    0.2		4.1705503158		-1.0
	38224.99999997	12.19021		-0.8901     0.2    0.2		4.1705503158		-1.0
	38269.99999997	12.75837		-0.50889     0.2    0.2		4.1705503158		-1.0
	38314.99999997	13.11238		-1.02693     0.2    0.2		4.1705503158		-1.0
	38359.99999997	12.96656		-1.33387     0.2    0.2		4.1705503158		-1.0
	38404.99999997	13.0015		-1.93513     0.2    0.2		4.1705503158		-1.0
	38449.99999997	12.32519		-1.9095     0.2    0.2		4.1705503158		-1.0
	38494.99999997	12.66101		-2.27669     0.2    0.2		4.1705503158		-1.0
	38539.99999997	12.1625		-1.94742     0.2    0.2		4.1705503158		-1.0
	38584.99999997	12.88363		-2.00728     0.2    0.2		4.1705503158		-1.0
	38629.99999997	13.55187		-1.58376     0.2    0.2		4.1705503158		-1.0
	38674.99999997	14.41235		-1.42569     0.2    0.2		4.1705503158		-1.0
	38719.99999997	14.98383		-1.29631     0.2    0.2		4.1705503158		-1.0
	38764.99999997	15.65398		-1.06288     0.2    0.2		4.1705503158		-1.0
	38809.99999997	15.96571		-0.91358     0.2    0.2		4.1705503158		-1.0
	38854.99999997	15.92937		-0.78671     0.2    0.2		4.1705503158		-1.0
	38899.99999997	16.9848		-0.92054     0.2    0.2		4.1705503158		-1.0
	38944.99999997	17.93548		-1.11353     0.2    0.2		4.1705503158		-1.0
	38989.99999997	18.74092		-1.60101     0.2    0.2		4.1705503158		-1.0
	39034.99999997	19.38562		-1.70309     0.2    0.2		4.1705503158		-1.0
	39079.99999997	19.64608		-2.16587     0.2    0.2		4.1705503158		-1.0
	39124.99999997	20.00306		-2.38892     0.2    0.2		4.1705503158		-1.0
	39169.99999997	20.59341		-2.95364     0.2    0.2		4.1705503158		-1.0
	39214.99999997	21.23562		2.99087     0.2    0.2		4.1705503158		-1.0
	39259.99999997	21.95813		2.71811     0.2    0.2		4.1705503158		-1.0
	39304.99999997	22.83557		2.96844     0.2    0.2		4.1705503158		-1.0
	39349.99999997	23.4261		2.91228     0.2    0.2		4.1705503158		-1.0
	39394.99999997	23.79487		2.71468     0.2    0.2		4.1705503158		-1.0
	39439.99999997	24.42069		2.38736     0.2    0.2		4.1705503158		-1.0
	39484.99999997	25.08242		-0.81041     0.2    0.2		4.1705503158		-1.0
	39529.99999997	23.83744		-0.61716     0.2    0.2		4.1705503158		-1.0
	39574.99999997	22.91145		-0.63514     0.2    0.2		4.1705503158		-1.0
	39619.99999997	22.27365		-0.86027     0.2    0.2		4.1705503158		-1.0
	39664.99999997	21.9233		-0.52274     0.2    0.2		4.1705503158		-1.0
	39709.99999997	21.33096		-0.26256     0.2    0.2		4.1705503158		-1.0
	39754.99999997	21.29268		0.2358     0.2    0.2		4.1705503158		-1.0
	39799.99999997	21.46491		0.76187     0.2    0.2		4.1705503158		-1.0
	39844.99999997	22.13716		0.80701     0.2    0.2		4.1705503158		-1.0
	39889.99999997	22.7178		0.53021     0.2    0.2		4.1705503158		-1.0
	39934.99999997	22.09577		0.05366     0.2    0.2		4.1705503158		-1.0
	39979.99999997	21.35457		0.46541     0.2    0.2		4.1705503158		-1.0
	40024.99999997	20.82784		-0.10316     0.2    0.2		4.1705503158		-1.0
	40069.99999997	20.4145		-0.56885     0.2    0.2		4.1705503158		-1.0
	40114.99999997	20.13283		-1.12936     0.2    0.2		4.1705503158		-1.0
	40159.99999997	19.68396		-1.55971     0.2    0.2		4.1705503158		-1.0
	40204.99999997	18.99756		-2.12502     0.2    0.2		4.1705503158		-1.0
	40249.99999996	18.72144		2.97933     0.2    0.2		4.1705503158		-1.0
	40294.99999996	18.50686		2.73314     0.2    0.2		4.1705503158		-1.0
	40339.99999996	18.77988		2.38418     0.2    0.2		4.1705503158		-1.0
	40384.99999996	19.58252		1.92113     0.2    0.2		4.1705503158		-1.0
	40429.99999996	20.34119		1.79402     0.2    0.2		4.1705503158		-1.0
	40474.99999996	20.9953		1.80715     0.2    0.2		4.1705503158		-1.0
	40519.99999996	21.57897		1.79645     0.2    0.2		4.1705503158		-1.0
	40564.99999996	22.02996		2.24649     0.2    0.2		4.1705503158		-1.0
	40609.99999996	22.40084		2.54882     0.2    0.2		4.1705503158		-1.0
	40654.99999996	22.78387		2.64551     0.2    0.2		4.1705503158		-1.0
	40699.99999996	23.28294		2.60203     0.2    0.2		4.1705503158		-1.0
	40744.99999996	23.68702		2.3039     0.2    0.2		4.1705503158		-1.0
	40789.99999996	23.56502		2.91161     0.2    0.2		4.1705503158		-1.0
	40834.99999996	22.96132		1.48949     0.2    0.2		4.1705503158		-1.0
	40879.99999996	22.18838		0.84771     0.2    0.2		4.1705503158		-1.0
	40924.99999996	21.76034		0.90249     0.2    0.2		4.1705503158		-1.0
	40969.99999996	21.10765		0.84909     0.2    0.2		4.1705503158		-1.0
	41014.99999996	20.69126		0.88273     0.2    0.2		4.1705503158		-1.0
	41059.99999996	20.15007		0.70842     0.2    0.2		4.1705503158		-1.0
	41104.99999996	19.59838		0.71537     0.2    0.2		4.1705503158		-1.0
	41149.99999996	18.55645		0.83602     0.2    0.2		4.1705503158		-1.0
	41194.99999996	17.74473		0.6522     0.2    0.2		4.1705503158		-1.0
	41239.99999996	17.1288		0.18361     0.2    0.2		4.1705503158		-1.0
	41284.99999996	16.88815		-0.48015     0.2    0.2		4.1705503158		-1.0
	41329.99999996	16.70891		-0.70491     0.2    0.2		4.1705503158		-1.0
	41374.99999996	16.42394		-1.20321     0.2    0.2		4.1705503158		-1.0
	41419.99999996	16.54415		-1.675     0.2    0.2		4.1705503158		-1.0
	41464.99999996	17.05271		-2.10227     0.2    0.2		4.1705503158		-1.0
	41509.99999996	17.95947		-1.72147     0.2    0.2		4.1705503158		-1.0
	41554.99999996	18.81335		-0.95691     0.2    0.2		4.1705503158		-1.0
	41599.99999996	19.01563		-0.76284     0.2    0.2		4.1705503158		-1.0
	41644.99999996	19.14843		0.05159     0.2    0.2		4.1705503158		-1.0
	41689.99999996	19.01937		0.11109     0.2    0.2		4.1705503158		-1.0
	41734.99999996	19.45346		0.84975     0.2    0.2		4.1705503158		-1.0
	41779.99999996	19.85018		1.5787     0.2    0.2		4.1705503158		-1.0
	41824.99999996	20.86268		1.33046     0.2    0.2		4.1705503158		-1.0
	41869.99999996	21.11693		0.98611     0.2    0.2		4.1705503158		-1.0
	41914.99999996	21.37789		0.48521     0.2    0.2		4.1705503158		-1.0
	41959.99999996	22.18522		0.4009     0.2    0.2		4.1705503158		-1.0
	42004.99999996	23.62287		0.14439     0.2    0.2		4.1705503158		-1.0
	42049.99999996	24.31662		0.25165     0.2    0.2		4.1705503158		-1.0
	42094.99999996	24.77227		-0.04362     0.2    0.2		4.1705503158		-1.0
	42139.99999996	25.35034		0.19905     0.2    0.2		4.1705503158		-1.0
	42184.99999996	26.06551		0.45344     0.2    0.2		4.1705503158		-1.0
	42229.99999996	25.86664		0.65387     0.2    0.2		4.1705503158		-1.0
	42274.99999996	25.16198		0.45137     0.2    0.2		4.1705503158		-1.0
	42319.99999996	23.93951		0.32239     0.2    0.2		4.1705503158		-1.0
	42364.99999996	23.31544		-0.07041     0.2    0.2		4.1705503158		-1.0
	42409.99999996	22.33071		-0.26713     0.2    0.2		4.1705503158		-1.0
	42454.99999996	21.46406		-0.90806     0.2    0.2		4.1705503158		-1.0
	42499.99999996	20.06366		-1.34841     0.2    0.2		4.1705503158		-1.0
	42544.99999996	19.41949		-1.57231     0.2    0.2		4.1705503158		-1.0
	42589.99999996	19.31005		-1.43022     0.2    0.2		4.1705503158		-1.0
	42634.99999996	19.68492		-1.42814     0.2    0.2		4.1705503158		-1.0
	42679.99999996	20.34635		-1.66877     0.2    0.2		4.1705503158		-1.0
	42724.99999996	20.64339		-2.11489     0.2    0.2		4.1705503158		-1.0
	42769.99999996	21.28048		2.55135     0.2    0.2		4.1705503158		-1.0
	42814.99999996	21.26238		1.8409     0.2    0.2		4.1705503158		-1.0
	42859.99999996	21.62209		2.20068     0.2    0.2		4.1705503158		-1.0
	42904.99999996	21.90785		1.49552     0.2    0.2		4.1705503158		-1.0
	42949.99999996	22.30756		0.94251     0.2    0.2		4.1705503158		-1.0
	42994.99999996	22.06813		0.45386     0.2    0.2		4.1705503158		-1.0
	43039.99999996	21.87233		-0.02456     0.2    0.2		4.1705503158		-1.0
	43084.99999996	22.6517		0.03398     0.2    0.2		4.1705503158		-1.0
	43129.99999996	23.64992		-0.16109     0.2    0.2		4.1705503158		-1.0
	43174.99999996	24.27852		0.55011     0.2    0.2		4.1705503158		-1.0
	43219.99999996	25.08783		0.57346     0.2    0.2		4.1705503158		-1.0
	43264.99999996	25.76924		1.34991     0.2    0.2		4.1705503158		-1.0
	43309.99999996	26.37322		1.98159     0.2    0.2		4.1705503158		-1.0
	43354.99999996	27.11224		2.42497     0.2    0.2		4.1705503158		-1.0
	43399.99999996	27.99792		2.42837     0.2    0.2		4.1705503158		-1.0
	43444.99999996	28.5447		-2.74443     0.2    0.2		4.1705503158		-1.0
	43489.99999996	28.41118		2.4889     0.2    0.2		4.1705503158		-1.0
	43534.99999996	27.96898		-2.39206     0.2    0.2		4.1705503158		-1.0
	43579.99999996	27.27841		-2.35836     0.2    0.2		4.1705503158		-1.0
	43624.99999996	26.43912		-2.29198     0.2    0.2		4.1705503158		-1.0
	43669.99999996	25.88684		-2.49718     0.2    0.2		4.1705503158		-1.0
	43714.99999996	25.78704		-2.54928     0.2    0.2		4.1705503158		-1.0
	43759.99999996	25.72861		1.31676     0.2    0.2		4.1705503158		-1.0
	43804.99999996	25.65729		1.09061     0.2    0.2		4.1705503158		-1.0
	43849.99999996	26.03215		2.28452     0.2    0.2		4.1705503158		-1.0
	43894.99999996	26.72887		-2.7514     0.2    0.2		4.1705503158		-1.0
	43939.99999996	27.34481		0.82888     0.2    0.2		4.1705503158		-1.0
	43984.99999996	27.68029		0.64564     0.2    0.2		4.1705503158		-1.0
	44029.99999996	27.35499		0.30749     0.2    0.2		4.1705503158		-1.0
	44074.99999996	28.09529		1.63051     0.2    0.2		4.1705503158		-1.0
	44119.99999996	27.98326		1.79874     0.2    0.2		4.1705503158		-1.0
	44164.99999996	27.84783		-1.35926     0.2    0.2		4.1705503158		-1.0
	44209.99999996	26.81634		-0.71082     0.2    0.2		4.1705503158		-1.0
	44254.99999996	26.6536		-0.28659     0.2    0.2		4.1705503158		-1.0
	44299.99999996	26.12617		0.3083     0.2    0.2		4.1705503158		-1.0
	44344.99999996	26.71617		0.5818     0.2    0.2		4.1705503158		-1.0
	44389.99999996	27.11619		1.44069     0.2    0.2		4.1705503158		-1.0
	44434.99999996	27.55085		1.38536     0.2    0.2		4.1705503158		-1.0
	44479.99999996	27.02653		1.45706     0.2    0.2		4.1705503158		-1.0
	44524.99999996	26.66308		1.53922     0.2    0.2		4.1705503158		-1.0
	44569.99999996	26.01379		1.03391     0.2    0.2		4.1705503158		-1.0
	44614.99999996	26.12564		0.90861     0.2    0.2		4.1705503158		-1.0
	44659.99999996	26.79752		0.24473     0.2    0.2		4.1705503158		-1.0
