	45.00000000	2.89473		-2.82994     0.2    0.2		4.1705503158		-1.0
	90.00000000	2.92035		-2.9139     0.2    0.2		4.1705503158		-1.0
	135.00000000	2.82767		-2.96738     0.2    0.2		4.1705503158		-1.0
	180.00000000	2.91728		2.96058     0.2    0.2		4.1705503158		-1.0
	225.00000000	2.93915		2.73421     0.2    0.2		4.1705503158		-1.0
	270.00000000	2.95169		2.80605     0.2    0.2		4.1705503158		-1.0
	315.00000000	2.75511		2.96667     0.2    0.2		4.1705503158		-1.0
	360.00000000	2.90358		3.0597     0.2    0.2		4.1705503158		-1.0
	405.00000000	2.85725		-3.0742     0.2    0.2		4.1705503158		-1.0
	450.00000000	2.86947		-3.12091     0.2    0.2		4.1705503158		-1.0
	495.00000000	2.83224		-2.93618     0.2    0.2		4.1705503158		-1.0
	540.00000000	2.83865		-2.60567     0.2    0.2		4.1705503158		-1.0
	585.00000000	3.02026		-2.40896     0.2    0.2		4.1705503158		-1.0
	630.00000000	2.89352		-1.98552     0.2    0.2		4.1705503158		-1.0
	675.00000000	2.87579		-1.376     0.2    0.2		4.1705503158		-1.0
	720.00000000	2.89872		-1.20524     0.2    0.2		4.1705503158		-1.0
	765.00000000	2.98577		-0.9818     0.2    0.2		4.1705503158		-1.0
	810.00000000	2.85136		-1.01113     0.2    0.2		4.1705503158		-1.0
	855.00000000	2.90274		-1.18984     0.2    0.2		4.1705503158		-1.0
	900.00000000	2.87878		-1.49448     0.2    0.2		4.1705503158		-1.0
	945.00000000	2.91154		-1.78674     0.2    0.2		4.1705503158		-1.0
	990.00000000	2.82963		-1.97236     0.2    0.2		4.1705503158		-1.0
	1035.00000000	2.86634		-1.73255     0.2    0.2		4.1705503158		-1.0
	1080.00000000	2.88894		-1.64465     0.2    0.2		4.1705503158		-1.0
	1125.00000000	3.03496		-0.98652     0.2    0.2		4.1705503158		-1.0
	1170.00000000	2.87876		-0.64504     0.2    0.2		4.1705503158		-1.0
	1215.00000000	2.94052		-0.43261     0.2    0.2		4.1705503158		-1.0
	1260.00000000	2.76409		-0.86615     0.2    0.2		4.1705503158		-1.0
	1305.00000000	2.83232		-1.06719     0.2    0.2		4.1705503158		-1.0
	1350.00000000	2.84157		-1.18318     0.2    0.2		4.1705503158		-1.0
	1395.00000000	2.89264		-1.35772     0.2    0.2		4.1705503158		-1.0
	1440.00000000	2.78911		-1.54418     0.2    0.2		4.1705503158		-1.0
	1485.00000000	2.90548		-2.233     0.2    0.2		4.1705503158		-1.0
	1530.00000000	2.91321		-2.37997     0.2    0.2		4.1705503158		-1.0
	1575.00000000	2.89285		-2.80673     0.2    0.2		4.1705503158		-1.0
	1620.00000000	2.9742		3.11856     0.2    0.2		4.1705503158		-1.0
	1665.00000000	2.97736		2.98693     0.2    0.2		4.1705503158		-1.0
	1710.00000000	2.91653		2.74095     0.2    0.2		4.1705503158		-1.0
	1755.00000000	2.90203		2.39538     0.2    0.2		4.1705503158		-1.0
	1800.00000000	2.96179		2.12901     0.2    0.2		4.1705503158		-1.0
	1845.00000000	2.81148		1.69951     0.2    0.2		4.1705503158		-1.0
	1890.00000000	2.9337		1.23078     0.2    0.2		4.1705503158		-1.0
	1935.00000000	2.96599		0.69914     0.2    0.2		4.1705503158		-1.0
	1980.00000000	2.83165		0.52056     0.2    0.2		4.1705503158		-1.0
	2025.00000000	2.87806		0.33589     0.2    0.2		4.1705503158		-1.0
	2070.00000000	2.85837		0.79486     0.2    0.2		4.1705503158		-1.0
	2115.00000000	2.96438		0.86687     0.2    0.2		4.1705503158		-1.0
	2160.00000000	2.98462		1.11469     0.2    0.2		4.1705503158		-1.0
	2205.00000000	2.89939		1.22307     0.2    0.2		4.1705503158		-1.0
	2250.00000000	2.83021		1.66414     0.2    0.2		4.1705503158		-1.0
	2295.00000000	2.94588		1.63444     0.2    0.2		4.1705503158		-1.0
	2340.00000000	2.96622		1.35973     0.2    0.2		4.1705503158		-1.0
	2385.00000000	2.88342		0.93288     0.2    0.2		4.1705503158		-1.0
	2430.00000000	3.02334		1.13901     0.2    0.2		4.1705503158		-1.0
	2475.00000000	2.91335		1.4824     0.2    0.2		4.1705503158		-1.0
	2520.00000000	2.88237		1.94059     0.2    0.2		4.1705503158		-1.0
	2565.00000000	2.89599		2.01796     0.2    0.2		4.1705503158		-1.0
	2610.00000000	2.85548		2.42765     0.2    0.2		4.1705503158		-1.0
	2655.00000000	2.86368		2.48589     0.2    0.2		4.1705503158		-1.0
	2700.00000000	2.88048		2.5231     0.2    0.2		4.1705503158		-1.0
	2745.00000000	2.75493		1.99174     0.2    0.2		4.1705503158		-1.0
	2790.00000000	2.83907		2.09603     0.2    0.2		4.1705503158		-1.0
	2835.00000000	2.87261		1.81229     0.2    0.2		4.1705503158		-1.0
	2880.00000000	2.83891		2.20443     0.2    0.2		4.1705503158		-1.0
	2925.00000000	2.79681		2.08038     0.2    0.2		4.1705503158		-1.0
	2970.00000000	2.73573		2.58429     0.2    0.2		4.1705503158		-1.0
	3015.00000000	2.84737		2.37352     0.2    0.2		4.1705503158		-1.0
	3060.00000000	2.83574		2.36784     0.2    0.2		4.1705503158		-1.0
	3105.00000000	2.81455		1.71358     0.2    0.2		4.1705503158		-1.0
	3150.00000000	2.81409		1.57155     0.2    0.2		4.1705503158		-1.0
	3195.00000000	2.72132		1.19452     0.2    0.2		4.1705503158		-1.0
	3240.00000000	2.74224		1.48855     0.2    0.2		4.1705503158		-1.0
	3285.00000000	2.74232		1.12006     0.2    0.2		4.1705503158		-1.0
	3330.00000000	2.79235		1.01897     0.2    0.2		4.1705503158		-1.0
	3375.00000000	2.737		0.47147     0.2    0.2		4.1705503158		-1.0
	3420.00000000	2.81066		0.73473     0.2    0.2		4.1705503158		-1.0
	3465.00000000	3.00369		0.03732     0.2    0.2		4.1705503158		-1.0
	3510.00000000	2.87367		-0.09918     0.2    0.2		4.1705503158		-1.0
	3555.00000000	2.94999		-0.28681     0.2    0.2		4.1705503158		-1.0
	3600.00000000	2.84662		-0.6619     0.2    0.2		4.1705503158		-1.0
	3645.00000000	2.78292		-0.82236     0.2    0.2		4.1705503158		-1.0
	3690.00000000	2.80458		-0.7558     0.2    0.2		4.1705503158		-1.0
	3735.00000000	2.88531		-0.71903     0.2    0.2		4.1705503158		-1.0
	3780.00000000	2.81738		-0.32653     0.2    0.2		4.1705503158		-1.0
	3825.00000000	2.94004		-0.25762     0.2    0.2		4.1705503158		-1.0
	3870.00000000	2.96777		0.13486     0.2    0.2		4.1705503158		-1.0
	3915.00000000	3.13259		0.3069     0.2    0.2		4.1705503158		-1.0
	3960.00000000	3.16455		0.55708     0.2    0.2		4.1705503158		-1.0
	4005.00000000	3.00579		0.50377     0.2    0.2		4.1705503158		-1.0
	4050.00000000	2.99449		0.47962     0.2    0.2		4.1705503158		-1.0
	4095.00000000	2.83274		0.55676     0.2    0.2		4.1705503158		-1.0
	4140.00000000	2.72394		0.24935     0.2    0.2		4.1705503158		-1.0
	4185.00000000	2.73719		0.00327     0.2    0.2		4.1705503158		-1.0
	4230.00000000	2.86008		-0.0689     0.2    0.2		4.1705503158		-1.0
	4275.00000000	2.85016		-0.47597     0.2    0.2		4.1705503158		-1.0
	4320.00000000	2.91514		-0.7913     0.2    0.2		4.1705503158		-1.0
	4365.00000000	2.83522		-1.23604     0.2    0.2		4.1705503158		-1.0
	4410.00000000	2.9908		-1.55412     0.2    0.2		4.1705503158		-1.0
	4455.00000000	2.94887		-1.96396     0.2    0.2		4.1705503158		-1.0
	4500.00000000	3.00253		-2.06315     0.2    0.2		4.1705503158		-1.0
	4545.00000000	2.92507		-2.62139     0.2    0.2		4.1705503158		-1.0
	4590.00000000	2.97489		-2.64137     0.2    0.2		4.1705503158		-1.0
	4635.00000000	2.83887		-2.95507     0.2    0.2		4.1705503158		-1.0
	4680.00000000	2.76621		-3.00457     0.2    0.2		4.1705503158		-1.0
	4725.00000000	3.13351		2.83763     0.2    0.2		4.1705503158		-1.0
	4770.00000000	2.95148		2.70624     0.2    0.2		4.1705503158		-1.0
	4815.00000000	2.87484		2.80997     0.2    0.2		4.1705503158		-1.0
	4860.00000000	3.09691		2.76797     0.2    0.2		4.1705503158		-1.0
	4905.00000000	3.18088		2.88296     0.2    0.2		4.1705503158		-1.0
	4950.00000000	3.22486		-3.13829     0.2    0.2		4.1705503158		-1.0
	4995.00000000	3.0944		-2.71485     0.2    0.2		4.1705503158		-1.0
	5040.00000000	3.17178		-2.12966     0.2    0.2		4.1705503158		-1.0
	5085.00000000	3.1889		-1.95066     0.2    0.2		4.1705503158		-1.0
	5130.00000000	3.30146		-1.42438     0.2    0.2		4.1705503158		-1.0
	5175.00000000	3.2155		-1.53599     0.2    0.2		4.1705503158		-1.0
	5220.00000000	2.94557		-1.66555     0.2    0.2		4.1705503158		-1.0
	5265.00000000	2.72881		-1.76293     0.2    0.2		4.1705503158		-1.0
	5310.00000000	2.86268		-2.25787     0.2    0.2		4.1705503158		-1.0
	5355.00000000	2.77751		-2.25353     0.2    0.2		4.1705503158		-1.0
	5400.00000000	2.94257		-2.63306     0.2    0.2		4.1705503158		-1.0
	5445.00000000	2.7622		-2.51259     0.2    0.2		4.1705503158		-1.0
	5490.00000000	3.23148		-2.84108     0.2    0.2		4.1705503158		-1.0
	5535.00000000	2.69617		-2.7679     0.2    0.2		4.1705503158		-1.0
	5580.00000000	3.13648		-2.8563     0.2    0.2		4.1705503158		-1.0
	5625.00000000	2.90851		-2.68855     0.2    0.2		4.1705503158		-1.0
	5670.00000000	2.85505		-2.60469     0.2    0.2		4.1705503158		-1.0
	5715.00000000	2.95519		-2.49332     0.2    0.2		4.1705503158		-1.0
	5760.00000000	3.11307		-2.34379     0.2    0.2		4.1705503158		-1.0
	5805.00000000	3.03748		-1.97302     0.2    0.2		4.1705503158		-1.0
	5850.00000000	2.7483		-1.7308     0.2    0.2		4.1705503158		-1.0
	5895.00000000	2.69918		-1.37763     0.2    0.2		4.1705503158		-1.0
	5940.00000000	2.88579		-1.17101     0.2    0.2		4.1705503158		-1.0
	5985.00000000	3.03385		-1.14724     0.2    0.2		4.1705503158		-1.0
	6030.00000000	3.15055		-0.91389     0.2    0.2		4.1705503158		-1.0
	6075.00000000	3.18383		-1.29826     0.2    0.2		4.1705503158		-1.0
	6120.00000000	2.82544		-1.23276     0.2    0.2		4.1705503158		-1.0
	6165.00000000	2.9527		-1.46594     0.2    0.2		4.1705503158		-1.0
	6210.00000000	3.25683		-1.33446     0.2    0.2		4.1705503158		-1.0
	6255.00000000	2.88138		-1.70499     0.2    0.2		4.1705503158		-1.0
	6300.00000000	2.87675		-1.77941     0.2    0.2		4.1705503158		-1.0
	6345.00000000	2.79508		-2.00602     0.2    0.2		4.1705503158		-1.0
	6390.00000000	2.89986		-2.35155     0.2    0.2		4.1705503158		-1.0
	6435.00000000	3.18049		-2.24188     0.2    0.2		4.1705503158		-1.0
	6480.00000000	2.73665		-2.55352     0.2    0.2		4.1705503158		-1.0
	6525.00000000	2.75699		-2.38239     0.2    0.2		4.1705503158		-1.0
	6570.00000000	2.85219		-2.49147     0.2    0.2		4.1705503158		-1.0
	6615.00000000	2.83009		-2.18429     0.2    0.2		4.1705503158		-1.0
	6660.00000000	2.77335		-2.06955     0.2    0.2		4.1705503158		-1.0
	6705.00000000	3.17543		-1.65304     0.2    0.2		4.1705503158		-1.0
	6750.00000000	2.99441		-1.53567     0.2    0.2		4.1705503158		-1.0
	6795.00000000	2.71957		-1.4297     0.2    0.2		4.1705503158		-1.0
	6840.00000000	3.28106		-1.26747     0.2    0.2		4.1705503158		-1.0
	6885.00000000	2.81517		-0.93972     0.2    0.2		4.1705503158		-1.0
	6930.00000000	2.9659		-0.85523     0.2    0.2		4.1705503158		-1.0
	6975.00000000	2.83509		-0.87201     0.2    0.2		4.1705503158		-1.0
	7020.00000000	3.04137		-0.30288     0.2    0.2		4.1705503158		-1.0
	7065.00000000	3.10457		-0.55535     0.2    0.2		4.1705503158		-1.0
	7110.00000000	2.74928		-0.38718     0.2    0.2		4.1705503158		-1.0
	7155.00000000	3.08373		-0.18434     0.2    0.2		4.1705503158		-1.0
	7200.00000000	3.17879		-0.90811     0.2    0.2		4.1705503158		-1.0
	7245.00000000	3.31521		-0.59142     0.2    0.2		4.1705503158		-1.0
	7290.00000000	2.93799		-0.73228     0.2    0.2		4.1705503158		-1.0
	7335.00000000	2.79623		-0.50541     0.2    0.2		4.1705503158		-1.0
	7380.00000000	3.13538		-0.20963     0.2    0.2		4.1705503158		-1.0
	7425.00000000	3.2363		-0.21189     0.2    0.2		4.1705503158		-1.0
	7470.00000000	3.11793		0.18711     0.2    0.2		4.1705503158		-1.0
	7515.00000000	3.0431		0.34079     0.2    0.2		4.1705503158		-1.0
	7560.00000000	2.95053		0.28568     0.2    0.2		4.1705503158		-1.0
	7605.00000000	2.95615		0.33036     0.2    0.2		4.1705503158		-1.0
	7650.00000000	3.15009		0.636     0.2    0.2		4.1705503158		-1.0
	7695.00000000	3.07775		0.35074     0.2    0.2		4.1705503158		-1.0
	7740.00000000	2.72945		0.12698     0.2    0.2		4.1705503158		-1.0
	7785.00000000	2.64121		0.32937     0.2    0.2		4.1705503158		-1.0
	7830.00000000	2.62393		-0.14547     0.2    0.2		4.1705503158		-1.0
	7875.00000000	2.72442		0.00839     0.2    0.2		4.1705503158		-1.0
	7920.00000000	2.86018		-0.37069     0.2    0.2		4.1705503158		-1.0
	7965.00000000	3.08379		-0.36852     0.2    0.2		4.1705503158		-1.0
	8010.00000000	2.92995		-0.54415     0.2    0.2		4.1705503158		-1.0
	8055.00000000	3.12515		-0.66712     0.2    0.2		4.1705503158		-1.0
	8100.00000000	2.98588		-1.01113     0.2    0.2		4.1705503158		-1.0
	8145.00000000	3.04689		-1.11358     0.2    0.2		4.1705503158		-1.0
	8190.00000000	3.04498		-1.04908     0.2    0.2		4.1705503158		-1.0
	8235.00000000	3.0626		-0.97275     0.2    0.2		4.1705503158		-1.0
	8280.00000000	3.1428		-0.7996     0.2    0.2		4.1705503158		-1.0
	8325.00000000	3.02019		-0.52395     0.2    0.2		4.1705503158		-1.0
	8370.00000000	2.93031		-0.46466     0.2    0.2		4.1705503158		-1.0
	8415.00000000	3.16672		0.16     0.2    0.2		4.1705503158		-1.0
	8460.00000000	2.70061		0.68312     0.2    0.2		4.1705503158		-1.0
	8505.00000000	2.96136		0.98324     0.2    0.2		4.1705503158		-1.0
	8550.00000000	3.15002		0.85213     0.2    0.2		4.1705503158		-1.0
	8595.00000000	2.90444		1.14622     0.2    0.2		4.1705503158		-1.0
	8640.00000000	2.8561		0.69715     0.2    0.2		4.1705503158		-1.0
	8685.00000000	3.18412		0.73854     0.2    0.2		4.1705503158		-1.0
	8730.00000000	2.66347		0.53538     0.2    0.2		4.1705503158		-1.0
	8775.00000000	2.89958		0.86422     0.2    0.2		4.1705503158		-1.0
	8820.00000000	3.19884		1.0501     0.2    0.2		4.1705503158		-1.0
	8865.00000000	2.90472		1.46477     0.2    0.2		4.1705503158		-1.0
	8910.00000000	2.87106		1.54248     0.2    0.2		4.1705503158		-1.0
	8955.00000000	2.8942		2.00031     0.2    0.2		4.1705503158		-1.0
	9000.00000000	3.02727		2.03326     0.2    0.2		4.1705503158		-1.0
	9045.00000000	2.91208		2.23807     0.2    0.2		4.1705503158		-1.0
	9090.00000000	2.77411		2.56491     0.2    0.2		4.1705503158		-1.0
	9135.00000000	2.79321		2.72991     0.2    0.2		4.1705503158		-1.0
	9180.00000000	2.79685		-3.08592     0.2    0.2		4.1705503158		-1.0
	9225.00000000	2.77136		-2.67367     0.2    0.2		4.1705503158		-1.0
	9270.00000000	3.15624		-2.92103     0.2    0.2		4.1705503158		-1.0
	9315.00000000	3.14702		-3.05367     0.2    0.2		4.1705503158		-1.0
	9360.00000000	3.2011		-2.98271     0.2    0.2		4.1705503158		-1.0
	9405.00000000	2.59527		-2.91759     0.2    0.2		4.1705503158		-1.0
	9450.00000000	3.04407		3.03093     0.2    0.2		4.1705503158		-1.0
	9495.00000000	3.37989		2.96361     0.2    0.2		4.1705503158		-1.0
	9540.00000000	3.14456		2.88069     0.2    0.2		4.1705503158		-1.0
	9585.00000000	3.21085		2.30876     0.2    0.2		4.1705503158		-1.0
	9630.00000000	2.96874		2.65069     0.2    0.2		4.1705503158		-1.0
	9675.00000000	3.07575		2.2291     0.2    0.2		4.1705503158		-1.0
	9720.00000000	3.08283		1.96619     0.2    0.2		4.1705503158		-1.0
	9765.00000000	3.09343		1.4898     0.2    0.2		4.1705503158		-1.0
	9810.00000000	2.94889		1.23851     0.2    0.2		4.1705503158		-1.0
	9855.00000000	2.98285		0.62105     0.2    0.2		4.1705503158		-1.0
	9900.00000000	2.86311		0.19741     0.2    0.2		4.1705503158		-1.0
	9945.00000000	2.78522		0.28258     0.2    0.2		4.1705503158		-1.0
	9990.00000000	3.36266		-0.43125     0.2    0.2		4.1705503158		-1.0
	10035.00000000	2.96727		-0.31306     0.2    0.2		4.1705503158		-1.0
	10080.00000000	2.69035		-0.47334     0.2    0.2		4.1705503158		-1.0
	10125.00000000	3.10303		-0.04371     0.2    0.2		4.1705503158		-1.0
	10170.00000000	2.95899		0.13448     0.2    0.2		4.1705503158		-1.0
	10215.00000000	3.01155		0.78149     0.2    0.2		4.1705503158		-1.0
	10260.00000000	2.77628		1.16397     0.2    0.2		4.1705503158		-1.0
	10305.00000000	2.8623		1.4429     0.2    0.2		4.1705503158		-1.0
	10350.00000000	2.95898		1.71818     0.2    0.2		4.1705503158		-1.0
	10395.00000000	3.00181		1.79294     0.2    0.2		4.1705503158		-1.0
	10440.00000000	2.95529		1.82183     0.2    0.2		4.1705503158		-1.0
	10485.00000000	3.17616		1.62079     0.2    0.2		4.1705503158		-1.0
	10530.00000000	3.19694		1.40247     0.2    0.2		4.1705503158		-1.0
	10575.00000000	2.72338		0.90842     0.2    0.2		4.1705503158		-1.0
	10620.00000000	3.00259		0.94796     0.2    0.2		4.1705503158		-1.0
	10665.00000000	3.34947		1.0074     0.2    0.2		4.1705503158		-1.0
	10710.00000000	2.85433		0.99947     0.2    0.2		4.1705503158		-1.0
	10755.00000000	3.02798		1.03125     0.2    0.2		4.1705503158		-1.0
	10800.00000000	2.98217		1.43368     0.2    0.2		4.1705503158		-1.0
	10845.00000001	3.11954		1.36917     0.2    0.2		4.1705503158		-1.0
	10890.00000001	3.23642		1.45385     0.2    0.2		4.1705503158		-1.0
	10935.00000001	3.28385		1.17392     0.2    0.2		4.1705503158		-1.0
	10980.00000001	2.61419		1.30819     0.2    0.2		4.1705503158		-1.0
	11025.00000001	2.74558		1.04017     0.2    0.2		4.1705503158		-1.0
	11070.00000001	2.80871		0.92798     0.2    0.2		4.1705503158		-1.0
	11115.00000001	2.87833		0.66866     0.2    0.2		4.1705503158		-1.0
	11160.00000001	2.8137		0.6062     0.2    0.2		4.1705503158		-1.0
	11205.00000001	3.19855		0.31347     0.2    0.2		4.1705503158		-1.0
	11250.00000001	2.81824		-0.00265     0.2    0.2		4.1705503158		-1.0
	11295.00000001	3.21852		-0.12939     0.2    0.2		4.1705503158		-1.0
	11340.00000001	3.3245		-0.47603     0.2    0.2		4.1705503158		-1.0
	11385.00000001	3.32118		-0.89963     0.2    0.2		4.1705503158		-1.0
	11430.00000001	3.19731		-1.29436     0.2    0.2		4.1705503158		-1.0
	11475.00000001	3.1843		-1.84876     0.2    0.2		4.1705503158		-1.0
	11520.00000001	2.86733		-1.98251     0.2    0.2		4.1705503158		-1.0
	11565.00000001	2.77112		-2.33058     0.2    0.2		4.1705503158		-1.0
	11610.00000001	3.32735		-2.39407     0.2    0.2		4.1705503158		-1.0
	11655.00000001	3.18525		-2.53308     0.2    0.2		4.1705503158		-1.0
	11700.00000001	3.25946		-2.98023     0.2    0.2		4.1705503158		-1.0
	11745.00000001	2.83677		2.87293     0.2    0.2		4.1705503158		-1.0
	11790.00000001	2.75308		2.75649     0.2    0.2		4.1705503158		-1.0
	11835.00000001	2.87151		3.06795     0.2    0.2		4.1705503158		-1.0
	11880.00000001	2.88957		-2.72104     0.2    0.2		4.1705503158		-1.0
	11925.00000001	2.99365		-2.72437     0.2    0.2		4.1705503158		-1.0
	11970.00000001	3.17856		-2.66626     0.2    0.2		4.1705503158		-1.0
	12015.00000001	3.13423		-2.26424     0.2    0.2		4.1705503158		-1.0
	12060.00000001	2.92356		-2.07671     0.2    0.2		4.1705503158		-1.0
	12105.00000001	2.90427		-1.85679     0.2    0.2		4.1705503158		-1.0
	12150.00000001	3.09183		-1.61408     0.2    0.2		4.1705503158		-1.0
	12195.00000001	3.10711		-1.31026     0.2    0.2		4.1705503158		-1.0
	12240.00000001	3.15348		-1.4059     0.2    0.2		4.1705503158		-1.0
	12285.00000001	2.94596		-1.33443     0.2    0.2		4.1705503158		-1.0
	12330.00000001	2.72231		-1.52237     0.2    0.2		4.1705503158		-1.0
	12375.00000001	2.96239		-1.75511     0.2    0.2		4.1705503158		-1.0
	12420.00000001	2.97595		-1.7848     0.2    0.2		4.1705503158		-1.0
	12465.00000001	3.20308		-2.13535     0.2    0.2		4.1705503158		-1.0
	12510.00000001	2.75593		-2.09583     0.2    0.2		4.1705503158		-1.0
	12555.00000001	2.80517		-2.28026     0.2    0.2		4.1705503158		-1.0
	12600.00000001	3.45059		-2.37351     0.2    0.2		4.1705503158		-1.0
	12645.00000001	3.39231		-2.46735     0.2    0.2		4.1705503158		-1.0
	12690.00000001	2.85199		-2.5213     0.2    0.2		4.1705503158		-1.0
	12735.00000001	3.08402		-2.65442     0.2    0.2		4.1705503158		-1.0
	12780.00000001	3.13714		-2.72865     0.2    0.2		4.1705503158		-1.0
	12825.00000001	2.7655		-3.01269     0.2    0.2		4.1705503158		-1.0
	12870.00000001	2.75213		3.03575     0.2    0.2		4.1705503158		-1.0
	12915.00000001	2.75034		2.87309     0.2    0.2		4.1705503158		-1.0
	12960.00000001	2.98829		2.60061     0.2    0.2		4.1705503158		-1.0
	13005.00000001	3.18262		2.71202     0.2    0.2		4.1705503158		-1.0
	13050.00000001	3.0508		2.39805     0.2    0.2		4.1705503158		-1.0
	13095.00000001	3.20014		2.31776     0.2    0.2		4.1705503158		-1.0
	13140.00000001	3.33479		1.8629     0.2    0.2		4.1705503158		-1.0
	13185.00000001	2.96882		1.94351     0.2    0.2		4.1705503158		-1.0
	13230.00000001	2.93777		1.81752     0.2    0.2		4.1705503158		-1.0
	13275.00000001	2.72237		1.70317     0.2    0.2		4.1705503158		-1.0
	13320.00000001	2.661		1.81655     0.2    0.2		4.1705503158		-1.0
	13365.00000001	3.33753		1.97079     0.2    0.2		4.1705503158		-1.0
	13410.00000001	3.28745		2.29787     0.2    0.2		4.1705503158		-1.0
	13455.00000001	2.94039		2.52124     0.2    0.2		4.1705503158		-1.0
	13500.00000001	3.27425		2.69104     0.2    0.2		4.1705503158		-1.0
	13545.00000001	3.26411		2.75608     0.2    0.2		4.1705503158		-1.0
	13590.00000001	3.10624		2.85911     0.2    0.2		4.1705503158		-1.0
	13635.00000001	3.07849		-3.01616     0.2    0.2		4.1705503158		-1.0
	13680.00000001	3.03924		-2.75517     0.2    0.2		4.1705503158		-1.0
	13725.00000001	3.04662		-2.35983     0.2    0.2		4.1705503158		-1.0
	13770.00000001	3.16577		-1.81157     0.2    0.2		4.1705503158		-1.0
	13815.00000001	3.15761		-1.46907     0.2    0.2		4.1705503158		-1.0
	13860.00000001	2.92412		-1.49534     0.2    0.2		4.1705503158		-1.0
	13905.00000001	2.79961		-1.31644     0.2    0.2		4.1705503158		-1.0
	13950.00000001	2.67497		-1.346     0.2    0.2		4.1705503158		-1.0
	13995.00000001	2.73963		-1.15839     0.2    0.2		4.1705503158		-1.0
	14040.00000001	2.78041		-0.66711     0.2    0.2		4.1705503158		-1.0
	14085.00000001	3.26494		-0.69078     0.2    0.2		4.1705503158		-1.0
	14130.00000001	2.69002		-0.34054     0.2    0.2		4.1705503158		-1.0
	14175.00000001	2.71678		-0.39724     0.2    0.2		4.1705503158		-1.0
	14220.00000001	2.7361		-0.83609     0.2    0.2		4.1705503158		-1.0
	14265.00000000	2.75818		-0.94006     0.2    0.2		4.1705503158		-1.0
	14310.00000000	2.7032		-1.41902     0.2    0.2		4.1705503158		-1.0
	14355.00000000	2.77098		-2.06347     0.2    0.2		4.1705503158		-1.0
	14400.00000000	2.66681		-2.37243     0.2    0.2		4.1705503158		-1.0
	14445.00000000	2.73047		-2.70925     0.2    0.2		4.1705503158		-1.0
	14490.00000000	2.68561		-3.05881     0.2    0.2		4.1705503158		-1.0
	14535.00000000	2.67758		2.87617     0.2    0.2		4.1705503158		-1.0
	14580.00000000	2.72585		2.54396     0.2    0.2		4.1705503158		-1.0
	14625.00000000	2.77947		2.31257     0.2    0.2		4.1705503158		-1.0
	14670.00000000	2.68887		2.37665     0.2    0.2		4.1705503158		-1.0
	14715.00000000	2.78257		2.36704     0.2    0.2		4.1705503158		-1.0
	14760.00000000	2.82941		2.2489     0.2    0.2		4.1705503158		-1.0
	14805.00000000	2.7952		2.00091     0.2    0.2		4.1705503158		-1.0
	14850.00000000	2.96103		1.8203     0.2    0.2		4.1705503158		-1.0
	14895.00000000	2.9851		1.70681     0.2    0.2		4.1705503158		-1.0
	14940.00000000	2.85034		1.35359     0.2    0.2		4.1705503158		-1.0
	14985.00000000	2.71452		1.18858     0.2    0.2		4.1705503158		-1.0
	15030.00000000	3.27724		1.00143     0.2    0.2		4.1705503158		-1.0
	15075.00000000	3.06475		1.17867     0.2    0.2		4.1705503158		-1.0
	15120.00000000	2.96804		1.45331     0.2    0.2		4.1705503158		-1.0
	15165.00000000	2.65128		1.48666     0.2    0.2		4.1705503158		-1.0
	15210.00000000	2.8502		1.65765     0.2    0.2		4.1705503158		-1.0
	15255.00000000	2.69599		1.35859     0.2    0.2		4.1705503158		-1.0
	15300.00000000	2.64348		0.9075     0.2    0.2		4.1705503158		-1.0
	15345.00000000	3.38389		0.5269     0.2    0.2		4.1705503158		-1.0
	15390.00000000	2.81603		0.10252     0.2    0.2		4.1705503158		-1.0
	15435.00000000	3.14449		0.19517     0.2    0.2		4.1705503158		-1.0
	15480.00000000	2.67254		-0.31498     0.2    0.2		4.1705503158		-1.0
	15525.00000000	2.97934		-0.16312     0.2    0.2		4.1705503158		-1.0
	15570.00000000	3.05406		0.03864     0.2    0.2		4.1705503158		-1.0
	15615.00000000	2.7439		-0.18097     0.2    0.2		4.1705503158		-1.0
	15660.00000000	2.68037		0.09022     0.2    0.2		4.1705503158		-1.0
	15705.00000000	2.64626		0.25838     0.2    0.2		4.1705503158		-1.0
	15750.00000000	3.01834		0.68827     0.2    0.2		4.1705503158		-1.0
	15795.00000000	3.20515		0.72434     0.2    0.2		4.1705503158		-1.0
	15840.00000000	3.22081		0.83057     0.2    0.2		4.1705503158		-1.0
	15885.00000000	3.29107		0.69044     0.2    0.2		4.1705503158		-1.0
	15930.00000000	3.29059		0.79353     0.2    0.2		4.1705503158		-1.0
	15975.00000000	3.27378		1.22334     0.2    0.2		4.1705503158		-1.0
	16020.00000000	3.28333		1.75024     0.2    0.2		4.1705503158		-1.0
	16065.00000000	3.25718		2.05861     0.2    0.2		4.1705503158		-1.0
	16110.00000000	3.03723		2.29297     0.2    0.2		4.1705503158		-1.0
	16155.00000000	3.1599		2.58631     0.2    0.2		4.1705503158		-1.0
	16200.00000000	3.11447		2.57666     0.2    0.2		4.1705503158		-1.0
	16245.00000000	3.19788		2.41875     0.2    0.2		4.1705503158		-1.0
	16290.00000000	3.19042		1.96566     0.2    0.2		4.1705503158		-1.0
	16335.00000000	3.29825		1.76857     0.2    0.2		4.1705503158		-1.0
	16380.00000000	3.29168		1.55816     0.2    0.2		4.1705503158		-1.0
	16425.00000000	3.31507		1.32601     0.2    0.2		4.1705503158		-1.0
	16470.00000000	3.25887		1.2425     0.2    0.2		4.1705503158		-1.0
	16515.00000000	3.33566		1.34748     0.2    0.2		4.1705503158		-1.0
	16560.00000000	3.20528		1.56919     0.2    0.2		4.1705503158		-1.0
	16605.00000000	3.21236		1.72266     0.2    0.2		4.1705503158		-1.0
	16650.00000000	3.04887		1.96593     0.2    0.2		4.1705503158		-1.0
	16695.00000000	3.19862		2.26161     0.2    0.2		4.1705503158		-1.0
	16740.00000000	3.41383		2.22637     0.2    0.2		4.1705503158		-1.0
	16785.00000000	2.64479		2.24383     0.2    0.2		4.1705503158		-1.0
	16830.00000000	3.3772		2.14748     0.2    0.2		4.1705503158		-1.0
	16875.00000000	2.93346		2.20293     0.2    0.2		4.1705503158		-1.0
	16920.00000000	2.64389		2.20247     0.2    0.2		4.1705503158		-1.0
	16965.00000000	2.68011		2.0195     0.2    0.2		4.1705503158		-1.0
	17010.00000000	2.73826		1.86092     0.2    0.2		4.1705503158		-1.0
	17055.00000000	2.74262		1.76095     0.2    0.2		4.1705503158		-1.0
	17100.00000000	2.68791		1.65386     0.2    0.2		4.1705503158		-1.0
	17145.00000000	2.74525		1.31139     0.2    0.2		4.1705503158		-1.0
	17190.00000000	2.80167		1.1806     0.2    0.2		4.1705503158		-1.0
	17235.00000000	2.64207		0.95842     0.2    0.2		4.1705503158		-1.0
	17280.00000000	2.8129		0.83048     0.2    0.2		4.1705503158		-1.0
	17325.00000000	2.7584		0.47897     0.2    0.2		4.1705503158		-1.0
	17370.00000000	2.74729		0.62006     0.2    0.2		4.1705503158		-1.0
	17415.00000000	2.76511		0.48166     0.2    0.2		4.1705503158		-1.0
	17460.00000000	2.69998		0.49196     0.2    0.2		4.1705503158		-1.0
	17505.00000000	3.34157		0.21731     0.2    0.2		4.1705503158		-1.0
	17550.00000000	2.80801		0.27327     0.2    0.2		4.1705503158		-1.0
	17595.00000000	2.68267		-0.15151     0.2    0.2		4.1705503158		-1.0
	17640.00000000	3.33943		-0.30169     0.2    0.2		4.1705503158		-1.0
	17685.00000000	3.29486		-0.55147     0.2    0.2		4.1705503158		-1.0
	17730.00000000	2.74918		-0.94078     0.2    0.2		4.1705503158		-1.0
	17775.00000000	2.68394		-1.032     0.2    0.2		4.1705503158		-1.0
	17820.00000000	2.65513		-1.06445     0.2    0.2		4.1705503158		-1.0
	17865.00000000	2.65042		-0.78298     0.2    0.2		4.1705503158		-1.0
	17910.00000000	2.67879		-0.49362     0.2    0.2		4.1705503158		-1.0
	17955.00000000	2.65492		-0.60459     0.2    0.2		4.1705503158		-1.0
	18000.00000000	2.63233		-1.02376     0.2    0.2		4.1705503158		-1.0
	18045.00000000	2.67916		-1.04856     0.2    0.2		4.1705503158		-1.0
	18090.00000000	2.65642		-1.52858     0.2    0.2		4.1705503158		-1.0
	18135.00000000	2.66614		-1.90454     0.2    0.2		4.1705503158		-1.0
	18180.00000000	2.65936		-1.97237     0.2    0.2		4.1705503158		-1.0
	18225.00000000	2.70443		-2.43719     0.2    0.2		4.1705503158		-1.0
	18270.00000000	2.63751		-2.72325     0.2    0.2		4.1705503158		-1.0
	18315.00000000	2.7022		-3.06969     0.2    0.2		4.1705503158		-1.0
	18360.00000000	2.67841		2.75242     0.2    0.2		4.1705503158		-1.0
	18405.00000000	2.71221		2.47579     0.2    0.2		4.1705503158		-1.0
	18450.00000000	2.68194		2.87856     0.2    0.2		4.1705503158		-1.0
	18495.00000000	2.67111		3.12669     0.2    0.2		4.1705503158		-1.0
	18540.00000000	2.83179		3.11484     0.2    0.2		4.1705503158		-1.0
	18585.00000000	3.05778		3.11234     0.2    0.2		4.1705503158		-1.0
	18630.00000000	3.31127		-3.07407     0.2    0.2		4.1705503158		-1.0
	18675.00000000	3.3721		-2.73141     0.2    0.2		4.1705503158		-1.0
	18720.00000000	3.17253		-2.34983     0.2    0.2		4.1705503158		-1.0
	18765.00000000	3.16944		-2.21024     0.2    0.2		4.1705503158		-1.0
	18810.00000000	3.25072		-2.01356     0.2    0.2		4.1705503158		-1.0
	18855.00000000	3.18299		-1.6568     0.2    0.2		4.1705503158		-1.0
	18900.00000000	3.17905		-1.86775     0.2    0.2		4.1705503158		-1.0
	18945.00000000	3.36181		-2.17558     0.2    0.2		4.1705503158		-1.0
	18990.00000000	3.20165		-1.91341     0.2    0.2		4.1705503158		-1.0
	19035.00000000	3.38015		-1.76054     0.2    0.2		4.1705503158		-1.0
	19080.00000000	3.44454		-1.38454     0.2    0.2		4.1705503158		-1.0
	19125.00000000	3.37805		-1.18243     0.2    0.2		4.1705503158		-1.0
	19170.00000000	3.36918		-1.03131     0.2    0.2		4.1705503158		-1.0
	19215.00000000	3.29546		-0.81616     0.2    0.2		4.1705503158		-1.0
	19260.00000000	3.43873		-0.91072     0.2    0.2		4.1705503158		-1.0
	19305.00000000	3.25072		-0.58679     0.2    0.2		4.1705503158		-1.0
	19350.00000000	3.24214		-1.04426     0.2    0.2		4.1705503158		-1.0
	19395.00000000	3.3961		-1.16074     0.2    0.2		4.1705503158		-1.0
	19440.00000000	2.75542		-1.48146     0.2    0.2		4.1705503158		-1.0
	19485.00000000	2.73767		-1.66339     0.2    0.2		4.1705503158		-1.0
	19530.00000000	2.76201		-2.13384     0.2    0.2		4.1705503158		-1.0
	19575.00000000	2.72991		-2.11046     0.2    0.2		4.1705503158		-1.0
	19620.00000000	2.66928		-2.35668     0.2    0.2		4.1705503158		-1.0
	19665.00000000	2.69097		-2.7446     0.2    0.2		4.1705503158		-1.0
	19710.00000000	2.69661		-2.88029     0.2    0.2		4.1705503158		-1.0
	19755.00000000	2.7195		-2.97008     0.2    0.2		4.1705503158		-1.0
	19800.00000000	3.22283		2.84746     0.2    0.2		4.1705503158		-1.0
	19845.00000000	3.25737		2.48591     0.2    0.2		4.1705503158		-1.0
	19890.00000000	3.42281		2.38202     0.2    0.2		4.1705503158		-1.0
	19935.00000000	2.90963		2.51891     0.2    0.2		4.1705503158		-1.0
	19980.00000000	3.15414		2.63183     0.2    0.2		4.1705503158		-1.0
	20025.00000000	3.43319		2.6272     0.2    0.2		4.1705503158		-1.0
	20070.00000000	3.50612		2.67873     0.2    0.2		4.1705503158		-1.0
	20115.00000000	3.08207		2.67379     0.2    0.2		4.1705503158		-1.0
	20160.00000000	3.17482		3.0519     0.2    0.2		4.1705503158		-1.0
	20205.00000000	3.23727		-3.11167     0.2    0.2		4.1705503158		-1.0
	20250.00000000	3.23959		-2.75488     0.2    0.2		4.1705503158		-1.0
	20295.00000000	3.27258		-2.74391     0.2    0.2		4.1705503158		-1.0
	20340.00000000	3.03547		-2.51991     0.2    0.2		4.1705503158		-1.0
	20385.00000000	2.90055		-2.25321     0.2    0.2		4.1705503158		-1.0
	20430.00000000	3.64705		-2.24592     0.2    0.2		4.1705503158		-1.0
	20475.00000000	2.61192		-1.88406     0.2    0.2		4.1705503158		-1.0
	20520.00000000	2.7365		-1.77444     0.2    0.2		4.1705503158		-1.0
	20565.00000000	2.65876		-1.35597     0.2    0.2		4.1705503158		-1.0
	20610.00000000	2.76185		-1.18954     0.2    0.2		4.1705503158		-1.0
	20655.00000000	2.66317		-1.00669     0.2    0.2		4.1705503158		-1.0
	20700.00000000	2.67844		-0.6969     0.2    0.2		4.1705503158		-1.0
	20744.99999999	3.40228		-0.78234     0.2    0.2		4.1705503158		-1.0
	20789.99999999	2.64581		-0.50135     0.2    0.2		4.1705503158		-1.0
	20834.99999999	3.3656		-0.56552     0.2    0.2		4.1705503158		-1.0
	20879.99999999	3.02285		-0.51474     0.2    0.2		4.1705503158		-1.0
	20924.99999999	3.13922		-0.342     0.2    0.2		4.1705503158		-1.0
	20969.99999999	3.1257		-0.21207     0.2    0.2		4.1705503158		-1.0
	21014.99999999	3.30299		0.22113     0.2    0.2		4.1705503158		-1.0
	21059.99999999	3.41854		0.75519     0.2    0.2		4.1705503158		-1.0
	21104.99999999	3.32132		0.82007     0.2    0.2		4.1705503158		-1.0
	21149.99999999	3.12766		1.06231     0.2    0.2		4.1705503158		-1.0
	21194.99999999	3.289		1.02138     0.2    0.2		4.1705503158		-1.0
	21239.99999999	3.36136		1.07703     0.2    0.2		4.1705503158		-1.0
	21284.99999999	3.2498		0.67919     0.2    0.2		4.1705503158		-1.0
	21329.99999999	3.25996		0.54985     0.2    0.2		4.1705503158		-1.0
	21374.99999999	3.36065		0.35584     0.2    0.2		4.1705503158		-1.0
	21419.99999999	3.18633		-0.07013     0.2    0.2		4.1705503158		-1.0
	21464.99999999	3.28877		-0.35944     0.2    0.2		4.1705503158		-1.0
	21509.99999999	3.15735		-0.66476     0.2    0.2		4.1705503158		-1.0
	21554.99999999	3.06215		-1.01494     0.2    0.2		4.1705503158		-1.0
	21599.99999999	3.32621		-1.16267     0.2    0.2		4.1705503158		-1.0
	21644.99999999	3.44063		-1.41324     0.2    0.2		4.1705503158		-1.0
	21689.99999999	3.10665		-1.43863     0.2    0.2		4.1705503158		-1.0
	21734.99999999	3.14546		-1.84902     0.2    0.2		4.1705503158		-1.0
	21779.99999999	3.31391		-1.97073     0.2    0.2		4.1705503158		-1.0
	21824.99999999	3.16978		-2.29769     0.2    0.2		4.1705503158		-1.0
	21869.99999999	3.24575		-2.37889     0.2    0.2		4.1705503158		-1.0
	21914.99999999	3.36901		-2.52846     0.2    0.2		4.1705503158		-1.0
	21959.99999999	3.37528		-2.78006     0.2    0.2		4.1705503158		-1.0
	22004.99999999	3.26962		-2.88914     0.2    0.2		4.1705503158		-1.0
	22049.99999999	3.37047		2.96085     0.2    0.2		4.1705503158		-1.0
	22094.99999999	3.17559		3.01549     0.2    0.2		4.1705503158		-1.0
	22139.99999999	3.14852		2.91574     0.2    0.2		4.1705503158		-1.0
	22184.99999999	3.31644		3.02834     0.2    0.2		4.1705503158		-1.0
	22229.99999999	2.95863		-3.09785     0.2    0.2		4.1705503158		-1.0
	22274.99999999	2.80108		-2.95904     0.2    0.2		4.1705503158		-1.0
	22319.99999999	2.99016		-2.98918     0.2    0.2		4.1705503158		-1.0
	22364.99999999	2.60416		2.96606     0.2    0.2		4.1705503158		-1.0
	22409.99999999	2.59796		2.47424     0.2    0.2		4.1705503158		-1.0
	22454.99999999	2.59835		2.57528     0.2    0.2		4.1705503158		-1.0
	22499.99999999	2.76226		3.10341     0.2    0.2		4.1705503158		-1.0
	22544.99999999	2.67757		-2.75628     0.2    0.2		4.1705503158		-1.0
	22589.99999999	2.70327		-2.72216     0.2    0.2		4.1705503158		-1.0
	22634.99999999	2.73421		-2.63314     0.2    0.2		4.1705503158		-1.0
	22679.99999999	2.76612		-2.21653     0.2    0.2		4.1705503158		-1.0
	22724.99999999	2.62245		-1.63953     0.2    0.2		4.1705503158		-1.0
	22769.99999999	2.67038		-1.35187     0.2    0.2		4.1705503158		-1.0
	22814.99999999	2.66551		-0.98249     0.2    0.2		4.1705503158		-1.0
	22859.99999999	3.08587		-0.60796     0.2    0.2		4.1705503158		-1.0
	22904.99999999	3.03428		-0.65492     0.2    0.2		4.1705503158		-1.0
	22949.99999999	2.72199		-0.71698     0.2    0.2		4.1705503158		-1.0
	22994.99999999	2.67045		-0.63688     0.2    0.2		4.1705503158		-1.0
	23039.99999999	2.57916		-0.77058     0.2    0.2		4.1705503158		-1.0
	23084.99999999	2.64726		-1.2973     0.2    0.2		4.1705503158		-1.0
	23129.99999999	2.7323		-1.07483     0.2    0.2		4.1705503158		-1.0
	23174.99999999	3.51521		-1.65041     0.2    0.2		4.1705503158		-1.0
	23219.99999999	3.33992		-1.49382     0.2    0.2		4.1705503158		-1.0
	23264.99999999	2.87571		-1.35101     0.2    0.2		4.1705503158		-1.0
	23309.99999999	3.25332		-1.43208     0.2    0.2		4.1705503158		-1.0
	23354.99999999	2.97633		-1.68155     0.2    0.2		4.1705503158		-1.0
	23399.99999999	3.41598		-1.97285     0.2    0.2		4.1705503158		-1.0
	23444.99999999	3.14428		-2.03256     0.2    0.2		4.1705503158		-1.0
	23489.99999999	2.91619		-2.19576     0.2    0.2		4.1705503158		-1.0
	23534.99999999	2.54086		-2.17459     0.2    0.2		4.1705503158		-1.0
	23579.99999999	2.83742		-2.29568     0.2    0.2		4.1705503158		-1.0
	23624.99999999	3.12528		-2.75315     0.2    0.2		4.1705503158		-1.0
	23669.99999999	3.39536		-2.96729     0.2    0.2		4.1705503158		-1.0
	23714.99999999	2.55645		2.81631     0.2    0.2		4.1705503158		-1.0
	23759.99999999	2.85208		2.72147     0.2    0.2		4.1705503158		-1.0
	23804.99999999	3.19868		2.56891     0.2    0.2		4.1705503158		-1.0
	23849.99999999	3.27077		2.27031     0.2    0.2		4.1705503158		-1.0
	23894.99999999	3.36185		1.94851     0.2    0.2		4.1705503158		-1.0
	23939.99999999	3.26481		1.49113     0.2    0.2		4.1705503158		-1.0
	23984.99999999	2.58884		1.57339     0.2    0.2		4.1705503158		-1.0
	24029.99999999	2.56234		1.26179     0.2    0.2		4.1705503158		-1.0
	24074.99999999	3.45894		1.72216     0.2    0.2		4.1705503158		-1.0
	24119.99999999	3.36292		1.95081     0.2    0.2		4.1705503158		-1.0
	24164.99999999	2.57137		2.3746     0.2    0.2		4.1705503158		-1.0
	24209.99999999	3.57376		2.50144     0.2    0.2		4.1705503158		-1.0
	24254.99999999	3.60753		3.086     0.2    0.2		4.1705503158		-1.0
	24299.99999999	3.46376		-3.11149     0.2    0.2		4.1705503158		-1.0
	24344.99999999	3.38275		-2.6329     0.2    0.2		4.1705503158		-1.0
	24389.99999999	3.39358		-2.47693     0.2    0.2		4.1705503158		-1.0
	24434.99999999	3.51349		-2.08128     0.2    0.2		4.1705503158		-1.0
	24479.99999999	3.30245		-1.84089     0.2    0.2		4.1705503158		-1.0
	24524.99999999	3.03007		-1.63284     0.2    0.2		4.1705503158		-1.0
	24569.99999999	3.61823		-1.56888     0.2    0.2		4.1705503158		-1.0
	24614.99999999	3.29558		-1.7825     0.2    0.2		4.1705503158		-1.0
	24659.99999999	3.2433		-1.72101     0.2    0.2		4.1705503158		-1.0
	24704.99999999	3.28107		-1.81956     0.2    0.2		4.1705503158		-1.0
	24749.99999999	2.91033		-1.95029     0.2    0.2		4.1705503158		-1.0
	24794.99999999	2.52736		-1.72992     0.2    0.2		4.1705503158		-1.0
	24839.99999999	2.65125		-1.773     0.2    0.2		4.1705503158		-1.0
	24884.99999999	2.79399		-1.70675     0.2    0.2		4.1705503158		-1.0
	24929.99999999	2.60253		-1.54166     0.2    0.2		4.1705503158		-1.0
	24974.99999999	2.64717		-1.80952     0.2    0.2		4.1705503158		-1.0
	25019.99999999	2.65141		-1.83997     0.2    0.2		4.1705503158		-1.0
	25064.99999999	2.80087		-2.20957     0.2    0.2		4.1705503158		-1.0
	25109.99999999	2.67348		-2.46293     0.2    0.2		4.1705503158		-1.0
	25154.99999999	2.6808		-2.59289     0.2    0.2		4.1705503158		-1.0
	25199.99999999	2.69463		-2.97666     0.2    0.2		4.1705503158		-1.0
	25244.99999999	2.68542		2.89155     0.2    0.2		4.1705503158		-1.0
	25289.99999999	2.662		2.6917     0.2    0.2		4.1705503158		-1.0
	25334.99999999	2.65817		2.67995     0.2    0.2		4.1705503158		-1.0
	25379.99999999	2.68806		2.97774     0.2    0.2		4.1705503158		-1.0
	25424.99999999	2.64756		-2.71869     0.2    0.2		4.1705503158		-1.0
	25469.99999999	2.66587		-2.35337     0.2    0.2		4.1705503158		-1.0
	25514.99999999	2.62179		-2.28504     0.2    0.2		4.1705503158		-1.0
	25559.99999999	2.66755		-1.91994     0.2    0.2		4.1705503158		-1.0
	25604.99999999	2.66019		-1.60634     0.2    0.2		4.1705503158		-1.0
	25649.99999999	2.61583		-1.31576     0.2    0.2		4.1705503158		-1.0
	25694.99999999	2.57588		-0.99771     0.2    0.2		4.1705503158		-1.0
	25739.99999999	3.74156		-0.71439     0.2    0.2		4.1705503158		-1.0
	25784.99999999	2.88819		-0.20386     0.2    0.2		4.1705503158		-1.0
	25829.99999999	3.03386		0.00352     0.2    0.2		4.1705503158		-1.0
	25874.99999999	3.29187		0.28618     0.2    0.2		4.1705503158		-1.0
	25919.99999999	2.96691		0.39992     0.2    0.2		4.1705503158		-1.0
	25964.99999999	2.6239		0.69206     0.2    0.2		4.1705503158		-1.0
	26009.99999999	2.62981		1.12715     0.2    0.2		4.1705503158		-1.0
	26054.99999999	2.79846		1.3194     0.2    0.2		4.1705503158		-1.0
	26099.99999999	3.0613		1.50765     0.2    0.2		4.1705503158		-1.0
	26144.99999999	3.18851		1.31911     0.2    0.2		4.1705503158		-1.0
	26189.99999999	3.31809		1.09816     0.2    0.2		4.1705503158		-1.0
	26234.99999999	2.77876		0.7412     0.2    0.2		4.1705503158		-1.0
	26279.99999999	2.72107		0.92073     0.2    0.2		4.1705503158		-1.0
	26324.99999999	3.09046		0.64341     0.2    0.2		4.1705503158		-1.0
	26369.99999999	2.70959		0.28937     0.2    0.2		4.1705503158		-1.0
	26414.99999999	3.3038		-0.04587     0.2    0.2		4.1705503158		-1.0
	26459.99999999	2.65429		-0.10066     0.2    0.2		4.1705503158		-1.0
	26504.99999999	2.63456		-0.43375     0.2    0.2		4.1705503158		-1.0
	26549.99999999	2.82237		-0.03734     0.2    0.2		4.1705503158		-1.0
	26594.99999999	2.75433		-0.20171     0.2    0.2		4.1705503158		-1.0
	26639.99999999	2.79817		0.52965     0.2    0.2		4.1705503158		-1.0
	26684.99999999	2.63199		0.83161     0.2    0.2		4.1705503158		-1.0
	26729.99999999	2.61408		1.2359     0.2    0.2		4.1705503158		-1.0
	26774.99999999	2.68946		1.41302     0.2    0.2		4.1705503158		-1.0
	26819.99999999	2.6747		1.9028     0.2    0.2		4.1705503158		-1.0
	26864.99999999	2.69771		2.09349     0.2    0.2		4.1705503158		-1.0
	26909.99999999	2.70592		2.45727     0.2    0.2		4.1705503158		-1.0
	26954.99999999	3.3337		2.42743     0.2    0.2		4.1705503158		-1.0
	26999.99999999	2.92993		2.47464     0.2    0.2		4.1705503158		-1.0
	27044.99999999	2.72878		2.11847     0.2    0.2		4.1705503158		-1.0
	27089.99999999	3.48069		2.08607     0.2    0.2		4.1705503158		-1.0
	27134.99999999	2.91975		1.82271     0.2    0.2		4.1705503158		-1.0
	27179.99999999	3.27151		1.41439     0.2    0.2		4.1705503158		-1.0
	27224.99999998	3.66839		1.41384     0.2    0.2		4.1705503158		-1.0
	27269.99999998	3.50828		0.88277     0.2    0.2		4.1705503158		-1.0
	27314.99999998	3.42195		0.75535     0.2    0.2		4.1705503158		-1.0
	27359.99999998	3.25993		0.38212     0.2    0.2		4.1705503158		-1.0
	27404.99999998	3.37906		0.22318     0.2    0.2		4.1705503158		-1.0
	27449.99999998	3.41715		-0.12588     0.2    0.2		4.1705503158		-1.0
	27494.99999998	3.42415		-0.3174     0.2    0.2		4.1705503158		-1.0
	27539.99999998	3.33581		-0.82171     0.2    0.2		4.1705503158		-1.0
	27584.99999998	3.50749		-0.77543     0.2    0.2		4.1705503158		-1.0
	27629.99999998	3.15579		-1.0225     0.2    0.2		4.1705503158		-1.0
	27674.99999998	3.57699		-1.12089     0.2    0.2		4.1705503158		-1.0
	27719.99999998	3.20294		-0.93214     0.2    0.2		4.1705503158		-1.0
	27764.99999998	3.5128		-1.22363     0.2    0.2		4.1705503158		-1.0
	27809.99999998	3.30986		-1.01497     0.2    0.2		4.1705503158		-1.0
	27854.99999998	3.08208		-1.11432     0.2    0.2		4.1705503158		-1.0
	27899.99999998	3.39057		-1.16158     0.2    0.2		4.1705503158		-1.0
	27944.99999998	3.34868		-1.37743     0.2    0.2		4.1705503158		-1.0
	27989.99999998	3.42365		-1.65526     0.2    0.2		4.1705503158		-1.0
	28034.99999998	3.5028		-1.82165     0.2    0.2		4.1705503158		-1.0
	28079.99999998	3.33855		-2.1804     0.2    0.2		4.1705503158		-1.0
	28124.99999998	3.39502		-2.23343     0.2    0.2		4.1705503158		-1.0
	28169.99999998	3.59194		-2.71602     0.2    0.2		4.1705503158		-1.0
	28214.99999998	3.51523		-3.10401     0.2    0.2		4.1705503158		-1.0
	28259.99999998	2.85224		2.92127     0.2    0.2		4.1705503158		-1.0
	28304.99999998	2.59298		2.52619     0.2    0.2		4.1705503158		-1.0
	28349.99999998	3.3272		2.48174     0.2    0.2		4.1705503158		-1.0
	28394.99999998	2.72192		2.25099     0.2    0.2		4.1705503158		-1.0
	28439.99999998	2.79166		2.23602     0.2    0.2		4.1705503158		-1.0
	28484.99999998	2.7848		2.08324     0.2    0.2		4.1705503158		-1.0
	28529.99999998	2.71546		1.60076     0.2    0.2		4.1705503158		-1.0
	28574.99999998	2.88566		1.38695     0.2    0.2		4.1705503158		-1.0
	28619.99999998	3.75426		1.33112     0.2    0.2		4.1705503158		-1.0
	28664.99999998	2.97524		1.29397     0.2    0.2		4.1705503158		-1.0
	28709.99999998	3.47989		1.10562     0.2    0.2		4.1705503158		-1.0
	28754.99999998	3.47094		1.55943     0.2    0.2		4.1705503158		-1.0
	28799.99999998	3.47236		1.34502     0.2    0.2		4.1705503158		-1.0
	28844.99999998	3.29662		1.55918     0.2    0.2		4.1705503158		-1.0
	28889.99999998	3.30363		1.70413     0.2    0.2		4.1705503158		-1.0
	28934.99999998	3.2132		1.91762     0.2    0.2		4.1705503158		-1.0
	28979.99999998	3.32662		2.09814     0.2    0.2		4.1705503158		-1.0
	29024.99999998	3.31527		2.2087     0.2    0.2		4.1705503158		-1.0
	29069.99999998	3.39354		2.49747     0.2    0.2		4.1705503158		-1.0
	29114.99999998	3.5346		2.60642     0.2    0.2		4.1705503158		-1.0
	29159.99999998	3.47407		2.8954     0.2    0.2		4.1705503158		-1.0
	29204.99999998	3.46453		-2.96     0.2    0.2		4.1705503158		-1.0
	29249.99999998	3.45251		-2.64803     0.2    0.2		4.1705503158		-1.0
	29294.99999998	3.50344		-2.39115     0.2    0.2		4.1705503158		-1.0
	29339.99999998	3.4978		-2.08655     0.2    0.2		4.1705503158		-1.0
	29384.99999998	3.54003		-2.02871     0.2    0.2		4.1705503158		-1.0
	29429.99999998	3.158		-2.11478     0.2    0.2		4.1705503158		-1.0
	29474.99999998	2.70666		-1.90106     0.2    0.2		4.1705503158		-1.0
	29519.99999998	2.67512		-1.88583     0.2    0.2		4.1705503158		-1.0
	29564.99999998	2.55262		-1.89874     0.2    0.2		4.1705503158		-1.0
	29609.99999998	2.70491		-2.22185     0.2    0.2		4.1705503158		-1.0
	29654.99999998	2.67605		-2.68645     0.2    0.2		4.1705503158		-1.0
	29699.99999998	2.99715		2.87021     0.2    0.2		4.1705503158		-1.0
	29744.99999998	3.63727		2.77793     0.2    0.2		4.1705503158		-1.0
	29789.99999998	3.29736		2.76649     0.2    0.2		4.1705503158		-1.0
	29834.99999998	3.4879		3.03916     0.2    0.2		4.1705503158		-1.0
	29879.99999998	3.0409		-3.11966     0.2    0.2		4.1705503158		-1.0
	29924.99999998	3.66239		-2.70237     0.2    0.2		4.1705503158		-1.0
	29969.99999998	3.08751		-2.48019     0.2    0.2		4.1705503158		-1.0
	30014.99999998	3.84065		-2.03821     0.2    0.2		4.1705503158		-1.0
	30059.99999998	2.76328		-2.23713     0.2    0.2		4.1705503158		-1.0
	30104.99999998	4.75356		-1.94552     0.2    0.2		4.1705503158		-1.0
	30149.99999998	6.80717		-2.07535     0.2    0.2		4.1705503158		-1.0
	30194.99999998	8.29698		-1.67864     0.2    0.2		4.1705503158		-1.0
	30239.99999998	8.67261		-1.71102     0.2    0.2		4.1705503158		-1.0
	30284.99999998	8.72117		-1.99504     0.2    0.2		4.1705503158		-1.0
	30329.99999998	8.8326		-2.34006     0.2    0.2		4.1705503158		-1.0
	30374.99999998	9.04065		-2.72684     0.2    0.2		4.1705503158		-1.0
	30419.99999998	9.57856		-3.0369     0.2    0.2		4.1705503158		-1.0
	30464.99999998	10.37345		-3.05097     0.2    0.2		4.1705503158		-1.0
	30509.99999998	10.72146		-2.22472     0.2    0.2		4.1705503158		-1.0
	30554.99999998	11.19109		-1.25843     0.2    0.2		4.1705503158		-1.0
	30599.99999998	11.56497		-1.5025     0.2    0.2		4.1705503158		-1.0
	30644.99999998	12.12199		-1.63686     0.2    0.2		4.1705503158		-1.0
	30689.99999998	12.44592		-2.83295     0.2    0.2		4.1705503158		-1.0
	30734.99999998	12.49967		-2.78434     0.2    0.2		4.1705503158		-1.0
	30779.99999998	12.44767		-1.14004     0.2    0.2		4.1705503158		-1.0
	30824.99999998	12.3055		0.53224     0.2    0.2		4.1705503158		-1.0
	30869.99999998	11.95271		0.93589     0.2    0.2		4.1705503158		-1.0
	30914.99999998	11.60379		1.40687     0.2    0.2		4.1705503158		-1.0
	30959.99999998	11.34675		0.90134     0.2    0.2		4.1705503158		-1.0
	31004.99999998	11.26897		0.69364     0.2    0.2		4.1705503158		-1.0
	31049.99999998	10.59482		0.12934     0.2    0.2		4.1705503158		-1.0
	31094.99999998	9.91778		-0.41058     0.2    0.2		4.1705503158		-1.0
	31139.99999998	9.41746		-0.84421     0.2    0.2		4.1705503158		-1.0
	31184.99999998	9.07293		-1.55439     0.2    0.2		4.1705503158		-1.0
	31229.99999998	9.03506		-2.16969     0.2    0.2		4.1705503158		-1.0
	31274.99999998	9.61871		-2.54856     0.2    0.2		4.1705503158		-1.0
	31319.99999998	10.58673		-2.56294     0.2    0.2		4.1705503158		-1.0
	31364.99999998	10.83653		-2.59932     0.2    0.2		4.1705503158		-1.0
	31409.99999998	10.99708		-2.70535     0.2    0.2		4.1705503158		-1.0
	31454.99999998	11.16648		-2.79995     0.2    0.2		4.1705503158		-1.0
	31499.99999998	11.64755		-3.1246     0.2    0.2		4.1705503158		-1.0
	31544.99999998	11.85815		2.56857     0.2    0.2		4.1705503158		-1.0
	31589.99999998	11.69422		2.23897     0.2    0.2		4.1705503158		-1.0
	31634.99999998	11.12708		2.12838     0.2    0.2		4.1705503158		-1.0
	31679.99999998	10.4356		2.25575     0.2    0.2		4.1705503158		-1.0
	31724.99999998	9.49036		2.60589     0.2    0.2		4.1705503158		-1.0
	31769.99999998	8.45296		2.59927     0.2    0.2		4.1705503158		-1.0
	31814.99999998	8.23486		-2.38822     0.2    0.2		4.1705503158		-1.0
	31859.99999998	8.80692		-1.56427     0.2    0.2		4.1705503158		-1.0
	31904.99999998	9.28924		-0.8612     0.2    0.2		4.1705503158		-1.0
	31949.99999998	8.80573		-0.23957     0.2    0.2		4.1705503158		-1.0
	31994.99999998	8.46642		0.38061     0.2    0.2		4.1705503158		-1.0
	32039.99999998	8.01807		0.62395     0.2    0.2		4.1705503158		-1.0
	32084.99999998	8.32831		1.16937     0.2    0.2		4.1705503158		-1.0
	32129.99999998	8.62427		1.26848     0.2    0.2		4.1705503158		-1.0
	32174.99999998	9.69452		2.00088     0.2    0.2		4.1705503158		-1.0
	32219.99999998	10.85158		2.0071     0.2    0.2		4.1705503158		-1.0
	32264.99999998	11.70393		2.88642     0.2    0.2		4.1705503158		-1.0
	32309.99999998	12.1959		1.42306     0.2    0.2		4.1705503158		-1.0
	32354.99999998	12.77737		-0.0647     0.2    0.2		4.1705503158		-1.0
	32399.99999998	12.75174		-0.38037     0.2    0.2		4.1705503158		-1.0
	32444.99999998	12.52827		-1.62758     0.2    0.2		4.1705503158		-1.0
	32489.99999998	12.007		-2.38537     0.2    0.2		4.1705503158		-1.0
	32534.99999998	11.39665		-1.93964     0.2    0.2		4.1705503158		-1.0
	32579.99999998	10.51686		-1.61705     0.2    0.2		4.1705503158		-1.0
	32624.99999998	9.78798		-1.96633     0.2    0.2		4.1705503158		-1.0
	32669.99999998	9.08802		-2.81062     0.2    0.2		4.1705503158		-1.0
	32714.99999998	8.12463		2.81634     0.2    0.2		4.1705503158		-1.0
	32759.99999998	8.00149		2.43571     0.2    0.2		4.1705503158		-1.0
	32804.99999998	7.93239		1.8789     0.2    0.2		4.1705503158		-1.0
	32849.99999998	7.76725		1.45029     0.2    0.2		4.1705503158		-1.0
	32894.99999998	7.86892		1.13904     0.2    0.2		4.1705503158		-1.0
	32939.99999998	8.23324		0.84139     0.2    0.2		4.1705503158		-1.0
	32984.99999998	9.18826		0.9038     0.2    0.2		4.1705503158		-1.0
	33029.99999998	10.24812		1.04791     0.2    0.2		4.1705503158		-1.0
	33074.99999998	11.50424		1.71472     0.2    0.2		4.1705503158		-1.0
	33119.99999998	12.92461		2.34457     0.2    0.2		4.1705503158		-1.0
	33164.99999998	14.09632		-2.72476     0.2    0.2		4.1705503158		-1.0
	33209.99999998	14.75399		-2.00992     0.2    0.2		4.1705503158		-1.0
	33254.99999998	15.41974		-1.41187     0.2    0.2		4.1705503158		-1.0
	33299.99999998	15.84515		-0.5426     0.2    0.2		4.1705503158		-1.0
	33344.99999998	15.94502		0.28054     0.2    0.2		4.1705503158		-1.0
	33389.99999998	15.72071		1.05534     0.2    0.2		4.1705503158		-1.0
	33434.99999998	15.34977		1.27586     0.2    0.2		4.1705503158		-1.0
	33479.99999998	14.74135		1.5545     0.2    0.2		4.1705503158		-1.0
	33524.99999998	13.9907		1.86857     0.2    0.2		4.1705503158		-1.0
	33569.99999998	13.22315		2.15037     0.2    0.2		4.1705503158		-1.0
	33614.99999998	12.53766		1.63702     0.2    0.2		4.1705503158		-1.0
	33659.99999998	12.31627		1.00949     0.2    0.2		4.1705503158		-1.0
	33704.99999998	12.51058		0.21087     0.2    0.2		4.1705503158		-1.0
	33749.99999997	13.18658		-0.07952     0.2    0.2		4.1705503158		-1.0
	33794.99999997	13.85838		-0.47676     0.2    0.2		4.1705503158		-1.0
	33839.99999997	14.94355		-0.78695     0.2    0.2		4.1705503158		-1.0
	33884.99999997	15.07458		-1.23439     0.2    0.2		4.1705503158		-1.0
	33929.99999997	15.47641		-1.91499     0.2    0.2		4.1705503158		-1.0
	33974.99999997	14.84088		-2.43705     0.2    0.2		4.1705503158		-1.0
	34019.99999997	14.44897		-2.99245     0.2    0.2		4.1705503158		-1.0
	34064.99999997	13.60726		2.99112     0.2    0.2		4.1705503158		-1.0
	34109.99999997	13.26957		2.40828     0.2    0.2		4.1705503158		-1.0
	34154.99999997	12.6496		2.17445     0.2    0.2		4.1705503158		-1.0
	34199.99999997	12.09721		2.00633     0.2    0.2		4.1705503158		-1.0
	34244.99999997	11.23444		1.75042     0.2    0.2		4.1705503158		-1.0
	34289.99999997	9.87322		1.41102     0.2    0.2		4.1705503158		-1.0
	34334.99999997	8.22812		1.32179     0.2    0.2		4.1705503158		-1.0
	34379.99999997	7.08356		1.68999     0.2    0.2		4.1705503158		-1.0
	34424.99999997	6.5002		2.63709     0.2    0.2		4.1705503158		-1.0
	34469.99999997	6.67762		2.50847     0.2    0.2		4.1705503158		-1.0
	34514.99999997	6.90355		2.30462     0.2    0.2		4.1705503158		-1.0
	34559.99999997	8.24586		1.6268     0.2    0.2		4.1705503158		-1.0
	34604.99999997	9.43312		1.91601     0.2    0.2		4.1705503158		-1.0
	34649.99999997	9.71316		1.68447     0.2    0.2		4.1705503158		-1.0
	34694.99999997	9.07065		2.12134     0.2    0.2		4.1705503158		-1.0
	34739.99999997	8.41499		1.88207     0.2    0.2		4.1705503158		-1.0
	34784.99999997	7.90098		2.106     0.2    0.2		4.1705503158		-1.0
	34829.99999997	8.67835		2.86213     0.2    0.2		4.1705503158		-1.0
	34874.99999997	8.96393		-2.86339     0.2    0.2		4.1705503158		-1.0
	34919.99999997	9.84793		-2.84023     0.2    0.2		4.1705503158		-1.0
	34964.99999997	10.06996		2.78834     0.2    0.2		4.1705503158		-1.0
	35009.99999997	10.61945		2.6321     0.2    0.2		4.1705503158		-1.0
	35054.99999997	10.63328		1.61805     0.2    0.2		4.1705503158		-1.0
	35099.99999997	10.95168		-3.03115     0.2    0.2		4.1705503158		-1.0
	35144.99999997	11.05536		0.98782     0.2    0.2		4.1705503158		-1.0
	35189.99999997	10.5149		1.01625     0.2    0.2		4.1705503158		-1.0
	35234.99999997	9.91829		1.5853     0.2    0.2		4.1705503158		-1.0
	35279.99999997	9.30315		1.29695     0.2    0.2		4.1705503158		-1.0
	35324.99999997	9.31929		1.46495     0.2    0.2		4.1705503158		-1.0
	35369.99999997	8.70199		1.38428     0.2    0.2		4.1705503158		-1.0
	35414.99999997	9.03635		1.65689     0.2    0.2		4.1705503158		-1.0
	35459.99999997	9.32399		2.02926     0.2    0.2		4.1705503158		-1.0
	35504.99999997	8.97013		2.92218     0.2    0.2		4.1705503158		-1.0
	35549.99999997	8.99735		-2.56138     0.2    0.2		4.1705503158		-1.0
	35594.99999997	7.88048		-2.42353     0.2    0.2		4.1705503158		-1.0
	35639.99999997	6.69499		-2.88919     0.2    0.2		4.1705503158		-1.0
	35684.99999997	5.67362		2.6824     0.2    0.2		4.1705503158		-1.0
	35729.99999997	4.79272		2.52565     0.2    0.2		4.1705503158		-1.0
	35774.99999997	5.60823		2.18638     0.2    0.2		4.1705503158		-1.0
	35819.99999997	6.98917		2.08324     0.2    0.2		4.1705503158		-1.0
	35864.99999997	7.9448		1.62891     0.2    0.2		4.1705503158		-1.0
	35909.99999997	7.44395		1.57143     0.2    0.2		4.1705503158		-1.0
	35954.99999997	6.75259		1.25292     0.2    0.2		4.1705503158		-1.0
	35999.99999997	7.05357		0.79461     0.2    0.2		4.1705503158		-1.0
	36044.99999997	7.52903		0.72642     0.2    0.2		4.1705503158		-1.0
	36089.99999997	7.13445		0.81076     0.2    0.2		4.1705503158		-1.0
	36134.99999997	6.02215		0.57234     0.2    0.2		4.1705503158		-1.0
	36179.99999997	5.71045		0.01267     0.2    0.2		4.1705503158		-1.0
	36224.99999997	6.48859		-0.51699     0.2    0.2		4.1705503158		-1.0
	36269.99999997	7.85438		-0.60245     0.2    0.2		4.1705503158		-1.0
	36314.99999997	8.39299		-0.43902     0.2    0.2		4.1705503158		-1.0
	36359.99999997	7.92615		-0.25728     0.2    0.2		4.1705503158		-1.0
	36404.99999997	7.14348		0.46478     0.2    0.2		4.1705503158		-1.0
	36449.99999997	6.17621		0.90003     0.2    0.2		4.1705503158		-1.0
	36494.99999997	5.97602		1.299     0.2    0.2		4.1705503158		-1.0
	36539.99999997	5.69553		1.1203     0.2    0.2		4.1705503158		-1.0
	36584.99999997	4.99311		1.26447     0.2    0.2		4.1705503158		-1.0
	36629.99999997	5.93414		1.33681     0.2    0.2		4.1705503158		-1.0
	36674.99999997	7.05871		1.78586     0.2    0.2		4.1705503158		-1.0
	36719.99999997	8.43177		1.90444     0.2    0.2		4.1705503158		-1.0
	36764.99999997	9.40112		2.33625     0.2    0.2		4.1705503158		-1.0
	36809.99999997	10.22088		2.36972     0.2    0.2		4.1705503158		-1.0
	36854.99999997	10.5364		2.47093     0.2    0.2		4.1705503158		-1.0
	36899.99999997	11.24789		2.51944     0.2    0.2		4.1705503158		-1.0
	36944.99999997	11.52012		2.50723     0.2    0.2		4.1705503158		-1.0
	36989.99999997	11.91339		2.71119     0.2    0.2		4.1705503158		-1.0
	37034.99999997	13.04395		3.09732     0.2    0.2		4.1705503158		-1.0
	37079.99999997	13.46161		-2.50339     0.2    0.2		4.1705503158		-1.0
	37124.99999997	13.21967		-2.56641     0.2    0.2		4.1705503158		-1.0
	37169.99999997	12.03151		-2.5591     0.2    0.2		4.1705503158		-1.0
	37214.99999997	11.26447		-2.81357     0.2    0.2		4.1705503158		-1.0
	37259.99999997	10.89227		-2.862     0.2    0.2		4.1705503158		-1.0
	37304.99999997	10.22759		-2.81579     0.2    0.2		4.1705503158		-1.0
	37349.99999997	8.92872		-2.56201     0.2    0.2		4.1705503158		-1.0
	37394.99999997	7.89614		-1.95846     0.2    0.2		4.1705503158		-1.0
	37439.99999997	7.72376		-1.1681     0.2    0.2		4.1705503158		-1.0
	37484.99999997	8.32313		-0.74536     0.2    0.2		4.1705503158		-1.0
	37529.99999997	8.67995		-0.26898     0.2    0.2		4.1705503158		-1.0
	37574.99999997	9.4802		-0.21288     0.2    0.2		4.1705503158		-1.0
	37619.99999997	9.89692		0.16589     0.2    0.2		4.1705503158		-1.0
	37664.99999997	9.18987		0.16818     0.2    0.2		4.1705503158		-1.0
	37709.99999997	7.45394		-0.08824     0.2    0.2		4.1705503158		-1.0
	37754.99999997	5.96096		-0.41197     0.2    0.2		4.1705503158		-1.0
	37799.99999997	5.37978		-0.60689     0.2    0.2		4.1705503158		-1.0
	37844.99999997	6.55303		-0.07071     0.2    0.2		4.1705503158		-1.0
	37889.99999997	7.96475		0.06342     0.2    0.2		4.1705503158		-1.0
	37934.99999997	8.81973		0.09263     0.2    0.2		4.1705503158		-1.0
	37979.99999997	9.3104		-0.04867     0.2    0.2		4.1705503158		-1.0
	38024.99999997	9.50804		0.12595     0.2    0.2		4.1705503158		-1.0
	38069.99999997	10.06032		0.82114     0.2    0.2		4.1705503158		-1.0
	38114.99999997	9.53842		1.27796     0.2    0.2		4.1705503158		-1.0
	38159.99999997	8.78011		1.74491     0.2    0.2		4.1705503158		-1.0
	38204.99999997	8.57738		2.45249     0.2    0.2		4.1705503158		-1.0
	38249.99999997	7.74207		-2.99311     0.2    0.2		4.1705503158		-1.0
	38294.99999997	6.68755		-3.08004     0.2    0.2		4.1705503158		-1.0
	38339.99999997	5.90206		2.93804     0.2    0.2		4.1705503158		-1.0
	38384.99999997	6.77023		1.82825     0.2    0.2		4.1705503158		-1.0
	38429.99999997	7.79893		1.41323     0.2    0.2		4.1705503158		-1.0
	38474.99999997	7.73461		1.04619     0.2    0.2		4.1705503158		-1.0
	38519.99999997	7.68985		0.59687     0.2    0.2		4.1705503158		-1.0
	38564.99999997	7.52906		0.31888     0.2    0.2		4.1705503158		-1.0
	38609.99999997	6.82016		-0.16201     0.2    0.2		4.1705503158		-1.0
	38654.99999997	6.64426		-0.31241     0.2    0.2		4.1705503158		-1.0
	38699.99999997	6.08302		-0.51551     0.2    0.2		4.1705503158		-1.0
	38744.99999997	7.09053		-0.9414     0.2    0.2		4.1705503158		-1.0
	38789.99999997	8.27946		-1.67716     0.2    0.2		4.1705503158		-1.0
	38834.99999997	9.56316		-1.91568     0.2    0.2		4.1705503158		-1.0
	38879.99999997	11.3168		-2.22175     0.2    0.2		4.1705503158		-1.0
	38924.99999997	11.75141		-2.08697     0.2    0.2		4.1705503158		-1.0
	38969.99999997	12.1372		-2.38551     0.2    0.2		4.1705503158		-1.0
	39014.99999997	11.91577		-2.57344     0.2    0.2		4.1705503158		-1.0
	39059.99999997	11.2125		-3.0271     0.2    0.2		4.1705503158		-1.0
	39104.99999997	12.01582		-2.76013     0.2    0.2		4.1705503158		-1.0
	39149.99999997	13.06706		-3.10245     0.2    0.2		4.1705503158		-1.0
	39194.99999997	14.41976		-2.66384     0.2    0.2		4.1705503158		-1.0
	39239.99999997	16.10692		-2.61268     0.2    0.2		4.1705503158		-1.0
	39284.99999997	16.85744		-2.04016     0.2    0.2		4.1705503158		-1.0
	39329.99999997	17.60021		-2.05204     0.2    0.2		4.1705503158		-1.0
	39374.99999997	17.76683		-2.23475     0.2    0.2		4.1705503158		-1.0
	39419.99999997	18.20119		-3.0147     0.2    0.2		4.1705503158		-1.0
	39464.99999997	18.44493		2.20794     0.2    0.2		4.1705503158		-1.0
	39509.99999997	18.85615		2.01206     0.2    0.2		4.1705503158		-1.0
	39554.99999997	18.89016		1.39985     0.2    0.2		4.1705503158		-1.0
	39599.99999997	18.41911		1.47971     0.2    0.2		4.1705503158		-1.0
	39644.99999997	17.5589		1.24317     0.2    0.2		4.1705503158		-1.0
	39689.99999997	16.98094		1.17085     0.2    0.2		4.1705503158		-1.0
	39734.99999997	16.2405		0.84991     0.2    0.2		4.1705503158		-1.0
	39779.99999997	15.78793		0.4367     0.2    0.2		4.1705503158		-1.0
	39824.99999997	15.07693		0.02431     0.2    0.2		4.1705503158		-1.0
	39869.99999997	14.22474		-0.41262     0.2    0.2		4.1705503158		-1.0
	39914.99999997	13.65636		-0.86429     0.2    0.2		4.1705503158		-1.0
	39959.99999997	12.95376		-1.20254     0.2    0.2		4.1705503158		-1.0
	40004.99999997	12.40179		-0.94089     0.2    0.2		4.1705503158		-1.0
	40049.99999997	11.63909		-0.89712     0.2    0.2		4.1705503158		-1.0
	40094.99999997	11.58891		-0.1453     0.2    0.2		4.1705503158		-1.0
	40139.99999997	11.50628		2.04735     0.2    0.2		4.1705503158		-1.0
	40184.99999997	11.26365		2.92203     0.2    0.2		4.1705503158		-1.0
	40229.99999996	10.49187		-3.12966     0.2    0.2		4.1705503158		-1.0
	40274.99999996	9.35067		2.84021     0.2    0.2		4.1705503158		-1.0
	40319.99999996	7.88218		3.08238     0.2    0.2		4.1705503158		-1.0
	40364.99999996	6.61583		-3.09621     0.2    0.2		4.1705503158		-1.0
	40409.99999996	6.21717		-2.87381     0.2    0.2		4.1705503158		-1.0
	40454.99999996	6.59888		-2.82358     0.2    0.2		4.1705503158		-1.0
	40499.99999996	6.46018		-2.51313     0.2    0.2		4.1705503158		-1.0
	40544.99999996	6.23049		-2.08595     0.2    0.2		4.1705503158		-1.0
	40589.99999996	6.38862		-1.65909     0.2    0.2		4.1705503158		-1.0
	40634.99999996	7.39422		-1.50535     0.2    0.2		4.1705503158		-1.0
	40679.99999996	8.66146		-1.35456     0.2    0.2		4.1705503158		-1.0
	40724.99999996	9.6872		-1.24358     0.2    0.2		4.1705503158		-1.0
	40769.99999996	10.47077		-0.89572     0.2    0.2		4.1705503158		-1.0
	40814.99999996	10.87353		-0.17781     0.2    0.2		4.1705503158		-1.0
	40859.99999996	10.19441		-0.07947     0.2    0.2		4.1705503158		-1.0
	40904.99999996	9.83491		-0.22013     0.2    0.2		4.1705503158		-1.0
	40949.99999996	8.9818		-0.99958     0.2    0.2		4.1705503158		-1.0
	40994.99999996	9.31488		-1.5203     0.2    0.2		4.1705503158		-1.0
	41039.99999996	9.97478		-2.20645     0.2    0.2		4.1705503158		-1.0
	41084.99999996	10.7687		-1.97124     0.2    0.2		4.1705503158		-1.0
	41129.99999996	11.33766		-1.50279     0.2    0.2		4.1705503158		-1.0
	41174.99999996	10.67295		-0.83908     0.2    0.2		4.1705503158		-1.0
	41219.99999996	9.7861		-0.26646     0.2    0.2		4.1705503158		-1.0
	41264.99999996	8.71794		-0.55434     0.2    0.2		4.1705503158		-1.0
	41309.99999996	8.06002		-1.32427     0.2    0.2		4.1705503158		-1.0
	41354.99999996	7.87278		-1.98789     0.2    0.2		4.1705503158		-1.0
	41399.99999996	7.06347		-1.89522     0.2    0.2		4.1705503158		-1.0
	41444.99999996	6.89636		-1.58396     0.2    0.2		4.1705503158		-1.0
	41489.99999996	7.84913		-1.2352     0.2    0.2		4.1705503158		-1.0
	41534.99999996	8.87767		-1.00939     0.2    0.2		4.1705503158		-1.0
	41579.99999996	9.59717		-0.82482     0.2    0.2		4.1705503158		-1.0
	41624.99999996	10.6223		-0.67007     0.2    0.2		4.1705503158		-1.0
	41669.99999996	11.7085		-0.65367     0.2    0.2		4.1705503158		-1.0
	41714.99999996	12.45994		0.0469     0.2    0.2		4.1705503158		-1.0
	41759.99999996	12.42916		0.71368     0.2    0.2		4.1705503158		-1.0
	41804.99999996	12.04675		1.22841     0.2    0.2		4.1705503158		-1.0
	41849.99999996	11.97005		1.60728     0.2    0.2		4.1705503158		-1.0
	41894.99999996	11.78719		2.19613     0.2    0.2		4.1705503158		-1.0
	41939.99999996	11.89728		3.12643     0.2    0.2		4.1705503158		-1.0
	41984.99999996	12.35725		2.85987     0.2    0.2		4.1705503158		-1.0
	42029.99999996	13.45414		-1.64571     0.2    0.2		4.1705503158		-1.0
	42074.99999996	13.34581		1.35008     0.2    0.2		4.1705503158		-1.0
	42119.99999996	13.52542		0.65323     0.2    0.2		4.1705503158		-1.0
	42164.99999996	13.46165		1.06696     0.2    0.2		4.1705503158		-1.0
	42209.99999996	13.3869		0.66611     0.2    0.2		4.1705503158		-1.0
	42254.99999996	12.68218		0.33705     0.2    0.2		4.1705503158		-1.0
	42299.99999996	12.66579		-1.95873     0.2    0.2		4.1705503158		-1.0
	42344.99999996	12.81464		3.04862     0.2    0.2		4.1705503158		-1.0
	42389.99999996	12.58601		2.81265     0.2    0.2		4.1705503158		-1.0
	42434.99999996	12.1388		2.06918     0.2    0.2		4.1705503158		-1.0
	42479.99999996	11.87064		1.81529     0.2    0.2		4.1705503158		-1.0
	42524.99999996	11.83432		1.30437     0.2    0.2		4.1705503158		-1.0
	42569.99999996	11.27565		1.00583     0.2    0.2		4.1705503158		-1.0
	42614.99999996	11.50047		1.28533     0.2    0.2		4.1705503158		-1.0
	42659.99999996	10.7924		1.81995     0.2    0.2		4.1705503158		-1.0
	42704.99999996	10.46797		2.62449     0.2    0.2		4.1705503158		-1.0
	42749.99999996	10.36104		-3.01764     0.2    0.2		4.1705503158		-1.0
	42794.99999996	9.87457		-2.49328     0.2    0.2		4.1705503158		-1.0
	42839.99999996	9.41473		-1.82213     0.2    0.2		4.1705503158		-1.0
	42884.99999996	9.26685		-0.77982     0.2    0.2		4.1705503158		-1.0
	42929.99999996	8.82164		0.85869     0.2    0.2		4.1705503158		-1.0
	42974.99999996	8.40974		0.8439     0.2    0.2		4.1705503158		-1.0
	43019.99999996	8.61232		1.04971     0.2    0.2		4.1705503158		-1.0
	43064.99999996	9.37548		1.22977     0.2    0.2		4.1705503158		-1.0
	43109.99999996	10.78397		1.32635     0.2    0.2		4.1705503158		-1.0
	43154.99999996	11.26194		1.20691     0.2    0.2		4.1705503158		-1.0
	43199.99999996	11.75308		1.20608     0.2    0.2		4.1705503158		-1.0
	43244.99999996	11.65928		0.93553     0.2    0.2		4.1705503158		-1.0
	43289.99999996	11.45397		0.36886     0.2    0.2		4.1705503158		-1.0
	43334.99999996	11.46614		-0.2441     0.2    0.2		4.1705503158		-1.0
	43379.99999996	11.07509		-0.8222     0.2    0.2		4.1705503158		-1.0
	43424.99999996	11.00977		-1.01172     0.2    0.2		4.1705503158		-1.0
	43469.99999996	10.87785		-1.48882     0.2    0.2		4.1705503158		-1.0
	43514.99999996	11.23769		-1.17505     0.2    0.2		4.1705503158		-1.0
	43559.99999996	11.55189		-1.2248     0.2    0.2		4.1705503158		-1.0
	43604.99999996	11.90416		-1.4654     0.2    0.2		4.1705503158		-1.0
	43649.99999996	12.16083		-1.86737     0.2    0.2		4.1705503158		-1.0
	43694.99999996	12.29632		-2.3198     0.2    0.2		4.1705503158		-1.0
	43739.99999996	12.9053		-2.4668     0.2    0.2		4.1705503158		-1.0
	43784.99999996	13.27887		-2.06065     0.2    0.2		4.1705503158		-1.0
	43829.99999996	13.82462		-1.5205     0.2    0.2		4.1705503158		-1.0
	43874.99999996	14.05485		-1.12952     0.2    0.2		4.1705503158		-1.0
	43919.99999996	14.6413		-0.51629     0.2    0.2		4.1705503158		-1.0
	43964.99999996	14.99718		-0.14788     0.2    0.2		4.1705503158		-1.0
	44009.99999996	15.46762		-0.16899     0.2    0.2		4.1705503158		-1.0
	44054.99999996	16.11973		-0.14739     0.2    0.2		4.1705503158		-1.0
	44099.99999996	17.17229		-0.31113     0.2    0.2		4.1705503158		-1.0
	44144.99999996	17.77858		-0.72485     0.2    0.2		4.1705503158		-1.0
	44189.99999996	17.96867		-1.54363     0.2    0.2		4.1705503158		-1.0
	44234.99999996	17.53306		-1.30178     0.2    0.2		4.1705503158		-1.0
	44279.99999996	16.59053		-1.10675     0.2    0.2		4.1705503158		-1.0
	44324.99999996	15.66584		-0.70173     0.2    0.2		4.1705503158		-1.0
	44369.99999996	14.80787		-0.44524     0.2    0.2		4.1705503158		-1.0
	44414.99999996	13.95558		0.06331     0.2    0.2		4.1705503158		-1.0
	44459.99999996	13.60622		0.73983     0.2    0.2		4.1705503158		-1.0
	44504.99999996	14.36797		0.90555     0.2    0.2		4.1705503158		-1.0
	44549.99999996	15.58968		0.50068     0.2    0.2		4.1705503158		-1.0
	44594.99999996	16.95922		0.55917     0.2    0.2		4.1705503158		-1.0
	44639.99999996	18.27542		-0.22491     0.2    0.2		4.1705503158		-1.0
	44684.99999996	19.20562		-1.42936     0.2    0.2		4.1705503158		-1.0
	44729.99999996	19.74676		2.61812     0.2    0.2		4.1705503158		-1.0
	44774.99999996	19.25157		2.31738     0.2    0.2		4.1705503158		-1.0
	44819.99999996	18.54675		2.10668     0.2    0.2		4.1705503158		-1.0
	44864.99999996	17.96429		1.73047     0.2    0.2		4.1705503158		-1.0
	44909.99999996	17.37003		1.55486     0.2    0.2		4.1705503158		-1.0
	44954.99999996	16.85663		1.71546     0.2    0.2		4.1705503158		-1.0
	44999.99999996	16.6455		1.96481     0.2    0.2		4.1705503158		-1.0
	45044.99999996	16.18952		1.92478     0.2    0.2		4.1705503158		-1.0
	45089.99999996	15.79913		2.22163     0.2    0.2		4.1705503158		-1.0
	45134.99999996	15.22658		1.97063     0.2    0.2		4.1705503158		-1.0
	45179.99999996	14.98965		-2.91918     0.2    0.2		4.1705503158		-1.0
	45224.99999996	14.25725		1.72993     0.2    0.2		4.1705503158		-1.0
	45269.99999996	14.20527		2.53413     0.2    0.2		4.1705503158		-1.0
	45314.99999996	13.52082		2.04698     0.2    0.2		4.1705503158		-1.0
	45359.99999996	13.73313		2.22301     0.2    0.2		4.1705503158		-1.0
	45404.99999996	14.04961		2.01663     0.2    0.2		4.1705503158		-1.0
	45449.99999996	15.05738		2.20951     0.2    0.2		4.1705503158		-1.0
	45494.99999996	15.85557		2.08367     0.2    0.2		4.1705503158		-1.0
	45539.99999996	16.99124		2.56473     0.2    0.2		4.1705503158		-1.0
	45584.99999996	17.76675		2.53039     0.2    0.2		4.1705503158		-1.0
	45629.99999996	18.62322		2.89436     0.2    0.2		4.1705503158		-1.0
	45674.99999996	19.5328		3.11939     0.2    0.2		4.1705503158		-1.0
	45719.99999996	20.29761		-2.43722     0.2    0.2		4.1705503158		-1.0
	45764.99999996	20.84994		-1.29149     0.2    0.2		4.1705503158		-1.0
	45809.99999996	21.45347		-0.67629     0.2    0.2		4.1705503158		-1.0
	45854.99999996	21.24803		-1.44287     0.2    0.2		4.1705503158		-1.0
	45899.99999996	21.27145		-2.3619     0.2    0.2		4.1705503158		-1.0
	45944.99999996	20.92542		2.92219     0.2    0.2		4.1705503158		-1.0
	45989.99999996	20.52275		2.06188     0.2    0.2		4.1705503158		-1.0
	46034.99999996	20.02781		1.08095     0.2    0.2		4.1705503158		-1.0
	46079.99999996	19.75585		0.54931     0.2    0.2		4.1705503158		-1.0
	46124.99999996	19.32108		0.17358     0.2    0.2		4.1705503158		-1.0
	46169.99999996	18.8765		-0.08581     0.2    0.2		4.1705503158		-1.0
	46214.99999996	18.08675		-0.18383     0.2    0.2		4.1705503158		-1.0
	46259.99999996	17.09047		-0.27384     0.2    0.2		4.1705503158		-1.0
	46304.99999996	15.68291		-0.3078     0.2    0.2		4.1705503158		-1.0
	46349.99999996	14.30154		-0.13415     0.2    0.2		4.1705503158		-1.0
	46394.99999996	12.90334		0.18496     0.2    0.2		4.1705503158		-1.0
	46439.99999996	11.58565		0.61014     0.2    0.2		4.1705503158		-1.0
	46484.99999996	10.59854		0.81626     0.2    0.2		4.1705503158		-1.0
	46529.99999996	9.9053		0.33408     0.2    0.2		4.1705503158		-1.0
	46574.99999996	9.4223		-0.36658     0.2    0.2		4.1705503158		-1.0
	46619.99999996	8.8742		-0.67364     0.2    0.2		4.1705503158		-1.0
	46664.99999996	8.32917		-1.10309     0.2    0.2		4.1705503158		-1.0
	46709.99999996	8.40367		-1.16661     0.2    0.2		4.1705503158		-1.0
	46754.99999995	8.88294		-1.42807     0.2    0.2		4.1705503158		-1.0
	46799.99999995	9.76212		-1.30111     0.2    0.2		4.1705503158		-1.0
	46844.99999995	10.4941		-1.54192     0.2    0.2		4.1705503158		-1.0
	46889.99999995	11.05639		-1.22749     0.2    0.2		4.1705503158		-1.0
	46934.99999995	10.21869		-1.05401     0.2    0.2		4.1705503158		-1.0
	46979.99999995	9.94767		-0.66539     0.2    0.2		4.1705503158		-1.0
	47024.99999995	10.0028		-0.85302     0.2    0.2		4.1705503158		-1.0
	47069.99999995	10.101		-1.33675     0.2    0.2		4.1705503158		-1.0
	47114.99999995	9.59692		-1.62856     0.2    0.2		4.1705503158		-1.0
	47159.99999995	9.11692		-2.15316     0.2    0.2		4.1705503158		-1.0
	47204.99999995	8.25115		-2.40442     0.2    0.2		4.1705503158		-1.0
	47249.99999995	8.36275		3.13595     0.2    0.2		4.1705503158		-1.0
	47294.99999995	8.66875		-2.77358     0.2    0.2		4.1705503158		-1.0
	47339.99999995	8.09835		-2.93736     0.2    0.2		4.1705503158		-1.0
	47384.99999995	7.66588		-2.43232     0.2    0.2		4.1705503158		-1.0
	47429.99999995	8.03597		-1.88596     0.2    0.2		4.1705503158		-1.0
	47474.99999995	7.42656		-1.68003     0.2    0.2		4.1705503158		-1.0
	47519.99999995	6.21906		-1.36529     0.2    0.2		4.1705503158		-1.0
	47564.99999995	5.53311		-2.88236     0.2    0.2		4.1705503158		-1.0
	47609.99999995	6.28175		2.58446     0.2    0.2		4.1705503158		-1.0
	47654.99999995	6.34584		1.46739     0.2    0.2		4.1705503158		-1.0
	47699.99999995	6.23224		0.80541     0.2    0.2		4.1705503158		-1.0
	47744.99999995	6.55588		0.20677     0.2    0.2		4.1705503158		-1.0
	47789.99999995	6.7885		0.08409     0.2    0.2		4.1705503158		-1.0
	47834.99999995	7.43547		0.0326     0.2    0.2		4.1705503158		-1.0
	47879.99999995	7.55642		-0.0339     0.2    0.2		4.1705503158		-1.0
	47924.99999995	8.22236		-0.23937     0.2    0.2		4.1705503158		-1.0
	47969.99999995	8.31199		-0.52007     0.2    0.2		4.1705503158		-1.0
	48014.99999995	8.45534		-0.96255     0.2    0.2		4.1705503158		-1.0
	48059.99999995	8.03135		-1.40729     0.2    0.2		4.1705503158		-1.0
	48104.99999995	7.27083		-1.99591     0.2    0.2		4.1705503158		-1.0
	48149.99999995	6.21066		-2.12079     0.2    0.2		4.1705503158		-1.0
	48194.99999995	5.32985		-2.1615     0.2    0.2		4.1705503158		-1.0
	48239.99999995	6.08274		-2.05019     0.2    0.2		4.1705503158		-1.0
	48284.99999995	7.11276		-2.04172     0.2    0.2		4.1705503158		-1.0
	48329.99999995	7.58448		-1.88858     0.2    0.2		4.1705503158		-1.0
	48374.99999995	8.01979		-1.6241     0.2    0.2		4.1705503158		-1.0
	48419.99999995	8.45956		-1.57006     0.2    0.2		4.1705503158		-1.0
	48464.99999995	8.97173		-1.3256     0.2    0.2		4.1705503158		-1.0
	48509.99999995	8.94359		-1.21173     0.2    0.2		4.1705503158		-1.0
	48554.99999995	10.0599		-1.47655     0.2    0.2		4.1705503158		-1.0
	48599.99999995	10.28358		-2.07845     0.2    0.2		4.1705503158		-1.0
	48644.99999995	10.41474		-2.58994     0.2    0.2		4.1705503158		-1.0
	48689.99999995	9.7218		-2.70003     0.2    0.2		4.1705503158		-1.0
	48734.99999995	9.17916		-3.00894     0.2    0.2		4.1705503158		-1.0
	48779.99999995	8.66397		2.87335     0.2    0.2		4.1705503158		-1.0
	48824.99999995	8.79928		2.60025     0.2    0.2		4.1705503158		-1.0
	48869.99999995	9.44197		2.49614     0.2    0.2		4.1705503158		-1.0
	48914.99999995	10.32839		2.60511     0.2    0.2		4.1705503158		-1.0
	48959.99999995	10.51989		2.95587     0.2    0.2		4.1705503158		-1.0
	49004.99999995	11.135		-3.04802     0.2    0.2		4.1705503158		-1.0
	49049.99999995	11.79195		2.88335     0.2    0.2		4.1705503158		-1.0
	49094.99999995	12.50878		2.35795     0.2    0.2		4.1705503158		-1.0
	49139.99999995	12.31921		1.87436     0.2    0.2		4.1705503158		-1.0
	49184.99999995	12.24375		1.49539     0.2    0.2		4.1705503158		-1.0
	49229.99999995	12.54745		1.12482     0.2    0.2		4.1705503158		-1.0
	49274.99999995	13.30211		0.76557     0.2    0.2		4.1705503158		-1.0
	49319.99999995	12.91812		0.47864     0.2    0.2		4.1705503158		-1.0
	49364.99999995	12.75379		0.43255     0.2    0.2		4.1705503158		-1.0
	49409.99999995	13.07433		1.00468     0.2    0.2		4.1705503158		-1.0
	49454.99999995	12.65452		2.0666     0.2    0.2		4.1705503158		-1.0
	49499.99999995	11.97319		2.33015     0.2    0.2		4.1705503158		-1.0
	49544.99999995	11.11002		2.19135     0.2    0.2		4.1705503158		-1.0
	49589.99999995	9.93674		1.77605     0.2    0.2		4.1705503158		-1.0
	49634.99999995	9.10617		1.52255     0.2    0.2		4.1705503158		-1.0
	49679.99999995	8.16586		1.59214     0.2    0.2		4.1705503158		-1.0
	49724.99999995	7.14625		2.1786     0.2    0.2		4.1705503158		-1.0
	49769.99999995	7.78689		3.10946     0.2    0.2		4.1705503158		-1.0
	49814.99999995	8.37944		-2.80373     0.2    0.2		4.1705503158		-1.0
	49859.99999995	8.83152		-2.79187     0.2    0.2		4.1705503158		-1.0
	49904.99999995	7.89953		2.76105     0.2    0.2		4.1705503158		-1.0
	49949.99999995	7.29943		2.38729     0.2    0.2		4.1705503158		-1.0
	49994.99999995	7.11554		2.32285     0.2    0.2		4.1705503158		-1.0
