	45.00000000	3.03212		0.13213     0.2    0.2		4.1705503158		-1.0
	90.00000000	2.92305		-0.12071     0.2    0.2		4.1705503158		-1.0
	135.00000000	2.91305		-0.17168     0.2    0.2		4.1705503158		-1.0
	180.00000000	3.0074		-0.57213     0.2    0.2		4.1705503158		-1.0
	225.00000000	2.875		-0.59689     0.2    0.2		4.1705503158		-1.0
	270.00000000	3.00901		-1.0239     0.2    0.2		4.1705503158		-1.0
	315.00000000	2.82845		-0.97926     0.2    0.2		4.1705503158		-1.0
	360.00000000	2.86378		-1.3442     0.2    0.2		4.1705503158		-1.0
	405.00000000	2.85847		-1.26977     0.2    0.2		4.1705503158		-1.0
	450.00000000	3.03209		-1.73117     0.2    0.2		4.1705503158		-1.0
	495.00000000	2.89779		-1.80718     0.2    0.2		4.1705503158		-1.0
	540.00000000	2.84392		-2.17429     0.2    0.2		4.1705503158		-1.0
	585.00000000	2.92471		-2.32896     0.2    0.2		4.1705503158		-1.0
	630.00000000	2.96204		-2.76574     0.2    0.2		4.1705503158		-1.0
	675.00000000	2.99414		-2.96963     0.2    0.2		4.1705503158		-1.0
	720.00000000	2.86558		2.78047     0.2    0.2		4.1705503158		-1.0
	765.00000000	2.92581		2.43856     0.2    0.2		4.1705503158		-1.0
	810.00000000	2.97561		1.88462     0.2    0.2		4.1705503158		-1.0
	855.00000000	2.87165		1.78903     0.2    0.2		4.1705503158		-1.0
	900.00000000	2.9232		1.43745     0.2    0.2		4.1705503158		-1.0
	945.00000000	2.8727		1.4919     0.2    0.2		4.1705503158		-1.0
	990.00000000	3.01595		0.97909     0.2    0.2		4.1705503158		-1.0
	1035.00000000	2.82528		0.93634     0.2    0.2		4.1705503158		-1.0
	1080.00000000	2.87957		0.02982     0.2    0.2		4.1705503158		-1.0
	1125.00000000	2.86014		-0.72405     0.2    0.2		4.1705503158		-1.0
	1170.00000000	2.85374		-1.08047     0.2    0.2		4.1705503158		-1.0
	1215.00000000	2.97539		-0.9442     0.2    0.2		4.1705503158		-1.0
	1260.00000000	3.02865		-1.12653     0.2    0.2		4.1705503158		-1.0
	1305.00000000	3.18533		-1.30489     0.2    0.2		4.1705503158		-1.0
	1350.00000000	2.81941		-1.67959     0.2    0.2		4.1705503158		-1.0
	1395.00000000	2.87683		-1.73093     0.2    0.2		4.1705503158		-1.0
	1440.00000000	2.87755		-2.17962     0.2    0.2		4.1705503158		-1.0
	1485.00000000	2.97668		-2.1     0.2    0.2		4.1705503158		-1.0
	1530.00000000	2.98347		-2.63168     0.2    0.2		4.1705503158		-1.0
	1575.00000000	2.95378		-2.51374     0.2    0.2		4.1705503158		-1.0
	1620.00000000	2.85706		3.1335     0.2    0.2		4.1705503158		-1.0
	1665.00000000	2.84141		3.00411     0.2    0.2		4.1705503158		-1.0
	1710.00000000	2.94172		2.67783     0.2    0.2		4.1705503158		-1.0
	1755.00000000	2.98988		2.45925     0.2    0.2		4.1705503158		-1.0
	1800.00000000	2.88121		1.94833     0.2    0.2		4.1705503158		-1.0
	1845.00000000	2.92523		1.61838     0.2    0.2		4.1705503158		-1.0
	1890.00000000	2.90939		1.11189     0.2    0.2		4.1705503158		-1.0
	1935.00000000	2.91384		0.31721     0.2    0.2		4.1705503158		-1.0
	1980.00000000	2.97839		0.7412     0.2    0.2		4.1705503158		-1.0
	2025.00000000	2.8555		-0.1904     0.2    0.2		4.1705503158		-1.0
	2070.00000000	2.91943		-0.54288     0.2    0.2		4.1705503158		-1.0
	2115.00000000	2.79526		-0.8308     0.2    0.2		4.1705503158		-1.0
	2160.00000000	2.87689		-0.78325     0.2    0.2		4.1705503158		-1.0
	2205.00000000	2.88578		-0.19131     0.2    0.2		4.1705503158		-1.0
	2250.00000000	2.79136		0.27168     0.2    0.2		4.1705503158		-1.0
	2295.00000000	2.78509		0.53195     0.2    0.2		4.1705503158		-1.0
	2340.00000000	2.89235		0.79862     0.2    0.2		4.1705503158		-1.0
	2385.00000000	2.99415		0.81813     0.2    0.2		4.1705503158		-1.0
	2430.00000000	2.87424		0.97433     0.2    0.2		4.1705503158		-1.0
	2475.00000000	3.06867		1.42453     0.2    0.2		4.1705503158		-1.0
	2520.00000000	2.96418		1.50689     0.2    0.2		4.1705503158		-1.0
	2565.00000000	2.85542		2.03909     0.2    0.2		4.1705503158		-1.0
	2610.00000000	2.88943		2.2451     0.2    0.2		4.1705503158		-1.0
	2655.00000000	2.93801		2.50863     0.2    0.2		4.1705503158		-1.0
	2700.00000000	2.9445		3.10733     0.2    0.2		4.1705503158		-1.0
	2745.00000000	2.90847		-2.8165     0.2    0.2		4.1705503158		-1.0
	2790.00000000	2.8885		-2.19427     0.2    0.2		4.1705503158		-1.0
	2835.00000000	2.89311		-1.89047     0.2    0.2		4.1705503158		-1.0
	2880.00000000	3.07013		-1.55863     0.2    0.2		4.1705503158		-1.0
	2925.00000000	3.08654		-1.08833     0.2    0.2		4.1705503158		-1.0
	2970.00000000	3.05121		-1.47309     0.2    0.2		4.1705503158		-1.0
	3015.00000000	2.84108		-1.20778     0.2    0.2		4.1705503158		-1.0
	3060.00000000	2.95891		-1.25018     0.2    0.2		4.1705503158		-1.0
	3105.00000000	2.82795		-1.80292     0.2    0.2		4.1705503158		-1.0
	3150.00000000	2.80976		-2.51267     0.2    0.2		4.1705503158		-1.0
	3195.00000000	2.79859		-2.5293     0.2    0.2		4.1705503158		-1.0
	3240.00000000	2.92425		-2.82287     0.2    0.2		4.1705503158		-1.0
	3285.00000000	3.11379		3.03865     0.2    0.2		4.1705503158		-1.0
	3330.00000000	3.03835		2.67937     0.2    0.2		4.1705503158		-1.0
	3375.00000000	3.03202		2.32928     0.2    0.2		4.1705503158		-1.0
	3420.00000000	3.038		1.95988     0.2    0.2		4.1705503158		-1.0
	3465.00000000	3.05762		1.75082     0.2    0.2		4.1705503158		-1.0
	3510.00000000	2.89072		1.52715     0.2    0.2		4.1705503158		-1.0
	3555.00000000	2.85956		1.21951     0.2    0.2		4.1705503158		-1.0
	3600.00000000	2.89503		1.10291     0.2    0.2		4.1705503158		-1.0
	3645.00000000	2.90806		0.76893     0.2    0.2		4.1705503158		-1.0
	3690.00000000	2.8184		-0.15903     0.2    0.2		4.1705503158		-1.0
	3735.00000000	2.94969		-0.63058     0.2    0.2		4.1705503158		-1.0
	3780.00000000	3.07857		-0.66503     0.2    0.2		4.1705503158		-1.0
	3825.00000000	2.89759		-0.19112     0.2    0.2		4.1705503158		-1.0
	3870.00000000	2.87		0.7305     0.2    0.2		4.1705503158		-1.0
	3915.00000000	3.0135		1.22927     0.2    0.2		4.1705503158		-1.0
	3960.00000000	2.89074		0.49376     0.2    0.2		4.1705503158		-1.0
	4005.00000000	2.7884		-0.22091     0.2    0.2		4.1705503158		-1.0
	4050.00000000	3.01592		-0.36226     0.2    0.2		4.1705503158		-1.0
	4095.00000000	3.25399		-0.45567     0.2    0.2		4.1705503158		-1.0
	4140.00000000	3.06662		-0.19347     0.2    0.2		4.1705503158		-1.0
	4185.00000000	2.91926		0.21189     0.2    0.2		4.1705503158		-1.0
	4230.00000000	3.10723		0.79057     0.2    0.2		4.1705503158		-1.0
	4275.00000000	2.79831		0.78429     0.2    0.2		4.1705503158		-1.0
	4320.00000000	2.84687		0.40252     0.2    0.2		4.1705503158		-1.0
	4365.00000000	2.9485		0.45864     0.2    0.2		4.1705503158		-1.0
	4410.00000000	3.08933		-0.01658     0.2    0.2		4.1705503158		-1.0
	4455.00000000	3.116		0.29324     0.2    0.2		4.1705503158		-1.0
	4500.00000000	2.80651		0.56263     0.2    0.2		4.1705503158		-1.0
	4545.00000000	3.0881		0.65151     0.2    0.2		4.1705503158		-1.0
	4590.00000000	3.14052		0.38106     0.2    0.2		4.1705503158		-1.0
	4635.00000000	2.78829		0.22836     0.2    0.2		4.1705503158		-1.0
	4680.00000000	3.0414		-0.0975     0.2    0.2		4.1705503158		-1.0
	4725.00000000	2.8241		-0.65372     0.2    0.2		4.1705503158		-1.0
	4770.00000000	2.6657		-0.38983     0.2    0.2		4.1705503158		-1.0
	4815.00000000	2.98204		-0.60722     0.2    0.2		4.1705503158		-1.0
	4860.00000000	3.12324		-0.85958     0.2    0.2		4.1705503158		-1.0
	4905.00000000	2.88342		-1.09731     0.2    0.2		4.1705503158		-1.0
	4950.00000000	2.7596		-0.37758     0.2    0.2		4.1705503158		-1.0
	4995.00000000	3.22254		-0.35084     0.2    0.2		4.1705503158		-1.0
	5040.00000000	3.04308		-0.08634     0.2    0.2		4.1705503158		-1.0
	5085.00000000	2.86443		0.32623     0.2    0.2		4.1705503158		-1.0
	5130.00000000	3.05437		0.66164     0.2    0.2		4.1705503158		-1.0
	5175.00000000	2.7428		0.89818     0.2    0.2		4.1705503158		-1.0
	5220.00000000	3.11894		1.25443     0.2    0.2		4.1705503158		-1.0
	5265.00000000	2.928		1.50952     0.2    0.2		4.1705503158		-1.0
	5310.00000000	2.76759		1.92379     0.2    0.2		4.1705503158		-1.0
	5355.00000000	2.8352		2.15554     0.2    0.2		4.1705503158		-1.0
	5400.00000000	2.84075		2.25614     0.2    0.2		4.1705503158		-1.0
	5445.00000000	3.00225		3.10131     0.2    0.2		4.1705503158		-1.0
	5490.00000000	2.84077		2.83332     0.2    0.2		4.1705503158		-1.0
	5535.00000000	2.96468		-2.73628     0.2    0.2		4.1705503158		-1.0
	5580.00000000	3.0132		-2.55286     0.2    0.2		4.1705503158		-1.0
	5625.00000000	2.96707		-2.1784     0.2    0.2		4.1705503158		-1.0
	5670.00000000	3.00803		-2.19878     0.2    0.2		4.1705503158		-1.0
	5715.00000000	3.10713		-2.07438     0.2    0.2		4.1705503158		-1.0
	5760.00000000	2.8269		-2.08627     0.2    0.2		4.1705503158		-1.0
	5805.00000000	2.83628		-2.2725     0.2    0.2		4.1705503158		-1.0
	5850.00000000	2.90257		-1.64543     0.2    0.2		4.1705503158		-1.0
	5895.00000000	2.85789		-1.79992     0.2    0.2		4.1705503158		-1.0
	5940.00000000	3.20833		-1.45372     0.2    0.2		4.1705503158		-1.0
	5985.00000000	3.01383		-1.7649     0.2    0.2		4.1705503158		-1.0
	6030.00000000	2.76903		-1.79732     0.2    0.2		4.1705503158		-1.0
	6075.00000000	2.92579		-1.82097     0.2    0.2		4.1705503158		-1.0
	6120.00000000	2.99749		-2.38363     0.2    0.2		4.1705503158		-1.0
	6165.00000000	3.14508		-2.05785     0.2    0.2		4.1705503158		-1.0
	6210.00000000	3.0621		-1.8848     0.2    0.2		4.1705503158		-1.0
	6255.00000000	3.21057		-1.73182     0.2    0.2		4.1705503158		-1.0
	6300.00000000	3.11281		-1.27138     0.2    0.2		4.1705503158		-1.0
	6345.00000000	2.77829		-1.36234     0.2    0.2		4.1705503158		-1.0
	6390.00000000	2.7078		-0.71383     0.2    0.2		4.1705503158		-1.0
	6435.00000000	2.93305		0.20706     0.2    0.2		4.1705503158		-1.0
	6480.00000000	3.16238		1.25779     0.2    0.2		4.1705503158		-1.0
	6525.00000000	2.95817		1.42069     0.2    0.2		4.1705503158		-1.0
	6570.00000000	3.03127		1.96193     0.2    0.2		4.1705503158		-1.0
	6615.00000000	2.78213		2.38044     0.2    0.2		4.1705503158		-1.0
	6660.00000000	2.84399		2.81516     0.2    0.2		4.1705503158		-1.0
	6705.00000000	2.98899		2.76191     0.2    0.2		4.1705503158		-1.0
	6750.00000000	3.06988		2.7619     0.2    0.2		4.1705503158		-1.0
	6795.00000000	2.91071		3.06809     0.2    0.2		4.1705503158		-1.0
	6840.00000000	2.85453		2.73338     0.2    0.2		4.1705503158		-1.0
	6885.00000000	3.10837		2.83936     0.2    0.2		4.1705503158		-1.0
	6930.00000000	3.09484		2.87118     0.2    0.2		4.1705503158		-1.0
	6975.00000000	2.91292		2.37875     0.2    0.2		4.1705503158		-1.0
	7020.00000000	3.24614		2.33493     0.2    0.2		4.1705503158		-1.0
	7065.00000000	2.92427		1.99468     0.2    0.2		4.1705503158		-1.0
	7110.00000000	2.78901		1.83308     0.2    0.2		4.1705503158		-1.0
	7155.00000000	2.77839		1.15645     0.2    0.2		4.1705503158		-1.0
	7200.00000000	2.79881		1.26098     0.2    0.2		4.1705503158		-1.0
	7245.00000000	3.0708		0.37694     0.2    0.2		4.1705503158		-1.0
	7290.00000000	3.08886		0.02327     0.2    0.2		4.1705503158		-1.0
	7335.00000000	3.04336		-0.52246     0.2    0.2		4.1705503158		-1.0
	7380.00000000	2.91133		-0.88543     0.2    0.2		4.1705503158		-1.0
	7425.00000000	3.41221		-1.15813     0.2    0.2		4.1705503158		-1.0
	7470.00000000	3.23335		-1.37741     0.2    0.2		4.1705503158		-1.0
	7515.00000000	3.11032		-1.52028     0.2    0.2		4.1705503158		-1.0
	7560.00000000	2.6663		-1.73293     0.2    0.2		4.1705503158		-1.0
	7605.00000000	3.28828		-1.93824     0.2    0.2		4.1705503158		-1.0
	7650.00000000	3.26322		-2.2074     0.2    0.2		4.1705503158		-1.0
	7695.00000000	2.87033		-2.43319     0.2    0.2		4.1705503158		-1.0
	7740.00000000	2.93206		-2.65861     0.2    0.2		4.1705503158		-1.0
	7785.00000000	3.17159		-3.10645     0.2    0.2		4.1705503158		-1.0
	7830.00000000	2.96115		3.02504     0.2    0.2		4.1705503158		-1.0
	7875.00000000	2.902		2.48785     0.2    0.2		4.1705503158		-1.0
	7920.00000000	3.07651		2.25733     0.2    0.2		4.1705503158		-1.0
	7965.00000000	2.75129		2.08324     0.2    0.2		4.1705503158		-1.0
	8010.00000000	2.87651		1.67232     0.2    0.2		4.1705503158		-1.0
	8055.00000000	3.23463		1.45791     0.2    0.2		4.1705503158		-1.0
	8100.00000000	3.13322		1.16659     0.2    0.2		4.1705503158		-1.0
	8145.00000000	2.78773		1.02887     0.2    0.2		4.1705503158		-1.0
	8190.00000000	2.96891		0.78354     0.2    0.2		4.1705503158		-1.0
	8235.00000000	2.95333		-0.15965     0.2    0.2		4.1705503158		-1.0
	8280.00000000	2.94586		-0.68544     0.2    0.2		4.1705503158		-1.0
	8325.00000000	2.98604		-0.96538     0.2    0.2		4.1705503158		-1.0
	8370.00000000	2.86303		-1.44891     0.2    0.2		4.1705503158		-1.0
	8415.00000000	2.99639		-1.45804     0.2    0.2		4.1705503158		-1.0
	8460.00000000	3.25622		-1.8694     0.2    0.2		4.1705503158		-1.0
	8505.00000000	3.2286		-2.2533     0.2    0.2		4.1705503158		-1.0
	8550.00000000	2.79371		-2.53459     0.2    0.2		4.1705503158		-1.0
	8595.00000000	2.88016		-2.93118     0.2    0.2		4.1705503158		-1.0
	8640.00000000	3.18682		3.0931     0.2    0.2		4.1705503158		-1.0
	8685.00000000	3.13228		2.67218     0.2    0.2		4.1705503158		-1.0
	8730.00000000	2.70818		2.29853     0.2    0.2		4.1705503158		-1.0
	8775.00000000	3.25238		1.95812     0.2    0.2		4.1705503158		-1.0
	8820.00000000	2.87254		1.96587     0.2    0.2		4.1705503158		-1.0
	8865.00000000	3.02501		1.60635     0.2    0.2		4.1705503158		-1.0
	8910.00000000	2.76583		1.60034     0.2    0.2		4.1705503158		-1.0
	8955.00000000	3.20277		1.80847     0.2    0.2		4.1705503158		-1.0
	9000.00000000	2.79471		2.06849     0.2    0.2		4.1705503158		-1.0
	9045.00000000	3.32914		2.23175     0.2    0.2		4.1705503158		-1.0
	9090.00000000	2.77282		2.42742     0.2    0.2		4.1705503158		-1.0
	9135.00000000	2.80441		2.71593     0.2    0.2		4.1705503158		-1.0
	9180.00000000	2.79246		3.12859     0.2    0.2		4.1705503158		-1.0
	9225.00000000	2.86899		-2.89817     0.2    0.2		4.1705503158		-1.0
	9270.00000000	2.97639		-2.66067     0.2    0.2		4.1705503158		-1.0
	9315.00000000	3.03554		-2.3287     0.2    0.2		4.1705503158		-1.0
	9360.00000000	2.74215		-2.2275     0.2    0.2		4.1705503158		-1.0
	9405.00000000	3.16618		-1.93321     0.2    0.2		4.1705503158		-1.0
	9450.00000000	3.09123		-1.9967     0.2    0.2		4.1705503158		-1.0
	9495.00000000	2.887		-1.4728     0.2    0.2		4.1705503158		-1.0
	9540.00000000	3.03922		-1.6381     0.2    0.2		4.1705503158		-1.0
	9585.00000000	2.74019		-1.44036     0.2    0.2		4.1705503158		-1.0
	9630.00000000	2.81149		-1.39206     0.2    0.2		4.1705503158		-1.0
	9675.00000000	2.85754		-1.05407     0.2    0.2		4.1705503158		-1.0
	9720.00000000	3.16376		-0.75453     0.2    0.2		4.1705503158		-1.0
	9765.00000000	3.10078		-0.12826     0.2    0.2		4.1705503158		-1.0
	9810.00000000	3.15026		0.35926     0.2    0.2		4.1705503158		-1.0
	9855.00000000	3.28972		0.90878     0.2    0.2		4.1705503158		-1.0
	9900.00000000	2.8301		1.36575     0.2    0.2		4.1705503158		-1.0
	9945.00000000	2.92037		1.78221     0.2    0.2		4.1705503158		-1.0
	9990.00000000	3.04551		2.00372     0.2    0.2		4.1705503158		-1.0
	10035.00000000	3.21188		2.42291     0.2    0.2		4.1705503158		-1.0
	10080.00000000	2.69113		2.59448     0.2    0.2		4.1705503158		-1.0
	10125.00000000	2.70188		2.90618     0.2    0.2		4.1705503158		-1.0
	10170.00000000	3.18274		-2.81674     0.2    0.2		4.1705503158		-1.0
	10215.00000000	3.16892		-2.76317     0.2    0.2		4.1705503158		-1.0
	10260.00000000	3.05466		-2.34292     0.2    0.2		4.1705503158		-1.0
	10305.00000000	2.9179		-2.15582     0.2    0.2		4.1705503158		-1.0
	10350.00000000	3.40874		-1.66952     0.2    0.2		4.1705503158		-1.0
	10395.00000000	2.74875		-1.60946     0.2    0.2		4.1705503158		-1.0
	10440.00000000	2.81053		-1.41807     0.2    0.2		4.1705503158		-1.0
	10485.00000000	2.84109		-1.20935     0.2    0.2		4.1705503158		-1.0
	10530.00000000	2.77179		-0.49465     0.2    0.2		4.1705503158		-1.0
	10575.00000000	2.72159		0.21916     0.2    0.2		4.1705503158		-1.0
	10620.00000000	3.27393		0.65587     0.2    0.2		4.1705503158		-1.0
	10665.00000000	3.19225		1.06934     0.2    0.2		4.1705503158		-1.0
	10710.00000000	3.21791		1.23322     0.2    0.2		4.1705503158		-1.0
	10755.00000000	2.68404		1.5244     0.2    0.2		4.1705503158		-1.0
	10800.00000000	3.12279		1.76052     0.2    0.2		4.1705503158		-1.0
	10845.00000001	3.17757		2.09876     0.2    0.2		4.1705503158		-1.0
	10890.00000001	2.82579		2.51786     0.2    0.2		4.1705503158		-1.0
	10935.00000001	2.72948		2.63445     0.2    0.2		4.1705503158		-1.0
	10980.00000001	2.9491		-3.11418     0.2    0.2		4.1705503158		-1.0
	11025.00000001	2.95083		-2.96304     0.2    0.2		4.1705503158		-1.0
	11070.00000001	3.03727		-2.56364     0.2    0.2		4.1705503158		-1.0
	11115.00000001	3.16997		-2.31625     0.2    0.2		4.1705503158		-1.0
	11160.00000001	2.63155		-2.26432     0.2    0.2		4.1705503158		-1.0
	11205.00000001	3.42478		-1.82086     0.2    0.2		4.1705503158		-1.0
	11250.00000001	2.76828		-1.82671     0.2    0.2		4.1705503158		-1.0
	11295.00000001	2.97823		-2.03606     0.2    0.2		4.1705503158		-1.0
	11340.00000001	3.13576		-1.93936     0.2    0.2		4.1705503158		-1.0
	11385.00000001	2.73077		-2.21956     0.2    0.2		4.1705503158		-1.0
	11430.00000001	2.90293		-2.36576     0.2    0.2		4.1705503158		-1.0
	11475.00000001	2.81432		-2.80482     0.2    0.2		4.1705503158		-1.0
	11520.00000001	2.82906		-2.97964     0.2    0.2		4.1705503158		-1.0
	11565.00000001	3.30283		2.73035     0.2    0.2		4.1705503158		-1.0
	11610.00000001	3.25499		2.03721     0.2    0.2		4.1705503158		-1.0
	11655.00000001	2.89407		1.59913     0.2    0.2		4.1705503158		-1.0
	11700.00000001	2.82642		1.42152     0.2    0.2		4.1705503158		-1.0
	11745.00000001	3.34209		0.94071     0.2    0.2		4.1705503158		-1.0
	11790.00000001	2.80072		0.9627     0.2    0.2		4.1705503158		-1.0
	11835.00000001	2.82959		0.58704     0.2    0.2		4.1705503158		-1.0
	11880.00000001	2.80126		0.08006     0.2    0.2		4.1705503158		-1.0
	11925.00000001	2.77699		-0.65642     0.2    0.2		4.1705503158		-1.0
	11970.00000001	2.69497		-1.2617     0.2    0.2		4.1705503158		-1.0
	12015.00000001	3.08975		-0.9814     0.2    0.2		4.1705503158		-1.0
	12060.00000001	3.15894		-0.66432     0.2    0.2		4.1705503158		-1.0
	12105.00000001	3.27311		0.19491     0.2    0.2		4.1705503158		-1.0
	12150.00000001	3.15648		0.9125     0.2    0.2		4.1705503158		-1.0
	12195.00000001	3.06584		0.69006     0.2    0.2		4.1705503158		-1.0
	12240.00000001	3.29739		0.33626     0.2    0.2		4.1705503158		-1.0
	12285.00000001	2.63211		0.36934     0.2    0.2		4.1705503158		-1.0
	12330.00000001	3.11919		0.20046     0.2    0.2		4.1705503158		-1.0
	12375.00000001	2.85749		0.13634     0.2    0.2		4.1705503158		-1.0
	12420.00000001	3.24662		-0.44292     0.2    0.2		4.1705503158		-1.0
	12465.00000001	3.29364		-0.80505     0.2    0.2		4.1705503158		-1.0
	12510.00000001	3.23551		-1.22388     0.2    0.2		4.1705503158		-1.0
	12555.00000001	3.22751		-1.54321     0.2    0.2		4.1705503158		-1.0
	12600.00000001	3.1184		-2.03574     0.2    0.2		4.1705503158		-1.0
	12645.00000001	3.15852		-2.73124     0.2    0.2		4.1705503158		-1.0
	12690.00000001	3.28535		-2.96423     0.2    0.2		4.1705503158		-1.0
	12735.00000001	3.23603		2.80571     0.2    0.2		4.1705503158		-1.0
	12780.00000001	3.04209		2.03833     0.2    0.2		4.1705503158		-1.0
	12825.00000001	2.70353		1.98804     0.2    0.2		4.1705503158		-1.0
	12870.00000001	2.93059		1.82836     0.2    0.2		4.1705503158		-1.0
	12915.00000001	3.07916		1.60794     0.2    0.2		4.1705503158		-1.0
	12960.00000001	3.26411		1.5031     0.2    0.2		4.1705503158		-1.0
	13005.00000001	3.38321		1.64047     0.2    0.2		4.1705503158		-1.0
	13050.00000001	2.98587		1.51774     0.2    0.2		4.1705503158		-1.0
	13095.00000001	3.16872		1.75432     0.2    0.2		4.1705503158		-1.0
	13140.00000001	3.19281		1.40446     0.2    0.2		4.1705503158		-1.0
	13185.00000001	3.11938		1.86381     0.2    0.2		4.1705503158		-1.0
	13230.00000001	3.21576		1.50219     0.2    0.2		4.1705503158		-1.0
	13275.00000001	3.28424		1.96148     0.2    0.2		4.1705503158		-1.0
	13320.00000001	3.03966		2.0779     0.2    0.2		4.1705503158		-1.0
	13365.00000001	3.21282		2.63038     0.2    0.2		4.1705503158		-1.0
	13410.00000001	3.26785		2.84186     0.2    0.2		4.1705503158		-1.0
	13455.00000001	3.28033		2.80076     0.2    0.2		4.1705503158		-1.0
	13500.00000001	3.08015		2.94586     0.2    0.2		4.1705503158		-1.0
	13545.00000001	3.32071		3.08297     0.2    0.2		4.1705503158		-1.0
	13590.00000001	2.66646		-2.83714     0.2    0.2		4.1705503158		-1.0
	13635.00000001	2.67533		-2.42172     0.2    0.2		4.1705503158		-1.0
	13680.00000001	2.81945		-2.34724     0.2    0.2		4.1705503158		-1.0
	13725.00000001	2.7532		-1.8532     0.2    0.2		4.1705503158		-1.0
	13770.00000001	2.70571		-2.09628     0.2    0.2		4.1705503158		-1.0
	13815.00000001	2.73152		-1.53734     0.2    0.2		4.1705503158		-1.0
	13860.00000001	2.75028		-1.87776     0.2    0.2		4.1705503158		-1.0
	13905.00000001	2.6808		-1.69057     0.2    0.2		4.1705503158		-1.0
	13950.00000001	2.72671		-2.4177     0.2    0.2		4.1705503158		-1.0
	13995.00000001	2.66653		-2.35804     0.2    0.2		4.1705503158		-1.0
	14040.00000001	2.74247		-2.88     0.2    0.2		4.1705503158		-1.0
	14085.00000001	2.85638		-2.6828     0.2    0.2		4.1705503158		-1.0
	14130.00000001	2.67724		3.04986     0.2    0.2		4.1705503158		-1.0
	14175.00000001	2.77884		2.87814     0.2    0.2		4.1705503158		-1.0
	14220.00000001	2.6877		2.8306     0.2    0.2		4.1705503158		-1.0
	14265.00000000	2.85147		2.30689     0.2    0.2		4.1705503158		-1.0
	14310.00000000	2.80791		2.22123     0.2    0.2		4.1705503158		-1.0
	14355.00000000	2.72677		1.83502     0.2    0.2		4.1705503158		-1.0
	14400.00000000	2.74425		1.50047     0.2    0.2		4.1705503158		-1.0
	14445.00000000	2.7223		1.2742     0.2    0.2		4.1705503158		-1.0
	14490.00000000	2.7886		0.43835     0.2    0.2		4.1705503158		-1.0
	14535.00000000	2.72534		0.70997     0.2    0.2		4.1705503158		-1.0
	14580.00000000	2.93685		-0.49792     0.2    0.2		4.1705503158		-1.0
	14625.00000000	2.71782		-0.86587     0.2    0.2		4.1705503158		-1.0
	14670.00000000	3.08756		-1.28814     0.2    0.2		4.1705503158		-1.0
	14715.00000000	3.20169		-1.18107     0.2    0.2		4.1705503158		-1.0
	14760.00000000	2.94637		-1.33787     0.2    0.2		4.1705503158		-1.0
	14805.00000000	3.46782		-0.90555     0.2    0.2		4.1705503158		-1.0
	14850.00000000	2.90825		-0.82879     0.2    0.2		4.1705503158		-1.0
	14895.00000000	2.84719		-0.21853     0.2    0.2		4.1705503158		-1.0
	14940.00000000	3.46821		0.00549     0.2    0.2		4.1705503158		-1.0
	14985.00000000	2.6272		0.92716     0.2    0.2		4.1705503158		-1.0
	15030.00000000	3.22468		0.6794     0.2    0.2		4.1705503158		-1.0
	15075.00000000	2.61693		1.21217     0.2    0.2		4.1705503158		-1.0
	15120.00000000	3.24192		0.72388     0.2    0.2		4.1705503158		-1.0
	15165.00000000	2.76797		1.10698     0.2    0.2		4.1705503158		-1.0
	15210.00000000	2.67359		0.60894     0.2    0.2		4.1705503158		-1.0
	15255.00000000	3.31009		0.6345     0.2    0.2		4.1705503158		-1.0
	15300.00000000	3.28407		0.01113     0.2    0.2		4.1705503158		-1.0
	15345.00000000	3.2912		-0.62769     0.2    0.2		4.1705503158		-1.0
	15390.00000000	3.39243		-0.82548     0.2    0.2		4.1705503158		-1.0
	15435.00000000	3.26803		-0.25341     0.2    0.2		4.1705503158		-1.0
	15480.00000000	2.92464		-0.26033     0.2    0.2		4.1705503158		-1.0
	15525.00000000	3.42019		-0.22769     0.2    0.2		4.1705503158		-1.0
	15570.00000000	3.2175		0.53726     0.2    0.2		4.1705503158		-1.0
	15615.00000000	2.8269		0.45162     0.2    0.2		4.1705503158		-1.0
	15660.00000000	3.35988		0.51322     0.2    0.2		4.1705503158		-1.0
	15705.00000000	2.97522		0.40375     0.2    0.2		4.1705503158		-1.0
	15750.00000000	2.7825		0.27762     0.2    0.2		4.1705503158		-1.0
	15795.00000000	2.79789		0.04965     0.2    0.2		4.1705503158		-1.0
	15840.00000000	2.71607		-0.58821     0.2    0.2		4.1705503158		-1.0
	15885.00000000	2.71281		-0.512     0.2    0.2		4.1705503158		-1.0
	15930.00000000	2.73364		-0.10769     0.2    0.2		4.1705503158		-1.0
	15975.00000000	2.7192		-0.00514     0.2    0.2		4.1705503158		-1.0
	16020.00000000	2.73189		0.83257     0.2    0.2		4.1705503158		-1.0
	16065.00000000	2.77404		0.84534     0.2    0.2		4.1705503158		-1.0
	16110.00000000	3.32879		1.13732     0.2    0.2		4.1705503158		-1.0
	16155.00000000	2.67011		1.52211     0.2    0.2		4.1705503158		-1.0
	16200.00000000	2.71466		1.73955     0.2    0.2		4.1705503158		-1.0
	16245.00000000	2.69194		2.11338     0.2    0.2		4.1705503158		-1.0
	16290.00000000	2.75768		2.4269     0.2    0.2		4.1705503158		-1.0
	16335.00000000	2.99543		2.64455     0.2    0.2		4.1705503158		-1.0
	16380.00000000	3.13942		2.55829     0.2    0.2		4.1705503158		-1.0
	16425.00000000	3.15859		2.49749     0.2    0.2		4.1705503158		-1.0
	16470.00000000	2.95265		2.35849     0.2    0.2		4.1705503158		-1.0
	16515.00000000	2.98485		2.25409     0.2    0.2		4.1705503158		-1.0
	16560.00000000	3.22831		2.06639     0.2    0.2		4.1705503158		-1.0
	16605.00000000	3.24576		1.8437     0.2    0.2		4.1705503158		-1.0
	16650.00000000	3.18453		1.58666     0.2    0.2		4.1705503158		-1.0
	16695.00000000	3.02592		1.54663     0.2    0.2		4.1705503158		-1.0
	16740.00000000	3.25492		1.33055     0.2    0.2		4.1705503158		-1.0
	16785.00000000	2.86832		1.2089     0.2    0.2		4.1705503158		-1.0
	16830.00000000	3.37644		0.85679     0.2    0.2		4.1705503158		-1.0
	16875.00000000	2.64069		0.39392     0.2    0.2		4.1705503158		-1.0
	16920.00000000	3.45787		-0.03015     0.2    0.2		4.1705503158		-1.0
	16965.00000000	3.32261		-0.54146     0.2    0.2		4.1705503158		-1.0
	17010.00000000	3.10386		-0.57357     0.2    0.2		4.1705503158		-1.0
	17055.00000000	2.96947		-0.76781     0.2    0.2		4.1705503158		-1.0
	17100.00000000	2.73531		-0.92635     0.2    0.2		4.1705503158		-1.0
	17145.00000000	3.34906		-1.02648     0.2    0.2		4.1705503158		-1.0
	17190.00000000	3.40776		-0.76002     0.2    0.2		4.1705503158		-1.0
	17235.00000000	2.57996		-1.083     0.2    0.2		4.1705503158		-1.0
	17280.00000000	3.36425		-0.91348     0.2    0.2		4.1705503158		-1.0
	17325.00000000	2.87181		-1.17745     0.2    0.2		4.1705503158		-1.0
	17370.00000000	3.30113		-0.70636     0.2    0.2		4.1705503158		-1.0
	17415.00000000	2.8717		-1.03773     0.2    0.2		4.1705503158		-1.0
	17460.00000000	2.70654		-0.46782     0.2    0.2		4.1705503158		-1.0
	17505.00000000	2.76803		0.09494     0.2    0.2		4.1705503158		-1.0
	17550.00000000	3.5051		0.44148     0.2    0.2		4.1705503158		-1.0
	17595.00000000	2.65111		0.32269     0.2    0.2		4.1705503158		-1.0
	17640.00000000	2.68153		0.60819     0.2    0.2		4.1705503158		-1.0
	17685.00000000	2.69838		0.60581     0.2    0.2		4.1705503158		-1.0
	17730.00000000	2.68916		0.82331     0.2    0.2		4.1705503158		-1.0
	17775.00000000	2.70503		1.06971     0.2    0.2		4.1705503158		-1.0
	17820.00000000	3.41041		1.22732     0.2    0.2		4.1705503158		-1.0
	17865.00000000	3.45298		1.15748     0.2    0.2		4.1705503158		-1.0
	17910.00000000	3.49481		1.5335     0.2    0.2		4.1705503158		-1.0
	17955.00000000	3.42741		1.39744     0.2    0.2		4.1705503158		-1.0
	18000.00000000	3.5264		1.73694     0.2    0.2		4.1705503158		-1.0
	18045.00000000	3.51825		1.63701     0.2    0.2		4.1705503158		-1.0
	18090.00000000	3.35027		2.2159     0.2    0.2		4.1705503158		-1.0
	18135.00000000	3.00427		2.22511     0.2    0.2		4.1705503158		-1.0
	18180.00000000	3.27532		2.4446     0.2    0.2		4.1705503158		-1.0
	18225.00000000	2.74145		2.75562     0.2    0.2		4.1705503158		-1.0
	18270.00000000	2.80289		-3.12438     0.2    0.2		4.1705503158		-1.0
	18315.00000000	2.69078		-2.94796     0.2    0.2		4.1705503158		-1.0
	18360.00000000	2.67882		-2.47841     0.2    0.2		4.1705503158		-1.0
	18405.00000000	2.80569		-2.33149     0.2    0.2		4.1705503158		-1.0
	18450.00000000	2.85808		-1.82831     0.2    0.2		4.1705503158		-1.0
	18495.00000000	2.63681		-1.90722     0.2    0.2		4.1705503158		-1.0
	18540.00000000	2.71485		-1.37184     0.2    0.2		4.1705503158		-1.0
	18585.00000000	2.77099		-1.31171     0.2    0.2		4.1705503158		-1.0
	18630.00000000	2.79571		-0.9536     0.2    0.2		4.1705503158		-1.0
	18675.00000000	2.71682		-0.41351     0.2    0.2		4.1705503158		-1.0
	18720.00000000	3.20228		0.12205     0.2    0.2		4.1705503158		-1.0
	18765.00000000	3.42884		0.56569     0.2    0.2		4.1705503158		-1.0
	18810.00000000	3.00192		1.05275     0.2    0.2		4.1705503158		-1.0
	18855.00000000	2.95797		1.25062     0.2    0.2		4.1705503158		-1.0
	18900.00000000	2.56201		1.48851     0.2    0.2		4.1705503158		-1.0
	18945.00000000	2.60857		1.61104     0.2    0.2		4.1705503158		-1.0
	18990.00000000	2.74639		2.01921     0.2    0.2		4.1705503158		-1.0
	19035.00000000	2.65742		2.00312     0.2    0.2		4.1705503158		-1.0
	19080.00000000	2.66913		2.33996     0.2    0.2		4.1705503158		-1.0
	19125.00000000	2.86917		2.46968     0.2    0.2		4.1705503158		-1.0
	19170.00000000	2.79775		2.57375     0.2    0.2		4.1705503158		-1.0
	19215.00000000	2.71397		2.98318     0.2    0.2		4.1705503158		-1.0
	19260.00000000	2.73356		-2.99752     0.2    0.2		4.1705503158		-1.0
	19305.00000000	2.72876		-2.88027     0.2    0.2		4.1705503158		-1.0
	19350.00000000	3.29268		-2.33998     0.2    0.2		4.1705503158		-1.0
	19395.00000000	3.20913		-2.48557     0.2    0.2		4.1705503158		-1.0
	19440.00000000	3.22351		-2.02116     0.2    0.2		4.1705503158		-1.0
	19485.00000000	3.06495		-2.1082     0.2    0.2		4.1705503158		-1.0
	19530.00000000	3.10613		-1.99743     0.2    0.2		4.1705503158		-1.0
	19575.00000000	3.15472		-1.78653     0.2    0.2		4.1705503158		-1.0
	19620.00000000	3.31179		-1.65919     0.2    0.2		4.1705503158		-1.0
	19665.00000000	3.38058		-1.24915     0.2    0.2		4.1705503158		-1.0
	19710.00000000	2.99406		-0.899     0.2    0.2		4.1705503158		-1.0
	19755.00000000	3.44493		-0.10985     0.2    0.2		4.1705503158		-1.0
	19800.00000000	2.71601		0.62715     0.2    0.2		4.1705503158		-1.0
	19845.00000000	3.22231		0.9374     0.2    0.2		4.1705503158		-1.0
	19890.00000000	2.64115		1.22923     0.2    0.2		4.1705503158		-1.0
	19935.00000000	3.5339		1.20458     0.2    0.2		4.1705503158		-1.0
	19980.00000000	2.81674		1.59505     0.2    0.2		4.1705503158		-1.0
	20025.00000000	2.58491		1.7021     0.2    0.2		4.1705503158		-1.0
	20070.00000000	2.738		1.91205     0.2    0.2		4.1705503158		-1.0
	20115.00000000	2.73456		2.11984     0.2    0.2		4.1705503158		-1.0
	20160.00000000	2.73941		2.27944     0.2    0.2		4.1705503158		-1.0
	20205.00000000	2.72873		2.71058     0.2    0.2		4.1705503158		-1.0
	20250.00000000	2.90886		2.27031     0.2    0.2		4.1705503158		-1.0
	20295.00000000	3.23889		2.42421     0.2    0.2		4.1705503158		-1.0
	20340.00000000	3.21542		2.32922     0.2    0.2		4.1705503158		-1.0
	20385.00000000	3.33609		2.46105     0.2    0.2		4.1705503158		-1.0
	20430.00000000	3.28708		2.4025     0.2    0.2		4.1705503158		-1.0
	20475.00000000	3.00873		2.36502     0.2    0.2		4.1705503158		-1.0
	20520.00000000	3.31262		2.20526     0.2    0.2		4.1705503158		-1.0
	20565.00000000	3.22517		1.9269     0.2    0.2		4.1705503158		-1.0
	20610.00000000	3.39279		1.90462     0.2    0.2		4.1705503158		-1.0
	20655.00000000	3.30238		1.48324     0.2    0.2		4.1705503158		-1.0
	20700.00000000	2.85671		1.74071     0.2    0.2		4.1705503158		-1.0
	20744.99999999	2.59503		1.51568     0.2    0.2		4.1705503158		-1.0
	20789.99999999	3.38367		0.97952     0.2    0.2		4.1705503158		-1.0
	20834.99999999	2.99341		0.95055     0.2    0.2		4.1705503158		-1.0
	20879.99999999	3.20068		0.14015     0.2    0.2		4.1705503158		-1.0
	20924.99999999	3.29146		-0.40949     0.2    0.2		4.1705503158		-1.0
	20969.99999999	3.1162		-0.13977     0.2    0.2		4.1705503158		-1.0
	21014.99999999	3.23884		-0.26327     0.2    0.2		4.1705503158		-1.0
	21059.99999999	3.18968		-0.00975     0.2    0.2		4.1705503158		-1.0
	21104.99999999	2.91985		0.49301     0.2    0.2		4.1705503158		-1.0
	21149.99999999	3.51895		0.21543     0.2    0.2		4.1705503158		-1.0
	21194.99999999	3.25987		0.42861     0.2    0.2		4.1705503158		-1.0
	21239.99999999	3.15083		0.892     0.2    0.2		4.1705503158		-1.0
	21284.99999999	2.6607		0.90609     0.2    0.2		4.1705503158		-1.0
	21329.99999999	3.18877		0.98975     0.2    0.2		4.1705503158		-1.0
	21374.99999999	2.60707		1.34633     0.2    0.2		4.1705503158		-1.0
	21419.99999999	3.5521		0.95654     0.2    0.2		4.1705503158		-1.0
	21464.99999999	2.85175		1.19465     0.2    0.2		4.1705503158		-1.0
	21509.99999999	3.57472		0.92818     0.2    0.2		4.1705503158		-1.0
	21554.99999999	3.2167		0.34741     0.2    0.2		4.1705503158		-1.0
	21599.99999999	3.27466		0.18296     0.2    0.2		4.1705503158		-1.0
	21644.99999999	3.15852		-0.58173     0.2    0.2		4.1705503158		-1.0
	21689.99999999	3.07588		-0.57075     0.2    0.2		4.1705503158		-1.0
	21734.99999999	2.85935		-0.6665     0.2    0.2		4.1705503158		-1.0
	21779.99999999	2.73658		-0.85216     0.2    0.2		4.1705503158		-1.0
	21824.99999999	2.73723		-1.06984     0.2    0.2		4.1705503158		-1.0
	21869.99999999	2.72348		-0.10677     0.2    0.2		4.1705503158		-1.0
	21914.99999999	2.67754		-0.10355     0.2    0.2		4.1705503158		-1.0
	21959.99999999	2.63101		-0.32868     0.2    0.2		4.1705503158		-1.0
	22004.99999999	2.69728		-0.14701     0.2    0.2		4.1705503158		-1.0
	22049.99999999	2.69104		0.24392     0.2    0.2		4.1705503158		-1.0
	22094.99999999	2.66042		0.33888     0.2    0.2		4.1705503158		-1.0
	22139.99999999	2.65769		-0.05711     0.2    0.2		4.1705503158		-1.0
	22184.99999999	2.67866		-0.60085     0.2    0.2		4.1705503158		-1.0
	22229.99999999	2.63115		-0.90131     0.2    0.2		4.1705503158		-1.0
	22274.99999999	2.69866		-0.76974     0.2    0.2		4.1705503158		-1.0
	22319.99999999	2.66732		-1.13088     0.2    0.2		4.1705503158		-1.0
	22364.99999999	2.65244		-1.17365     0.2    0.2		4.1705503158		-1.0
	22409.99999999	2.68195		-1.19218     0.2    0.2		4.1705503158		-1.0
	22454.99999999	2.72923		-1.56704     0.2    0.2		4.1705503158		-1.0
	22499.99999999	2.68767		-1.73216     0.2    0.2		4.1705503158		-1.0
	22544.99999999	2.77142		-2.13577     0.2    0.2		4.1705503158		-1.0
	22589.99999999	2.68672		-2.26918     0.2    0.2		4.1705503158		-1.0
	22634.99999999	2.71077		-2.72958     0.2    0.2		4.1705503158		-1.0
	22679.99999999	2.78441		-2.81839     0.2    0.2		4.1705503158		-1.0
	22724.99999999	3.11138		-3.01572     0.2    0.2		4.1705503158		-1.0
	22769.99999999	3.18117		3.0219     0.2    0.2		4.1705503158		-1.0
	22814.99999999	3.26731		3.10233     0.2    0.2		4.1705503158		-1.0
	22859.99999999	3.35187		-2.99013     0.2    0.2		4.1705503158		-1.0
	22904.99999999	3.37126		-2.86223     0.2    0.2		4.1705503158		-1.0
	22949.99999999	3.33135		-2.43366     0.2    0.2		4.1705503158		-1.0
	22994.99999999	3.31486		-2.38628     0.2    0.2		4.1705503158		-1.0
	23039.99999999	3.24255		-2.07251     0.2    0.2		4.1705503158		-1.0
	23084.99999999	3.47894		-2.16336     0.2    0.2		4.1705503158		-1.0
	23129.99999999	3.54076		-2.05083     0.2    0.2		4.1705503158		-1.0
	23174.99999999	3.56994		-2.09638     0.2    0.2		4.1705503158		-1.0
	23219.99999999	3.26395		-2.58898     0.2    0.2		4.1705503158		-1.0
	23264.99999999	3.39617		-2.59427     0.2    0.2		4.1705503158		-1.0
	23309.99999999	3.2781		-3.07585     0.2    0.2		4.1705503158		-1.0
	23354.99999999	3.45613		2.79651     0.2    0.2		4.1705503158		-1.0
	23399.99999999	3.49185		2.33992     0.2    0.2		4.1705503158		-1.0
	23444.99999999	3.4928		1.94565     0.2    0.2		4.1705503158		-1.0
	23489.99999999	3.42142		1.72233     0.2    0.2		4.1705503158		-1.0
	23534.99999999	3.5273		1.45607     0.2    0.2		4.1705503158		-1.0
	23579.99999999	2.68332		1.44664     0.2    0.2		4.1705503158		-1.0
	23624.99999999	3.47356		1.2321     0.2    0.2		4.1705503158		-1.0
	23669.99999999	2.85238		1.10766     0.2    0.2		4.1705503158		-1.0
	23714.99999999	3.27781		0.49274     0.2    0.2		4.1705503158		-1.0
	23759.99999999	2.76629		-0.28433     0.2    0.2		4.1705503158		-1.0
	23804.99999999	2.65797		-0.68972     0.2    0.2		4.1705503158		-1.0
	23849.99999999	2.78133		-1.29504     0.2    0.2		4.1705503158		-1.0
	23894.99999999	2.68573		-1.57832     0.2    0.2		4.1705503158		-1.0
	23939.99999999	2.68044		-2.04225     0.2    0.2		4.1705503158		-1.0
	23984.99999999	2.6567		-2.21085     0.2    0.2		4.1705503158		-1.0
	24029.99999999	2.68235		-2.98211     0.2    0.2		4.1705503158		-1.0
	24074.99999999	2.71652		3.07886     0.2    0.2		4.1705503158		-1.0
	24119.99999999	2.79488		2.78917     0.2    0.2		4.1705503158		-1.0
	24164.99999999	2.63471		2.65842     0.2    0.2		4.1705503158		-1.0
	24209.99999999	2.58913		2.46919     0.2    0.2		4.1705503158		-1.0
	24254.99999999	2.64361		2.23703     0.2    0.2		4.1705503158		-1.0
	24299.99999999	2.63103		1.91851     0.2    0.2		4.1705503158		-1.0
	24344.99999999	3.31606		1.52103     0.2    0.2		4.1705503158		-1.0
	24389.99999999	3.29236		1.23625     0.2    0.2		4.1705503158		-1.0
	24434.99999999	2.97436		0.74662     0.2    0.2		4.1705503158		-1.0
	24479.99999999	3.20123		0.07205     0.2    0.2		4.1705503158		-1.0
	24524.99999999	3.00219		-0.40929     0.2    0.2		4.1705503158		-1.0
	24569.99999999	3.20155		-0.61833     0.2    0.2		4.1705503158		-1.0
	24614.99999999	3.53141		-0.49276     0.2    0.2		4.1705503158		-1.0
	24659.99999999	3.50409		-0.21     0.2    0.2		4.1705503158		-1.0
	24704.99999999	2.96776		-0.25456     0.2    0.2		4.1705503158		-1.0
	24749.99999999	3.36971		-0.26499     0.2    0.2		4.1705503158		-1.0
	24794.99999999	3.24064		-0.28591     0.2    0.2		4.1705503158		-1.0
	24839.99999999	3.3216		-0.63924     0.2    0.2		4.1705503158		-1.0
	24884.99999999	3.26936		-1.119     0.2    0.2		4.1705503158		-1.0
	24929.99999999	3.45093		-1.44031     0.2    0.2		4.1705503158		-1.0
	24974.99999999	3.44543		-1.66097     0.2    0.2		4.1705503158		-1.0
	25019.99999999	3.46068		-2.03382     0.2    0.2		4.1705503158		-1.0
	25064.99999999	3.33529		-2.63885     0.2    0.2		4.1705503158		-1.0
	25109.99999999	3.42195		-2.56655     0.2    0.2		4.1705503158		-1.0
	25154.99999999	3.23393		-2.93393     0.2    0.2		4.1705503158		-1.0
	25199.99999999	3.27867		-3.10357     0.2    0.2		4.1705503158		-1.0
	25244.99999999	3.36361		2.71484     0.2    0.2		4.1705503158		-1.0
	25289.99999999	3.44013		2.68272     0.2    0.2		4.1705503158		-1.0
	25334.99999999	3.49666		2.42774     0.2    0.2		4.1705503158		-1.0
	25379.99999999	3.50145		2.21519     0.2    0.2		4.1705503158		-1.0
	25424.99999999	3.59743		1.9764     0.2    0.2		4.1705503158		-1.0
	25469.99999999	3.38547		1.76418     0.2    0.2		4.1705503158		-1.0
	25514.99999999	3.10366		1.50993     0.2    0.2		4.1705503158		-1.0
	25559.99999999	3.27925		1.36052     0.2    0.2		4.1705503158		-1.0
	25604.99999999	3.05044		0.84208     0.2    0.2		4.1705503158		-1.0
	25649.99999999	3.22672		0.52914     0.2    0.2		4.1705503158		-1.0
	25694.99999999	3.03793		-0.04901     0.2    0.2		4.1705503158		-1.0
	25739.99999999	2.76262		-0.54511     0.2    0.2		4.1705503158		-1.0
	25784.99999999	3.67434		-0.89812     0.2    0.2		4.1705503158		-1.0
	25829.99999999	3.46494		-0.99164     0.2    0.2		4.1705503158		-1.0
	25874.99999999	3.16413		-1.42547     0.2    0.2		4.1705503158		-1.0
	25919.99999999	3.1039		-1.5044     0.2    0.2		4.1705503158		-1.0
	25964.99999999	3.61922		-1.76202     0.2    0.2		4.1705503158		-1.0
	26009.99999999	3.37913		-1.94504     0.2    0.2		4.1705503158		-1.0
	26054.99999999	3.05036		-2.49782     0.2    0.2		4.1705503158		-1.0
	26099.99999999	3.29547		-2.58979     0.2    0.2		4.1705503158		-1.0
	26144.99999999	3.04071		-2.92436     0.2    0.2		4.1705503158		-1.0
	26189.99999999	3.11348		3.12559     0.2    0.2		4.1705503158		-1.0
	26234.99999999	3.34762		2.72291     0.2    0.2		4.1705503158		-1.0
	26279.99999999	3.26356		2.64677     0.2    0.2		4.1705503158		-1.0
	26324.99999999	3.26956		2.12741     0.2    0.2		4.1705503158		-1.0
	26369.99999999	3.33894		1.90775     0.2    0.2		4.1705503158		-1.0
	26414.99999999	3.61128		1.32984     0.2    0.2		4.1705503158		-1.0
	26459.99999999	2.58503		1.1923     0.2    0.2		4.1705503158		-1.0
	26504.99999999	2.54827		0.80291     0.2    0.2		4.1705503158		-1.0
	26549.99999999	3.71818		0.08466     0.2    0.2		4.1705503158		-1.0
	26594.99999999	2.78448		-0.35418     0.2    0.2		4.1705503158		-1.0
	26639.99999999	2.93986		-0.4583     0.2    0.2		4.1705503158		-1.0
	26684.99999999	3.63862		-0.35104     0.2    0.2		4.1705503158		-1.0
	26729.99999999	3.33197		0.10745     0.2    0.2		4.1705503158		-1.0
	26774.99999999	3.42927		0.54097     0.2    0.2		4.1705503158		-1.0
	26819.99999999	3.18307		0.90686     0.2    0.2		4.1705503158		-1.0
	26864.99999999	2.97328		0.66275     0.2    0.2		4.1705503158		-1.0
	26909.99999999	2.69817		0.63793     0.2    0.2		4.1705503158		-1.0
	26954.99999999	2.68159		0.21535     0.2    0.2		4.1705503158		-1.0
	26999.99999999	2.60846		-0.66417     0.2    0.2		4.1705503158		-1.0
	27044.99999999	2.69721		-1.28326     0.2    0.2		4.1705503158		-1.0
	27089.99999999	2.81588		-1.65492     0.2    0.2		4.1705503158		-1.0
	27134.99999999	2.65403		-2.17267     0.2    0.2		4.1705503158		-1.0
	27179.99999999	2.76649		-2.63707     0.2    0.2		4.1705503158		-1.0
	27224.99999998	2.62859		-2.73708     0.2    0.2		4.1705503158		-1.0
	27269.99999998	2.67654		2.86191     0.2    0.2		4.1705503158		-1.0
	27314.99999998	2.82767		2.80811     0.2    0.2		4.1705503158		-1.0
	27359.99999998	3.68171		2.27971     0.2    0.2		4.1705503158		-1.0
	27404.99999998	3.3714		2.30906     0.2    0.2		4.1705503158		-1.0
	27449.99999998	3.51224		1.81526     0.2    0.2		4.1705503158		-1.0
	27494.99999998	3.58208		1.93208     0.2    0.2		4.1705503158		-1.0
	27539.99999998	2.76988		1.7808     0.2    0.2		4.1705503158		-1.0
	27584.99999998	2.711		1.6998     0.2    0.2		4.1705503158		-1.0
	27629.99999998	2.59585		1.85122     0.2    0.2		4.1705503158		-1.0
	27674.99999998	2.78232		1.92119     0.2    0.2		4.1705503158		-1.0
	27719.99999998	3.31118		1.97984     0.2    0.2		4.1705503158		-1.0
	27764.99999998	2.57006		2.57056     0.2    0.2		4.1705503158		-1.0
	27809.99999998	2.7323		2.47974     0.2    0.2		4.1705503158		-1.0
	27854.99999998	2.67803		3.11655     0.2    0.2		4.1705503158		-1.0
	27899.99999998	3.54384		-3.07879     0.2    0.2		4.1705503158		-1.0
	27944.99999998	2.88797		-2.58558     0.2    0.2		4.1705503158		-1.0
	27989.99999998	3.14483		-2.38616     0.2    0.2		4.1705503158		-1.0
	28034.99999998	3.36095		-2.26316     0.2    0.2		4.1705503158		-1.0
	28079.99999998	3.1157		-1.80851     0.2    0.2		4.1705503158		-1.0
	28124.99999998	3.20825		-1.68092     0.2    0.2		4.1705503158		-1.0
	28169.99999998	3.24209		-1.4989     0.2    0.2		4.1705503158		-1.0
	28214.99999998	3.26873		-0.86519     0.2    0.2		4.1705503158		-1.0
	28259.99999998	3.38084		-1.12624     0.2    0.2		4.1705503158		-1.0
	28304.99999998	3.20152		-0.14567     0.2    0.2		4.1705503158		-1.0
	28349.99999998	3.54012		-0.07437     0.2    0.2		4.1705503158		-1.0
	28394.99999998	3.46577		0.66858     0.2    0.2		4.1705503158		-1.0
	28439.99999998	3.57808		0.45318     0.2    0.2		4.1705503158		-1.0
	28484.99999998	3.65578		0.94574     0.2    0.2		4.1705503158		-1.0
	28529.99999998	3.619		0.65727     0.2    0.2		4.1705503158		-1.0
	28574.99999998	2.58858		1.0467     0.2    0.2		4.1705503158		-1.0
	28619.99999998	3.55091		1.11857     0.2    0.2		4.1705503158		-1.0
	28664.99999998	2.57875		0.84284     0.2    0.2		4.1705503158		-1.0
	28709.99999998	3.05443		1.38642     0.2    0.2		4.1705503158		-1.0
	28754.99999998	2.71014		1.15681     0.2    0.2		4.1705503158		-1.0
	28799.99999998	2.78609		0.89161     0.2    0.2		4.1705503158		-1.0
	28844.99999998	2.63422		0.75741     0.2    0.2		4.1705503158		-1.0
	28889.99999998	2.78677		0.08271     0.2    0.2		4.1705503158		-1.0
	28934.99999998	2.59476		-0.07218     0.2    0.2		4.1705503158		-1.0
	28979.99999998	3.70137		0.26888     0.2    0.2		4.1705503158		-1.0
	29024.99999998	3.01234		0.33534     0.2    0.2		4.1705503158		-1.0
	29069.99999998	3.35445		0.63258     0.2    0.2		4.1705503158		-1.0
	29114.99999998	3.58242		0.65857     0.2    0.2		4.1705503158		-1.0
	29159.99999998	2.76307		1.1163     0.2    0.2		4.1705503158		-1.0
	29204.99999998	2.88515		1.31532     0.2    0.2		4.1705503158		-1.0
	29249.99999998	3.69224		1.04719     0.2    0.2		4.1705503158		-1.0
	29294.99999998	3.98467		1.5875     0.2    0.2		4.1705503158		-1.0
	29339.99999998	5.48266		1.49298     0.2    0.2		4.1705503158		-1.0
	29384.99999998	7.63176		1.82745     0.2    0.2		4.1705503158		-1.0
	29429.99999998	8.94753		2.46897     0.2    0.2		4.1705503158		-1.0
	29474.99999998	9.72389		-3.09925     0.2    0.2		4.1705503158		-1.0
	29519.99999998	10.37575		-2.76212     0.2    0.2		4.1705503158		-1.0
	29564.99999998	11.10684		-2.5246     0.2    0.2		4.1705503158		-1.0
	29609.99999998	12.21749		-2.45914     0.2    0.2		4.1705503158		-1.0
	29654.99999998	13.07704		-2.67701     0.2    0.2		4.1705503158		-1.0
	29699.99999998	14.13671		-2.82124     0.2    0.2		4.1705503158		-1.0
	29744.99999998	15.21695		-3.00274     0.2    0.2		4.1705503158		-1.0
	29789.99999998	16.36791		-2.65459     0.2    0.2		4.1705503158		-1.0
	29834.99999998	17.42707		-2.50121     0.2    0.2		4.1705503158		-1.0
	29879.99999998	18.4437		-2.0744     0.2    0.2		4.1705503158		-1.0
	29924.99999998	19.4356		-1.62697     0.2    0.2		4.1705503158		-1.0
	29969.99999998	20.32026		-1.15332     0.2    0.2		4.1705503158		-1.0
	30014.99999998	21.13681		-0.62653     0.2    0.2		4.1705503158		-1.0
	30059.99999998	21.94921		0.01177     0.2    0.2		4.1705503158		-1.0
	30104.99999998	22.76417		0.54861     0.2    0.2		4.1705503158		-1.0
	30149.99999998	23.63588		1.16001     0.2    0.2		4.1705503158		-1.0
	30194.99999998	23.41615		-1.71135     0.2    0.2		4.1705503158		-1.0
	30239.99999998	23.25557		-2.08412     0.2    0.2		4.1705503158		-1.0
	30284.99999998	22.84655		-2.41059     0.2    0.2		4.1705503158		-1.0
	30329.99999998	22.24553		-2.66963     0.2    0.2		4.1705503158		-1.0
	30374.99999998	21.45744		-3.00692     0.2    0.2		4.1705503158		-1.0
	30419.99999998	20.35959		2.97562     0.2    0.2		4.1705503158		-1.0
	30464.99999998	19.3105		2.52301     0.2    0.2		4.1705503158		-1.0
	30509.99999998	18.13577		2.09237     0.2    0.2		4.1705503158		-1.0
	30554.99999998	16.96613		1.48659     0.2    0.2		4.1705503158		-1.0
	30599.99999998	15.72475		1.0545     0.2    0.2		4.1705503158		-1.0
	30644.99999998	14.54706		0.73097     0.2    0.2		4.1705503158		-1.0
	30689.99999998	13.30849		0.48616     0.2    0.2		4.1705503158		-1.0
	30734.99999998	11.91213		0.304     0.2    0.2		4.1705503158		-1.0
	30779.99999998	10.68792		0.14465     0.2    0.2		4.1705503158		-1.0
	30824.99999998	9.37238		0.04083     0.2    0.2		4.1705503158		-1.0
	30869.99999998	8.24072		-0.15235     0.2    0.2		4.1705503158		-1.0
	30914.99999998	7.35011		-0.31729     0.2    0.2		4.1705503158		-1.0
	30959.99999998	6.64732		-0.58949     0.2    0.2		4.1705503158		-1.0
	31004.99999998	6.59577		-0.97293     0.2    0.2		4.1705503158		-1.0
	31049.99999998	6.86255		-1.48586     0.2    0.2		4.1705503158		-1.0
	31094.99999998	7.30864		-1.96288     0.2    0.2		4.1705503158		-1.0
	31139.99999998	7.98782		-2.24339     0.2    0.2		4.1705503158		-1.0
	31184.99999998	8.92823		-2.34597     0.2    0.2		4.1705503158		-1.0
	31229.99999998	9.78108		-2.21517     0.2    0.2		4.1705503158		-1.0
	31274.99999998	10.7547		-1.83516     0.2    0.2		4.1705503158		-1.0
	31319.99999998	11.5312		-1.11572     0.2    0.2		4.1705503158		-1.0
	31364.99999998	12.35284		-0.7562     0.2    0.2		4.1705503158		-1.0
	31409.99999998	13.26517		-0.6607     0.2    0.2		4.1705503158		-1.0
	31454.99999998	14.23713		-0.59323     0.2    0.2		4.1705503158		-1.0
	31499.99999998	15.27099		-0.58223     0.2    0.2		4.1705503158		-1.0
	31544.99999998	15.96844		-0.59035     0.2    0.2		4.1705503158		-1.0
	31589.99999998	16.67835		-0.57095     0.2    0.2		4.1705503158		-1.0
	31634.99999998	17.51189		-0.5997     0.2    0.2		4.1705503158		-1.0
	31679.99999998	18.45479		-0.65818     0.2    0.2		4.1705503158		-1.0
	31724.99999998	19.49067		-0.82031     0.2    0.2		4.1705503158		-1.0
	31769.99999998	20.688		-1.18755     0.2    0.2		4.1705503158		-1.0
	31814.99999998	21.92968		-2.13506     0.2    0.2		4.1705503158		-1.0
	31859.99999998	22.95252		-2.98366     0.2    0.2		4.1705503158		-1.0
	31904.99999998	24.01942		2.8419     0.2    0.2		4.1705503158		-1.0
	31949.99999998	25.06975		2.27385     0.2    0.2		4.1705503158		-1.0
	31994.99999998	26.06892		1.68988     0.2    0.2		4.1705503158		-1.0
	32039.99999998	25.94545		1.20521     0.2    0.2		4.1705503158		-1.0
	32084.99999998	24.88132		0.77539     0.2    0.2		4.1705503158		-1.0
	32129.99999998	23.995		2.02144     0.2    0.2		4.1705503158		-1.0
	32174.99999998	23.36442		-2.65997     0.2    0.2		4.1705503158		-1.0
	32219.99999998	22.82033		-1.93876     0.2    0.2		4.1705503158		-1.0
	32264.99999998	22.43757		-1.34492     0.2    0.2		4.1705503158		-1.0
	32309.99999998	22.21456		-0.91173     0.2    0.2		4.1705503158		-1.0
	32354.99999998	22.09053		-0.48485     0.2    0.2		4.1705503158		-1.0
	32399.99999998	22.10922		-0.20394     0.2    0.2		4.1705503158		-1.0
	32444.99999998	22.63578		0.04954     0.2    0.2		4.1705503158		-1.0
	32489.99999998	23.48155		0.16102     0.2    0.2		4.1705503158		-1.0
	32534.99999998	24.52454		0.14893     0.2    0.2		4.1705503158		-1.0
	32579.99999998	25.58076		0.00107     0.2    0.2		4.1705503158		-1.0
	32624.99999998	26.69385		-0.24653     0.2    0.2		4.1705503158		-1.0
	32669.99999998	27.56874		-0.37995     0.2    0.2		4.1705503158		-1.0
	32714.99999998	27.12742		-0.58322     0.2    0.2		4.1705503158		-1.0
	32759.99999998	26.27705		1.39998     0.2    0.2		4.1705503158		-1.0
	32804.99999998	25.37561		1.85144     0.2    0.2		4.1705503158		-1.0
	32849.99999998	24.43756		2.09777     0.2    0.2		4.1705503158		-1.0
	32894.99999998	23.32258		2.49388     0.2    0.2		4.1705503158		-1.0
	32939.99999998	22.37233		2.7217     0.2    0.2		4.1705503158		-1.0
	32984.99999998	21.21931		3.12294     0.2    0.2		4.1705503158		-1.0
	33029.99999998	20.17952		-2.82397     0.2    0.2		4.1705503158		-1.0
	33074.99999998	19.31921		-2.37629     0.2    0.2		4.1705503158		-1.0
	33119.99999998	18.60206		-1.85751     0.2    0.2		4.1705503158		-1.0
	33164.99999998	18.18756		-1.10337     0.2    0.2		4.1705503158		-1.0
	33209.99999998	17.99589		-0.58304     0.2    0.2		4.1705503158		-1.0
	33254.99999998	17.73105		-0.11829     0.2    0.2		4.1705503158		-1.0
	33299.99999998	17.57007		0.28618     0.2    0.2		4.1705503158		-1.0
	33344.99999998	17.4033		0.66979     0.2    0.2		4.1705503158		-1.0
	33389.99999998	17.51924		1.12829     0.2    0.2		4.1705503158		-1.0
	33434.99999998	17.83277		1.64708     0.2    0.2		4.1705503158		-1.0
	33479.99999998	18.57248		2.07479     0.2    0.2		4.1705503158		-1.0
	33524.99999998	19.30022		2.39992     0.2    0.2		4.1705503158		-1.0
	33569.99999998	20.22837		2.45771     0.2    0.2		4.1705503158		-1.0
	33614.99999998	20.89023		2.30228     0.2    0.2		4.1705503158		-1.0
	33659.99999998	21.13106		2.5081     0.2    0.2		4.1705503158		-1.0
	33704.99999998	20.96747		3.0994     0.2    0.2		4.1705503158		-1.0
	33749.99999997	20.46281		-2.2269     0.2    0.2		4.1705503158		-1.0
	33794.99999997	19.28098		-2.19042     0.2    0.2		4.1705503158		-1.0
	33839.99999997	17.92284		-1.79544     0.2    0.2		4.1705503158		-1.0
	33884.99999997	16.5735		-1.64526     0.2    0.2		4.1705503158		-1.0
	33929.99999997	15.30249		-1.10911     0.2    0.2		4.1705503158		-1.0
	33974.99999997	14.18973		-0.31274     0.2    0.2		4.1705503158		-1.0
	34019.99999997	14.03802		0.42725     0.2    0.2		4.1705503158		-1.0
	34064.99999997	14.14484		1.00846     0.2    0.2		4.1705503158		-1.0
	34109.99999997	14.87723		1.81156     0.2    0.2		4.1705503158		-1.0
	34154.99999997	15.88665		2.4094     0.2    0.2		4.1705503158		-1.0
	34199.99999997	17.16032		2.3234     0.2    0.2		4.1705503158		-1.0
	34244.99999997	18.2224		2.41124     0.2    0.2		4.1705503158		-1.0
	34289.99999997	19.0468		2.46659     0.2    0.2		4.1705503158		-1.0
	34334.99999997	18.80227		-2.89216     0.2    0.2		4.1705503158		-1.0
	34379.99999997	17.94851		-1.56189     0.2    0.2		4.1705503158		-1.0
	34424.99999997	17.5909		-0.90924     0.2    0.2		4.1705503158		-1.0
	34469.99999997	17.28449		-0.36432     0.2    0.2		4.1705503158		-1.0
	34514.99999997	17.13422		-0.13399     0.2    0.2		4.1705503158		-1.0
	34559.99999997	16.5222		0.29963     0.2    0.2		4.1705503158		-1.0
	34604.99999997	15.60772		0.75979     0.2    0.2		4.1705503158		-1.0
	34649.99999997	14.22223		1.41117     0.2    0.2		4.1705503158		-1.0
	34694.99999997	12.94636		1.83672     0.2    0.2		4.1705503158		-1.0
	34739.99999997	11.84279		2.25613     0.2    0.2		4.1705503158		-1.0
	34784.99999997	10.64119		2.44132     0.2    0.2		4.1705503158		-1.0
	34829.99999997	9.38997		2.857     0.2    0.2		4.1705503158		-1.0
	34874.99999997	7.90391		3.11403     0.2    0.2		4.1705503158		-1.0
	34919.99999997	6.76734		-2.65924     0.2    0.2		4.1705503158		-1.0
	34964.99999997	5.98337		-2.74807     0.2    0.2		4.1705503158		-1.0
	35009.99999997	5.81964		-2.36787     0.2    0.2		4.1705503158		-1.0
	35054.99999997	6.95121		-1.99948     0.2    0.2		4.1705503158		-1.0
	35099.99999997	8.12264		-1.32234     0.2    0.2		4.1705503158		-1.0
	35144.99999997	9.21008		-0.19452     0.2    0.2		4.1705503158		-1.0
	35189.99999997	10.06444		0.8962     0.2    0.2		4.1705503158		-1.0
	35234.99999997	11.11809		1.30293     0.2    0.2		4.1705503158		-1.0
	35279.99999997	12.12807		1.58504     0.2    0.2		4.1705503158		-1.0
	35324.99999997	13.53101		1.48899     0.2    0.2		4.1705503158		-1.0
	35369.99999997	14.87832		1.49492     0.2    0.2		4.1705503158		-1.0
	35414.99999997	16.25073		1.4325     0.2    0.2		4.1705503158		-1.0
	35459.99999997	17.4438		1.40452     0.2    0.2		4.1705503158		-1.0
	35504.99999997	18.53874		1.45993     0.2    0.2		4.1705503158		-1.0
	35549.99999997	19.39209		-1.87815     0.2    0.2		4.1705503158		-1.0
	35594.99999997	20.14171		-2.1125     0.2    0.2		4.1705503158		-1.0
	35639.99999997	20.87406		-1.72769     0.2    0.2		4.1705503158		-1.0
	35684.99999997	21.37848		-1.687     0.2    0.2		4.1705503158		-1.0
	35729.99999997	22.09971		-1.65916     0.2    0.2		4.1705503158		-1.0
	35774.99999997	21.41257		-1.21572     0.2    0.2		4.1705503158		-1.0
	35819.99999997	20.15273		0.96738     0.2    0.2		4.1705503158		-1.0
	35864.99999997	19.37336		0.30249     0.2    0.2		4.1705503158		-1.0
	35909.99999997	18.33843		-0.08528     0.2    0.2		4.1705503158		-1.0
	35954.99999997	17.4783		-0.97907     0.2    0.2		4.1705503158		-1.0
	35999.99999997	16.44352		-1.36406     0.2    0.2		4.1705503158		-1.0
	36044.99999997	15.3651		-1.83574     0.2    0.2		4.1705503158		-1.0
	36089.99999997	14.15721		-2.14461     0.2    0.2		4.1705503158		-1.0
	36134.99999997	13.21001		-2.40181     0.2    0.2		4.1705503158		-1.0
	36179.99999997	12.10072		-2.68129     0.2    0.2		4.1705503158		-1.0
	36224.99999997	10.99907		-2.94412     0.2    0.2		4.1705503158		-1.0
	36269.99999997	9.87745		3.05238     0.2    0.2		4.1705503158		-1.0
	36314.99999997	9.16423		2.67747     0.2    0.2		4.1705503158		-1.0
	36359.99999997	8.25195		2.46826     0.2    0.2		4.1705503158		-1.0
	36404.99999997	7.20366		2.16485     0.2    0.2		4.1705503158		-1.0
	36449.99999997	6.13224		1.93765     0.2    0.2		4.1705503158		-1.0
	36494.99999997	5.83172		1.89049     0.2    0.2		4.1705503158		-1.0
	36539.99999997	6.3534		1.9492     0.2    0.2		4.1705503158		-1.0
	36584.99999997	7.26473		1.99436     0.2    0.2		4.1705503158		-1.0
	36629.99999997	8.78155		1.61674     0.2    0.2		4.1705503158		-1.0
	36674.99999997	9.91728		1.32418     0.2    0.2		4.1705503158		-1.0
	36719.99999997	11.18744		0.44049     0.2    0.2		4.1705503158		-1.0
	36764.99999997	12.06332		-0.90766     0.2    0.2		4.1705503158		-1.0
	36809.99999997	12.8179		-1.61292     0.2    0.2		4.1705503158		-1.0
	36854.99999997	13.42357		-2.15539     0.2    0.2		4.1705503158		-1.0
	36899.99999997	14.01823		-2.49323     0.2    0.2		4.1705503158		-1.0
	36944.99999997	14.56937		-2.37992     0.2    0.2		4.1705503158		-1.0
	36989.99999997	15.12797		-2.5311     0.2    0.2		4.1705503158		-1.0
	37034.99999997	15.93372		-1.94418     0.2    0.2		4.1705503158		-1.0
	37079.99999997	16.76651		-1.81763     0.2    0.2		4.1705503158		-1.0
	37124.99999997	17.85282		-2.02324     0.2    0.2		4.1705503158		-1.0
	37169.99999997	18.79888		-2.27687     0.2    0.2		4.1705503158		-1.0
	37214.99999997	19.91311		-2.49378     0.2    0.2		4.1705503158		-1.0
	37259.99999997	21.16675		-2.76335     0.2    0.2		4.1705503158		-1.0
	37304.99999997	22.47247		-2.6728     0.2    0.2		4.1705503158		-1.0
	37349.99999997	23.65585		-2.54091     0.2    0.2		4.1705503158		-1.0
	37394.99999997	24.87642		-2.26108     0.2    0.2		4.1705503158		-1.0
	37439.99999997	25.95054		-2.37544     0.2    0.2		4.1705503158		-1.0
	37484.99999997	27.11775		-2.44797     0.2    0.2		4.1705503158		-1.0
	37529.99999997	28.47043		-2.73155     0.2    0.2		4.1705503158		-1.0
	37574.99999997	29.61178		-2.87023     0.2    0.2		4.1705503158		-1.0
	37619.99999997	31.10415		3.08882     0.2    0.2		4.1705503158		-1.0
	37664.99999997	32.80898		2.58307     0.2    0.2		4.1705503158		-1.0
	37709.99999997	33.79431		1.74399     0.2    0.2		4.1705503158		-1.0
	37754.99999997	33.03865		1.03915     0.2    0.2		4.1705503158		-1.0
	37799.99999997	32.53098		0.4754     0.2    0.2		4.1705503158		-1.0
	37844.99999997	31.93067		0.30874     0.2    0.2		4.1705503158		-1.0
	37889.99999997	31.36436		0.08396     0.2    0.2		4.1705503158		-1.0
	37934.99999997	30.46759		-0.08192     0.2    0.2		4.1705503158		-1.0
	37979.99999997	29.33158		-0.30905     0.2    0.2		4.1705503158		-1.0
	38024.99999997	27.86115		-0.32961     0.2    0.2		4.1705503158		-1.0
	38069.99999997	26.77216		-0.19773     0.2    0.2		4.1705503158		-1.0
	38114.99999997	25.80857		0.10635     0.2    0.2		4.1705503158		-1.0
	38159.99999997	25.18275		0.57951     0.2    0.2		4.1705503158		-1.0
	38204.99999997	24.68748		0.90734     0.2    0.2		4.1705503158		-1.0
	38249.99999997	23.97852		1.17461     0.2    0.2		4.1705503158		-1.0
	38294.99999997	23.2851		1.53507     0.2    0.2		4.1705503158		-1.0
	38339.99999997	22.32884		2.3739     0.2    0.2		4.1705503158		-1.0
	38384.99999997	21.39282		-3.09571     0.2    0.2		4.1705503158		-1.0
	38429.99999997	20.36993		-2.73035     0.2    0.2		4.1705503158		-1.0
	38474.99999997	19.56136		-2.34962     0.2    0.2		4.1705503158		-1.0
	38519.99999997	18.54907		-2.21745     0.2    0.2		4.1705503158		-1.0
	38564.99999997	17.43363		-1.95738     0.2    0.2		4.1705503158		-1.0
	38609.99999997	16.02329		-1.9295     0.2    0.2		4.1705503158		-1.0
	38654.99999997	14.59376		-1.92409     0.2    0.2		4.1705503158		-1.0
	38699.99999997	13.07559		-1.96135     0.2    0.2		4.1705503158		-1.0
	38744.99999997	11.32595		-1.93222     0.2    0.2		4.1705503158		-1.0
	38789.99999997	9.75325		-1.90875     0.2    0.2		4.1705503158		-1.0
	38834.99999997	8.36489		-1.97607     0.2    0.2		4.1705503158		-1.0
	38879.99999997	7.37435		-1.88205     0.2    0.2		4.1705503158		-1.0
	38924.99999997	6.28881		-1.56331     0.2    0.2		4.1705503158		-1.0
	38969.99999997	6.06947		-1.31963     0.2    0.2		4.1705503158		-1.0
	39014.99999997	6.82443		-1.09616     0.2    0.2		4.1705503158		-1.0
	39059.99999997	8.46291		-0.9042     0.2    0.2		4.1705503158		-1.0
	39104.99999997	10.37214		-0.61624     0.2    0.2		4.1705503158		-1.0
	39149.99999997	12.17633		-0.22665     0.2    0.2		4.1705503158		-1.0
	39194.99999997	13.86427		0.10847     0.2    0.2		4.1705503158		-1.0
	39239.99999997	15.73481		0.58567     0.2    0.2		4.1705503158		-1.0
	39284.99999997	17.41958		1.13433     0.2    0.2		4.1705503158		-1.0
	39329.99999997	18.80672		1.72809     0.2    0.2		4.1705503158		-1.0
	39374.99999997	19.85473		2.36493     0.2    0.2		4.1705503158		-1.0
	39419.99999997	20.88179		3.0157     0.2    0.2		4.1705503158		-1.0
	39464.99999997	21.26162		-2.5471     0.2    0.2		4.1705503158		-1.0
	39509.99999997	21.71721		-1.6042     0.2    0.2		4.1705503158		-1.0
	39554.99999997	21.76641		-0.78076     0.2    0.2		4.1705503158		-1.0
	39599.99999997	21.889		0.0561     0.2    0.2		4.1705503158		-1.0
	39644.99999997	21.19412		0.88089     0.2    0.2		4.1705503158		-1.0
	39689.99999997	20.33667		1.47719     0.2    0.2		4.1705503158		-1.0
	39734.99999997	19.2895		2.04988     0.2    0.2		4.1705503158		-1.0
	39779.99999997	18.31931		3.13472     0.2    0.2		4.1705503158		-1.0
	39824.99999997	17.86922		-0.5744     0.2    0.2		4.1705503158		-1.0
	39869.99999997	18.14883		0.32402     0.2    0.2		4.1705503158		-1.0
	39914.99999997	18.62277		0.98365     0.2    0.2		4.1705503158		-1.0
	39959.99999997	19.69904		1.74756     0.2    0.2		4.1705503158		-1.0
	40004.99999997	20.72677		2.3706     0.2    0.2		4.1705503158		-1.0
	40049.99999997	21.98073		3.09362     0.2    0.2		4.1705503158		-1.0
	40094.99999997	22.35428		-2.5119     0.2    0.2		4.1705503158		-1.0
	40139.99999997	21.49238		-1.74807     0.2    0.2		4.1705503158		-1.0
	40184.99999997	20.69449		1.68869     0.2    0.2		4.1705503158		-1.0
	40229.99999996	19.91864		1.00948     0.2    0.2		4.1705503158		-1.0
	40274.99999996	18.84158		0.24018     0.2    0.2		4.1705503158		-1.0
	40319.99999996	18.32552		-0.46988     0.2    0.2		4.1705503158		-1.0
	40364.99999996	18.01927		-0.30371     0.2    0.2		4.1705503158		-1.0
	40409.99999996	17.93426		0.23651     0.2    0.2		4.1705503158		-1.0
	40454.99999996	17.19022		0.55135     0.2    0.2		4.1705503158		-1.0
	40499.99999996	15.97616		0.63316     0.2    0.2		4.1705503158		-1.0
	40544.99999996	15.33664		0.21342     0.2    0.2		4.1705503158		-1.0
	40589.99999996	14.85285		-0.34     0.2    0.2		4.1705503158		-1.0
	40634.99999996	14.7804		-0.93189     0.2    0.2		4.1705503158		-1.0
	40679.99999996	15.03474		-1.70335     0.2    0.2		4.1705503158		-1.0
	40724.99999996	15.39718		-1.85093     0.2    0.2		4.1705503158		-1.0
	40769.99999996	15.77985		-1.33592     0.2    0.2		4.1705503158		-1.0
	40814.99999996	15.72558		-0.87318     0.2    0.2		4.1705503158		-1.0
	40859.99999996	15.00799		-0.04963     0.2    0.2		4.1705503158		-1.0
	40904.99999996	13.73717		0.69397     0.2    0.2		4.1705503158		-1.0
	40949.99999996	12.71363		0.20289     0.2    0.2		4.1705503158		-1.0
	40994.99999996	12.3177		-0.50778     0.2    0.2		4.1705503158		-1.0
	41039.99999996	13.07779		-0.99362     0.2    0.2		4.1705503158		-1.0
	41084.99999996	14.31493		-1.02086     0.2    0.2		4.1705503158		-1.0
	41129.99999996	14.59363		-0.60117     0.2    0.2		4.1705503158		-1.0
	41174.99999996	14.31339		0.10581     0.2    0.2		4.1705503158		-1.0
	41219.99999996	13.43024		2.59491     0.2    0.2		4.1705503158		-1.0
	41264.99999996	12.43009		2.11213     0.2    0.2		4.1705503158		-1.0
	41309.99999996	12.10711		1.38282     0.2    0.2		4.1705503158		-1.0
	41354.99999996	12.46181		0.71233     0.2    0.2		4.1705503158		-1.0
	41399.99999996	12.94222		0.49154     0.2    0.2		4.1705503158		-1.0
	41444.99999996	14.02374		0.55771     0.2    0.2		4.1705503158		-1.0
	41489.99999996	14.15667		0.9504     0.2    0.2		4.1705503158		-1.0
	41534.99999996	13.65905		1.67378     0.2    0.2		4.1705503158		-1.0
	41579.99999996	12.81082		2.37781     0.2    0.2		4.1705503158		-1.0
	41624.99999996	12.49871		2.69263     0.2    0.2		4.1705503158		-1.0
	41669.99999996	12.11359		2.0422     0.2    0.2		4.1705503158		-1.0
	41714.99999996	11.44785		1.68481     0.2    0.2		4.1705503158		-1.0
	41759.99999996	10.9133		1.42282     0.2    0.2		4.1705503158		-1.0
	41804.99999996	10.05641		1.15809     0.2    0.2		4.1705503158		-1.0
	41849.99999996	9.02386		1.35348     0.2    0.2		4.1705503158		-1.0
	41894.99999996	8.30655		1.43006     0.2    0.2		4.1705503158		-1.0
	41939.99999996	7.44832		1.5739     0.2    0.2		4.1705503158		-1.0
	41984.99999996	6.85356		1.46357     0.2    0.2		4.1705503158		-1.0
	42029.99999996	6.35705		1.38942     0.2    0.2		4.1705503158		-1.0
	42074.99999996	6.53772		-0.41961     0.2    0.2		4.1705503158		-1.0
	42119.99999996	7.4004		-0.27854     0.2    0.2		4.1705503158		-1.0
	42164.99999996	8.64527		-0.05592     0.2    0.2		4.1705503158		-1.0
	42209.99999996	10.04829		0.25263     0.2    0.2		4.1705503158		-1.0
	42254.99999996	11.38002		0.69013     0.2    0.2		4.1705503158		-1.0
	42299.99999996	12.66855		1.25325     0.2    0.2		4.1705503158		-1.0
	42344.99999996	13.4722		1.91373     0.2    0.2		4.1705503158		-1.0
	42389.99999996	14.11993		2.8337     0.2    0.2		4.1705503158		-1.0
	42434.99999996	14.54575		-2.31074     0.2    0.2		4.1705503158		-1.0
	42479.99999996	14.7485		-1.31131     0.2    0.2		4.1705503158		-1.0
	42524.99999996	14.42092		-0.37061     0.2    0.2		4.1705503158		-1.0
	42569.99999996	14.3169		0.38977     0.2    0.2		4.1705503158		-1.0
	42614.99999996	14.87644		0.89693     0.2    0.2		4.1705503158		-1.0
	42659.99999996	15.71589		1.10494     0.2    0.2		4.1705503158		-1.0
	42704.99999996	16.50114		0.76102     0.2    0.2		4.1705503158		-1.0
	42749.99999996	17.27807		-0.58269     0.2    0.2		4.1705503158		-1.0
	42794.99999996	16.78615		-0.40699     0.2    0.2		4.1705503158		-1.0
	42839.99999996	15.75745		0.05162     0.2    0.2		4.1705503158		-1.0
	42884.99999996	15.38311		0.50905     0.2    0.2		4.1705503158		-1.0
	42929.99999996	15.31477		1.18657     0.2    0.2		4.1705503158		-1.0
	42974.99999996	15.49056		2.83025     0.2    0.2		4.1705503158		-1.0
	43019.99999996	16.15164		-3.07373     0.2    0.2		4.1705503158		-1.0
	43064.99999996	16.46584		2.00674     0.2    0.2		4.1705503158		-1.0
	43109.99999996	16.69598		1.4712     0.2    0.2		4.1705503158		-1.0
	43154.99999996	15.81102		1.55439     0.2    0.2		4.1705503158		-1.0
	43199.99999996	15.1597		1.90701     0.2    0.2		4.1705503158		-1.0
	43244.99999996	15.62827		2.52795     0.2    0.2		4.1705503158		-1.0
	43289.99999996	16.70871		2.9931     0.2    0.2		4.1705503158		-1.0
	43334.99999996	18.24173		-3.06539     0.2    0.2		4.1705503158		-1.0
	43379.99999996	19.30186		2.71865     0.2    0.2		4.1705503158		-1.0
	43424.99999996	19.96512		2.81767     0.2    0.2		4.1705503158		-1.0
	43469.99999996	20.81353		-3.03446     0.2    0.2		4.1705503158		-1.0
	43514.99999996	20.81768		-2.67107     0.2    0.2		4.1705503158		-1.0
	43559.99999996	20.63458		-1.9529     0.2    0.2		4.1705503158		-1.0
	43604.99999996	20.87425		-0.72125     0.2    0.2		4.1705503158		-1.0
	43649.99999996	21.36728		0.44117     0.2    0.2		4.1705503158		-1.0
	43694.99999996	21.9792		2.90357     0.2    0.2		4.1705503158		-1.0
	43739.99999996	22.91303		-2.84707     0.2    0.2		4.1705503158		-1.0
	43784.99999996	23.53927		-2.0328     0.2    0.2		4.1705503158		-1.0
	43829.99999996	24.11454		-1.18745     0.2    0.2		4.1705503158		-1.0
	43874.99999996	23.92017		-1.44842     0.2    0.2		4.1705503158		-1.0
	43919.99999996	23.23463		-0.76808     0.2    0.2		4.1705503158		-1.0
	43964.99999996	22.20365		-0.04485     0.2    0.2		4.1705503158		-1.0
	44009.99999996	22.18209		1.01229     0.2    0.2		4.1705503158		-1.0
	44054.99999996	22.33095		1.97427     0.2    0.2		4.1705503158		-1.0
	44099.99999996	23.24829		2.47367     0.2    0.2		4.1705503158		-1.0
	44144.99999996	24.27276		2.97634     0.2    0.2		4.1705503158		-1.0
	44189.99999996	24.84234		2.94208     0.2    0.2		4.1705503158		-1.0
	44234.99999996	25.74364		2.79598     0.2    0.2		4.1705503158		-1.0
	44279.99999996	25.93331		-2.99162     0.2    0.2		4.1705503158		-1.0
	44324.99999996	26.52785		-2.68648     0.2    0.2		4.1705503158		-1.0
	44369.99999996	27.24875		-1.85972     0.2    0.2		4.1705503158		-1.0
	44414.99999996	27.54944		-1.25556     0.2    0.2		4.1705503158		-1.0
	44459.99999996	27.50673		1.52623     0.2    0.2		4.1705503158		-1.0
	44504.99999996	27.5842		-3.0607     0.2    0.2		4.1705503158		-1.0
	44549.99999996	27.20485		1.83157     0.2    0.2		4.1705503158		-1.0
	44594.99999996	26.77204		1.44539     0.2    0.2		4.1705503158		-1.0
	44639.99999996	25.70887		0.9398     0.2    0.2		4.1705503158		-1.0
	44684.99999996	24.61456		0.46734     0.2    0.2		4.1705503158		-1.0
	44729.99999996	23.19284		0.19098     0.2    0.2		4.1705503158		-1.0
	44774.99999996	22.00108		0.09862     0.2    0.2		4.1705503158		-1.0
	44819.99999996	21.09218		0.43354     0.2    0.2		4.1705503158		-1.0
	44864.99999996	20.33212		0.47281     0.2    0.2		4.1705503158		-1.0
	44909.99999996	19.49174		0.57822     0.2    0.2		4.1705503158		-1.0
	44954.99999996	18.49462		0.41173     0.2    0.2		4.1705503158		-1.0
	44999.99999996	17.90134		1.12318     0.2    0.2		4.1705503158		-1.0
	45044.99999996	17.1701		2.17511     0.2    0.2		4.1705503158		-1.0
	45089.99999996	16.35716		2.64574     0.2    0.2		4.1705503158		-1.0
	45134.99999996	15.72503		3.13628     0.2    0.2		4.1705503158		-1.0
	45179.99999996	15.51825		-2.28151     0.2    0.2		4.1705503158		-1.0
	45224.99999996	15.29394		-1.77443     0.2    0.2		4.1705503158		-1.0
	45269.99999996	15.60025		-0.03396     0.2    0.2		4.1705503158		-1.0
	45314.99999996	14.75054		2.27868     0.2    0.2		4.1705503158		-1.0
	45359.99999996	14.16476		3.03149     0.2    0.2		4.1705503158		-1.0
	45404.99999996	13.36765		-1.78446     0.2    0.2		4.1705503158		-1.0
	45449.99999996	13.27722		-0.81287     0.2    0.2		4.1705503158		-1.0
	45494.99999996	14.00811		-0.03494     0.2    0.2		4.1705503158		-1.0
	45539.99999996	15.29145		0.62838     0.2    0.2		4.1705503158		-1.0
	45584.99999996	15.57297		0.75805     0.2    0.2		4.1705503158		-1.0
	45629.99999996	16.17069		1.01056     0.2    0.2		4.1705503158		-1.0
	45674.99999996	16.2209		1.31041     0.2    0.2		4.1705503158		-1.0
	45719.99999996	16.94629		1.32874     0.2    0.2		4.1705503158		-1.0
	45764.99999996	17.5912		1.55983     0.2    0.2		4.1705503158		-1.0
	45809.99999996	18.6905		0.96005     0.2    0.2		4.1705503158		-1.0
	45854.99999996	19.93037		0.81113     0.2    0.2		4.1705503158		-1.0
	45899.99999996	21.6743		0.88592     0.2    0.2		4.1705503158		-1.0
	45944.99999996	23.33547		0.92602     0.2    0.2		4.1705503158		-1.0
	45989.99999996	25.42739		1.24782     0.2    0.2		4.1705503158		-1.0
	46034.99999996	26.74676		1.40199     0.2    0.2		4.1705503158		-1.0
	46079.99999996	28.17447		2.22622     0.2    0.2		4.1705503158		-1.0
	46124.99999996	28.87386		-1.96207     0.2    0.2		4.1705503158		-1.0
	46169.99999996	27.69539		-1.902     0.2    0.2		4.1705503158		-1.0
	46214.99999996	26.55132		-3.11536     0.2    0.2		4.1705503158		-1.0
	46259.99999996	25.67346		2.782     0.2    0.2		4.1705503158		-1.0
	46304.99999996	25.16193		1.96465     0.2    0.2		4.1705503158		-1.0
	46349.99999996	24.51672		1.22495     0.2    0.2		4.1705503158		-1.0
	46394.99999996	23.9918		1.30621     0.2    0.2		4.1705503158		-1.0
	46439.99999996	23.56412		1.0702     0.2    0.2		4.1705503158		-1.0
	46484.99999996	22.73573		1.30655     0.2    0.2		4.1705503158		-1.0
	46529.99999996	22.27184		1.6669     0.2    0.2		4.1705503158		-1.0
	46574.99999996	21.13267		2.54829     0.2    0.2		4.1705503158		-1.0
	46619.99999996	20.7007		2.89524     0.2    0.2		4.1705503158		-1.0
	46664.99999996	19.41564		-2.41165     0.2    0.2		4.1705503158		-1.0
	46709.99999996	18.61135		-2.8111     0.2    0.2		4.1705503158		-1.0
	46754.99999995	17.54956		-2.59416     0.2    0.2		4.1705503158		-1.0
	46799.99999995	16.83884		-2.95113     0.2    0.2		4.1705503158		-1.0
	46844.99999995	15.86218		3.1209     0.2    0.2		4.1705503158		-1.0
	46889.99999995	15.04792		2.77181     0.2    0.2		4.1705503158		-1.0
	46934.99999995	14.39457		2.36737     0.2    0.2		4.1705503158		-1.0
	46979.99999995	13.59801		2.26361     0.2    0.2		4.1705503158		-1.0
	47024.99999995	12.7514		1.64335     0.2    0.2		4.1705503158		-1.0
	47069.99999995	11.65419		1.42683     0.2    0.2		4.1705503158		-1.0
	47114.99999995	11.06142		0.69447     0.2    0.2		4.1705503158		-1.0
	47159.99999995	10.03021		0.63019     0.2    0.2		4.1705503158		-1.0
	47204.99999995	9.35566		-0.14169     0.2    0.2		4.1705503158		-1.0
	47249.99999995	8.46566		-0.89392     0.2    0.2		4.1705503158		-1.0
	47294.99999995	7.7727		-1.84832     0.2    0.2		4.1705503158		-1.0
	47339.99999995	7.21601		-2.95194     0.2    0.2		4.1705503158		-1.0
	47384.99999995	6.8388		2.14751     0.2    0.2		4.1705503158		-1.0
	47429.99999995	6.80521		1.37469     0.2    0.2		4.1705503158		-1.0
	47474.99999995	6.64236		0.17207     0.2    0.2		4.1705503158		-1.0
	47519.99999995	7.29292		-1.23573     0.2    0.2		4.1705503158		-1.0
	47564.99999995	7.80268		-2.41161     0.2    0.2		4.1705503158		-1.0
	47609.99999995	9.2116		-2.97495     0.2    0.2		4.1705503158		-1.0
	47654.99999995	10.28587		2.4221     0.2    0.2		4.1705503158		-1.0
	47699.99999995	11.1214		1.77129     0.2    0.2		4.1705503158		-1.0
	47744.99999995	11.47736		1.29878     0.2    0.2		4.1705503158		-1.0
	47789.99999995	11.91705		0.96667     0.2    0.2		4.1705503158		-1.0
	47834.99999995	12.54076		1.17069     0.2    0.2		4.1705503158		-1.0
	47879.99999995	13.2854		1.44208     0.2    0.2		4.1705503158		-1.0
	47924.99999995	13.87141		1.06816     0.2    0.2		4.1705503158		-1.0
	47969.99999995	14.563		0.43695     0.2    0.2		4.1705503158		-1.0
	48014.99999995	15.47389		0.0028     0.2    0.2		4.1705503158		-1.0
	48059.99999995	16.61699		-0.32123     0.2    0.2		4.1705503158		-1.0
	48104.99999995	17.46361		-0.78198     0.2    0.2		4.1705503158		-1.0
	48149.99999995	18.82297		-1.25364     0.2    0.2		4.1705503158		-1.0
	48194.99999995	19.82459		-1.88451     0.2    0.2		4.1705503158		-1.0
	48239.99999995	21.06758		-2.13732     0.2    0.2		4.1705503158		-1.0
	48284.99999995	22.1721		-2.67285     0.2    0.2		4.1705503158		-1.0
	48329.99999995	23.19414		2.82482     0.2    0.2		4.1705503158		-1.0
	48374.99999995	23.85907		1.99097     0.2    0.2		4.1705503158		-1.0
	48419.99999995	23.9761		1.08441     0.2    0.2		4.1705503158		-1.0
	48464.99999995	24.07174		0.25748     0.2    0.2		4.1705503158		-1.0
	48509.99999995	23.68481		-0.27864     0.2    0.2		4.1705503158		-1.0
	48554.99999995	23.51886		-0.82424     0.2    0.2		4.1705503158		-1.0
	48599.99999995	24.16083		-1.25507     0.2    0.2		4.1705503158		-1.0
	48644.99999995	24.87438		-1.80184     0.2    0.2		4.1705503158		-1.0
	48689.99999995	24.00566		-1.5644     0.2    0.2		4.1705503158		-1.0
	48734.99999995	23.09738		1.26885     0.2    0.2		4.1705503158		-1.0
	48779.99999995	22.05168		1.0363     0.2    0.2		4.1705503158		-1.0
	48824.99999995	20.78445		1.21862     0.2    0.2		4.1705503158		-1.0
	48869.99999995	20.14255		1.15695     0.2    0.2		4.1705503158		-1.0
	48914.99999995	18.81867		1.54288     0.2    0.2		4.1705503158		-1.0
	48959.99999995	18.80863		1.85543     0.2    0.2		4.1705503158		-1.0
	49004.99999995	18.13498		2.27793     0.2    0.2		4.1705503158		-1.0
	49049.99999995	17.33923		2.94828     0.2    0.2		4.1705503158		-1.0
	49094.99999995	15.97111		3.07351     0.2    0.2		4.1705503158		-1.0
	49139.99999995	15.511		-2.78423     0.2    0.2		4.1705503158		-1.0
	49184.99999995	14.99818		-3.11783     0.2    0.2		4.1705503158		-1.0
	49229.99999995	14.39933		2.73743     0.2    0.2		4.1705503158		-1.0
	49274.99999995	13.88222		1.33719     0.2    0.2		4.1705503158		-1.0
	49319.99999995	13.80258		2.47473     0.2    0.2		4.1705503158		-1.0
	49364.99999995	14.64374		2.84366     0.2    0.2		4.1705503158		-1.0
	49409.99999995	15.0864		-2.58517     0.2    0.2		4.1705503158		-1.0
	49454.99999995	15.99493		-2.14028     0.2    0.2		4.1705503158		-1.0
	49499.99999995	16.33578		-1.41451     0.2    0.2		4.1705503158		-1.0
	49544.99999995	17.02678		-0.63532     0.2    0.2		4.1705503158		-1.0
	49589.99999995	16.93228		0.10916     0.2    0.2		4.1705503158		-1.0
	49634.99999995	16.87216		0.68907     0.2    0.2		4.1705503158		-1.0
	49679.99999995	16.11968		1.09698     0.2    0.2		4.1705503158		-1.0
	49724.99999995	15.58622		1.27336     0.2    0.2		4.1705503158		-1.0
	49769.99999995	14.56166		1.40923     0.2    0.2		4.1705503158		-1.0
	49814.99999995	13.83236		2.07766     0.2    0.2		4.1705503158		-1.0
	49859.99999995	13.68377		2.53917     0.2    0.2		4.1705503158		-1.0
	49904.99999995	13.42838		-2.67284     0.2    0.2		4.1705503158		-1.0
	49949.99999995	13.84383		-2.17934     0.2    0.2		4.1705503158		-1.0
	49994.99999995	14.00006		-0.471     0.2    0.2		4.1705503158		-1.0
