	45.00000000	2.90182		2.23325     0.2    0.2		4.1705503158		-1.0
	90.00000000	2.818		1.96541     0.2    0.2		4.1705503158		-1.0
	135.00000000	3.03901		1.8844     0.2    0.2		4.1705503158		-1.0
	180.00000000	3.00795		1.65477     0.2    0.2		4.1705503158		-1.0
	225.00000000	2.88354		1.58583     0.2    0.2		4.1705503158		-1.0
	270.00000000	2.83139		1.2995     0.2    0.2		4.1705503158		-1.0
	315.00000000	2.98965		1.14468     0.2    0.2		4.1705503158		-1.0
	360.00000000	3.00285		0.62615     0.2    0.2		4.1705503158		-1.0
	405.00000000	2.87748		0.04559     0.2    0.2		4.1705503158		-1.0
	450.00000000	2.84265		-0.56865     0.2    0.2		4.1705503158		-1.0
	495.00000000	2.99921		-0.50476     0.2    0.2		4.1705503158		-1.0
	540.00000000	2.88076		-0.14831     0.2    0.2		4.1705503158		-1.0
	585.00000000	2.91433		0.63486     0.2    0.2		4.1705503158		-1.0
	630.00000000	2.98684		0.89263     0.2    0.2		4.1705503158		-1.0
	675.00000000	2.89518		0.97093     0.2    0.2		4.1705503158		-1.0
	720.00000000	2.88855		1.04089     0.2    0.2		4.1705503158		-1.0
	765.00000000	2.84554		1.49429     0.2    0.2		4.1705503158		-1.0
	810.00000000	3.01118		1.95034     0.2    0.2		4.1705503158		-1.0
	855.00000000	2.97406		2.3497     0.2    0.2		4.1705503158		-1.0
	900.00000000	2.9145		2.38681     0.2    0.2		4.1705503158		-1.0
	945.00000000	2.82568		2.90187     0.2    0.2		4.1705503158		-1.0
	990.00000000	2.90637		-3.01958     0.2    0.2		4.1705503158		-1.0
	1035.00000000	3.03778		-2.9278     0.2    0.2		4.1705503158		-1.0
	1080.00000000	2.93061		-2.28422     0.2    0.2		4.1705503158		-1.0
	1125.00000000	2.89104		-2.0233     0.2    0.2		4.1705503158		-1.0
	1170.00000000	2.90474		-1.76096     0.2    0.2		4.1705503158		-1.0
	1215.00000000	2.90646		-1.44263     0.2    0.2		4.1705503158		-1.0
	1260.00000000	2.96298		-0.90105     0.2    0.2		4.1705503158		-1.0
	1305.00000000	2.87322		-1.14535     0.2    0.2		4.1705503158		-1.0
	1350.00000000	2.90032		-0.26163     0.2    0.2		4.1705503158		-1.0
	1395.00000000	2.85898		0.31085     0.2    0.2		4.1705503158		-1.0
	1440.00000000	3.02457		0.54907     0.2    0.2		4.1705503158		-1.0
	1485.00000000	2.98705		1.23117     0.2    0.2		4.1705503158		-1.0
	1530.00000000	3.00182		1.62914     0.2    0.2		4.1705503158		-1.0
	1575.00000000	3.04912		1.37043     0.2    0.2		4.1705503158		-1.0
	1620.00000000	2.92508		1.70633     0.2    0.2		4.1705503158		-1.0
	1665.00000000	2.94752		2.10533     0.2    0.2		4.1705503158		-1.0
	1710.00000000	2.97168		2.51459     0.2    0.2		4.1705503158		-1.0
	1755.00000000	2.96699		3.00091     0.2    0.2		4.1705503158		-1.0
	1800.00000000	3.06574		-2.95205     0.2    0.2		4.1705503158		-1.0
	1845.00000000	2.84878		-2.65304     0.2    0.2		4.1705503158		-1.0
	1890.00000000	2.81757		-2.36149     0.2    0.2		4.1705503158		-1.0
	1935.00000000	3.06027		-2.23574     0.2    0.2		4.1705503158		-1.0
	1980.00000000	2.98738		-1.77357     0.2    0.2		4.1705503158		-1.0
	2025.00000000	2.96504		-1.69131     0.2    0.2		4.1705503158		-1.0
	2070.00000000	2.86439		-1.23639     0.2    0.2		4.1705503158		-1.0
	2115.00000000	2.81738		-1.06006     0.2    0.2		4.1705503158		-1.0
	2160.00000000	2.97439		-0.39236     0.2    0.2		4.1705503158		-1.0
	2205.00000000	3.00414		0.53108     0.2    0.2		4.1705503158		-1.0
	2250.00000000	2.94772		0.64727     0.2    0.2		4.1705503158		-1.0
	2295.00000000	2.96742		0.67994     0.2    0.2		4.1705503158		-1.0
	2340.00000000	3.01045		1.28782     0.2    0.2		4.1705503158		-1.0
	2385.00000000	3.12388		1.26953     0.2    0.2		4.1705503158		-1.0
	2430.00000000	3.0625		1.07819     0.2    0.2		4.1705503158		-1.0
	2475.00000000	3.10944		1.49536     0.2    0.2		4.1705503158		-1.0
	2520.00000000	2.96017		1.23463     0.2    0.2		4.1705503158		-1.0
	2565.00000000	3.02773		1.23005     0.2    0.2		4.1705503158		-1.0
	2610.00000000	2.88184		1.26769     0.2    0.2		4.1705503158		-1.0
	2655.00000000	2.78198		1.06575     0.2    0.2		4.1705503158		-1.0
	2700.00000000	2.86111		0.62054     0.2    0.2		4.1705503158		-1.0
	2745.00000000	2.83083		-0.08526     0.2    0.2		4.1705503158		-1.0
	2790.00000000	2.87975		-0.64465     0.2    0.2		4.1705503158		-1.0
	2835.00000000	3.01322		-1.33341     0.2    0.2		4.1705503158		-1.0
	2880.00000000	3.10001		-0.87646     0.2    0.2		4.1705503158		-1.0
	2925.00000000	3.11281		-1.54031     0.2    0.2		4.1705503158		-1.0
	2970.00000000	3.10978		-1.14975     0.2    0.2		4.1705503158		-1.0
	3015.00000000	3.05616		-1.08387     0.2    0.2		4.1705503158		-1.0
	3060.00000000	3.02237		-1.3433     0.2    0.2		4.1705503158		-1.0
	3105.00000000	2.818		-0.67127     0.2    0.2		4.1705503158		-1.0
	3150.00000000	3.00971		-0.65526     0.2    0.2		4.1705503158		-1.0
	3195.00000000	2.83426		0.15846     0.2    0.2		4.1705503158		-1.0
	3240.00000000	2.95497		0.28239     0.2    0.2		4.1705503158		-1.0
	3285.00000000	2.7767		0.11646     0.2    0.2		4.1705503158		-1.0
	3330.00000000	2.81628		-0.14855     0.2    0.2		4.1705503158		-1.0
	3375.00000000	2.73626		-1.07468     0.2    0.2		4.1705503158		-1.0
	3420.00000000	2.79485		-0.7349     0.2    0.2		4.1705503158		-1.0
	3465.00000000	2.76144		-0.523     0.2    0.2		4.1705503158		-1.0
	3510.00000000	2.86417		0.4901     0.2    0.2		4.1705503158		-1.0
	3555.00000000	3.05842		-0.07987     0.2    0.2		4.1705503158		-1.0
	3600.00000000	3.08795		0.25985     0.2    0.2		4.1705503158		-1.0
	3645.00000000	3.17846		0.26389     0.2    0.2		4.1705503158		-1.0
	3690.00000000	2.99141		-0.1356     0.2    0.2		4.1705503158		-1.0
	3735.00000000	2.92878		-0.57806     0.2    0.2		4.1705503158		-1.0
	3780.00000000	2.96886		-0.4082     0.2    0.2		4.1705503158		-1.0
	3825.00000000	2.83918		0.14279     0.2    0.2		4.1705503158		-1.0
	3870.00000000	2.82321		0.83134     0.2    0.2		4.1705503158		-1.0
	3915.00000000	3.18226		0.91117     0.2    0.2		4.1705503158		-1.0
	3960.00000000	3.03393		0.89212     0.2    0.2		4.1705503158		-1.0
	4005.00000000	2.68789		0.6727     0.2    0.2		4.1705503158		-1.0
	4050.00000000	2.97025		0.3306     0.2    0.2		4.1705503158		-1.0
	4095.00000000	3.19663		-0.4536     0.2    0.2		4.1705503158		-1.0
	4140.00000000	3.08816		-0.94095     0.2    0.2		4.1705503158		-1.0
	4185.00000000	3.03885		-1.11758     0.2    0.2		4.1705503158		-1.0
	4230.00000000	2.98561		-1.48284     0.2    0.2		4.1705503158		-1.0
	4275.00000000	2.96225		-1.64596     0.2    0.2		4.1705503158		-1.0
	4320.00000000	2.88829		-2.06649     0.2    0.2		4.1705503158		-1.0
	4365.00000000	2.90416		-2.27971     0.2    0.2		4.1705503158		-1.0
	4410.00000000	2.86682		-2.615     0.2    0.2		4.1705503158		-1.0
	4455.00000000	2.81031		-2.70082     0.2    0.2		4.1705503158		-1.0
	4500.00000000	2.9016		-3.05764     0.2    0.2		4.1705503158		-1.0
	4545.00000000	2.92635		2.7831     0.2    0.2		4.1705503158		-1.0
	4590.00000000	2.94613		2.37145     0.2    0.2		4.1705503158		-1.0
	4635.00000000	2.9509		2.07428     0.2    0.2		4.1705503158		-1.0
	4680.00000000	2.85291		1.72649     0.2    0.2		4.1705503158		-1.0
	4725.00000000	2.77231		1.4     0.2    0.2		4.1705503158		-1.0
	4770.00000000	2.77943		0.70587     0.2    0.2		4.1705503158		-1.0
	4815.00000000	2.96086		-0.42354     0.2    0.2		4.1705503158		-1.0
	4860.00000000	2.78972		-0.96787     0.2    0.2		4.1705503158		-1.0
	4905.00000000	3.15963		-0.44651     0.2    0.2		4.1705503158		-1.0
	4950.00000000	2.94915		-0.09446     0.2    0.2		4.1705503158		-1.0
	4995.00000000	2.9488		0.04696     0.2    0.2		4.1705503158		-1.0
	5040.00000000	2.95402		0.27574     0.2    0.2		4.1705503158		-1.0
	5085.00000000	2.95374		0.30528     0.2    0.2		4.1705503158		-1.0
	5130.00000000	2.95357		0.11327     0.2    0.2		4.1705503158		-1.0
	5175.00000000	2.79096		-0.23711     0.2    0.2		4.1705503158		-1.0
	5220.00000000	3.12773		-0.79387     0.2    0.2		4.1705503158		-1.0
	5265.00000000	3.00339		-0.70601     0.2    0.2		4.1705503158		-1.0
	5310.00000000	2.73712		-1.31673     0.2    0.2		4.1705503158		-1.0
	5355.00000000	2.81298		-1.90355     0.2    0.2		4.1705503158		-1.0
	5400.00000000	2.90459		-2.01086     0.2    0.2		4.1705503158		-1.0
	5445.00000000	3.02115		-2.61975     0.2    0.2		4.1705503158		-1.0
	5490.00000000	2.93819		-2.83425     0.2    0.2		4.1705503158		-1.0
	5535.00000000	2.98201		2.99538     0.2    0.2		4.1705503158		-1.0
	5580.00000000	3.02104		2.66329     0.2    0.2		4.1705503158		-1.0
	5625.00000000	2.9335		2.37091     0.2    0.2		4.1705503158		-1.0
	5670.00000000	3.10009		1.74602     0.2    0.2		4.1705503158		-1.0
	5715.00000000	2.84299		1.81389     0.2    0.2		4.1705503158		-1.0
	5760.00000000	2.888		1.4553     0.2    0.2		4.1705503158		-1.0
	5805.00000000	3.00742		1.3125     0.2    0.2		4.1705503158		-1.0
	5850.00000000	3.19095		0.68103     0.2    0.2		4.1705503158		-1.0
	5895.00000000	3.26197		0.70231     0.2    0.2		4.1705503158		-1.0
	5940.00000000	2.93972		0.57423     0.2    0.2		4.1705503158		-1.0
	5985.00000000	2.90098		-0.0793     0.2    0.2		4.1705503158		-1.0
	6030.00000000	2.76877		-0.60079     0.2    0.2		4.1705503158		-1.0
	6075.00000000	2.94438		-1.00162     0.2    0.2		4.1705503158		-1.0
	6120.00000000	2.79708		-1.42058     0.2    0.2		4.1705503158		-1.0
	6165.00000000	2.76648		-1.52005     0.2    0.2		4.1705503158		-1.0
	6210.00000000	2.97951		-2.05763     0.2    0.2		4.1705503158		-1.0
	6255.00000000	3.07753		-2.17739     0.2    0.2		4.1705503158		-1.0
	6300.00000000	3.04224		-2.60494     0.2    0.2		4.1705503158		-1.0
	6345.00000000	2.92004		-2.58501     0.2    0.2		4.1705503158		-1.0
	6390.00000000	2.813		-3.03154     0.2    0.2		4.1705503158		-1.0
	6435.00000000	2.73343		3.01046     0.2    0.2		4.1705503158		-1.0
	6480.00000000	2.82346		2.49384     0.2    0.2		4.1705503158		-1.0
	6525.00000000	2.73087		1.99724     0.2    0.2		4.1705503158		-1.0
	6570.00000000	2.87986		1.88535     0.2    0.2		4.1705503158		-1.0
	6615.00000000	3.26927		1.64218     0.2    0.2		4.1705503158		-1.0
	6660.00000000	2.94901		1.53257     0.2    0.2		4.1705503158		-1.0
	6705.00000000	3.16875		1.516     0.2    0.2		4.1705503158		-1.0
	6750.00000000	3.28319		1.6243     0.2    0.2		4.1705503158		-1.0
	6795.00000000	2.88983		1.94712     0.2    0.2		4.1705503158		-1.0
	6840.00000000	2.94454		2.12737     0.2    0.2		4.1705503158		-1.0
	6885.00000000	2.90331		2.30911     0.2    0.2		4.1705503158		-1.0
	6930.00000000	3.06879		2.89081     0.2    0.2		4.1705503158		-1.0
	6975.00000000	3.005		2.82129     0.2    0.2		4.1705503158		-1.0
	7020.00000000	2.98032		-3.05065     0.2    0.2		4.1705503158		-1.0
	7065.00000000	3.12132		-2.80644     0.2    0.2		4.1705503158		-1.0
	7110.00000000	2.78712		-2.5659     0.2    0.2		4.1705503158		-1.0
	7155.00000000	3.12036		-2.20591     0.2    0.2		4.1705503158		-1.0
	7200.00000000	2.82169		-1.9514     0.2    0.2		4.1705503158		-1.0
	7245.00000000	2.86655		-1.71139     0.2    0.2		4.1705503158		-1.0
	7290.00000000	3.23232		-1.54754     0.2    0.2		4.1705503158		-1.0
	7335.00000000	2.84748		-1.73799     0.2    0.2		4.1705503158		-1.0
	7380.00000000	3.13506		-1.33496     0.2    0.2		4.1705503158		-1.0
	7425.00000000	2.90501		-1.75702     0.2    0.2		4.1705503158		-1.0
	7470.00000000	3.15631		-1.90019     0.2    0.2		4.1705503158		-1.0
	7515.00000000	2.95182		-2.12123     0.2    0.2		4.1705503158		-1.0
	7560.00000000	3.31355		-1.87729     0.2    0.2		4.1705503158		-1.0
	7605.00000000	2.97354		-1.96003     0.2    0.2		4.1705503158		-1.0
	7650.00000000	2.61694		-2.22141     0.2    0.2		4.1705503158		-1.0
	7695.00000000	2.94212		-2.51078     0.2    0.2		4.1705503158		-1.0
	7740.00000000	3.10475		-2.40454     0.2    0.2		4.1705503158		-1.0
	7785.00000000	2.75867		-2.92167     0.2    0.2		4.1705503158		-1.0
	7830.00000000	2.80275		-3.12513     0.2    0.2		4.1705503158		-1.0
	7875.00000000	3.09055		2.75576     0.2    0.2		4.1705503158		-1.0
	7920.00000000	3.07259		2.52188     0.2    0.2		4.1705503158		-1.0
	7965.00000000	3.07502		2.16607     0.2    0.2		4.1705503158		-1.0
	8010.00000000	3.19036		1.80782     0.2    0.2		4.1705503158		-1.0
	8055.00000000	2.71238		1.85722     0.2    0.2		4.1705503158		-1.0
	8100.00000000	2.99134		1.69956     0.2    0.2		4.1705503158		-1.0
	8145.00000000	2.68534		1.50128     0.2    0.2		4.1705503158		-1.0
	8190.00000000	2.7389		1.49733     0.2    0.2		4.1705503158		-1.0
	8235.00000000	2.78839		1.8159     0.2    0.2		4.1705503158		-1.0
	8280.00000000	3.04948		2.06589     0.2    0.2		4.1705503158		-1.0
	8325.00000000	3.16578		2.19207     0.2    0.2		4.1705503158		-1.0
	8370.00000000	2.73734		2.50267     0.2    0.2		4.1705503158		-1.0
	8415.00000000	2.8131		2.82098     0.2    0.2		4.1705503158		-1.0
	8460.00000000	2.90545		3.03955     0.2    0.2		4.1705503158		-1.0
	8505.00000000	2.90923		-2.80489     0.2    0.2		4.1705503158		-1.0
	8550.00000000	2.7577		-2.5582     0.2    0.2		4.1705503158		-1.0
	8595.00000000	2.75575		-2.29399     0.2    0.2		4.1705503158		-1.0
	8640.00000000	2.73929		-1.93294     0.2    0.2		4.1705503158		-1.0
	8685.00000000	2.90698		-1.60835     0.2    0.2		4.1705503158		-1.0
	8730.00000000	3.07251		-1.66013     0.2    0.2		4.1705503158		-1.0
	8775.00000000	3.11933		-1.20481     0.2    0.2		4.1705503158		-1.0
	8820.00000000	2.90097		-1.37111     0.2    0.2		4.1705503158		-1.0
	8865.00000000	2.89601		-0.76381     0.2    0.2		4.1705503158		-1.0
	8910.00000000	2.89501		-0.46286     0.2    0.2		4.1705503158		-1.0
	8955.00000000	3.31022		0.31998     0.2    0.2		4.1705503158		-1.0
	9000.00000000	2.6579		1.02438     0.2    0.2		4.1705503158		-1.0
	9045.00000000	3.14627		0.98055     0.2    0.2		4.1705503158		-1.0
	9090.00000000	3.42872		1.35712     0.2    0.2		4.1705503158		-1.0
	9135.00000000	2.86239		1.63719     0.2    0.2		4.1705503158		-1.0
	9180.00000000	3.02933		1.8553     0.2    0.2		4.1705503158		-1.0
	9225.00000000	2.79689		2.35384     0.2    0.2		4.1705503158		-1.0
	9270.00000000	2.78117		2.67766     0.2    0.2		4.1705503158		-1.0
	9315.00000000	3.04943		2.95019     0.2    0.2		4.1705503158		-1.0
	9360.00000000	2.90766		-2.78605     0.2    0.2		4.1705503158		-1.0
	9405.00000000	2.87976		-2.70261     0.2    0.2		4.1705503158		-1.0
	9450.00000000	3.13188		-2.13758     0.2    0.2		4.1705503158		-1.0
	9495.00000000	2.70372		-2.32005     0.2    0.2		4.1705503158		-1.0
	9540.00000000	2.70492		-1.90265     0.2    0.2		4.1705503158		-1.0
	9585.00000000	2.91195		-2.34884     0.2    0.2		4.1705503158		-1.0
	9630.00000000	3.32364		-2.2611     0.2    0.2		4.1705503158		-1.0
	9675.00000000	2.84618		-2.44076     0.2    0.2		4.1705503158		-1.0
	9720.00000000	2.9136		-2.71615     0.2    0.2		4.1705503158		-1.0
	9765.00000000	3.40938		-2.57231     0.2    0.2		4.1705503158		-1.0
	9810.00000000	3.17873		-2.78509     0.2    0.2		4.1705503158		-1.0
	9855.00000000	3.16826		-2.77763     0.2    0.2		4.1705503158		-1.0
	9900.00000000	3.17183		-3.12602     0.2    0.2		4.1705503158		-1.0
	9945.00000000	3.1678		3.05971     0.2    0.2		4.1705503158		-1.0
	9990.00000000	3.14257		2.79756     0.2    0.2		4.1705503158		-1.0
	10035.00000000	3.14473		2.38852     0.2    0.2		4.1705503158		-1.0
	10080.00000000	3.16219		2.08545     0.2    0.2		4.1705503158		-1.0
	10125.00000000	3.23915		2.09192     0.2    0.2		4.1705503158		-1.0
	10170.00000000	3.27506		1.65659     0.2    0.2		4.1705503158		-1.0
	10215.00000000	3.44748		1.82733     0.2    0.2		4.1705503158		-1.0
	10260.00000000	2.87385		1.69672     0.2    0.2		4.1705503158		-1.0
	10305.00000000	2.92556		1.55648     0.2    0.2		4.1705503158		-1.0
	10350.00000000	3.43197		1.92638     0.2    0.2		4.1705503158		-1.0
	10395.00000000	2.96291		2.0285     0.2    0.2		4.1705503158		-1.0
	10440.00000000	2.9169		2.3286     0.2    0.2		4.1705503158		-1.0
	10485.00000000	2.93033		2.59711     0.2    0.2		4.1705503158		-1.0
	10530.00000000	2.72019		2.96879     0.2    0.2		4.1705503158		-1.0
	10575.00000000	3.2614		-3.00641     0.2    0.2		4.1705503158		-1.0
	10620.00000000	2.98066		-2.7287     0.2    0.2		4.1705503158		-1.0
	10665.00000000	3.09393		-2.24812     0.2    0.2		4.1705503158		-1.0
	10710.00000000	3.03042		-2.08878     0.2    0.2		4.1705503158		-1.0
	10755.00000000	3.20606		-1.63316     0.2    0.2		4.1705503158		-1.0
	10800.00000000	3.20979		-1.33335     0.2    0.2		4.1705503158		-1.0
	10845.00000001	2.78753		-1.04925     0.2    0.2		4.1705503158		-1.0
	10890.00000001	2.95163		-0.5269     0.2    0.2		4.1705503158		-1.0
	10935.00000001	2.81838		-0.09644     0.2    0.2		4.1705503158		-1.0
	10980.00000001	2.73357		0.63711     0.2    0.2		4.1705503158		-1.0
	11025.00000001	2.8048		1.13035     0.2    0.2		4.1705503158		-1.0
	11070.00000001	2.76596		1.09776     0.2    0.2		4.1705503158		-1.0
	11115.00000001	2.70055		1.30532     0.2    0.2		4.1705503158		-1.0
	11160.00000001	2.62832		1.41733     0.2    0.2		4.1705503158		-1.0
	11205.00000001	3.04677		1.13242     0.2    0.2		4.1705503158		-1.0
	11250.00000001	3.07837		0.45911     0.2    0.2		4.1705503158		-1.0
	11295.00000001	3.29902		0.38543     0.2    0.2		4.1705503158		-1.0
	11340.00000001	2.88681		0.21567     0.2    0.2		4.1705503158		-1.0
	11385.00000001	2.77008		-0.16854     0.2    0.2		4.1705503158		-1.0
	11430.00000001	2.69222		-0.35984     0.2    0.2		4.1705503158		-1.0
	11475.00000001	3.251		-0.69191     0.2    0.2		4.1705503158		-1.0
	11520.00000001	3.27306		-0.6383     0.2    0.2		4.1705503158		-1.0
	11565.00000001	2.99941		-0.69262     0.2    0.2		4.1705503158		-1.0
	11610.00000001	3.1277		-1.14973     0.2    0.2		4.1705503158		-1.0
	11655.00000001	3.32182		-0.90776     0.2    0.2		4.1705503158		-1.0
	11700.00000001	2.93767		-1.38108     0.2    0.2		4.1705503158		-1.0
	11745.00000001	2.74569		-1.50818     0.2    0.2		4.1705503158		-1.0
	11790.00000001	2.67036		-1.88735     0.2    0.2		4.1705503158		-1.0
	11835.00000001	2.76576		-2.23049     0.2    0.2		4.1705503158		-1.0
	11880.00000001	2.82943		-2.18785     0.2    0.2		4.1705503158		-1.0
	11925.00000001	2.80492		-2.18058     0.2    0.2		4.1705503158		-1.0
	11970.00000001	2.72461		-2.00064     0.2    0.2		4.1705503158		-1.0
	12015.00000001	3.41096		-1.75164     0.2    0.2		4.1705503158		-1.0
	12060.00000001	3.23524		-2.01681     0.2    0.2		4.1705503158		-1.0
	12105.00000001	3.18379		-1.78724     0.2    0.2		4.1705503158		-1.0
	12150.00000001	3.25055		-2.07051     0.2    0.2		4.1705503158		-1.0
	12195.00000001	3.2247		-1.9916     0.2    0.2		4.1705503158		-1.0
	12240.00000001	3.22663		-2.53395     0.2    0.2		4.1705503158		-1.0
	12285.00000001	3.25361		-2.18484     0.2    0.2		4.1705503158		-1.0
	12330.00000001	3.18065		-2.62852     0.2    0.2		4.1705503158		-1.0
	12375.00000001	3.22219		-2.65588     0.2    0.2		4.1705503158		-1.0
	12420.00000001	3.0269		3.00977     0.2    0.2		4.1705503158		-1.0
	12465.00000001	3.42915		3.10543     0.2    0.2		4.1705503158		-1.0
	12510.00000001	2.94806		2.55558     0.2    0.2		4.1705503158		-1.0
	12555.00000001	2.98256		2.44283     0.2    0.2		4.1705503158		-1.0
	12600.00000001	2.67693		2.10377     0.2    0.2		4.1705503158		-1.0
	12645.00000001	2.74007		2.00097     0.2    0.2		4.1705503158		-1.0
	12690.00000001	2.78814		2.05395     0.2    0.2		4.1705503158		-1.0
	12735.00000001	2.75858		1.71463     0.2    0.2		4.1705503158		-1.0
	12780.00000001	2.75243		2.28977     0.2    0.2		4.1705503158		-1.0
	12825.00000001	2.72502		2.14058     0.2    0.2		4.1705503158		-1.0
	12870.00000001	2.74639		2.58983     0.2    0.2		4.1705503158		-1.0
	12915.00000001	2.8128		3.13488     0.2    0.2		4.1705503158		-1.0
	12960.00000001	2.73348		-2.92845     0.2    0.2		4.1705503158		-1.0
	13005.00000001	2.69115		-2.54504     0.2    0.2		4.1705503158		-1.0
	13050.00000001	2.74135		-2.48344     0.2    0.2		4.1705503158		-1.0
	13095.00000001	2.80559		-1.96796     0.2    0.2		4.1705503158		-1.0
	13140.00000001	2.69823		-1.84498     0.2    0.2		4.1705503158		-1.0
	13185.00000001	2.72171		-1.54803     0.2    0.2		4.1705503158		-1.0
	13230.00000001	2.75745		-1.37102     0.2    0.2		4.1705503158		-1.0
	13275.00000001	2.71882		-0.6452     0.2    0.2		4.1705503158		-1.0
	13320.00000001	2.85742		-0.058     0.2    0.2		4.1705503158		-1.0
	13365.00000001	3.34275		0.53953     0.2    0.2		4.1705503158		-1.0
	13410.00000001	2.76157		1.01217     0.2    0.2		4.1705503158		-1.0
	13455.00000001	3.04875		0.81163     0.2    0.2		4.1705503158		-1.0
	13500.00000001	3.14545		0.78261     0.2    0.2		4.1705503158		-1.0
	13545.00000001	3.09293		0.84375     0.2    0.2		4.1705503158		-1.0
	13590.00000001	3.4278		1.10703     0.2    0.2		4.1705503158		-1.0
	13635.00000001	3.41405		1.22571     0.2    0.2		4.1705503158		-1.0
	13680.00000001	3.36559		1.44408     0.2    0.2		4.1705503158		-1.0
	13725.00000001	3.32919		1.88429     0.2    0.2		4.1705503158		-1.0
	13770.00000001	3.4098		2.60734     0.2    0.2		4.1705503158		-1.0
	13815.00000001	2.77033		2.83808     0.2    0.2		4.1705503158		-1.0
	13860.00000001	2.72267		3.11655     0.2    0.2		4.1705503158		-1.0
	13905.00000001	3.40508		-2.89617     0.2    0.2		4.1705503158		-1.0
	13950.00000001	2.91082		-2.62949     0.2    0.2		4.1705503158		-1.0
	13995.00000001	3.22427		-2.38637     0.2    0.2		4.1705503158		-1.0
	14040.00000001	3.40124		-2.15693     0.2    0.2		4.1705503158		-1.0
	14085.00000001	2.84815		-2.3226     0.2    0.2		4.1705503158		-1.0
	14130.00000001	3.28189		-2.01624     0.2    0.2		4.1705503158		-1.0
	14175.00000001	2.98012		-1.78325     0.2    0.2		4.1705503158		-1.0
	14220.00000001	3.27761		-1.5051     0.2    0.2		4.1705503158		-1.0
	14265.00000000	3.0699		-1.26712     0.2    0.2		4.1705503158		-1.0
	14310.00000000	2.91277		-0.83636     0.2    0.2		4.1705503158		-1.0
	14355.00000000	2.74761		-0.52828     0.2    0.2		4.1705503158		-1.0
	14400.00000000	2.73738		0.52692     0.2    0.2		4.1705503158		-1.0
	14445.00000000	2.72567		0.42261     0.2    0.2		4.1705503158		-1.0
	14490.00000000	2.73742		0.92435     0.2    0.2		4.1705503158		-1.0
	14535.00000000	2.74814		0.59102     0.2    0.2		4.1705503158		-1.0
	14580.00000000	2.78582		0.9648     0.2    0.2		4.1705503158		-1.0
	14625.00000000	2.71505		0.11677     0.2    0.2		4.1705503158		-1.0
	14670.00000000	2.74036		0.22371     0.2    0.2		4.1705503158		-1.0
	14715.00000000	2.78743		-0.25597     0.2    0.2		4.1705503158		-1.0
	14760.00000000	3.12502		-0.47399     0.2    0.2		4.1705503158		-1.0
	14805.00000000	3.33439		-0.20076     0.2    0.2		4.1705503158		-1.0
	14850.00000000	3.25032		0.01357     0.2    0.2		4.1705503158		-1.0
	14895.00000000	3.14809		0.29277     0.2    0.2		4.1705503158		-1.0
	14940.00000000	3.14565		-0.01092     0.2    0.2		4.1705503158		-1.0
	14985.00000000	3.24197		-0.02936     0.2    0.2		4.1705503158		-1.0
	15030.00000000	3.1715		-0.74875     0.2    0.2		4.1705503158		-1.0
	15075.00000000	3.01354		-0.91703     0.2    0.2		4.1705503158		-1.0
	15120.00000000	3.26852		-1.15558     0.2    0.2		4.1705503158		-1.0
	15165.00000000	2.77182		-1.48777     0.2    0.2		4.1705503158		-1.0
	15210.00000000	3.50897		-1.48113     0.2    0.2		4.1705503158		-1.0
	15255.00000000	3.24826		-1.77609     0.2    0.2		4.1705503158		-1.0
	15300.00000000	2.79199		-1.63769     0.2    0.2		4.1705503158		-1.0
	15345.00000000	3.45466		-1.7497     0.2    0.2		4.1705503158		-1.0
	15390.00000000	2.94535		-1.73315     0.2    0.2		4.1705503158		-1.0
	15435.00000000	2.93242		-1.73642     0.2    0.2		4.1705503158		-1.0
	15480.00000000	3.40731		-1.42644     0.2    0.2		4.1705503158		-1.0
	15525.00000000	2.64867		-1.36284     0.2    0.2		4.1705503158		-1.0
	15570.00000000	3.40972		-0.238     0.2    0.2		4.1705503158		-1.0
	15615.00000000	3.04177		0.63513     0.2    0.2		4.1705503158		-1.0
	15660.00000000	3.34168		1.19333     0.2    0.2		4.1705503158		-1.0
	15705.00000000	3.26305		1.40773     0.2    0.2		4.1705503158		-1.0
	15750.00000000	3.12182		1.6666     0.2    0.2		4.1705503158		-1.0
	15795.00000000	3.16364		1.90809     0.2    0.2		4.1705503158		-1.0
	15840.00000000	3.25033		2.25814     0.2    0.2		4.1705503158		-1.0
	15885.00000000	3.09237		2.79663     0.2    0.2		4.1705503158		-1.0
	15930.00000000	2.88084		-2.96535     0.2    0.2		4.1705503158		-1.0
	15975.00000000	2.75659		-2.83102     0.2    0.2		4.1705503158		-1.0
	16020.00000000	2.69198		-2.76615     0.2    0.2		4.1705503158		-1.0
	16065.00000000	2.66131		-2.77719     0.2    0.2		4.1705503158		-1.0
	16110.00000000	2.69638		-2.71824     0.2    0.2		4.1705503158		-1.0
	16155.00000000	2.97123		-3.12569     0.2    0.2		4.1705503158		-1.0
	16200.00000000	3.1698		-3.01557     0.2    0.2		4.1705503158		-1.0
	16245.00000000	3.00359		2.61012     0.2    0.2		4.1705503158		-1.0
	16290.00000000	2.78809		2.40357     0.2    0.2		4.1705503158		-1.0
	16335.00000000	2.76673		2.16244     0.2    0.2		4.1705503158		-1.0
	16380.00000000	2.65934		2.02531     0.2    0.2		4.1705503158		-1.0
	16425.00000000	2.69263		1.84355     0.2    0.2		4.1705503158		-1.0
	16470.00000000	2.73345		1.71871     0.2    0.2		4.1705503158		-1.0
	16515.00000000	2.68326		1.46671     0.2    0.2		4.1705503158		-1.0
	16560.00000000	2.72753		1.11481     0.2    0.2		4.1705503158		-1.0
	16605.00000000	2.72116		0.06597     0.2    0.2		4.1705503158		-1.0
	16650.00000000	2.80924		-1.1103     0.2    0.2		4.1705503158		-1.0
	16695.00000000	2.7455		-1.2377     0.2    0.2		4.1705503158		-1.0
	16740.00000000	2.73676		-1.28775     0.2    0.2		4.1705503158		-1.0
	16785.00000000	2.79875		-0.72537     0.2    0.2		4.1705503158		-1.0
	16830.00000000	2.76901		-0.73503     0.2    0.2		4.1705503158		-1.0
	16875.00000000	2.8829		-0.08765     0.2    0.2		4.1705503158		-1.0
	16920.00000000	2.93439		0.02836     0.2    0.2		4.1705503158		-1.0
	16965.00000000	2.72328		0.81776     0.2    0.2		4.1705503158		-1.0
	17010.00000000	2.67634		0.33924     0.2    0.2		4.1705503158		-1.0
	17055.00000000	2.6467		0.5886     0.2    0.2		4.1705503158		-1.0
	17100.00000000	3.42677		0.86631     0.2    0.2		4.1705503158		-1.0
	17145.00000000	2.74749		0.91084     0.2    0.2		4.1705503158		-1.0
	17190.00000000	2.72882		0.65884     0.2    0.2		4.1705503158		-1.0
	17235.00000000	2.70134		0.19452     0.2    0.2		4.1705503158		-1.0
	17280.00000000	2.69157		-0.44034     0.2    0.2		4.1705503158		-1.0
	17325.00000000	2.70121		-0.26889     0.2    0.2		4.1705503158		-1.0
	17370.00000000	2.67842		-0.38856     0.2    0.2		4.1705503158		-1.0
	17415.00000000	2.72488		0.0318     0.2    0.2		4.1705503158		-1.0
	17460.00000000	2.69248		0.53407     0.2    0.2		4.1705503158		-1.0
	17505.00000000	3.44881		0.33633     0.2    0.2		4.1705503158		-1.0
	17550.00000000	3.23118		-0.45562     0.2    0.2		4.1705503158		-1.0
	17595.00000000	3.29378		-0.0788     0.2    0.2		4.1705503158		-1.0
	17640.00000000	3.1325		-0.2674     0.2    0.2		4.1705503158		-1.0
	17685.00000000	3.17512		0.13676     0.2    0.2		4.1705503158		-1.0
	17730.00000000	3.05919		0.30738     0.2    0.2		4.1705503158		-1.0
	17775.00000000	3.1059		0.55843     0.2    0.2		4.1705503158		-1.0
	17820.00000000	3.17328		0.52622     0.2    0.2		4.1705503158		-1.0
	17865.00000000	3.2142		0.65378     0.2    0.2		4.1705503158		-1.0
	17910.00000000	3.15462		1.15328     0.2    0.2		4.1705503158		-1.0
	17955.00000000	3.22751		1.15989     0.2    0.2		4.1705503158		-1.0
	18000.00000000	3.14509		1.33716     0.2    0.2		4.1705503158		-1.0
	18045.00000000	3.19853		1.14175     0.2    0.2		4.1705503158		-1.0
	18090.00000000	3.40181		0.87702     0.2    0.2		4.1705503158		-1.0
	18135.00000000	3.43022		0.40787     0.2    0.2		4.1705503158		-1.0
	18180.00000000	3.31371		-0.46157     0.2    0.2		4.1705503158		-1.0
	18225.00000000	3.34647		-0.89317     0.2    0.2		4.1705503158		-1.0
	18270.00000000	3.3511		-1.27645     0.2    0.2		4.1705503158		-1.0
	18315.00000000	3.32033		-1.17927     0.2    0.2		4.1705503158		-1.0
	18360.00000000	2.95749		-1.12602     0.2    0.2		4.1705503158		-1.0
	18405.00000000	2.71145		-0.85107     0.2    0.2		4.1705503158		-1.0
	18450.00000000	3.28336		-0.78499     0.2    0.2		4.1705503158		-1.0
	18495.00000000	2.68581		-0.32563     0.2    0.2		4.1705503158		-1.0
	18540.00000000	2.64191		0.10097     0.2    0.2		4.1705503158		-1.0
	18585.00000000	2.76167		0.82222     0.2    0.2		4.1705503158		-1.0
	18630.00000000	2.70107		1.52018     0.2    0.2		4.1705503158		-1.0
	18675.00000000	2.66039		1.87034     0.2    0.2		4.1705503158		-1.0
	18720.00000000	2.62977		2.15463     0.2    0.2		4.1705503158		-1.0
	18765.00000000	3.52895		2.35858     0.2    0.2		4.1705503158		-1.0
	18810.00000000	3.34932		2.87236     0.2    0.2		4.1705503158		-1.0
	18855.00000000	2.80389		-3.05064     0.2    0.2		4.1705503158		-1.0
	18900.00000000	2.693		-2.78672     0.2    0.2		4.1705503158		-1.0
	18945.00000000	2.71216		-2.4188     0.2    0.2		4.1705503158		-1.0
	18990.00000000	2.66075		-2.19343     0.2    0.2		4.1705503158		-1.0
	19035.00000000	2.83784		-1.8785     0.2    0.2		4.1705503158		-1.0
	19080.00000000	2.66714		-1.86536     0.2    0.2		4.1705503158		-1.0
	19125.00000000	2.63023		-1.70056     0.2    0.2		4.1705503158		-1.0
	19170.00000000	2.6977		-1.68418     0.2    0.2		4.1705503158		-1.0
	19215.00000000	2.74902		-1.52339     0.2    0.2		4.1705503158		-1.0
	19260.00000000	2.67485		-1.13318     0.2    0.2		4.1705503158		-1.0
	19305.00000000	2.73943		-0.81033     0.2    0.2		4.1705503158		-1.0
	19350.00000000	2.8158		-0.41     0.2    0.2		4.1705503158		-1.0
	19395.00000000	3.09001		0.12164     0.2    0.2		4.1705503158		-1.0
	19440.00000000	2.96448		0.42061     0.2    0.2		4.1705503158		-1.0
	19485.00000000	2.73031		1.14724     0.2    0.2		4.1705503158		-1.0
	19530.00000000	2.68982		1.24364     0.2    0.2		4.1705503158		-1.0
	19575.00000000	3.47807		1.48461     0.2    0.2		4.1705503158		-1.0
	19620.00000000	3.46397		1.86244     0.2    0.2		4.1705503158		-1.0
	19665.00000000	3.42919		2.28104     0.2    0.2		4.1705503158		-1.0
	19710.00000000	3.2988		2.77317     0.2    0.2		4.1705503158		-1.0
	19755.00000000	3.31115		3.08849     0.2    0.2		4.1705503158		-1.0
	19800.00000000	3.37821		-3.02244     0.2    0.2		4.1705503158		-1.0
	19845.00000000	3.44914		-2.70884     0.2    0.2		4.1705503158		-1.0
	19890.00000000	3.34524		-2.81462     0.2    0.2		4.1705503158		-1.0
	19935.00000000	3.5419		-2.32947     0.2    0.2		4.1705503158		-1.0
	19980.00000000	3.36286		-2.25746     0.2    0.2		4.1705503158		-1.0
	20025.00000000	2.96229		-1.9226     0.2    0.2		4.1705503158		-1.0
	20070.00000000	3.25492		-1.81406     0.2    0.2		4.1705503158		-1.0
	20115.00000000	3.21296		-1.41642     0.2    0.2		4.1705503158		-1.0
	20160.00000000	2.774		-1.29745     0.2    0.2		4.1705503158		-1.0
	20205.00000000	3.27959		-0.51324     0.2    0.2		4.1705503158		-1.0
	20250.00000000	3.34577		0.35282     0.2    0.2		4.1705503158		-1.0
	20295.00000000	3.35769		0.96286     0.2    0.2		4.1705503158		-1.0
	20340.00000000	3.20679		0.99334     0.2    0.2		4.1705503158		-1.0
	20385.00000000	3.28759		1.28977     0.2    0.2		4.1705503158		-1.0
	20430.00000000	2.74841		1.19735     0.2    0.2		4.1705503158		-1.0
	20475.00000000	2.66701		0.70484     0.2    0.2		4.1705503158		-1.0
	20520.00000000	3.53558		0.27329     0.2    0.2		4.1705503158		-1.0
	20565.00000000	3.45028		-0.25815     0.2    0.2		4.1705503158		-1.0
	20610.00000000	3.39655		-0.2589     0.2    0.2		4.1705503158		-1.0
	20655.00000000	3.29263		-0.72139     0.2    0.2		4.1705503158		-1.0
	20700.00000000	3.19275		-0.73311     0.2    0.2		4.1705503158		-1.0
	20744.99999999	3.1718		-1.38765     0.2    0.2		4.1705503158		-1.0
	20789.99999999	3.29593		-1.42583     0.2    0.2		4.1705503158		-1.0
	20834.99999999	3.1695		-1.72342     0.2    0.2		4.1705503158		-1.0
	20879.99999999	3.25149		-2.10179     0.2    0.2		4.1705503158		-1.0
	20924.99999999	3.03165		-2.50315     0.2    0.2		4.1705503158		-1.0
	20969.99999999	3.09817		-2.47268     0.2    0.2		4.1705503158		-1.0
	21014.99999999	3.22566		-2.37978     0.2    0.2		4.1705503158		-1.0
	21059.99999999	3.53139		-2.42455     0.2    0.2		4.1705503158		-1.0
	21104.99999999	3.24855		-2.99679     0.2    0.2		4.1705503158		-1.0
	21149.99999999	3.43467		-2.7038     0.2    0.2		4.1705503158		-1.0
	21194.99999999	3.09603		-2.70561     0.2    0.2		4.1705503158		-1.0
	21239.99999999	3.26394		3.1014     0.2    0.2		4.1705503158		-1.0
	21284.99999999	2.91671		-3.07895     0.2    0.2		4.1705503158		-1.0
	21329.99999999	3.32367		2.59918     0.2    0.2		4.1705503158		-1.0
	21374.99999999	3.25787		2.47689     0.2    0.2		4.1705503158		-1.0
	21419.99999999	3.14502		2.10304     0.2    0.2		4.1705503158		-1.0
	21464.99999999	3.11534		1.86688     0.2    0.2		4.1705503158		-1.0
	21509.99999999	2.85805		1.48722     0.2    0.2		4.1705503158		-1.0
	21554.99999999	3.05267		1.18226     0.2    0.2		4.1705503158		-1.0
	21599.99999999	3.34447		0.54361     0.2    0.2		4.1705503158		-1.0
	21644.99999999	3.50173		-0.65303     0.2    0.2		4.1705503158		-1.0
	21689.99999999	2.83923		-0.93082     0.2    0.2		4.1705503158		-1.0
	21734.99999999	3.54163		-0.99303     0.2    0.2		4.1705503158		-1.0
	21779.99999999	3.27417		-0.92093     0.2    0.2		4.1705503158		-1.0
	21824.99999999	3.32714		-1.43637     0.2    0.2		4.1705503158		-1.0
	21869.99999999	2.96377		-1.08389     0.2    0.2		4.1705503158		-1.0
	21914.99999999	2.80933		-1.25407     0.2    0.2		4.1705503158		-1.0
	21959.99999999	2.71478		-0.66882     0.2    0.2		4.1705503158		-1.0
	22004.99999999	2.60574		-0.5762     0.2    0.2		4.1705503158		-1.0
	22049.99999999	3.49462		0.12689     0.2    0.2		4.1705503158		-1.0
	22094.99999999	3.50817		0.14101     0.2    0.2		4.1705503158		-1.0
	22139.99999999	2.58014		0.80325     0.2    0.2		4.1705503158		-1.0
	22184.99999999	2.67314		0.16669     0.2    0.2		4.1705503158		-1.0
	22229.99999999	2.73952		0.42761     0.2    0.2		4.1705503158		-1.0
	22274.99999999	2.85086		0.53362     0.2    0.2		4.1705503158		-1.0
	22319.99999999	2.99888		0.74995     0.2    0.2		4.1705503158		-1.0
	22364.99999999	3.25008		0.69382     0.2    0.2		4.1705503158		-1.0
	22409.99999999	3.70431		0.48712     0.2    0.2		4.1705503158		-1.0
	22454.99999999	3.32162		0.96837     0.2    0.2		4.1705503158		-1.0
	22499.99999999	3.25871		0.74355     0.2    0.2		4.1705503158		-1.0
	22544.99999999	3.60384		1.04278     0.2    0.2		4.1705503158		-1.0
	22589.99999999	3.60286		0.85364     0.2    0.2		4.1705503158		-1.0
	22634.99999999	2.57895		0.99471     0.2    0.2		4.1705503158		-1.0
	22679.99999999	3.57215		0.76937     0.2    0.2		4.1705503158		-1.0
	22724.99999999	2.83481		0.82438     0.2    0.2		4.1705503158		-1.0
	22769.99999999	3.05176		0.25786     0.2    0.2		4.1705503158		-1.0
	22814.99999999	3.09471		-0.07677     0.2    0.2		4.1705503158		-1.0
	22859.99999999	3.11708		-0.57628     0.2    0.2		4.1705503158		-1.0
	22904.99999999	3.3632		-0.90394     0.2    0.2		4.1705503158		-1.0
	22949.99999999	2.83257		-0.92144     0.2    0.2		4.1705503158		-1.0
	22994.99999999	3.36955		-1.16923     0.2    0.2		4.1705503158		-1.0
	23039.99999999	3.09963		-0.80207     0.2    0.2		4.1705503158		-1.0
	23084.99999999	3.59161		-0.64486     0.2    0.2		4.1705503158		-1.0
	23129.99999999	3.325		0.01408     0.2    0.2		4.1705503158		-1.0
	23174.99999999	3.10776		-0.25276     0.2    0.2		4.1705503158		-1.0
	23219.99999999	3.29826		-0.16999     0.2    0.2		4.1705503158		-1.0
	23264.99999999	2.84955		-0.28958     0.2    0.2		4.1705503158		-1.0
	23309.99999999	3.48922		-0.34563     0.2    0.2		4.1705503158		-1.0
	23354.99999999	3.13405		-0.21385     0.2    0.2		4.1705503158		-1.0
	23399.99999999	3.18505		0.36637     0.2    0.2		4.1705503158		-1.0
	23444.99999999	3.01581		0.95775     0.2    0.2		4.1705503158		-1.0
	23489.99999999	2.95277		1.1515     0.2    0.2		4.1705503158		-1.0
	23534.99999999	3.34226		1.45624     0.2    0.2		4.1705503158		-1.0
	23579.99999999	3.29338		2.11725     0.2    0.2		4.1705503158		-1.0
	23624.99999999	3.22129		2.53326     0.2    0.2		4.1705503158		-1.0
	23669.99999999	3.03699		2.83768     0.2    0.2		4.1705503158		-1.0
	23714.99999999	2.6388		2.74921     0.2    0.2		4.1705503158		-1.0
	23759.99999999	2.77217		2.69806     0.2    0.2		4.1705503158		-1.0
	23804.99999999	2.78346		2.45663     0.2    0.2		4.1705503158		-1.0
	23849.99999999	2.68591		1.70889     0.2    0.2		4.1705503158		-1.0
	23894.99999999	3.20801		1.49655     0.2    0.2		4.1705503158		-1.0
	23939.99999999	3.20618		1.29078     0.2    0.2		4.1705503158		-1.0
	23984.99999999	3.08891		1.43767     0.2    0.2		4.1705503158		-1.0
	24029.99999999	3.41033		1.3624     0.2    0.2		4.1705503158		-1.0
	24074.99999999	3.57953		1.54754     0.2    0.2		4.1705503158		-1.0
	24119.99999999	3.37635		1.73628     0.2    0.2		4.1705503158		-1.0
	24164.99999999	3.17057		2.1907     0.2    0.2		4.1705503158		-1.0
	24209.99999999	3.05004		2.44268     0.2    0.2		4.1705503158		-1.0
	24254.99999999	3.27731		2.80429     0.2    0.2		4.1705503158		-1.0
	24299.99999999	3.4179		2.96835     0.2    0.2		4.1705503158		-1.0
	24344.99999999	3.09308		-3.00628     0.2    0.2		4.1705503158		-1.0
	24389.99999999	3.28662		-2.61739     0.2    0.2		4.1705503158		-1.0
	24434.99999999	3.38976		-2.49317     0.2    0.2		4.1705503158		-1.0
	24479.99999999	3.31634		-2.17015     0.2    0.2		4.1705503158		-1.0
	24524.99999999	3.30304		-1.96731     0.2    0.2		4.1705503158		-1.0
	24569.99999999	3.34619		-1.90865     0.2    0.2		4.1705503158		-1.0
	24614.99999999	3.49322		-1.42391     0.2    0.2		4.1705503158		-1.0
	24659.99999999	3.16572		-1.26694     0.2    0.2		4.1705503158		-1.0
	24704.99999999	3.59164		-0.76529     0.2    0.2		4.1705503158		-1.0
	24749.99999999	3.11497		-0.12087     0.2    0.2		4.1705503158		-1.0
	24794.99999999	3.4536		0.19159     0.2    0.2		4.1705503158		-1.0
	24839.99999999	2.72626		0.95511     0.2    0.2		4.1705503158		-1.0
	24884.99999999	3.48661		0.62759     0.2    0.2		4.1705503158		-1.0
	24929.99999999	5.1654		0.95879     0.2    0.2		4.1705503158		-1.0
	24974.99999999	7.38742		0.71905     0.2    0.2		4.1705503158		-1.0
	25019.99999999	9.20309		1.13058     0.2    0.2		4.1705503158		-1.0
	25064.99999999	11.0024		1.37552     0.2    0.2		4.1705503158		-1.0
	25109.99999999	11.98875		2.20678     0.2    0.2		4.1705503158		-1.0
	25154.99999999	13.01969		-3.08421     0.2    0.2		4.1705503158		-1.0
	25199.99999999	13.70445		-2.56335     0.2    0.2		4.1705503158		-1.0
	25244.99999999	14.2863		-2.08639     0.2    0.2		4.1705503158		-1.0
	25289.99999999	14.92649		-1.92041     0.2    0.2		4.1705503158		-1.0
	25334.99999999	15.69098		-1.57535     0.2    0.2		4.1705503158		-1.0
	25379.99999999	16.47136		-1.34892     0.2    0.2		4.1705503158		-1.0
	25424.99999999	17.2886		-0.82365     0.2    0.2		4.1705503158		-1.0
	25469.99999999	18.18847		-0.52806     0.2    0.2		4.1705503158		-1.0
	25514.99999999	19.10951		-0.01675     0.2    0.2		4.1705503158		-1.0
	25559.99999999	19.94715		0.41256     0.2    0.2		4.1705503158		-1.0
	25604.99999999	20.80462		1.07534     0.2    0.2		4.1705503158		-1.0
	25649.99999999	21.4839		1.99735     0.2    0.2		4.1705503158		-1.0
	25694.99999999	22.10107		2.93007     0.2    0.2		4.1705503158		-1.0
	25739.99999999	22.76413		-2.79627     0.2    0.2		4.1705503158		-1.0
	25784.99999999	23.3754		-2.53162     0.2    0.2		4.1705503158		-1.0
	25829.99999999	23.52946		-2.23578     0.2    0.2		4.1705503158		-1.0
	25874.99999999	23.01833		2.14162     0.2    0.2		4.1705503158		-1.0
	25919.99999999	22.45429		2.00063     0.2    0.2		4.1705503158		-1.0
	25964.99999999	21.6459		1.87508     0.2    0.2		4.1705503158		-1.0
	26009.99999999	20.87108		1.76328     0.2    0.2		4.1705503158		-1.0
	26054.99999999	19.8513		1.593     0.2    0.2		4.1705503158		-1.0
	26099.99999999	18.67039		1.53332     0.2    0.2		4.1705503158		-1.0
	26144.99999999	17.72613		1.30735     0.2    0.2		4.1705503158		-1.0
	26189.99999999	16.60664		0.9424     0.2    0.2		4.1705503158		-1.0
	26234.99999999	15.98489		0.60543     0.2    0.2		4.1705503158		-1.0
	26279.99999999	15.21208		0.12606     0.2    0.2		4.1705503158		-1.0
	26324.99999999	14.98961		-0.2398     0.2    0.2		4.1705503158		-1.0
	26369.99999999	14.63989		-0.78737     0.2    0.2		4.1705503158		-1.0
	26414.99999999	14.8301		-1.1117     0.2    0.2		4.1705503158		-1.0
	26459.99999999	15.14579		-1.54949     0.2    0.2		4.1705503158		-1.0
	26504.99999999	15.88694		-1.88759     0.2    0.2		4.1705503158		-1.0
	26549.99999999	16.91532		-2.01877     0.2    0.2		4.1705503158		-1.0
	26594.99999999	18.16696		-1.95899     0.2    0.2		4.1705503158		-1.0
	26639.99999999	19.33989		-1.69767     0.2    0.2		4.1705503158		-1.0
	26684.99999999	20.31968		-1.25873     0.2    0.2		4.1705503158		-1.0
	26729.99999999	20.86873		-0.85556     0.2    0.2		4.1705503158		-1.0
	26774.99999999	21.37175		-0.27948     0.2    0.2		4.1705503158		-1.0
	26819.99999999	21.63392		0.27264     0.2    0.2		4.1705503158		-1.0
	26864.99999999	21.74366		1.3973     0.2    0.2		4.1705503158		-1.0
	26909.99999999	21.92014		2.37145     0.2    0.2		4.1705503158		-1.0
	26954.99999999	22.148		-3.05906     0.2    0.2		4.1705503158		-1.0
	26999.99999999	22.37708		-2.24826     0.2    0.2		4.1705503158		-1.0
	27044.99999999	22.49563		-1.03225     0.2    0.2		4.1705503158		-1.0
	27089.99999999	22.96263		0.02377     0.2    0.2		4.1705503158		-1.0
	27134.99999999	23.4972		0.81616     0.2    0.2		4.1705503158		-1.0
	27179.99999999	24.03823		1.07188     0.2    0.2		4.1705503158		-1.0
	27224.99999998	24.86636		1.07236     0.2    0.2		4.1705503158		-1.0
	27269.99999998	24.2448		-1.92055     0.2    0.2		4.1705503158		-1.0
	27314.99999998	23.57951		-1.44096     0.2    0.2		4.1705503158		-1.0
	27359.99999998	22.83847		-0.8764     0.2    0.2		4.1705503158		-1.0
	27404.99999998	22.16793		0.91978     0.2    0.2		4.1705503158		-1.0
	27449.99999998	21.19436		1.7895     0.2    0.2		4.1705503158		-1.0
	27494.99999998	20.55254		2.2914     0.2    0.2		4.1705503158		-1.0
	27539.99999998	19.56889		2.60675     0.2    0.2		4.1705503158		-1.0
	27584.99999998	18.81468		3.03897     0.2    0.2		4.1705503158		-1.0
	27629.99999998	17.84764		-2.7639     0.2    0.2		4.1705503158		-1.0
	27674.99999998	17.06239		-2.35137     0.2    0.2		4.1705503158		-1.0
	27719.99999998	16.05597		-2.02349     0.2    0.2		4.1705503158		-1.0
	27764.99999998	15.10293		-2.11128     0.2    0.2		4.1705503158		-1.0
	27809.99999998	13.75884		-2.65484     0.2    0.2		4.1705503158		-1.0
	27854.99999998	12.48627		3.08114     0.2    0.2		4.1705503158		-1.0
	27899.99999998	10.65286		3.02998     0.2    0.2		4.1705503158		-1.0
	27944.99999998	8.95836		-3.09839     0.2    0.2		4.1705503158		-1.0
	27989.99999998	7.44562		-2.74041     0.2    0.2		4.1705503158		-1.0
	28034.99999998	6.50396		-1.51073     0.2    0.2		4.1705503158		-1.0
	28079.99999998	6.07959		-0.77369     0.2    0.2		4.1705503158		-1.0
	28124.99999998	6.97541		-0.60322     0.2    0.2		4.1705503158		-1.0
	28169.99999998	8.02636		-0.6311     0.2    0.2		4.1705503158		-1.0
	28214.99999998	9.2246		-0.93712     0.2    0.2		4.1705503158		-1.0
	28259.99999998	10.55051		-1.05805     0.2    0.2		4.1705503158		-1.0
	28304.99999998	11.32605		-1.59598     0.2    0.2		4.1705503158		-1.0
	28349.99999998	12.16283		-1.91214     0.2    0.2		4.1705503158		-1.0
	28394.99999998	12.60621		-1.72842     0.2    0.2		4.1705503158		-1.0
	28439.99999998	13.43975		-1.49582     0.2    0.2		4.1705503158		-1.0
	28484.99999998	14.36433		-1.00297     0.2    0.2		4.1705503158		-1.0
	28529.99999998	15.21819		-0.58424     0.2    0.2		4.1705503158		-1.0
	28574.99999998	16.17963		-0.00119     0.2    0.2		4.1705503158		-1.0
	28619.99999998	17.02974		0.39551     0.2    0.2		4.1705503158		-1.0
	28664.99999998	17.85719		0.90312     0.2    0.2		4.1705503158		-1.0
	28709.99999998	18.68894		1.11327     0.2    0.2		4.1705503158		-1.0
	28754.99999998	19.64252		1.44867     0.2    0.2		4.1705503158		-1.0
	28799.99999998	20.90418		1.70935     0.2    0.2		4.1705503158		-1.0
	28844.99999998	21.87893		2.17917     0.2    0.2		4.1705503158		-1.0
	28889.99999998	22.71709		-2.18917     0.2    0.2		4.1705503158		-1.0
	28934.99999998	23.43516		-2.23101     0.2    0.2		4.1705503158		-1.0
	28979.99999998	22.83352		-2.16038     0.2    0.2		4.1705503158		-1.0
	29024.99999998	22.43563		-1.81678     0.2    0.2		4.1705503158		-1.0
	29069.99999998	21.86626		-1.74455     0.2    0.2		4.1705503158		-1.0
	29114.99999998	20.64576		-1.31625     0.2    0.2		4.1705503158		-1.0
	29159.99999998	19.62274		-1.33732     0.2    0.2		4.1705503158		-1.0
	29204.99999998	18.11075		-1.08841     0.2    0.2		4.1705503158		-1.0
	29249.99999998	16.67446		-1.14858     0.2    0.2		4.1705503158		-1.0
	29294.99999998	15.23428		-0.89024     0.2    0.2		4.1705503158		-1.0
	29339.99999998	13.68403		-0.91666     0.2    0.2		4.1705503158		-1.0
	29384.99999998	11.93544		-0.64256     0.2    0.2		4.1705503158		-1.0
	29429.99999998	10.4101		-0.65613     0.2    0.2		4.1705503158		-1.0
	29474.99999998	8.95436		-0.69035     0.2    0.2		4.1705503158		-1.0
	29519.99999998	7.61972		-0.84685     0.2    0.2		4.1705503158		-1.0
	29564.99999998	6.64663		-1.59442     0.2    0.2		4.1705503158		-1.0
	29609.99999998	6.1607		-2.31243     0.2    0.2		4.1705503158		-1.0
	29654.99999998	6.71136		-2.02315     0.2    0.2		4.1705503158		-1.0
	29699.99999998	8.268		-1.92249     0.2    0.2		4.1705503158		-1.0
	29744.99999998	9.97205		-2.12419     0.2    0.2		4.1705503158		-1.0
	29789.99999998	11.46994		-2.65033     0.2    0.2		4.1705503158		-1.0
	29834.99999998	12.52671		-2.945     0.2    0.2		4.1705503158		-1.0
	29879.99999998	13.52033		-2.83763     0.2    0.2		4.1705503158		-1.0
	29924.99999998	14.58686		-2.81948     0.2    0.2		4.1705503158		-1.0
	29969.99999998	15.91107		-2.57054     0.2    0.2		4.1705503158		-1.0
	30014.99999998	17.01643		-2.34147     0.2    0.2		4.1705503158		-1.0
	30059.99999998	18.31119		-0.37525     0.2    0.2		4.1705503158		-1.0
	30104.99999998	19.07763		0.63189     0.2    0.2		4.1705503158		-1.0
	30149.99999998	19.93617		1.44557     0.2    0.2		4.1705503158		-1.0
	30194.99999998	20.50042		1.83372     0.2    0.2		4.1705503158		-1.0
	30239.99999998	20.95694		1.79704     0.2    0.2		4.1705503158		-1.0
	30284.99999998	21.37138		1.78324     0.2    0.2		4.1705503158		-1.0
	30329.99999998	21.98223		1.97624     0.2    0.2		4.1705503158		-1.0
	30374.99999998	23.03962		1.75785     0.2    0.2		4.1705503158		-1.0
	30419.99999998	23.95582		1.85383     0.2    0.2		4.1705503158		-1.0
	30464.99999998	25.16045		1.65097     0.2    0.2		4.1705503158		-1.0
	30509.99999998	26.44634		1.68844     0.2    0.2		4.1705503158		-1.0
	30554.99999998	27.01996		0.86577     0.2    0.2		4.1705503158		-1.0
	30599.99999998	27.51142		0.97615     0.2    0.2		4.1705503158		-1.0
	30644.99999998	28.08797		0.82281     0.2    0.2		4.1705503158		-1.0
	30689.99999998	29.22684		0.81533     0.2    0.2		4.1705503158		-1.0
	30734.99999998	30.27526		0.42568     0.2    0.2		4.1705503158		-1.0
	30779.99999998	30.05055		0.25322     0.2    0.2		4.1705503158		-1.0
	30824.99999998	29.89327		0.73536     0.2    0.2		4.1705503158		-1.0
	30869.99999998	29.65117		1.26106     0.2    0.2		4.1705503158		-1.0
	30914.99999998	29.67175		1.77743     0.2    0.2		4.1705503158		-1.0
	30959.99999998	29.8763		2.52396     0.2    0.2		4.1705503158		-1.0
	31004.99999998	30.11702		-2.98585     0.2    0.2		4.1705503158		-1.0
	31049.99999998	30.61316		-2.23583     0.2    0.2		4.1705503158		-1.0
	31094.99999998	31.27253		-1.8004     0.2    0.2		4.1705503158		-1.0
	31139.99999998	31.95953		-1.67187     0.2    0.2		4.1705503158		-1.0
	31184.99999998	32.69887		-1.80451     0.2    0.2		4.1705503158		-1.0
	31229.99999998	32.86545		-2.50248     0.2    0.2		4.1705503158		-1.0
	31274.99999998	32.899		-3.03493     0.2    0.2		4.1705503158		-1.0
	31319.99999998	31.94915		-2.95854     0.2    0.2		4.1705503158		-1.0
	31364.99999998	31.42394		-2.54858     0.2    0.2		4.1705503158		-1.0
	31409.99999998	30.72152		-1.92252     0.2    0.2		4.1705503158		-1.0
	31454.99999998	30.51185		-0.69593     0.2    0.2		4.1705503158		-1.0
	31499.99999998	30.77751		0.30259     0.2    0.2		4.1705503158		-1.0
	31544.99999998	30.58417		0.75556     0.2    0.2		4.1705503158		-1.0
	31589.99999998	29.92236		0.70467     0.2    0.2		4.1705503158		-1.0
	31634.99999998	28.87811		-0.56852     0.2    0.2		4.1705503158		-1.0
	31679.99999998	27.21418		-0.4356     0.2    0.2		4.1705503158		-1.0
	31724.99999998	25.70339		0.0276     0.2    0.2		4.1705503158		-1.0
	31769.99999998	24.46961		-1.63954     0.2    0.2		4.1705503158		-1.0
	31814.99999998	23.934		-2.23145     0.2    0.2		4.1705503158		-1.0
	31859.99999998	23.76386		-1.56716     0.2    0.2		4.1705503158		-1.0
	31904.99999998	24.26341		-0.78311     0.2    0.2		4.1705503158		-1.0
	31949.99999998	24.43149		0.18346     0.2    0.2		4.1705503158		-1.0
	31994.99999998	24.43696		1.41542     0.2    0.2		4.1705503158		-1.0
	32039.99999998	24.37365		-2.53377     0.2    0.2		4.1705503158		-1.0
	32084.99999998	24.12267		0.46255     0.2    0.2		4.1705503158		-1.0
	32129.99999998	24.59087		1.02478     0.2    0.2		4.1705503158		-1.0
	32174.99999998	25.26884		1.91279     0.2    0.2		4.1705503158		-1.0
	32219.99999998	26.34031		2.51689     0.2    0.2		4.1705503158		-1.0
	32264.99999998	24.74074		-1.92577     0.2    0.2		4.1705503158		-1.0
	32309.99999998	23.96932		-0.63266     0.2    0.2		4.1705503158		-1.0
	32354.99999998	23.39566		-1.56953     0.2    0.2		4.1705503158		-1.0
	32399.99999998	23.54862		0.62044     0.2    0.2		4.1705503158		-1.0
	32444.99999998	24.10003		0.47351     0.2    0.2		4.1705503158		-1.0
	32489.99999998	24.38773		0.43709     0.2    0.2		4.1705503158		-1.0
	32534.99999998	24.3644		0.02784     0.2    0.2		4.1705503158		-1.0
	32579.99999998	23.96724		-1.06625     0.2    0.2		4.1705503158		-1.0
	32624.99999998	22.95968		-1.22388     0.2    0.2		4.1705503158		-1.0
	32669.99999998	21.88384		-1.27298     0.2    0.2		4.1705503158		-1.0
	32714.99999998	21.12061		-0.91529     0.2    0.2		4.1705503158		-1.0
	32759.99999998	21.03744		-0.53143     0.2    0.2		4.1705503158		-1.0
	32804.99999998	21.75517		-0.23229     0.2    0.2		4.1705503158		-1.0
	32849.99999998	22.49753		-0.63009     0.2    0.2		4.1705503158		-1.0
	32894.99999998	22.6423		-1.57029     0.2    0.2		4.1705503158		-1.0
	32939.99999998	21.94771		-1.89562     0.2    0.2		4.1705503158		-1.0
	32984.99999998	20.75363		-1.64376     0.2    0.2		4.1705503158		-1.0
	33029.99999998	20.18611		-1.47584     0.2    0.2		4.1705503158		-1.0
	33074.99999998	19.82713		-1.35073     0.2    0.2		4.1705503158		-1.0
	33119.99999998	19.44404		-1.20197     0.2    0.2		4.1705503158		-1.0
	33164.99999998	18.32731		-1.08721     0.2    0.2		4.1705503158		-1.0
	33209.99999998	16.93996		-1.17594     0.2    0.2		4.1705503158		-1.0
	33254.99999998	15.25466		-1.29623     0.2    0.2		4.1705503158		-1.0
	33299.99999998	13.55831		-1.4705     0.2    0.2		4.1705503158		-1.0
	33344.99999998	11.97151		-1.63623     0.2    0.2		4.1705503158		-1.0
	33389.99999998	10.52319		-1.5905     0.2    0.2		4.1705503158		-1.0
	33434.99999998	9.28281		-1.51617     0.2    0.2		4.1705503158		-1.0
	33479.99999998	8.30035		-1.0572     0.2    0.2		4.1705503158		-1.0
	33524.99999998	7.98479		-0.06878     0.2    0.2		4.1705503158		-1.0
	33569.99999998	8.25663		0.56397     0.2    0.2		4.1705503158		-1.0
	33614.99999998	9.11813		0.75091     0.2    0.2		4.1705503158		-1.0
	33659.99999998	10.03085		0.87036     0.2    0.2		4.1705503158		-1.0
	33704.99999998	11.2845		0.79148     0.2    0.2		4.1705503158		-1.0
	33749.99999997	12.53479		0.78096     0.2    0.2		4.1705503158		-1.0
	33794.99999997	13.97517		0.73383     0.2    0.2		4.1705503158		-1.0
	33839.99999997	15.1167		0.71981     0.2    0.2		4.1705503158		-1.0
	33884.99999997	15.97983		0.73324     0.2    0.2		4.1705503158		-1.0
	33929.99999997	16.65713		1.10222     0.2    0.2		4.1705503158		-1.0
	33974.99999997	17.04445		2.10928     0.2    0.2		4.1705503158		-1.0
	34019.99999997	17.19638		-2.85734     0.2    0.2		4.1705503158		-1.0
	34064.99999997	17.32576		-1.78996     0.2    0.2		4.1705503158		-1.0
	34109.99999997	17.6309		-1.06927     0.2    0.2		4.1705503158		-1.0
	34154.99999997	17.7862		-0.17519     0.2    0.2		4.1705503158		-1.0
	34199.99999997	17.60771		0.63279     0.2    0.2		4.1705503158		-1.0
	34244.99999997	17.04522		1.44249     0.2    0.2		4.1705503158		-1.0
	34289.99999997	16.28937		2.45655     0.2    0.2		4.1705503158		-1.0
	34334.99999997	15.65768		-2.65828     0.2    0.2		4.1705503158		-1.0
	34379.99999997	15.28437		-1.77895     0.2    0.2		4.1705503158		-1.0
	34424.99999997	15.50635		-0.10346     0.2    0.2		4.1705503158		-1.0
	34469.99999997	16.27858		1.61077     0.2    0.2		4.1705503158		-1.0
	34514.99999997	16.99535		2.07989     0.2    0.2		4.1705503158		-1.0
	34559.99999997	17.96153		2.60945     0.2    0.2		4.1705503158		-1.0
	34604.99999997	18.91957		-3.12461     0.2    0.2		4.1705503158		-1.0
	34649.99999997	19.87756		-2.44194     0.2    0.2		4.1705503158		-1.0
	34694.99999997	20.33646		-1.82181     0.2    0.2		4.1705503158		-1.0
	34739.99999997	20.88156		-1.47688     0.2    0.2		4.1705503158		-1.0
	34784.99999997	21.91182		-1.40653     0.2    0.2		4.1705503158		-1.0
	34829.99999997	23.20702		-2.74026     0.2    0.2		4.1705503158		-1.0
	34874.99999997	24.25864		2.69971     0.2    0.2		4.1705503158		-1.0
	34919.99999997	22.3755		2.60343     0.2    0.2		4.1705503158		-1.0
	34964.99999997	20.70192		2.43486     0.2    0.2		4.1705503158		-1.0
	35009.99999997	19.25523		2.08848     0.2    0.2		4.1705503158		-1.0
	35054.99999997	18.13512		1.79094     0.2    0.2		4.1705503158		-1.0
	35099.99999997	17.17909		1.7019     0.2    0.2		4.1705503158		-1.0
	35144.99999997	16.40996		1.66116     0.2    0.2		4.1705503158		-1.0
	35189.99999997	15.40908		1.81462     0.2    0.2		4.1705503158		-1.0
	35234.99999997	14.56433		1.52809     0.2    0.2		4.1705503158		-1.0
	35279.99999997	13.83402		-0.5426     0.2    0.2		4.1705503158		-1.0
	35324.99999997	13.30883		-0.4164     0.2    0.2		4.1705503158		-1.0
	35369.99999997	12.39515		-0.54245     0.2    0.2		4.1705503158		-1.0
	35414.99999997	11.69416		-0.1487     0.2    0.2		4.1705503158		-1.0
	35459.99999997	10.88807		-0.02442     0.2    0.2		4.1705503158		-1.0
	35504.99999997	9.96946		0.25465     0.2    0.2		4.1705503158		-1.0
	35549.99999997	8.90183		0.57353     0.2    0.2		4.1705503158		-1.0
	35594.99999997	7.84634		0.77084     0.2    0.2		4.1705503158		-1.0
	35639.99999997	6.7512		1.30617     0.2    0.2		4.1705503158		-1.0
	35684.99999997	6.10664		1.63971     0.2    0.2		4.1705503158		-1.0
	35729.99999997	6.39587		2.20737     0.2    0.2		4.1705503158		-1.0
	35774.99999997	7.73275		2.37133     0.2    0.2		4.1705503158		-1.0
	35819.99999997	9.5267		2.73455     0.2    0.2		4.1705503158		-1.0
	35864.99999997	11.07554		2.46284     0.2    0.2		4.1705503158		-1.0
	35909.99999997	12.24885		2.24991     0.2    0.2		4.1705503158		-1.0
	35954.99999997	13.37339		-0.09056     0.2    0.2		4.1705503158		-1.0
	35999.99999997	14.08795		-0.26702     0.2    0.2		4.1705503158		-1.0
	36044.99999997	14.7656		0.0706     0.2    0.2		4.1705503158		-1.0
	36089.99999997	15.35595		0.44556     0.2    0.2		4.1705503158		-1.0
	36134.99999997	15.62111		1.01883     0.2    0.2		4.1705503158		-1.0
	36179.99999997	15.96771		1.70645     0.2    0.2		4.1705503158		-1.0
	36224.99999997	15.85294		2.96258     0.2    0.2		4.1705503158		-1.0
	36269.99999997	16.22565		-1.43334     0.2    0.2		4.1705503158		-1.0
	36314.99999997	15.9436		-0.33022     0.2    0.2		4.1705503158		-1.0
	36359.99999997	16.59815		0.73367     0.2    0.2		4.1705503158		-1.0
	36404.99999997	16.3061		1.26009     0.2    0.2		4.1705503158		-1.0
	36449.99999997	16.81795		1.7773     0.2    0.2		4.1705503158		-1.0
	36494.99999997	16.6961		2.40359     0.2    0.2		4.1705503158		-1.0
	36539.99999997	17.07784		2.80621     0.2    0.2		4.1705503158		-1.0
	36584.99999997	17.3644		-3.13241     0.2    0.2		4.1705503158		-1.0
	36629.99999997	17.61216		2.55387     0.2    0.2		4.1705503158		-1.0
	36674.99999997	17.46662		2.37186     0.2    0.2		4.1705503158		-1.0
	36719.99999997	16.7265		2.46953     0.2    0.2		4.1705503158		-1.0
	36764.99999997	16.2067		-2.87643     0.2    0.2		4.1705503158		-1.0
	36809.99999997	16.41016		-1.95537     0.2    0.2		4.1705503158		-1.0
	36854.99999997	17.61585		-1.41686     0.2    0.2		4.1705503158		-1.0
	36899.99999997	18.87165		-1.43174     0.2    0.2		4.1705503158		-1.0
	36944.99999997	19.60895		-2.11999     0.2    0.2		4.1705503158		-1.0
	36989.99999997	19.48027		-2.47929     0.2    0.2		4.1705503158		-1.0
	37034.99999997	18.8728		-1.97086     0.2    0.2		4.1705503158		-1.0
	37079.99999997	18.47026		-1.25438     0.2    0.2		4.1705503158		-1.0
	37124.99999997	18.7457		-1.1256     0.2    0.2		4.1705503158		-1.0
	37169.99999997	19.37106		-1.79765     0.2    0.2		4.1705503158		-1.0
	37214.99999997	19.42778		-2.42692     0.2    0.2		4.1705503158		-1.0
	37259.99999997	18.62563		-2.50027     0.2    0.2		4.1705503158		-1.0
	37304.99999997	17.75159		-1.7646     0.2    0.2		4.1705503158		-1.0
	37349.99999997	17.7634		-1.5014     0.2    0.2		4.1705503158		-1.0
	37394.99999997	18.45861		-2.02553     0.2    0.2		4.1705503158		-1.0
	37439.99999997	18.51696		-2.81006     0.2    0.2		4.1705503158		-1.0
	37484.99999997	17.99223		2.91505     0.2    0.2		4.1705503158		-1.0
	37529.99999997	17.58037		-2.68164     0.2    0.2		4.1705503158		-1.0
	37574.99999997	17.88916		-1.98919     0.2    0.2		4.1705503158		-1.0
	37619.99999997	18.72141		-2.13948     0.2    0.2		4.1705503158		-1.0
	37664.99999997	19.19637		-2.91     0.2    0.2		4.1705503158		-1.0
	37709.99999997	19.64744		2.6917     0.2    0.2		4.1705503158		-1.0
	37754.99999997	19.6846		2.25888     0.2    0.2		4.1705503158		-1.0
	37799.99999997	19.93929		2.00904     0.2    0.2		4.1705503158		-1.0
	37844.99999997	20.47306		2.55338     0.2    0.2		4.1705503158		-1.0
	37889.99999997	20.68898		-2.731     0.2    0.2		4.1705503158		-1.0
	37934.99999997	21.43493		-2.40522     0.2    0.2		4.1705503158		-1.0
	37979.99999997	22.01531		-2.61596     0.2    0.2		4.1705503158		-1.0
	38024.99999997	22.6429		3.07298     0.2    0.2		4.1705503158		-1.0
	38069.99999997	22.92838		2.36995     0.2    0.2		4.1705503158		-1.0
	38114.99999997	22.50661		2.41931     0.2    0.2		4.1705503158		-1.0
	38159.99999997	22.43495		2.29016     0.2    0.2		4.1705503158		-1.0
	38204.99999997	22.12888		2.57097     0.2    0.2		4.1705503158		-1.0
	38249.99999997	22.63723		2.36784     0.2    0.2		4.1705503158		-1.0
	38294.99999997	23.02731		2.04852     0.2    0.2		4.1705503158		-1.0
	38339.99999997	24.12292		1.08646     0.2    0.2		4.1705503158		-1.0
	38384.99999997	25.16251		0.11511     0.2    0.2		4.1705503158		-1.0
	38429.99999997	25.87303		0.61365     0.2    0.2		4.1705503158		-1.0
	38474.99999997	26.21636		-1.68325     0.2    0.2		4.1705503158		-1.0
	38519.99999997	26.44479		-2.57609     0.2    0.2		4.1705503158		-1.0
	38564.99999997	25.95851		2.42572     0.2    0.2		4.1705503158		-1.0
	38609.99999997	26.05695		2.19094     0.2    0.2		4.1705503158		-1.0
	38654.99999997	25.78192		1.29903     0.2    0.2		4.1705503158		-1.0
	38699.99999997	25.95634		0.71062     0.2    0.2		4.1705503158		-1.0
	38744.99999997	26.65187		0.66136     0.2    0.2		4.1705503158		-1.0
	38789.99999997	27.71387		0.1275     0.2    0.2		4.1705503158		-1.0
	38834.99999997	28.48557		0.35467     0.2    0.2		4.1705503158		-1.0
	38879.99999997	27.14699		0.30611     0.2    0.2		4.1705503158		-1.0
	38924.99999997	25.65873		-0.15573     0.2    0.2		4.1705503158		-1.0
	38969.99999997	25.29421		-0.99623     0.2    0.2		4.1705503158		-1.0
	39014.99999997	25.25024		-1.05084     0.2    0.2		4.1705503158		-1.0
	39059.99999997	25.50227		-1.87448     0.2    0.2		4.1705503158		-1.0
	39104.99999997	25.1755		-0.3549     0.2    0.2		4.1705503158		-1.0
	39149.99999997	24.59096		0.38443     0.2    0.2		4.1705503158		-1.0
	39194.99999997	24.10899		0.76737     0.2    0.2		4.1705503158		-1.0
	39239.99999997	23.55965		0.66711     0.2    0.2		4.1705503158		-1.0
	39284.99999997	23.13318		-0.04301     0.2    0.2		4.1705503158		-1.0
	39329.99999997	23.21244		-1.14227     0.2    0.2		4.1705503158		-1.0
	39374.99999997	24.10729		-1.98913     0.2    0.2		4.1705503158		-1.0
	39419.99999997	25.41843		-2.81898     0.2    0.2		4.1705503158		-1.0
	39464.99999997	26.3404		-3.03737     0.2    0.2		4.1705503158		-1.0
	39509.99999997	26.90307		3.07972     0.2    0.2		4.1705503158		-1.0
	39554.99999997	27.16233		2.67798     0.2    0.2		4.1705503158		-1.0
	39599.99999997	27.07001		2.28722     0.2    0.2		4.1705503158		-1.0
	39644.99999997	26.77403		-1.13033     0.2    0.2		4.1705503158		-1.0
	39689.99999997	26.39457		-0.90176     0.2    0.2		4.1705503158		-1.0
	39734.99999997	27.16942		-1.69031     0.2    0.2		4.1705503158		-1.0
	39779.99999997	26.81731		-2.20583     0.2    0.2		4.1705503158		-1.0
	39824.99999997	26.84589		-2.72666     0.2    0.2		4.1705503158		-1.0
	39869.99999997	26.96752		-2.98547     0.2    0.2		4.1705503158		-1.0
	39914.99999997	28.50624		-2.35072     0.2    0.2		4.1705503158		-1.0
	39959.99999997	29.9848		2.00229     0.2    0.2		4.1705503158		-1.0
	40004.99999997	29.38132		1.32017     0.2    0.2		4.1705503158		-1.0
	40049.99999997	28.43223		0.26604     0.2    0.2		4.1705503158		-1.0
	40094.99999997	28.40822		-1.21551     0.2    0.2		4.1705503158		-1.0
	40139.99999997	28.88619		-2.16572     0.2    0.2		4.1705503158		-1.0
	40184.99999997	29.87729		3.00059     0.2    0.2		4.1705503158		-1.0
	40229.99999996	30.60881		2.61214     0.2    0.2		4.1705503158		-1.0
	40274.99999996	30.47764		-2.61329     0.2    0.2		4.1705503158		-1.0
	40319.99999996	30.04924		-3.00179     0.2    0.2		4.1705503158		-1.0
	40364.99999996	29.25386		-1.48296     0.2    0.2		4.1705503158		-1.0
	40409.99999996	29.47452		-0.93526     0.2    0.2		4.1705503158		-1.0
	40454.99999996	30.36371		-1.99022     0.2    0.2		4.1705503158		-1.0
	40499.99999996	31.86256		-2.55071     0.2    0.2		4.1705503158		-1.0
	40544.99999996	32.62119		-2.5527     0.2    0.2		4.1705503158		-1.0
	40589.99999996	32.10851		-1.41443     0.2    0.2		4.1705503158		-1.0
	40634.99999996	31.85053		-1.59789     0.2    0.2		4.1705503158		-1.0
	40679.99999996	31.88415		-2.25233     0.2    0.2		4.1705503158		-1.0
	40724.99999996	31.74243		-2.68937     0.2    0.2		4.1705503158		-1.0
	40769.99999996	31.07818		2.30466     0.2    0.2		4.1705503158		-1.0
	40814.99999996	30.60976		1.87632     0.2    0.2		4.1705503158		-1.0
	40859.99999996	29.64912		1.48118     0.2    0.2		4.1705503158		-1.0
	40904.99999996	28.92056		0.3146     0.2    0.2		4.1705503158		-1.0
	40949.99999996	28.1485		-0.93273     0.2    0.2		4.1705503158		-1.0
	40994.99999996	27.63316		-1.97116     0.2    0.2		4.1705503158		-1.0
	41039.99999996	26.889		-2.6878     0.2    0.2		4.1705503158		-1.0
	41084.99999996	26.09034		2.73323     0.2    0.2		4.1705503158		-1.0
	41129.99999996	24.77839		2.40056     0.2    0.2		4.1705503158		-1.0
	41174.99999996	23.62695		2.07916     0.2    0.2		4.1705503158		-1.0
	41219.99999996	23.00751		2.20845     0.2    0.2		4.1705503158		-1.0
	41264.99999996	22.94979		3.04187     0.2    0.2		4.1705503158		-1.0
	41309.99999996	23.86773		-2.62342     0.2    0.2		4.1705503158		-1.0
	41354.99999996	24.78157		-2.77291     0.2    0.2		4.1705503158		-1.0
	41399.99999996	26.15497		-2.86005     0.2    0.2		4.1705503158		-1.0
	41444.99999996	27.6149		-3.0932     0.2    0.2		4.1705503158		-1.0
	41489.99999996	29.07636		-2.88484     0.2    0.2		4.1705503158		-1.0
	41534.99999996	30.14837		-1.89973     0.2    0.2		4.1705503158		-1.0
	41579.99999996	30.7301		-0.74293     0.2    0.2		4.1705503158		-1.0
	41624.99999996	31.18036		-0.55355     0.2    0.2		4.1705503158		-1.0
	41669.99999996	30.64182		-0.29955     0.2    0.2		4.1705503158		-1.0
	41714.99999996	29.85482		0.00955     0.2    0.2		4.1705503158		-1.0
	41759.99999996	28.70872		-0.08024     0.2    0.2		4.1705503158		-1.0
	41804.99999996	27.40877		-0.31953     0.2    0.2		4.1705503158		-1.0
	41849.99999996	26.57351		-0.78421     0.2    0.2		4.1705503158		-1.0
	41894.99999996	25.70358		-1.08823     0.2    0.2		4.1705503158		-1.0
	41939.99999996	25.16105		-1.48836     0.2    0.2		4.1705503158		-1.0
	41984.99999996	24.80844		-1.84544     0.2    0.2		4.1705503158		-1.0
	42029.99999996	25.41606		-1.99077     0.2    0.2		4.1705503158		-1.0
	42074.99999996	26.04461		-1.77761     0.2    0.2		4.1705503158		-1.0
	42119.99999996	26.01653		-0.45166     0.2    0.2		4.1705503158		-1.0
	42164.99999996	26.08927		0.01557     0.2    0.2		4.1705503158		-1.0
	42209.99999996	26.51316		-0.15475     0.2    0.2		4.1705503158		-1.0
	42254.99999996	27.38998		-0.24234     0.2    0.2		4.1705503158		-1.0
	42299.99999996	28.72788		-0.40791     0.2    0.2		4.1705503158		-1.0
	42344.99999996	30.03927		-0.52067     0.2    0.2		4.1705503158		-1.0
	42389.99999996	31.13896		-0.59354     0.2    0.2		4.1705503158		-1.0
	42434.99999996	31.82256		-0.03704     0.2    0.2		4.1705503158		-1.0
	42479.99999996	30.93951		-0.11123     0.2    0.2		4.1705503158		-1.0
	42524.99999996	29.85516		-0.25184     0.2    0.2		4.1705503158		-1.0
	42569.99999996	28.94831		-0.42454     0.2    0.2		4.1705503158		-1.0
	42614.99999996	28.25723		-0.45487     0.2    0.2		4.1705503158		-1.0
	42659.99999996	27.43646		-0.61139     0.2    0.2		4.1705503158		-1.0
	42704.99999996	26.83163		-0.98647     0.2    0.2		4.1705503158		-1.0
	42749.99999996	26.91557		-2.33664     0.2    0.2		4.1705503158		-1.0
	42794.99999996	27.61042		-2.9513     0.2    0.2		4.1705503158		-1.0
	42839.99999996	28.70788		-2.49759     0.2    0.2		4.1705503158		-1.0
	42884.99999996	29.7613		-2.26046     0.2    0.2		4.1705503158		-1.0
	42929.99999996	30.71087		-2.19989     0.2    0.2		4.1705503158		-1.0
	42974.99999996	32.07383		-2.41269     0.2    0.2		4.1705503158		-1.0
	43019.99999996	33.29133		-2.83713     0.2    0.2		4.1705503158		-1.0
	43064.99999996	33.82662		-0.11517     0.2    0.2		4.1705503158		-1.0
	43109.99999996	33.70011		-0.39746     0.2    0.2		4.1705503158		-1.0
	43154.99999996	32.88985		-0.25025     0.2    0.2		4.1705503158		-1.0
	43199.99999996	32.42587		-1.24594     0.2    0.2		4.1705503158		-1.0
	43244.99999996	31.63485		-1.15134     0.2    0.2		4.1705503158		-1.0
	43289.99999996	31.00871		-1.08886     0.2    0.2		4.1705503158		-1.0
	43334.99999996	29.6928		-1.1192     0.2    0.2		4.1705503158		-1.0
	43379.99999996	28.79345		-1.46654     0.2    0.2		4.1705503158		-1.0
	43424.99999996	27.62514		-1.65126     0.2    0.2		4.1705503158		-1.0
	43469.99999996	26.62599		-1.70508     0.2    0.2		4.1705503158		-1.0
	43514.99999996	25.59963		-1.83761     0.2    0.2		4.1705503158		-1.0
	43559.99999996	25.04232		-1.70335     0.2    0.2		4.1705503158		-1.0
	43604.99999996	24.34678		-1.18414     0.2    0.2		4.1705503158		-1.0
	43649.99999996	24.64308		-0.50717     0.2    0.2		4.1705503158		-1.0
	43694.99999996	25.1814		0.03421     0.2    0.2		4.1705503158		-1.0
	43739.99999996	26.07907		0.52377     0.2    0.2		4.1705503158		-1.0
	43784.99999996	27.00715		0.84617     0.2    0.2		4.1705503158		-1.0
	43829.99999996	28.20812		1.2278     0.2    0.2		4.1705503158		-1.0
	43874.99999996	29.22892		0.92034     0.2    0.2		4.1705503158		-1.0
	43919.99999996	29.57599		0.64897     0.2    0.2		4.1705503158		-1.0
	43964.99999996	28.66219		0.44524     0.2    0.2		4.1705503158		-1.0
	44009.99999996	27.4431		0.17198     0.2    0.2		4.1705503158		-1.0
	44054.99999996	26.04146		0.08631     0.2    0.2		4.1705503158		-1.0
	44099.99999996	24.22079		-0.08597     0.2    0.2		4.1705503158		-1.0
	44144.99999996	22.83804		-0.18061     0.2    0.2		4.1705503158		-1.0
	44189.99999996	21.51377		-0.51781     0.2    0.2		4.1705503158		-1.0
	44234.99999996	20.42373		-0.86037     0.2    0.2		4.1705503158		-1.0
	44279.99999996	19.35637		-1.34271     0.2    0.2		4.1705503158		-1.0
	44324.99999996	18.37841		-1.73224     0.2    0.2		4.1705503158		-1.0
	44369.99999996	17.33372		-2.20627     0.2    0.2		4.1705503158		-1.0
	44414.99999996	16.51627		-2.67293     0.2    0.2		4.1705503158		-1.0
	44459.99999996	15.98943		-2.7512     0.2    0.2		4.1705503158		-1.0
	44504.99999996	15.38897		-2.85196     0.2    0.2		4.1705503158		-1.0
	44549.99999996	14.8356		-2.99982     0.2    0.2		4.1705503158		-1.0
	44594.99999996	14.31705		3.07291     0.2    0.2		4.1705503158		-1.0
	44639.99999996	13.70271		2.92615     0.2    0.2		4.1705503158		-1.0
	44684.99999996	12.94004		2.81527     0.2    0.2		4.1705503158		-1.0
	44729.99999996	12.15403		2.56385     0.2    0.2		4.1705503158		-1.0
	44774.99999996	11.07979		2.59663     0.2    0.2		4.1705503158		-1.0
	44819.99999996	9.90263		2.40652     0.2    0.2		4.1705503158		-1.0
	44864.99999996	8.53558		2.46651     0.2    0.2		4.1705503158		-1.0
	44909.99999996	7.22469		2.36004     0.2    0.2		4.1705503158		-1.0
	44954.99999996	5.9244		2.45643     0.2    0.2		4.1705503158		-1.0
	44999.99999996	5.45834		2.56663     0.2    0.2		4.1705503158		-1.0
	45044.99999996	6.31299		2.68416     0.2    0.2		4.1705503158		-1.0
	45089.99999996	7.87328		2.75797     0.2    0.2		4.1705503158		-1.0
	45134.99999996	9.27604		2.90011     0.2    0.2		4.1705503158		-1.0
	45179.99999996	10.77699		3.09343     0.2    0.2		4.1705503158		-1.0
	45224.99999996	12.29602		-2.7515     0.2    0.2		4.1705503158		-1.0
	45269.99999996	13.62711		-1.02913     0.2    0.2		4.1705503158		-1.0
	45314.99999996	15.16475		1.00744     0.2    0.2		4.1705503158		-1.0
	45359.99999996	15.95092		1.74884     0.2    0.2		4.1705503158		-1.0
	45404.99999996	16.94055		2.44984     0.2    0.2		4.1705503158		-1.0
	45449.99999996	17.72413		2.94865     0.2    0.2		4.1705503158		-1.0
	45494.99999996	18.74958		-2.78757     0.2    0.2		4.1705503158		-1.0
	45539.99999996	19.64526		-2.31198     0.2    0.2		4.1705503158		-1.0
	45584.99999996	20.55727		-1.94625     0.2    0.2		4.1705503158		-1.0
	45629.99999996	21.3419		2.43436     0.2    0.2		4.1705503158		-1.0
	45674.99999996	21.85325		-3.03332     0.2    0.2		4.1705503158		-1.0
	45719.99999996	22.08018		-2.58382     0.2    0.2		4.1705503158		-1.0
	45764.99999996	21.66888		-2.29824     0.2    0.2		4.1705503158		-1.0
	45809.99999996	20.89265		-2.15424     0.2    0.2		4.1705503158		-1.0
	45854.99999996	19.68181		-1.90866     0.2    0.2		4.1705503158		-1.0
	45899.99999996	18.6662		-1.947     0.2    0.2		4.1705503158		-1.0
	45944.99999996	17.88178		-3.09274     0.2    0.2		4.1705503158		-1.0
	45989.99999996	17.21605		2.63919     0.2    0.2		4.1705503158		-1.0
	46034.99999996	17.12441		2.97826     0.2    0.2		4.1705503158		-1.0
	46079.99999996	16.82372		-2.5685     0.2    0.2		4.1705503158		-1.0
	46124.99999996	16.58733		-1.68552     0.2    0.2		4.1705503158		-1.0
	46169.99999996	16.49975		0.38315     0.2    0.2		4.1705503158		-1.0
	46214.99999996	17.41682		1.0952     0.2    0.2		4.1705503158		-1.0
	46259.99999996	18.60293		1.49356     0.2    0.2		4.1705503158		-1.0
	46304.99999996	20.03845		1.86319     0.2    0.2		4.1705503158		-1.0
	46349.99999996	21.45211		2.48499     0.2    0.2		4.1705503158		-1.0
	46394.99999996	22.60341		-3.11448     0.2    0.2		4.1705503158		-1.0
	46439.99999996	23.71744		-2.6972     0.2    0.2		4.1705503158		-1.0
	46484.99999996	24.82559		-2.59125     0.2    0.2		4.1705503158		-1.0
	46529.99999996	25.88309		-2.37273     0.2    0.2		4.1705503158		-1.0
	46574.99999996	26.36635		-2.26272     0.2    0.2		4.1705503158		-1.0
	46619.99999996	26.68695		-2.07405     0.2    0.2		4.1705503158		-1.0
	46664.99999996	27.0221		-1.66762     0.2    0.2		4.1705503158		-1.0
	46709.99999996	27.65993		-1.45939     0.2    0.2		4.1705503158		-1.0
	46754.99999995	28.74257		-0.62515     0.2    0.2		4.1705503158		-1.0
	46799.99999995	29.17944		0.22678     0.2    0.2		4.1705503158		-1.0
	46844.99999995	29.90456		1.42546     0.2    0.2		4.1705503158		-1.0
	46889.99999995	30.2373		2.06374     0.2    0.2		4.1705503158		-1.0
	46934.99999995	30.67922		2.6157     0.2    0.2		4.1705503158		-1.0
	46979.99999995	30.56547		2.94559     0.2    0.2		4.1705503158		-1.0
	47024.99999995	30.31487		2.97389     0.2    0.2		4.1705503158		-1.0
	47069.99999995	29.64153		2.58145     0.2    0.2		4.1705503158		-1.0
	47114.99999995	28.58144		2.23007     0.2    0.2		4.1705503158		-1.0
	47159.99999995	27.35592		2.04271     0.2    0.2		4.1705503158		-1.0
	47204.99999995	26.24518		1.60784     0.2    0.2		4.1705503158		-1.0
	47249.99999995	25.11877		1.34062     0.2    0.2		4.1705503158		-1.0
	47294.99999995	24.32896		0.99927     0.2    0.2		4.1705503158		-1.0
	47339.99999995	23.19062		0.89125     0.2    0.2		4.1705503158		-1.0
	47384.99999995	22.08086		0.57942     0.2    0.2		4.1705503158		-1.0
	47429.99999995	20.73152		0.48986     0.2    0.2		4.1705503158		-1.0
	47474.99999995	19.92716		0.15853     0.2    0.2		4.1705503158		-1.0
	47519.99999995	18.63804		-0.15577     0.2    0.2		4.1705503158		-1.0
	47564.99999995	18.46055		-0.59527     0.2    0.2		4.1705503158		-1.0
	47609.99999995	18.154		-1.14668     0.2    0.2		4.1705503158		-1.0
	47654.99999995	18.09982		-1.6254     0.2    0.2		4.1705503158		-1.0
	47699.99999995	17.63273		-1.93869     0.2    0.2		4.1705503158		-1.0
	47744.99999995	17.44945		-2.28162     0.2    0.2		4.1705503158		-1.0
	47789.99999995	17.84992		-2.31325     0.2    0.2		4.1705503158		-1.0
	47834.99999995	18.72086		-2.43619     0.2    0.2		4.1705503158		-1.0
	47879.99999995	19.25108		-2.22591     0.2    0.2		4.1705503158		-1.0
	47924.99999995	19.05196		-2.13047     0.2    0.2		4.1705503158		-1.0
	47969.99999995	19.00507		-1.98984     0.2    0.2		4.1705503158		-1.0
	48014.99999995	19.69067		-1.82455     0.2    0.2		4.1705503158		-1.0
	48059.99999995	20.10161		-1.09217     0.2    0.2		4.1705503158		-1.0
	48104.99999995	20.57017		1.13514     0.2    0.2		4.1705503158		-1.0
	48149.99999995	19.98899		2.60755     0.2    0.2		4.1705503158		-1.0
	48194.99999995	19.769		-2.59518     0.2    0.2		4.1705503158		-1.0
	48239.99999995	19.77215		-1.64751     0.2    0.2		4.1705503158		-1.0
	48284.99999995	20.55923		-0.29954     0.2    0.2		4.1705503158		-1.0
	48329.99999995	21.1959		1.63272     0.2    0.2		4.1705503158		-1.0
	48374.99999995	21.58164		1.16472     0.2    0.2		4.1705503158		-1.0
	48419.99999995	21.43458		0.57519     0.2    0.2		4.1705503158		-1.0
	48464.99999995	20.78602		0.40841     0.2    0.2		4.1705503158		-1.0
	48509.99999995	19.94037		0.4454     0.2    0.2		4.1705503158		-1.0
	48554.99999995	19.11668		0.59194     0.2    0.2		4.1705503158		-1.0
	48599.99999995	17.67342		0.69215     0.2    0.2		4.1705503158		-1.0
	48644.99999995	16.79503		0.92649     0.2    0.2		4.1705503158		-1.0
	48689.99999995	16.99898		0.72804     0.2    0.2		4.1705503158		-1.0
	48734.99999995	17.86161		0.74025     0.2    0.2		4.1705503158		-1.0
	48779.99999995	18.79161		0.52807     0.2    0.2		4.1705503158		-1.0
	48824.99999995	19.81254		0.35992     0.2    0.2		4.1705503158		-1.0
	48869.99999995	20.11418		-0.05994     0.2    0.2		4.1705503158		-1.0
	48914.99999995	20.9857		-0.01325     0.2    0.2		4.1705503158		-1.0
	48959.99999995	21.17953		0.10298     0.2    0.2		4.1705503158		-1.0
	49004.99999995	20.20688		0.33234     0.2    0.2		4.1705503158		-1.0
	49049.99999995	19.77212		-0.55354     0.2    0.2		4.1705503158		-1.0
	49094.99999995	18.67098		2.69214     0.2    0.2		4.1705503158		-1.0
	49139.99999995	18.47044		0.10319     0.2    0.2		4.1705503158		-1.0
	49184.99999995	17.83948		0.05804     0.2    0.2		4.1705503158		-1.0
	49229.99999995	17.26771		-0.29895     0.2    0.2		4.1705503158		-1.0
	49274.99999995	16.29946		-0.61654     0.2    0.2		4.1705503158		-1.0
	49319.99999995	15.48172		-1.07354     0.2    0.2		4.1705503158		-1.0
	49364.99999995	14.54987		-1.46574     0.2    0.2		4.1705503158		-1.0
	49409.99999995	13.66604		-1.89181     0.2    0.2		4.1705503158		-1.0
	49454.99999995	12.61137		-2.55747     0.2    0.2		4.1705503158		-1.0
	49499.99999995	11.66514		0.25078     0.2    0.2		4.1705503158		-1.0
	49544.99999995	10.48247		0.21626     0.2    0.2		4.1705503158		-1.0
	49589.99999995	9.06565		-0.20137     0.2    0.2		4.1705503158		-1.0
	49634.99999995	7.82627		-0.58707     0.2    0.2		4.1705503158		-1.0
	49679.99999995	6.79949		-1.08157     0.2    0.2		4.1705503158		-1.0
	49724.99999995	6.01382		-1.64662     0.2    0.2		4.1705503158		-1.0
	49769.99999995	5.84365		-2.06795     0.2    0.2		4.1705503158		-1.0
	49814.99999995	6.72061		-2.0875     0.2    0.2		4.1705503158		-1.0
	49859.99999995	8.02512		-2.38825     0.2    0.2		4.1705503158		-1.0
	49904.99999995	9.73221		-2.50808     0.2    0.2		4.1705503158		-1.0
	49949.99999995	11.34189		-2.66264     0.2    0.2		4.1705503158		-1.0
	49994.99999995	12.72005		-2.89395     0.2    0.2		4.1705503158		-1.0
