	45.00000000	2.79388		2.01101     0.2    0.2		4.1705503158		-1.0
	90.00000000	2.93743		1.85197     0.2    0.2		4.1705503158		-1.0
	135.00000000	2.89708		1.88658     0.2    0.2		4.1705503158		-1.0
	180.00000000	3.13276		1.92912     0.2    0.2		4.1705503158		-1.0
	225.00000000	2.84836		2.20196     0.2    0.2		4.1705503158		-1.0
	270.00000000	2.91354		2.47679     0.2    0.2		4.1705503158		-1.0
	315.00000000	2.9057		2.73175     0.2    0.2		4.1705503158		-1.0
	360.00000000	3.05298		3.07058     0.2    0.2		4.1705503158		-1.0
	405.00000000	2.87599		-3.10967     0.2    0.2		4.1705503158		-1.0
	450.00000000	2.9097		-2.6549     0.2    0.2		4.1705503158		-1.0
	495.00000000	2.8319		-2.49938     0.2    0.2		4.1705503158		-1.0
	540.00000000	2.97487		-2.04343     0.2    0.2		4.1705503158		-1.0
	585.00000000	2.91545		-1.88017     0.2    0.2		4.1705503158		-1.0
	630.00000000	2.88545		-1.47889     0.2    0.2		4.1705503158		-1.0
	675.00000000	2.89528		-1.13188     0.2    0.2		4.1705503158		-1.0
	720.00000000	3.01283		-0.43877     0.2    0.2		4.1705503158		-1.0
	765.00000000	2.82912		0.34774     0.2    0.2		4.1705503158		-1.0
	810.00000000	2.92678		0.84139     0.2    0.2		4.1705503158		-1.0
	855.00000000	2.93838		1.42925     0.2    0.2		4.1705503158		-1.0
	900.00000000	2.9646		1.56335     0.2    0.2		4.1705503158		-1.0
	945.00000000	2.85775		1.90115     0.2    0.2		4.1705503158		-1.0
	990.00000000	2.81592		2.09833     0.2    0.2		4.1705503158		-1.0
	1035.00000000	2.89026		2.25412     0.2    0.2		4.1705503158		-1.0
	1080.00000000	2.87626		2.52194     0.2    0.2		4.1705503158		-1.0
	1125.00000000	2.99765		2.38713     0.2    0.2		4.1705503158		-1.0
	1170.00000000	2.92068		2.75184     0.2    0.2		4.1705503158		-1.0
	1215.00000000	2.93509		3.02428     0.2    0.2		4.1705503158		-1.0
	1260.00000000	2.90962		-3.10016     0.2    0.2		4.1705503158		-1.0
	1305.00000000	2.91486		-2.58866     0.2    0.2		4.1705503158		-1.0
	1350.00000000	2.87406		-2.55742     0.2    0.2		4.1705503158		-1.0
	1395.00000000	2.96193		-1.92625     0.2    0.2		4.1705503158		-1.0
	1440.00000000	2.90923		-2.02964     0.2    0.2		4.1705503158		-1.0
	1485.00000000	2.93305		-1.40074     0.2    0.2		4.1705503158		-1.0
	1530.00000000	2.95408		-1.34583     0.2    0.2		4.1705503158		-1.0
	1575.00000000	2.91323		-0.63738     0.2    0.2		4.1705503158		-1.0
	1620.00000000	2.92723		-0.08519     0.2    0.2		4.1705503158		-1.0
	1665.00000000	2.85358		0.8354     0.2    0.2		4.1705503158		-1.0
	1710.00000000	2.96958		1.27797     0.2    0.2		4.1705503158		-1.0
	1755.00000000	2.95718		1.61535     0.2    0.2		4.1705503158		-1.0
	1800.00000000	3.09706		2.06975     0.2    0.2		4.1705503158		-1.0
	1845.00000000	3.00843		2.19485     0.2    0.2		4.1705503158		-1.0
	1890.00000000	2.96103		2.40764     0.2    0.2		4.1705503158		-1.0
	1935.00000000	2.80469		2.44059     0.2    0.2		4.1705503158		-1.0
	1980.00000000	2.86495		2.82108     0.2    0.2		4.1705503158		-1.0
	2025.00000000	2.8042		3.11655     0.2    0.2		4.1705503158		-1.0
	2070.00000000	2.86308		-2.35014     0.2    0.2		4.1705503158		-1.0
	2115.00000000	2.81485		-2.08102     0.2    0.2		4.1705503158		-1.0
	2160.00000000	2.88934		-1.52821     0.2    0.2		4.1705503158		-1.0
	2205.00000000	2.87509		-1.70292     0.2    0.2		4.1705503158		-1.0
	2250.00000000	2.86818		-1.60206     0.2    0.2		4.1705503158		-1.0
	2295.00000000	2.80511		-2.1431     0.2    0.2		4.1705503158		-1.0
	2340.00000000	2.92317		-2.45932     0.2    0.2		4.1705503158		-1.0
	2385.00000000	2.94039		-2.4302     0.2    0.2		4.1705503158		-1.0
	2430.00000000	3.0913		-2.71784     0.2    0.2		4.1705503158		-1.0
	2475.00000000	2.96323		-2.48525     0.2    0.2		4.1705503158		-1.0
	2520.00000000	3.09271		-2.24155     0.2    0.2		4.1705503158		-1.0
	2565.00000000	2.89982		-2.10338     0.2    0.2		4.1705503158		-1.0
	2610.00000000	3.05191		-1.67881     0.2    0.2		4.1705503158		-1.0
	2655.00000000	3.1685		-1.84835     0.2    0.2		4.1705503158		-1.0
	2700.00000000	2.93425		-1.47143     0.2    0.2		4.1705503158		-1.0
	2745.00000000	2.85195		-1.38148     0.2    0.2		4.1705503158		-1.0
	2790.00000000	2.90227		-0.84746     0.2    0.2		4.1705503158		-1.0
	2835.00000000	2.94008		-0.54022     0.2    0.2		4.1705503158		-1.0
	2880.00000000	3.03971		0.55946     0.2    0.2		4.1705503158		-1.0
	2925.00000000	2.90562		0.59984     0.2    0.2		4.1705503158		-1.0
	2970.00000000	2.8988		1.20706     0.2    0.2		4.1705503158		-1.0
	3015.00000000	2.83742		1.09715     0.2    0.2		4.1705503158		-1.0
	3060.00000000	2.92477		1.45399     0.2    0.2		4.1705503158		-1.0
	3105.00000000	2.91689		1.1284     0.2    0.2		4.1705503158		-1.0
	3150.00000000	2.85577		1.47199     0.2    0.2		4.1705503158		-1.0
	3195.00000000	2.9215		1.17126     0.2    0.2		4.1705503158		-1.0
	3240.00000000	2.93875		1.55039     0.2    0.2		4.1705503158		-1.0
	3285.00000000	3.13294		1.11409     0.2    0.2		4.1705503158		-1.0
	3330.00000000	2.95593		1.21426     0.2    0.2		4.1705503158		-1.0
	3375.00000000	2.9146		0.88192     0.2    0.2		4.1705503158		-1.0
	3420.00000000	2.98256		0.59331     0.2    0.2		4.1705503158		-1.0
	3465.00000000	2.85771		-0.24448     0.2    0.2		4.1705503158		-1.0
	3510.00000000	2.87119		-0.61948     0.2    0.2		4.1705503158		-1.0
	3555.00000000	2.82613		-1.10531     0.2    0.2		4.1705503158		-1.0
	3600.00000000	2.8933		-0.90173     0.2    0.2		4.1705503158		-1.0
	3645.00000000	2.94165		-1.00234     0.2    0.2		4.1705503158		-1.0
	3690.00000000	2.97464		-0.62839     0.2    0.2		4.1705503158		-1.0
	3735.00000000	2.9167		-0.17236     0.2    0.2		4.1705503158		-1.0
	3780.00000000	2.96621		0.48548     0.2    0.2		4.1705503158		-1.0
	3825.00000000	3.10333		0.13407     0.2    0.2		4.1705503158		-1.0
	3870.00000000	2.93287		-0.08167     0.2    0.2		4.1705503158		-1.0
	3915.00000000	2.75759		0.17731     0.2    0.2		4.1705503158		-1.0
	3960.00000000	2.79592		0.13877     0.2    0.2		4.1705503158		-1.0
	4005.00000000	2.77267		0.36225     0.2    0.2		4.1705503158		-1.0
	4050.00000000	2.8535		1.00113     0.2    0.2		4.1705503158		-1.0
	4095.00000000	2.76516		0.76387     0.2    0.2		4.1705503158		-1.0
	4140.00000000	2.88491		0.49246     0.2    0.2		4.1705503158		-1.0
	4185.00000000	2.89304		0.29105     0.2    0.2		4.1705503158		-1.0
	4230.00000000	3.00195		-0.62402     0.2    0.2		4.1705503158		-1.0
	4275.00000000	3.08014		-1.11873     0.2    0.2		4.1705503158		-1.0
	4320.00000000	2.92305		-1.10878     0.2    0.2		4.1705503158		-1.0
	4365.00000000	2.80039		-1.50302     0.2    0.2		4.1705503158		-1.0
	4410.00000000	3.01141		-1.38294     0.2    0.2		4.1705503158		-1.0
	4455.00000000	3.0117		-1.73055     0.2    0.2		4.1705503158		-1.0
	4500.00000000	3.01064		-1.84875     0.2    0.2		4.1705503158		-1.0
	4545.00000000	2.98424		-2.34535     0.2    0.2		4.1705503158		-1.0
	4590.00000000	3.19486		-2.52867     0.2    0.2		4.1705503158		-1.0
	4635.00000000	3.06008		-2.8758     0.2    0.2		4.1705503158		-1.0
	4680.00000000	2.95524		-3.00558     0.2    0.2		4.1705503158		-1.0
	4725.00000000	2.85739		3.07563     0.2    0.2		4.1705503158		-1.0
	4770.00000000	2.88552		2.73425     0.2    0.2		4.1705503158		-1.0
	4815.00000000	3.05425		2.66371     0.2    0.2		4.1705503158		-1.0
	4860.00000000	3.03412		2.4023     0.2    0.2		4.1705503158		-1.0
	4905.00000000	2.97302		1.99252     0.2    0.2		4.1705503158		-1.0
	4950.00000000	3.09862		1.88932     0.2    0.2		4.1705503158		-1.0
	4995.00000000	2.85657		1.58914     0.2    0.2		4.1705503158		-1.0
	5040.00000000	2.94878		1.48827     0.2    0.2		4.1705503158		-1.0
	5085.00000000	2.86766		0.91411     0.2    0.2		4.1705503158		-1.0
	5130.00000000	3.07043		0.66718     0.2    0.2		4.1705503158		-1.0
	5175.00000000	3.10503		-0.2306     0.2    0.2		4.1705503158		-1.0
	5220.00000000	2.91222		-0.83651     0.2    0.2		4.1705503158		-1.0
	5265.00000000	3.11002		-1.31791     0.2    0.2		4.1705503158		-1.0
	5310.00000000	3.02839		-1.3696     0.2    0.2		4.1705503158		-1.0
	5355.00000000	3.01679		-2.02806     0.2    0.2		4.1705503158		-1.0
	5400.00000000	2.83315		-2.07701     0.2    0.2		4.1705503158		-1.0
	5445.00000000	2.78514		-2.46152     0.2    0.2		4.1705503158		-1.0
	5490.00000000	2.85727		-2.84678     0.2    0.2		4.1705503158		-1.0
	5535.00000000	3.05302		-3.04675     0.2    0.2		4.1705503158		-1.0
	5580.00000000	3.17603		2.82609     0.2    0.2		4.1705503158		-1.0
	5625.00000000	2.83104		2.57041     0.2    0.2		4.1705503158		-1.0
	5670.00000000	3.08266		2.19167     0.2    0.2		4.1705503158		-1.0
	5715.00000000	3.02415		1.93743     0.2    0.2		4.1705503158		-1.0
	5760.00000000	3.04058		1.63153     0.2    0.2		4.1705503158		-1.0
	5805.00000000	3.15164		1.37796     0.2    0.2		4.1705503158		-1.0
	5850.00000000	3.05543		0.83047     0.2    0.2		4.1705503158		-1.0
	5895.00000000	3.17008		0.59818     0.2    0.2		4.1705503158		-1.0
	5940.00000000	2.81224		-0.30723     0.2    0.2		4.1705503158		-1.0
	5985.00000000	2.88012		-0.88776     0.2    0.2		4.1705503158		-1.0
	6030.00000000	2.77048		-1.17148     0.2    0.2		4.1705503158		-1.0
	6075.00000000	3.33545		-1.28424     0.2    0.2		4.1705503158		-1.0
	6120.00000000	2.86238		-1.38569     0.2    0.2		4.1705503158		-1.0
	6165.00000000	2.91658		-1.65122     0.2    0.2		4.1705503158		-1.0
	6210.00000000	3.32346		-1.77724     0.2    0.2		4.1705503158		-1.0
	6255.00000000	3.24583		-2.04888     0.2    0.2		4.1705503158		-1.0
	6300.00000000	2.87441		-2.3582     0.2    0.2		4.1705503158		-1.0
	6345.00000000	2.9753		-2.7027     0.2    0.2		4.1705503158		-1.0
	6390.00000000	3.04419		-2.89158     0.2    0.2		4.1705503158		-1.0
	6435.00000000	2.7868		3.0095     0.2    0.2		4.1705503158		-1.0
	6480.00000000	3.01186		2.57088     0.2    0.2		4.1705503158		-1.0
	6525.00000000	3.17284		2.03204     0.2    0.2		4.1705503158		-1.0
	6570.00000000	3.27326		1.76486     0.2    0.2		4.1705503158		-1.0
	6615.00000000	2.99507		1.40921     0.2    0.2		4.1705503158		-1.0
	6660.00000000	2.92085		0.74283     0.2    0.2		4.1705503158		-1.0
	6705.00000000	2.79848		-0.22653     0.2    0.2		4.1705503158		-1.0
	6750.00000000	3.01591		-0.73482     0.2    0.2		4.1705503158		-1.0
	6795.00000000	3.00101		-0.68749     0.2    0.2		4.1705503158		-1.0
	6840.00000000	3.10707		-0.19689     0.2    0.2		4.1705503158		-1.0
	6885.00000000	3.15463		0.03855     0.2    0.2		4.1705503158		-1.0
	6930.00000000	2.98789		0.22074     0.2    0.2		4.1705503158		-1.0
	6975.00000000	2.92659		0.32624     0.2    0.2		4.1705503158		-1.0
	7020.00000000	2.96388		0.04956     0.2    0.2		4.1705503158		-1.0
	7065.00000000	2.84581		-0.16175     0.2    0.2		4.1705503158		-1.0
	7110.00000000	3.00519		-0.56158     0.2    0.2		4.1705503158		-1.0
	7155.00000000	2.68562		-0.4805     0.2    0.2		4.1705503158		-1.0
	7200.00000000	3.06348		-0.79621     0.2    0.2		4.1705503158		-1.0
	7245.00000000	3.02893		-1.00959     0.2    0.2		4.1705503158		-1.0
	7290.00000000	2.86718		-0.14039     0.2    0.2		4.1705503158		-1.0
	7335.00000000	2.8847		0.87109     0.2    0.2		4.1705503158		-1.0
	7380.00000000	2.7932		1.41264     0.2    0.2		4.1705503158		-1.0
	7425.00000000	2.88901		1.96328     0.2    0.2		4.1705503158		-1.0
	7470.00000000	2.98041		2.45464     0.2    0.2		4.1705503158		-1.0
	7515.00000000	2.81186		2.8676     0.2    0.2		4.1705503158		-1.0
	7560.00000000	3.20752		-3.13292     0.2    0.2		4.1705503158		-1.0
	7605.00000000	2.89245		-2.88938     0.2    0.2		4.1705503158		-1.0
	7650.00000000	2.83751		-2.87193     0.2    0.2		4.1705503158		-1.0
	7695.00000000	3.20344		-2.40093     0.2    0.2		4.1705503158		-1.0
	7740.00000000	2.93481		-2.1325     0.2    0.2		4.1705503158		-1.0
	7785.00000000	2.81571		-1.78732     0.2    0.2		4.1705503158		-1.0
	7830.00000000	2.72029		-1.71754     0.2    0.2		4.1705503158		-1.0
	7875.00000000	3.21085		-1.12659     0.2    0.2		4.1705503158		-1.0
	7920.00000000	2.74198		-1.20879     0.2    0.2		4.1705503158		-1.0
	7965.00000000	2.70159		-0.64374     0.2    0.2		4.1705503158		-1.0
	8010.00000000	3.1814		-0.14551     0.2    0.2		4.1705503158		-1.0
	8055.00000000	2.79937		0.85955     0.2    0.2		4.1705503158		-1.0
	8100.00000000	2.72358		1.03068     0.2    0.2		4.1705503158		-1.0
	8145.00000000	3.29151		1.05502     0.2    0.2		4.1705503158		-1.0
	8190.00000000	2.76841		1.69031     0.2    0.2		4.1705503158		-1.0
	8235.00000000	2.803		1.77361     0.2    0.2		4.1705503158		-1.0
	8280.00000000	2.79557		1.92885     0.2    0.2		4.1705503158		-1.0
	8325.00000000	2.75138		2.44366     0.2    0.2		4.1705503158		-1.0
	8370.00000000	2.74574		2.47385     0.2    0.2		4.1705503158		-1.0
	8415.00000000	3.07568		2.90199     0.2    0.2		4.1705503158		-1.0
	8460.00000000	3.10697		2.96094     0.2    0.2		4.1705503158		-1.0
	8505.00000000	3.18249		-2.65145     0.2    0.2		4.1705503158		-1.0
	8550.00000000	2.83171		-2.6167     0.2    0.2		4.1705503158		-1.0
	8595.00000000	2.74912		-2.27721     0.2    0.2		4.1705503158		-1.0
	8640.00000000	2.91043		-1.98812     0.2    0.2		4.1705503158		-1.0
	8685.00000000	3.25031		-1.54954     0.2    0.2		4.1705503158		-1.0
	8730.00000000	3.28567		-1.47068     0.2    0.2		4.1705503158		-1.0
	8775.00000000	3.22482		-0.82184     0.2    0.2		4.1705503158		-1.0
	8820.00000000	2.75263		-0.30993     0.2    0.2		4.1705503158		-1.0
	8865.00000000	3.09405		0.6284     0.2    0.2		4.1705503158		-1.0
	8910.00000000	3.10178		0.85015     0.2    0.2		4.1705503158		-1.0
	8955.00000000	3.07342		0.93563     0.2    0.2		4.1705503158		-1.0
	9000.00000000	2.99421		1.44632     0.2    0.2		4.1705503158		-1.0
	9045.00000000	3.11377		1.1908     0.2    0.2		4.1705503158		-1.0
	9090.00000000	3.07543		1.63754     0.2    0.2		4.1705503158		-1.0
	9135.00000000	2.64838		1.3845     0.2    0.2		4.1705503158		-1.0
	9180.00000000	2.7277		1.42306     0.2    0.2		4.1705503158		-1.0
	9225.00000000	2.7504		1.75461     0.2    0.2		4.1705503158		-1.0
	9270.00000000	2.85207		2.20939     0.2    0.2		4.1705503158		-1.0
	9315.00000000	2.827		2.17554     0.2    0.2		4.1705503158		-1.0
	9360.00000000	2.95864		2.61724     0.2    0.2		4.1705503158		-1.0
	9405.00000000	2.7373		2.88705     0.2    0.2		4.1705503158		-1.0
	9450.00000000	3.20788		-3.13198     0.2    0.2		4.1705503158		-1.0
	9495.00000000	2.85412		-2.90234     0.2    0.2		4.1705503158		-1.0
	9540.00000000	2.81775		-2.66064     0.2    0.2		4.1705503158		-1.0
	9585.00000000	3.00753		-2.23675     0.2    0.2		4.1705503158		-1.0
	9630.00000000	3.08657		-2.13918     0.2    0.2		4.1705503158		-1.0
	9675.00000000	3.0509		-1.81342     0.2    0.2		4.1705503158		-1.0
	9720.00000000	3.19273		-1.8077     0.2    0.2		4.1705503158		-1.0
	9765.00000000	2.84013		-1.60473     0.2    0.2		4.1705503158		-1.0
	9810.00000000	2.8954		-1.65058     0.2    0.2		4.1705503158		-1.0
	9855.00000000	2.63945		-1.83502     0.2    0.2		4.1705503158		-1.0
	9900.00000000	2.70896		-1.89074     0.2    0.2		4.1705503158		-1.0
	9945.00000000	2.77901		-2.17909     0.2    0.2		4.1705503158		-1.0
	9990.00000000	2.76947		-2.00035     0.2    0.2		4.1705503158		-1.0
	10035.00000000	2.67856		-2.12191     0.2    0.2		4.1705503158		-1.0
	10080.00000000	3.14092		-1.94624     0.2    0.2		4.1705503158		-1.0
	10125.00000000	3.21854		-2.18146     0.2    0.2		4.1705503158		-1.0
	10170.00000000	3.12175		-2.47905     0.2    0.2		4.1705503158		-1.0
	10215.00000000	3.05615		-2.93794     0.2    0.2		4.1705503158		-1.0
	10260.00000000	3.12861		-2.99334     0.2    0.2		4.1705503158		-1.0
	10305.00000000	3.16184		2.69486     0.2    0.2		4.1705503158		-1.0
	10350.00000000	2.95406		2.41911     0.2    0.2		4.1705503158		-1.0
	10395.00000000	3.08109		2.12662     0.2    0.2		4.1705503158		-1.0
	10440.00000000	3.08821		1.85267     0.2    0.2		4.1705503158		-1.0
	10485.00000000	2.86285		1.80585     0.2    0.2		4.1705503158		-1.0
	10530.00000000	2.72564		1.38309     0.2    0.2		4.1705503158		-1.0
	10575.00000000	3.10127		1.16727     0.2    0.2		4.1705503158		-1.0
	10620.00000000	3.13742		0.82483     0.2    0.2		4.1705503158		-1.0
	10665.00000000	3.21441		0.52877     0.2    0.2		4.1705503158		-1.0
	10710.00000000	2.77314		0.09466     0.2    0.2		4.1705503158		-1.0
	10755.00000000	2.78404		0.00104     0.2    0.2		4.1705503158		-1.0
	10800.00000000	3.23983		0.04259     0.2    0.2		4.1705503158		-1.0
	10845.00000001	2.76397		0.43234     0.2    0.2		4.1705503158		-1.0
	10890.00000001	2.80456		0.52046     0.2    0.2		4.1705503158		-1.0
	10935.00000001	2.84312		0.22122     0.2    0.2		4.1705503158		-1.0
	10980.00000001	2.76185		-0.078     0.2    0.2		4.1705503158		-1.0
	11025.00000001	3.13604		-0.56546     0.2    0.2		4.1705503158		-1.0
	11070.00000001	3.28681		-0.17594     0.2    0.2		4.1705503158		-1.0
	11115.00000001	2.83538		-0.40143     0.2    0.2		4.1705503158		-1.0
	11160.00000001	2.82781		0.08222     0.2    0.2		4.1705503158		-1.0
	11205.00000001	3.13194		0.5761     0.2    0.2		4.1705503158		-1.0
	11250.00000001	2.96776		0.45877     0.2    0.2		4.1705503158		-1.0
	11295.00000001	3.06779		-0.38588     0.2    0.2		4.1705503158		-1.0
	11340.00000001	2.68267		-0.80632     0.2    0.2		4.1705503158		-1.0
	11385.00000001	2.79093		-1.00272     0.2    0.2		4.1705503158		-1.0
	11430.00000001	2.72463		-0.59737     0.2    0.2		4.1705503158		-1.0
	11475.00000001	3.25463		-0.3166     0.2    0.2		4.1705503158		-1.0
	11520.00000001	2.73856		-0.16224     0.2    0.2		4.1705503158		-1.0
	11565.00000001	3.19396		0.27211     0.2    0.2		4.1705503158		-1.0
	11610.00000001	3.24252		0.36632     0.2    0.2		4.1705503158		-1.0
	11655.00000001	2.73038		0.79073     0.2    0.2		4.1705503158		-1.0
	11700.00000001	3.36163		0.28498     0.2    0.2		4.1705503158		-1.0
	11745.00000001	2.91117		0.49984     0.2    0.2		4.1705503158		-1.0
	11790.00000001	3.19764		-0.18146     0.2    0.2		4.1705503158		-1.0
	11835.00000001	3.04634		-0.30113     0.2    0.2		4.1705503158		-1.0
	11880.00000001	2.86796		-0.95893     0.2    0.2		4.1705503158		-1.0
	11925.00000001	3.44384		-1.28351     0.2    0.2		4.1705503158		-1.0
	11970.00000001	3.07268		-1.52389     0.2    0.2		4.1705503158		-1.0
	12015.00000001	3.34766		-1.73477     0.2    0.2		4.1705503158		-1.0
	12060.00000001	3.26692		-2.2205     0.2    0.2		4.1705503158		-1.0
	12105.00000001	3.36166		-2.0297     0.2    0.2		4.1705503158		-1.0
	12150.00000001	3.31151		-2.70003     0.2    0.2		4.1705503158		-1.0
	12195.00000001	3.34587		-2.6194     0.2    0.2		4.1705503158		-1.0
	12240.00000001	3.03971		-3.13666     0.2    0.2		4.1705503158		-1.0
	12285.00000001	2.89883		2.92892     0.2    0.2		4.1705503158		-1.0
	12330.00000001	2.75453		2.86704     0.2    0.2		4.1705503158		-1.0
	12375.00000001	2.82059		2.421     0.2    0.2		4.1705503158		-1.0
	12420.00000001	2.75562		2.07028     0.2    0.2		4.1705503158		-1.0
	12465.00000001	2.68636		1.94422     0.2    0.2		4.1705503158		-1.0
	12510.00000001	3.00161		1.32851     0.2    0.2		4.1705503158		-1.0
	12555.00000001	3.25514		1.05377     0.2    0.2		4.1705503158		-1.0
	12600.00000001	3.26734		0.33319     0.2    0.2		4.1705503158		-1.0
	12645.00000001	2.82562		-0.33048     0.2    0.2		4.1705503158		-1.0
	12690.00000001	2.97258		-0.83542     0.2    0.2		4.1705503158		-1.0
	12735.00000001	2.80511		-1.25877     0.2    0.2		4.1705503158		-1.0
	12780.00000001	2.65433		-1.44404     0.2    0.2		4.1705503158		-1.0
	12825.00000001	2.82981		-1.83797     0.2    0.2		4.1705503158		-1.0
	12870.00000001	2.70577		-1.64626     0.2    0.2		4.1705503158		-1.0
	12915.00000001	2.72707		-2.0066     0.2    0.2		4.1705503158		-1.0
	12960.00000001	2.74869		-2.38196     0.2    0.2		4.1705503158		-1.0
	13005.00000001	2.76541		-2.33769     0.2    0.2		4.1705503158		-1.0
	13050.00000001	2.71936		-3.01155     0.2    0.2		4.1705503158		-1.0
	13095.00000001	2.71399		-2.91262     0.2    0.2		4.1705503158		-1.0
	13140.00000001	2.72969		2.74377     0.2    0.2		4.1705503158		-1.0
	13185.00000001	2.71435		2.44393     0.2    0.2		4.1705503158		-1.0
	13230.00000001	2.74445		2.14558     0.2    0.2		4.1705503158		-1.0
	13275.00000001	2.72765		1.81094     0.2    0.2		4.1705503158		-1.0
	13320.00000001	2.73148		1.51335     0.2    0.2		4.1705503158		-1.0
	13365.00000001	2.79544		1.14605     0.2    0.2		4.1705503158		-1.0
	13410.00000001	2.70179		0.72034     0.2    0.2		4.1705503158		-1.0
	13455.00000001	2.78846		0.0358     0.2    0.2		4.1705503158		-1.0
	13500.00000001	2.75291		-0.86994     0.2    0.2		4.1705503158		-1.0
	13545.00000001	2.95975		-1.05734     0.2    0.2		4.1705503158		-1.0
	13590.00000001	3.12485		-1.40213     0.2    0.2		4.1705503158		-1.0
	13635.00000001	3.32751		-1.67623     0.2    0.2		4.1705503158		-1.0
	13680.00000001	3.37371		-1.58173     0.2    0.2		4.1705503158		-1.0
	13725.00000001	3.30279		-1.99102     0.2    0.2		4.1705503158		-1.0
	13770.00000001	3.24893		-2.47045     0.2    0.2		4.1705503158		-1.0
	13815.00000001	2.76058		-2.58751     0.2    0.2		4.1705503158		-1.0
	13860.00000001	2.72726		-3.1095     0.2    0.2		4.1705503158		-1.0
	13905.00000001	2.74772		2.82246     0.2    0.2		4.1705503158		-1.0
	13950.00000001	3.47153		2.3681     0.2    0.2		4.1705503158		-1.0
	13995.00000001	3.38834		1.96359     0.2    0.2		4.1705503158		-1.0
	14040.00000001	3.11931		1.87487     0.2    0.2		4.1705503158		-1.0
	14085.00000001	3.18128		1.47183     0.2    0.2		4.1705503158		-1.0
	14130.00000001	3.271		1.45655     0.2    0.2		4.1705503158		-1.0
	14175.00000001	3.46092		1.29658     0.2    0.2		4.1705503158		-1.0
	14220.00000001	2.72632		1.18614     0.2    0.2		4.1705503158		-1.0
	14265.00000000	2.70355		0.70879     0.2    0.2		4.1705503158		-1.0
	14310.00000000	2.84049		-0.15567     0.2    0.2		4.1705503158		-1.0
	14355.00000000	2.88935		-0.58269     0.2    0.2		4.1705503158		-1.0
	14400.00000000	3.00368		-0.69554     0.2    0.2		4.1705503158		-1.0
	14445.00000000	3.40441		-0.76465     0.2    0.2		4.1705503158		-1.0
	14490.00000000	3.23467		-1.03023     0.2    0.2		4.1705503158		-1.0
	14535.00000000	3.33481		-0.67783     0.2    0.2		4.1705503158		-1.0
	14580.00000000	3.24288		-0.56437     0.2    0.2		4.1705503158		-1.0
	14625.00000000	3.30441		-0.15129     0.2    0.2		4.1705503158		-1.0
	14670.00000000	2.61753		0.40956     0.2    0.2		4.1705503158		-1.0
	14715.00000000	3.27907		0.72149     0.2    0.2		4.1705503158		-1.0
	14760.00000000	3.28034		1.33078     0.2    0.2		4.1705503158		-1.0
	14805.00000000	3.21166		1.65309     0.2    0.2		4.1705503158		-1.0
	14850.00000000	3.19209		1.99368     0.2    0.2		4.1705503158		-1.0
	14895.00000000	3.14189		2.27677     0.2    0.2		4.1705503158		-1.0
	14940.00000000	3.34411		2.36516     0.2    0.2		4.1705503158		-1.0
	14985.00000000	3.24171		2.72513     0.2    0.2		4.1705503158		-1.0
	15030.00000000	3.30015		2.62744     0.2    0.2		4.1705503158		-1.0
	15075.00000000	3.2551		-3.09494     0.2    0.2		4.1705503158		-1.0
	15120.00000000	3.10096		3.09515     0.2    0.2		4.1705503158		-1.0
	15165.00000000	3.11184		-2.60163     0.2    0.2		4.1705503158		-1.0
	15210.00000000	2.59704		-2.60616     0.2    0.2		4.1705503158		-1.0
	15255.00000000	3.26696		-2.18995     0.2    0.2		4.1705503158		-1.0
	15300.00000000	2.90937		-2.06524     0.2    0.2		4.1705503158		-1.0
	15345.00000000	2.6616		-2.23657     0.2    0.2		4.1705503158		-1.0
	15390.00000000	2.64046		-2.38387     0.2    0.2		4.1705503158		-1.0
	15435.00000000	2.79162		-2.79939     0.2    0.2		4.1705503158		-1.0
	15480.00000000	3.03845		-2.82006     0.2    0.2		4.1705503158		-1.0
	15525.00000000	3.2117		2.93084     0.2    0.2		4.1705503158		-1.0
	15570.00000000	2.66515		2.3369     0.2    0.2		4.1705503158		-1.0
	15615.00000000	2.85794		1.98535     0.2    0.2		4.1705503158		-1.0
	15660.00000000	3.04861		1.49288     0.2    0.2		4.1705503158		-1.0
	15705.00000000	3.32685		1.00117     0.2    0.2		4.1705503158		-1.0
	15750.00000000	2.62211		1.05869     0.2    0.2		4.1705503158		-1.0
	15795.00000000	3.32		0.248     0.2    0.2		4.1705503158		-1.0
	15840.00000000	2.79956		0.01525     0.2    0.2		4.1705503158		-1.0
	15885.00000000	3.19563		-0.20514     0.2    0.2		4.1705503158		-1.0
	15930.00000000	2.83706		-0.45672     0.2    0.2		4.1705503158		-1.0
	15975.00000000	2.71324		-0.63145     0.2    0.2		4.1705503158		-1.0
	16020.00000000	2.65576		-0.99495     0.2    0.2		4.1705503158		-1.0
	16065.00000000	2.66152		-1.28778     0.2    0.2		4.1705503158		-1.0
	16110.00000000	2.68408		-1.76813     0.2    0.2		4.1705503158		-1.0
	16155.00000000	2.69057		-1.72943     0.2    0.2		4.1705503158		-1.0
	16200.00000000	2.69341		-2.26484     0.2    0.2		4.1705503158		-1.0
	16245.00000000	2.80942		-2.24535     0.2    0.2		4.1705503158		-1.0
	16290.00000000	2.76712		-2.64544     0.2    0.2		4.1705503158		-1.0
	16335.00000000	2.80058		-2.90624     0.2    0.2		4.1705503158		-1.0
	16380.00000000	2.83134		2.7507     0.2    0.2		4.1705503158		-1.0
	16425.00000000	2.89499		2.52763     0.2    0.2		4.1705503158		-1.0
	16470.00000000	3.16449		2.10858     0.2    0.2		4.1705503158		-1.0
	16515.00000000	3.22063		2.10636     0.2    0.2		4.1705503158		-1.0
	16560.00000000	3.23412		1.6353     0.2    0.2		4.1705503158		-1.0
	16605.00000000	3.34092		1.65466     0.2    0.2		4.1705503158		-1.0
	16650.00000000	3.19502		1.33406     0.2    0.2		4.1705503158		-1.0
	16695.00000000	2.60191		1.11702     0.2    0.2		4.1705503158		-1.0
	16740.00000000	3.17756		1.12205     0.2    0.2		4.1705503158		-1.0
	16785.00000000	2.83318		0.94188     0.2    0.2		4.1705503158		-1.0
	16830.00000000	2.70259		0.17931     0.2    0.2		4.1705503158		-1.0
	16875.00000000	2.73846		-0.45345     0.2    0.2		4.1705503158		-1.0
	16920.00000000	2.86803		-0.91729     0.2    0.2		4.1705503158		-1.0
	16965.00000000	2.96498		-1.19523     0.2    0.2		4.1705503158		-1.0
	17010.00000000	2.71549		-1.08356     0.2    0.2		4.1705503158		-1.0
	17055.00000000	3.17838		-1.05239     0.2    0.2		4.1705503158		-1.0
	17100.00000000	3.13058		-0.97884     0.2    0.2		4.1705503158		-1.0
	17145.00000000	3.2163		-0.63041     0.2    0.2		4.1705503158		-1.0
	17190.00000000	3.09533		-0.22854     0.2    0.2		4.1705503158		-1.0
	17235.00000000	2.76426		0.59578     0.2    0.2		4.1705503158		-1.0
	17280.00000000	3.21313		1.06653     0.2    0.2		4.1705503158		-1.0
	17325.00000000	3.13258		1.19595     0.2    0.2		4.1705503158		-1.0
	17370.00000000	3.02763		1.64097     0.2    0.2		4.1705503158		-1.0
	17415.00000000	2.74599		1.79175     0.2    0.2		4.1705503158		-1.0
	17460.00000000	2.89628		2.18358     0.2    0.2		4.1705503158		-1.0
	17505.00000000	3.10827		2.3137     0.2    0.2		4.1705503158		-1.0
	17550.00000000	2.78559		2.68953     0.2    0.2		4.1705503158		-1.0
	17595.00000000	2.92746		3.03144     0.2    0.2		4.1705503158		-1.0
	17640.00000000	2.62792		3.0788     0.2    0.2		4.1705503158		-1.0
	17685.00000000	2.70082		-2.83729     0.2    0.2		4.1705503158		-1.0
	17730.00000000	2.7624		-2.73028     0.2    0.2		4.1705503158		-1.0
	17775.00000000	2.69976		-2.48272     0.2    0.2		4.1705503158		-1.0
	17820.00000000	2.99544		-2.44057     0.2    0.2		4.1705503158		-1.0
	17865.00000000	3.02484		-2.15278     0.2    0.2		4.1705503158		-1.0
	17910.00000000	3.17403		-2.08366     0.2    0.2		4.1705503158		-1.0
	17955.00000000	3.1237		-1.88551     0.2    0.2		4.1705503158		-1.0
	18000.00000000	3.18707		-1.90202     0.2    0.2		4.1705503158		-1.0
	18045.00000000	3.30275		-1.30488     0.2    0.2		4.1705503158		-1.0
	18090.00000000	3.34246		-1.17329     0.2    0.2		4.1705503158		-1.0
	18135.00000000	3.2631		-0.3107     0.2    0.2		4.1705503158		-1.0
	18180.00000000	3.12657		0.30812     0.2    0.2		4.1705503158		-1.0
	18225.00000000	2.99048		0.70056     0.2    0.2		4.1705503158		-1.0
	18270.00000000	2.91243		1.05275     0.2    0.2		4.1705503158		-1.0
	18315.00000000	2.6049		1.50454     0.2    0.2		4.1705503158		-1.0
	18360.00000000	2.66972		1.77895     0.2    0.2		4.1705503158		-1.0
	18405.00000000	2.73664		1.88888     0.2    0.2		4.1705503158		-1.0
	18450.00000000	2.70272		2.46943     0.2    0.2		4.1705503158		-1.0
	18495.00000000	2.77319		2.33436     0.2    0.2		4.1705503158		-1.0
	18540.00000000	2.69768		2.15503     0.2    0.2		4.1705503158		-1.0
	18585.00000000	2.72818		1.96821     0.2    0.2		4.1705503158		-1.0
	18630.00000000	2.74821		1.59529     0.2    0.2		4.1705503158		-1.0
	18675.00000000	2.67712		1.59524     0.2    0.2		4.1705503158		-1.0
	18720.00000000	2.73483		1.09443     0.2    0.2		4.1705503158		-1.0
	18765.00000000	2.75615		0.54611     0.2    0.2		4.1705503158		-1.0
	18810.00000000	3.2927		-0.02275     0.2    0.2		4.1705503158		-1.0
	18855.00000000	3.2871		-0.61193     0.2    0.2		4.1705503158		-1.0
	18900.00000000	3.40365		-0.60667     0.2    0.2		4.1705503158		-1.0
	18945.00000000	3.28732		-0.34993     0.2    0.2		4.1705503158		-1.0
	18990.00000000	3.42931		-1.03939     0.2    0.2		4.1705503158		-1.0
	19035.00000000	2.74676		-0.70332     0.2    0.2		4.1705503158		-1.0
	19080.00000000	2.70489		-0.54583     0.2    0.2		4.1705503158		-1.0
	19125.00000000	2.73657		-0.30055     0.2    0.2		4.1705503158		-1.0
	19170.00000000	2.77368		0.60329     0.2    0.2		4.1705503158		-1.0
	19215.00000000	3.31164		0.21074     0.2    0.2		4.1705503158		-1.0
	19260.00000000	3.47644		0.49706     0.2    0.2		4.1705503158		-1.0
	19305.00000000	2.90723		0.28421     0.2    0.2		4.1705503158		-1.0
	19350.00000000	3.48168		-0.08363     0.2    0.2		4.1705503158		-1.0
	19395.00000000	2.68679		0.13779     0.2    0.2		4.1705503158		-1.0
	19440.00000000	2.72238		-0.02644     0.2    0.2		4.1705503158		-1.0
	19485.00000000	3.03433		0.39895     0.2    0.2		4.1705503158		-1.0
	19530.00000000	2.8147		0.11541     0.2    0.2		4.1705503158		-1.0
	19575.00000000	2.75042		0.04734     0.2    0.2		4.1705503158		-1.0
	19620.00000000	3.19588		0.35669     0.2    0.2		4.1705503158		-1.0
	19665.00000000	3.3722		0.85249     0.2    0.2		4.1705503158		-1.0
	19710.00000000	3.31932		0.60019     0.2    0.2		4.1705503158		-1.0
	19755.00000000	3.4578		1.14235     0.2    0.2		4.1705503158		-1.0
	19800.00000000	3.4331		0.92302     0.2    0.2		4.1705503158		-1.0
	19845.00000000	3.51822		1.63994     0.2    0.2		4.1705503158		-1.0
	19890.00000000	3.54322		1.3336     0.2    0.2		4.1705503158		-1.0
	19935.00000000	3.54562		1.84796     0.2    0.2		4.1705503158		-1.0
	19980.00000000	3.36549		1.75968     0.2    0.2		4.1705503158		-1.0
	20025.00000000	3.3388		2.36193     0.2    0.2		4.1705503158		-1.0
	20070.00000000	3.20311		2.40869     0.2    0.2		4.1705503158		-1.0
	20115.00000000	3.36102		2.981     0.2    0.2		4.1705503158		-1.0
	20160.00000000	3.36692		2.9719     0.2    0.2		4.1705503158		-1.0
	20205.00000000	3.2786		2.68119     0.2    0.2		4.1705503158		-1.0
	20250.00000000	3.26225		2.55948     0.2    0.2		4.1705503158		-1.0
	20295.00000000	3.26564		2.26541     0.2    0.2		4.1705503158		-1.0
	20340.00000000	3.30864		2.13115     0.2    0.2		4.1705503158		-1.0
	20385.00000000	3.3156		1.64099     0.2    0.2		4.1705503158		-1.0
	20430.00000000	3.23732		1.76857     0.2    0.2		4.1705503158		-1.0
	20475.00000000	3.29005		1.02362     0.2    0.2		4.1705503158		-1.0
	20520.00000000	3.32904		0.54694     0.2    0.2		4.1705503158		-1.0
	20565.00000000	3.29084		0.70961     0.2    0.2		4.1705503158		-1.0
	20610.00000000	2.91911		0.43397     0.2    0.2		4.1705503158		-1.0
	20655.00000000	3.42192		-0.29087     0.2    0.2		4.1705503158		-1.0
	20700.00000000	3.3024		-0.47085     0.2    0.2		4.1705503158		-1.0
	20744.99999999	3.14043		-1.09837     0.2    0.2		4.1705503158		-1.0
	20789.99999999	3.1741		-1.37472     0.2    0.2		4.1705503158		-1.0
	20834.99999999	2.92468		-1.58162     0.2    0.2		4.1705503158		-1.0
	20879.99999999	3.17783		-2.10197     0.2    0.2		4.1705503158		-1.0
	20924.99999999	3.467		-2.05513     0.2    0.2		4.1705503158		-1.0
	20969.99999999	3.35542		-2.54052     0.2    0.2		4.1705503158		-1.0
	21014.99999999	3.38807		-2.72118     0.2    0.2		4.1705503158		-1.0
	21059.99999999	3.26225		3.12708     0.2    0.2		4.1705503158		-1.0
	21104.99999999	3.27513		2.95918     0.2    0.2		4.1705503158		-1.0
	21149.99999999	2.91432		2.58825     0.2    0.2		4.1705503158		-1.0
	21194.99999999	3.19328		2.24779     0.2    0.2		4.1705503158		-1.0
	21239.99999999	3.58731		2.00013     0.2    0.2		4.1705503158		-1.0
	21284.99999999	3.45559		1.73025     0.2    0.2		4.1705503158		-1.0
	21329.99999999	3.16637		1.75051     0.2    0.2		4.1705503158		-1.0
	21374.99999999	3.70532		1.20101     0.2    0.2		4.1705503158		-1.0
	21419.99999999	3.40304		1.33328     0.2    0.2		4.1705503158		-1.0
	21464.99999999	2.93393		1.00694     0.2    0.2		4.1705503158		-1.0
	21509.99999999	2.66085		0.83231     0.2    0.2		4.1705503158		-1.0
	21554.99999999	2.68197		0.54951     0.2    0.2		4.1705503158		-1.0
	21599.99999999	2.71878		0.21747     0.2    0.2		4.1705503158		-1.0
	21644.99999999	2.71917		0.06464     0.2    0.2		4.1705503158		-1.0
	21689.99999999	2.93428		-0.68765     0.2    0.2		4.1705503158		-1.0
	21734.99999999	3.21282		-0.48215     0.2    0.2		4.1705503158		-1.0
	21779.99999999	3.17015		-1.05234     0.2    0.2		4.1705503158		-1.0
	21824.99999999	3.23277		-1.19086     0.2    0.2		4.1705503158		-1.0
	21869.99999999	2.69106		-1.42882     0.2    0.2		4.1705503158		-1.0
	21914.99999999	2.68471		-1.56271     0.2    0.2		4.1705503158		-1.0
	21959.99999999	2.61832		-1.71786     0.2    0.2		4.1705503158		-1.0
	22004.99999999	2.71202		-2.01639     0.2    0.2		4.1705503158		-1.0
	22049.99999999	2.61826		-2.21072     0.2    0.2		4.1705503158		-1.0
	22094.99999999	2.71108		-2.66798     0.2    0.2		4.1705503158		-1.0
	22139.99999999	2.74107		-2.70678     0.2    0.2		4.1705503158		-1.0
	22184.99999999	2.78825		2.99149     0.2    0.2		4.1705503158		-1.0
	22229.99999999	2.67705		2.82342     0.2    0.2		4.1705503158		-1.0
	22274.99999999	2.62867		2.23878     0.2    0.2		4.1705503158		-1.0
	22319.99999999	2.63457		1.81845     0.2    0.2		4.1705503158		-1.0
	22364.99999999	2.67626		1.26042     0.2    0.2		4.1705503158		-1.0
	22409.99999999	2.68538		1.03441     0.2    0.2		4.1705503158		-1.0
	22454.99999999	2.68812		0.1501     0.2    0.2		4.1705503158		-1.0
	22499.99999999	2.71378		0.08073     0.2    0.2		4.1705503158		-1.0
	22544.99999999	2.63787		-0.60502     0.2    0.2		4.1705503158		-1.0
	22589.99999999	2.64633		-0.83676     0.2    0.2		4.1705503158		-1.0
	22634.99999999	2.79212		-1.28037     0.2    0.2		4.1705503158		-1.0
	22679.99999999	2.66891		-1.15681     0.2    0.2		4.1705503158		-1.0
	22724.99999999	2.75068		-1.21294     0.2    0.2		4.1705503158		-1.0
	22769.99999999	2.7208		-0.88314     0.2    0.2		4.1705503158		-1.0
	22814.99999999	2.66575		-0.20916     0.2    0.2		4.1705503158		-1.0
	22859.99999999	2.65497		0.60409     0.2    0.2		4.1705503158		-1.0
	22904.99999999	2.76326		1.1453     0.2    0.2		4.1705503158		-1.0
	22949.99999999	2.72503		1.47716     0.2    0.2		4.1705503158		-1.0
	22994.99999999	2.78471		2.24042     0.2    0.2		4.1705503158		-1.0
	23039.99999999	2.72853		2.39475     0.2    0.2		4.1705503158		-1.0
	23084.99999999	2.71197		2.94136     0.2    0.2		4.1705503158		-1.0
	23129.99999999	3.44054		-2.83967     0.2    0.2		4.1705503158		-1.0
	23174.99999999	3.38142		-2.63508     0.2    0.2		4.1705503158		-1.0
	23219.99999999	3.46503		-2.03001     0.2    0.2		4.1705503158		-1.0
	23264.99999999	3.26815		-2.20414     0.2    0.2		4.1705503158		-1.0
	23309.99999999	3.32035		-2.3889     0.2    0.2		4.1705503158		-1.0
	23354.99999999	3.39531		-2.4452     0.2    0.2		4.1705503158		-1.0
	23399.99999999	3.21365		-2.93148     0.2    0.2		4.1705503158		-1.0
	23444.99999999	3.25686		-2.92898     0.2    0.2		4.1705503158		-1.0
	23489.99999999	3.37401		3.13057     0.2    0.2		4.1705503158		-1.0
	23534.99999999	3.21638		2.78467     0.2    0.2		4.1705503158		-1.0
	23579.99999999	3.42866		2.60385     0.2    0.2		4.1705503158		-1.0
	23624.99999999	3.52448		2.23183     0.2    0.2		4.1705503158		-1.0
	23669.99999999	3.39597		2.22503     0.2    0.2		4.1705503158		-1.0
	23714.99999999	3.37214		1.84216     0.2    0.2		4.1705503158		-1.0
	23759.99999999	3.23121		1.75136     0.2    0.2		4.1705503158		-1.0
	23804.99999999	3.43124		1.63469     0.2    0.2		4.1705503158		-1.0
	23849.99999999	3.31988		1.12136     0.2    0.2		4.1705503158		-1.0
	23894.99999999	3.16307		0.84842     0.2    0.2		4.1705503158		-1.0
	23939.99999999	3.41878		0.78683     0.2    0.2		4.1705503158		-1.0
	23984.99999999	3.25667		0.09203     0.2    0.2		4.1705503158		-1.0
	24029.99999999	2.55755		-0.55595     0.2    0.2		4.1705503158		-1.0
	24074.99999999	3.56361		-0.70697     0.2    0.2		4.1705503158		-1.0
	24119.99999999	3.4679		-1.02631     0.2    0.2		4.1705503158		-1.0
	24164.99999999	3.40922		-0.96726     0.2    0.2		4.1705503158		-1.0
	24209.99999999	3.36593		-0.77348     0.2    0.2		4.1705503158		-1.0
	24254.99999999	3.34201		-0.57962     0.2    0.2		4.1705503158		-1.0
	24299.99999999	2.80048		-0.68667     0.2    0.2		4.1705503158		-1.0
	24344.99999999	3.0081		-0.34596     0.2    0.2		4.1705503158		-1.0
	24389.99999999	3.62481		0.39494     0.2    0.2		4.1705503158		-1.0
	24434.99999999	3.16483		0.98334     0.2    0.2		4.1705503158		-1.0
	24479.99999999	3.59813		1.07407     0.2    0.2		4.1705503158		-1.0
	24524.99999999	2.61031		1.66314     0.2    0.2		4.1705503158		-1.0
	24569.99999999	2.61725		1.6459     0.2    0.2		4.1705503158		-1.0
	24614.99999999	3.20235		2.00238     0.2    0.2		4.1705503158		-1.0
	24659.99999999	3.21774		2.23539     0.2    0.2		4.1705503158		-1.0
	24704.99999999	3.60145		2.5512     0.2    0.2		4.1705503158		-1.0
	24749.99999999	2.54484		2.81296     0.2    0.2		4.1705503158		-1.0
	24794.99999999	3.52729		2.80361     0.2    0.2		4.1705503158		-1.0
	24839.99999999	2.73988		3.01686     0.2    0.2		4.1705503158		-1.0
	24884.99999999	2.68031		3.12066     0.2    0.2		4.1705503158		-1.0
	24929.99999999	3.57938		-2.70827     0.2    0.2		4.1705503158		-1.0
	24974.99999999	3.14874		-2.29861     0.2    0.2		4.1705503158		-1.0
	25019.99999999	3.35511		-2.04684     0.2    0.2		4.1705503158		-1.0
	25064.99999999	3.36405		-1.74957     0.2    0.2		4.1705503158		-1.0
	25109.99999999	3.1229		-1.53109     0.2    0.2		4.1705503158		-1.0
	25154.99999999	3.51064		-1.3329     0.2    0.2		4.1705503158		-1.0
	25199.99999999	3.15909		-1.16221     0.2    0.2		4.1705503158		-1.0
	25244.99999999	3.3569		-0.60825     0.2    0.2		4.1705503158		-1.0
	25289.99999999	3.04467		-0.15618     0.2    0.2		4.1705503158		-1.0
	25334.99999999	3.42707		0.45278     0.2    0.2		4.1705503158		-1.0
	25379.99999999	3.3862		0.22846     0.2    0.2		4.1705503158		-1.0
	25424.99999999	3.03794		-0.02523     0.2    0.2		4.1705503158		-1.0
	25469.99999999	3.4622		-0.01861     0.2    0.2		4.1705503158		-1.0
	25514.99999999	3.38126		0.23903     0.2    0.2		4.1705503158		-1.0
	25559.99999999	3.00605		0.73248     0.2    0.2		4.1705503158		-1.0
	25604.99999999	2.78375		1.41772     0.2    0.2		4.1705503158		-1.0
	25649.99999999	2.84036		1.3999     0.2    0.2		4.1705503158		-1.0
	25694.99999999	3.25657		1.92545     0.2    0.2		4.1705503158		-1.0
	25739.99999999	3.1054		2.44676     0.2    0.2		4.1705503158		-1.0
	25784.99999999	3.24567		2.80231     0.2    0.2		4.1705503158		-1.0
	25829.99999999	3.24024		-3.01775     0.2    0.2		4.1705503158		-1.0
	25874.99999999	2.59041		-2.63353     0.2    0.2		4.1705503158		-1.0
	25919.99999999	3.14037		-2.28807     0.2    0.2		4.1705503158		-1.0
	25964.99999999	3.0885		-2.05739     0.2    0.2		4.1705503158		-1.0
	26009.99999999	2.86083		-1.78573     0.2    0.2		4.1705503158		-1.0
	26054.99999999	2.60693		-1.84392     0.2    0.2		4.1705503158		-1.0
	26099.99999999	2.72048		-1.83894     0.2    0.2		4.1705503158		-1.0
	26144.99999999	2.69301		-2.40412     0.2    0.2		4.1705503158		-1.0
	26189.99999999	2.644		-2.25054     0.2    0.2		4.1705503158		-1.0
	26234.99999999	2.88549		-2.48023     0.2    0.2		4.1705503158		-1.0
	26279.99999999	3.25823		-2.26247     0.2    0.2		4.1705503158		-1.0
	26324.99999999	3.45559		-2.39919     0.2    0.2		4.1705503158		-1.0
	26369.99999999	2.79405		-2.98028     0.2    0.2		4.1705503158		-1.0
	26414.99999999	2.80001		-3.01268     0.2    0.2		4.1705503158		-1.0
	26459.99999999	3.01077		-3.09746     0.2    0.2		4.1705503158		-1.0
	26504.99999999	3.10275		-3.09679     0.2    0.2		4.1705503158		-1.0
	26549.99999999	3.16915		2.86158     0.2    0.2		4.1705503158		-1.0
	26594.99999999	2.66118		2.68024     0.2    0.2		4.1705503158		-1.0
	26639.99999999	2.67321		2.11611     0.2    0.2		4.1705503158		-1.0
	26684.99999999	2.79338		2.0418     0.2    0.2		4.1705503158		-1.0
	26729.99999999	3.33342		1.42678     0.2    0.2		4.1705503158		-1.0
	26774.99999999	3.39261		1.11622     0.2    0.2		4.1705503158		-1.0
	26819.99999999	3.329		0.67316     0.2    0.2		4.1705503158		-1.0
	26864.99999999	3.01513		0.05594     0.2    0.2		4.1705503158		-1.0
	26909.99999999	3.4868		-0.08431     0.2    0.2		4.1705503158		-1.0
	26954.99999999	3.11812		-0.14943     0.2    0.2		4.1705503158		-1.0
	26999.99999999	3.39513		0.24786     0.2    0.2		4.1705503158		-1.0
	27044.99999999	3.07701		0.48564     0.2    0.2		4.1705503158		-1.0
	27089.99999999	3.37087		0.46423     0.2    0.2		4.1705503158		-1.0
	27134.99999999	3.19183		0.33697     0.2    0.2		4.1705503158		-1.0
	27179.99999999	2.84363		-0.16518     0.2    0.2		4.1705503158		-1.0
	27224.99999998	2.63285		-0.64473     0.2    0.2		4.1705503158		-1.0
	27269.99999998	2.6193		-0.37505     0.2    0.2		4.1705503158		-1.0
	27314.99999998	2.66564		0.03441     0.2    0.2		4.1705503158		-1.0
	27359.99999998	2.6768		0.44363     0.2    0.2		4.1705503158		-1.0
	27404.99999998	2.66167		0.82577     0.2    0.2		4.1705503158		-1.0
	27449.99999998	2.83657		1.0926     0.2    0.2		4.1705503158		-1.0
	27494.99999998	2.63552		0.99526     0.2    0.2		4.1705503158		-1.0
	27539.99999998	3.4113		0.80265     0.2    0.2		4.1705503158		-1.0
	27584.99999998	3.2717		0.98859     0.2    0.2		4.1705503158		-1.0
	27629.99999998	2.68899		0.64805     0.2    0.2		4.1705503158		-1.0
	27674.99999998	2.6251		0.49198     0.2    0.2		4.1705503158		-1.0
	27719.99999998	3.29602		0.13335     0.2    0.2		4.1705503158		-1.0
	27764.99999998	2.7187		-0.41836     0.2    0.2		4.1705503158		-1.0
	27809.99999998	3.41862		-0.92104     0.2    0.2		4.1705503158		-1.0
	27854.99999998	3.4061		-1.40397     0.2    0.2		4.1705503158		-1.0
	27899.99999998	3.23806		-1.7449     0.2    0.2		4.1705503158		-1.0
	27944.99999998	3.53441		-2.04334     0.2    0.2		4.1705503158		-1.0
	27989.99999998	3.13946		-2.61761     0.2    0.2		4.1705503158		-1.0
	28034.99999998	3.32444		-2.67062     0.2    0.2		4.1705503158		-1.0
	28079.99999998	3.50194		-3.00932     0.2    0.2		4.1705503158		-1.0
	28124.99999998	3.42267		2.83836     0.2    0.2		4.1705503158		-1.0
	28169.99999998	3.20802		2.56739     0.2    0.2		4.1705503158		-1.0
	28214.99999998	3.40184		2.39072     0.2    0.2		4.1705503158		-1.0
	28259.99999998	3.60033		2.03149     0.2    0.2		4.1705503158		-1.0
	28304.99999998	3.35841		1.95624     0.2    0.2		4.1705503158		-1.0
	28349.99999998	3.34878		1.58505     0.2    0.2		4.1705503158		-1.0
	28394.99999998	2.59836		1.7056     0.2    0.2		4.1705503158		-1.0
	28439.99999998	3.64992		1.25724     0.2    0.2		4.1705503158		-1.0
	28484.99999998	3.20048		1.24932     0.2    0.2		4.1705503158		-1.0
	28529.99999998	2.71274		0.92703     0.2    0.2		4.1705503158		-1.0
	28574.99999998	2.613		1.24015     0.2    0.2		4.1705503158		-1.0
	28619.99999998	2.64518		0.3457     0.2    0.2		4.1705503158		-1.0
	28664.99999998	2.80341		0.32433     0.2    0.2		4.1705503158		-1.0
	28709.99999998	3.59417		-0.07323     0.2    0.2		4.1705503158		-1.0
	28754.99999998	2.95138		-0.5434     0.2    0.2		4.1705503158		-1.0
	28799.99999998	3.61424		-1.07351     0.2    0.2		4.1705503158		-1.0
	28844.99999998	3.29945		-1.5515     0.2    0.2		4.1705503158		-1.0
	28889.99999998	3.19796		-1.65254     0.2    0.2		4.1705503158		-1.0
	28934.99999998	2.70845		-2.16192     0.2    0.2		4.1705503158		-1.0
	28979.99999998	2.61016		-2.08491     0.2    0.2		4.1705503158		-1.0
	29024.99999998	2.76756		-2.3607     0.2    0.2		4.1705503158		-1.0
	29069.99999998	2.6327		-2.66456     0.2    0.2		4.1705503158		-1.0
	29114.99999998	2.58836		-2.84664     0.2    0.2		4.1705503158		-1.0
	29159.99999998	2.72896		-3.12289     0.2    0.2		4.1705503158		-1.0
	29204.99999998	2.68115		2.69565     0.2    0.2		4.1705503158		-1.0
	29249.99999998	2.62342		2.44257     0.2    0.2		4.1705503158		-1.0
	29294.99999998	2.64905		2.01555     0.2    0.2		4.1705503158		-1.0
	29339.99999998	2.70209		1.74214     0.2    0.2		4.1705503158		-1.0
	29384.99999998	3.69942		1.48904     0.2    0.2		4.1705503158		-1.0
	29429.99999998	3.16442		1.17027     0.2    0.2		4.1705503158		-1.0
	29474.99999998	2.89112		0.89745     0.2    0.2		4.1705503158		-1.0
	29519.99999998	4.06451		0.50377     0.2    0.2		4.1705503158		-1.0
	29564.99999998	5.82003		0.01166     0.2    0.2		4.1705503158		-1.0
	29609.99999998	7.46685		-0.20919     0.2    0.2		4.1705503158		-1.0
	29654.99999998	8.81568		-0.14694     0.2    0.2		4.1705503158		-1.0
	29699.99999998	10.29094		-0.21977     0.2    0.2		4.1705503158		-1.0
	29744.99999998	11.52163		0.00389     0.2    0.2		4.1705503158		-1.0
	29789.99999998	12.74748		0.01223     0.2    0.2		4.1705503158		-1.0
	29834.99999998	13.66617		0.01445     0.2    0.2		4.1705503158		-1.0
	29879.99999998	14.57498		-0.68194     0.2    0.2		4.1705503158		-1.0
	29924.99999998	15.41214		-2.73042     0.2    0.2		4.1705503158		-1.0
	29969.99999998	15.97006		3.11078     0.2    0.2		4.1705503158		-1.0
	30014.99999998	16.89567		2.75158     0.2    0.2		4.1705503158		-1.0
	30059.99999998	17.76463		2.58486     0.2    0.2		4.1705503158		-1.0
	30104.99999998	18.74791		2.17901     0.2    0.2		4.1705503158		-1.0
	30149.99999998	19.60122		1.89377     0.2    0.2		4.1705503158		-1.0
	30194.99999998	20.60332		1.19212     0.2    0.2		4.1705503158		-1.0
	30239.99999998	21.58658		-0.417     0.2    0.2		4.1705503158		-1.0
	30284.99999998	22.43195		-1.63042     0.2    0.2		4.1705503158		-1.0
	30329.99999998	22.96985		-2.08286     0.2    0.2		4.1705503158		-1.0
	30374.99999998	23.35272		-2.60853     0.2    0.2		4.1705503158		-1.0
	30419.99999998	23.1286		-3.00974     0.2    0.2		4.1705503158		-1.0
	30464.99999998	22.90466		2.30921     0.2    0.2		4.1705503158		-1.0
	30509.99999998	22.55801		3.14008     0.2    0.2		4.1705503158		-1.0
	30554.99999998	22.18934		-1.69754     0.2    0.2		4.1705503158		-1.0
	30599.99999998	21.24132		-0.89163     0.2    0.2		4.1705503158		-1.0
	30644.99999998	20.45495		-0.34615     0.2    0.2		4.1705503158		-1.0
	30689.99999998	19.3123		0.05036     0.2    0.2		4.1705503158		-1.0
	30734.99999998	17.97598		0.58713     0.2    0.2		4.1705503158		-1.0
	30779.99999998	16.80604		1.09164     0.2    0.2		4.1705503158		-1.0
	30824.99999998	15.66759		1.79869     0.2    0.2		4.1705503158		-1.0
	30869.99999998	14.73193		-2.85847     0.2    0.2		4.1705503158		-1.0
	30914.99999998	14.22661		-1.64288     0.2    0.2		4.1705503158		-1.0
	30959.99999998	13.99174		-0.94102     0.2    0.2		4.1705503158		-1.0
	31004.99999998	13.54916		-0.38282     0.2    0.2		4.1705503158		-1.0
	31049.99999998	12.97459		0.23942     0.2    0.2		4.1705503158		-1.0
	31094.99999998	11.98941		0.82225     0.2    0.2		4.1705503158		-1.0
	31139.99999998	11.43781		1.78118     0.2    0.2		4.1705503158		-1.0
	31184.99999998	10.6697		2.97658     0.2    0.2		4.1705503158		-1.0
	31229.99999998	10.18433		-2.02432     0.2    0.2		4.1705503158		-1.0
	31274.99999998	9.47065		-1.22108     0.2    0.2		4.1705503158		-1.0
	31319.99999998	8.87618		-0.34634     0.2    0.2		4.1705503158		-1.0
	31364.99999998	8.424		0.43909     0.2    0.2		4.1705503158		-1.0
	31409.99999998	8.42963		2.08093     0.2    0.2		4.1705503158		-1.0
	31454.99999998	8.69485		2.91325     0.2    0.2		4.1705503158		-1.0
	31499.99999998	9.11856		-2.52405     0.2    0.2		4.1705503158		-1.0
	31544.99999998	9.67165		-1.96629     0.2    0.2		4.1705503158		-1.0
	31589.99999998	9.92759		-1.52975     0.2    0.2		4.1705503158		-1.0
	31634.99999998	10.29023		-1.1769     0.2    0.2		4.1705503158		-1.0
	31679.99999998	10.94044		-1.97076     0.2    0.2		4.1705503158		-1.0
	31724.99999998	12.21373		-2.4536     0.2    0.2		4.1705503158		-1.0
	31769.99999998	13.8366		-2.24478     0.2    0.2		4.1705503158		-1.0
	31814.99999998	15.39959		-1.81679     0.2    0.2		4.1705503158		-1.0
	31859.99999998	16.29158		-1.0693     0.2    0.2		4.1705503158		-1.0
	31904.99999998	16.97714		-0.46449     0.2    0.2		4.1705503158		-1.0
	31949.99999998	17.69491		-0.27078     0.2    0.2		4.1705503158		-1.0
	31994.99999998	18.60707		-0.35314     0.2    0.2		4.1705503158		-1.0
	32039.99999998	19.6284		-0.4626     0.2    0.2		4.1705503158		-1.0
	32084.99999998	21.20603		-0.58167     0.2    0.2		4.1705503158		-1.0
	32129.99999998	22.52628		-0.75246     0.2    0.2		4.1705503158		-1.0
	32174.99999998	24.10872		-0.8021     0.2    0.2		4.1705503158		-1.0
	32219.99999998	25.2952		-2.08094     0.2    0.2		4.1705503158		-1.0
	32264.99999998	26.26163		2.67845     0.2    0.2		4.1705503158		-1.0
	32309.99999998	26.85729		2.55015     0.2    0.2		4.1705503158		-1.0
	32354.99999998	27.19172		2.42197     0.2    0.2		4.1705503158		-1.0
	32399.99999998	27.24889		-2.18081     0.2    0.2		4.1705503158		-1.0
	32444.99999998	27.74487		-2.04357     0.2    0.2		4.1705503158		-1.0
	32489.99999998	28.556		-1.62358     0.2    0.2		4.1705503158		-1.0
	32534.99999998	29.32726		-1.10895     0.2    0.2		4.1705503158		-1.0
	32579.99999998	30.11392		0.98673     0.2    0.2		4.1705503158		-1.0
	32624.99999998	30.76975		2.19604     0.2    0.2		4.1705503158		-1.0
	32669.99999998	31.72986		2.07763     0.2    0.2		4.1705503158		-1.0
	32714.99999998	32.86007		1.88946     0.2    0.2		4.1705503158		-1.0
	32759.99999998	32.11718		1.54957     0.2    0.2		4.1705503158		-1.0
	32804.99999998	31.5622		1.20773     0.2    0.2		4.1705503158		-1.0
	32849.99999998	31.19599		-0.1132     0.2    0.2		4.1705503158		-1.0
	32894.99999998	31.37723		0.39903     0.2    0.2		4.1705503158		-1.0
	32939.99999998	31.91297		0.89703     0.2    0.2		4.1705503158		-1.0
	32984.99999998	32.86446		1.32148     0.2    0.2		4.1705503158		-1.0
	33029.99999998	33.82397		1.81256     0.2    0.2		4.1705503158		-1.0
	33074.99999998	34.90765		2.03587     0.2    0.2		4.1705503158		-1.0
	33119.99999998	35.7894		-2.013     0.2    0.2		4.1705503158		-1.0
	33164.99999998	34.68553		-1.53939     0.2    0.2		4.1705503158		-1.0
	33209.99999998	33.50827		-1.1131     0.2    0.2		4.1705503158		-1.0
	33254.99999998	32.55035		-0.43305     0.2    0.2		4.1705503158		-1.0
	33299.99999998	32.12386		0.25386     0.2    0.2		4.1705503158		-1.0
	33344.99999998	31.91745		0.78626     0.2    0.2		4.1705503158		-1.0
	33389.99999998	31.45171		1.079     0.2    0.2		4.1705503158		-1.0
	33434.99999998	30.42338		1.42431     0.2    0.2		4.1705503158		-1.0
	33479.99999998	29.23944		1.63668     0.2    0.2		4.1705503158		-1.0
	33524.99999998	28.16107		1.93911     0.2    0.2		4.1705503158		-1.0
	33569.99999998	26.83241		2.20046     0.2    0.2		4.1705503158		-1.0
	33614.99999998	25.42432		2.44968     0.2    0.2		4.1705503158		-1.0
	33659.99999998	24.03272		2.66454     0.2    0.2		4.1705503158		-1.0
	33704.99999998	22.75146		2.78279     0.2    0.2		4.1705503158		-1.0
	33749.99999997	21.27435		3.06281     0.2    0.2		4.1705503158		-1.0
	33794.99999997	19.77432		-3.0156     0.2    0.2		4.1705503158		-1.0
	33839.99999997	18.4715		-2.69767     0.2    0.2		4.1705503158		-1.0
	33884.99999997	17.3168		-1.96151     0.2    0.2		4.1705503158		-1.0
	33929.99999997	16.25634		-1.49054     0.2    0.2		4.1705503158		-1.0
	33974.99999997	15.24605		-1.49303     0.2    0.2		4.1705503158		-1.0
	34019.99999997	14.29856		-1.38799     0.2    0.2		4.1705503158		-1.0
	34064.99999997	13.24795		-1.35783     0.2    0.2		4.1705503158		-1.0
	34109.99999997	12.13477		-1.26941     0.2    0.2		4.1705503158		-1.0
	34154.99999997	10.86545		-1.16264     0.2    0.2		4.1705503158		-1.0
	34199.99999997	9.5681		-1.04406     0.2    0.2		4.1705503158		-1.0
	34244.99999997	8.27322		-0.73057     0.2    0.2		4.1705503158		-1.0
	34289.99999997	7.83523		-0.32398     0.2    0.2		4.1705503158		-1.0
	34334.99999997	9.07066		-0.14568     0.2    0.2		4.1705503158		-1.0
	34379.99999997	10.67628		0.24443     0.2    0.2		4.1705503158		-1.0
	34424.99999997	12.1865		0.57476     0.2    0.2		4.1705503158		-1.0
	34469.99999997	13.48137		1.70579     0.2    0.2		4.1705503158		-1.0
	34514.99999997	14.3347		3.12951     0.2    0.2		4.1705503158		-1.0
	34559.99999997	14.5057		-2.50043     0.2    0.2		4.1705503158		-1.0
	34604.99999997	14.44213		-2.08569     0.2    0.2		4.1705503158		-1.0
	34649.99999997	13.82811		-1.70442     0.2    0.2		4.1705503158		-1.0
	34694.99999997	12.93409		-1.62725     0.2    0.2		4.1705503158		-1.0
	34739.99999997	11.58915		-1.5755     0.2    0.2		4.1705503158		-1.0
	34784.99999997	10.21044		-1.58022     0.2    0.2		4.1705503158		-1.0
	34829.99999997	8.68669		-1.55102     0.2    0.2		4.1705503158		-1.0
	34874.99999997	7.36049		-1.51984     0.2    0.2		4.1705503158		-1.0
	34919.99999997	6.31337		-1.56616     0.2    0.2		4.1705503158		-1.0
	34964.99999997	6.66645		-1.23149     0.2    0.2		4.1705503158		-1.0
	35009.99999997	8.00626		-1.34845     0.2    0.2		4.1705503158		-1.0
	35054.99999997	9.80206		2.86622     0.2    0.2		4.1705503158		-1.0
	35099.99999997	10.88667		1.59435     0.2    0.2		4.1705503158		-1.0
	35144.99999997	11.49259		1.06238     0.2    0.2		4.1705503158		-1.0
	35189.99999997	11.77037		0.84751     0.2    0.2		4.1705503158		-1.0
	35234.99999997	11.99864		1.16531     0.2    0.2		4.1705503158		-1.0
	35279.99999997	13.31289		2.36157     0.2    0.2		4.1705503158		-1.0
	35324.99999997	15.3556		2.25527     0.2    0.2		4.1705503158		-1.0
	35369.99999997	16.92642		1.80263     0.2    0.2		4.1705503158		-1.0
	35414.99999997	17.78462		1.31525     0.2    0.2		4.1705503158		-1.0
	35459.99999997	17.524		1.05074     0.2    0.2		4.1705503158		-1.0
	35504.99999997	17.4261		1.92341     0.2    0.2		4.1705503158		-1.0
	35549.99999997	18.13648		2.76332     0.2    0.2		4.1705503158		-1.0
	35594.99999997	19.33185		2.3917     0.2    0.2		4.1705503158		-1.0
	35639.99999997	20.47879		1.74869     0.2    0.2		4.1705503158		-1.0
	35684.99999997	20.00977		1.16213     0.2    0.2		4.1705503158		-1.0
	35729.99999997	19.31386		0.94315     0.2    0.2		4.1705503158		-1.0
	35774.99999997	18.94664		2.18141     0.2    0.2		4.1705503158		-1.0
	35819.99999997	20.4187		2.05307     0.2    0.2		4.1705503158		-1.0
	35864.99999997	21.30891		1.3907     0.2    0.2		4.1705503158		-1.0
	35909.99999997	21.34715		0.45532     0.2    0.2		4.1705503158		-1.0
	35954.99999997	20.18919		0.05989     0.2    0.2		4.1705503158		-1.0
	35999.99999997	19.59156		0.43894     0.2    0.2		4.1705503158		-1.0
	36044.99999997	20.48112		1.27855     0.2    0.2		4.1705503158		-1.0
	36089.99999997	22.08787		0.93891     0.2    0.2		4.1705503158		-1.0
	36134.99999997	22.90677		0.23044     0.2    0.2		4.1705503158		-1.0
	36179.99999997	22.73818		-0.44409     0.2    0.2		4.1705503158		-1.0
	36224.99999997	21.79446		-0.66167     0.2    0.2		4.1705503158		-1.0
	36269.99999997	22.06569		0.13121     0.2    0.2		4.1705503158		-1.0
	36314.99999997	23.16118		0.70781     0.2    0.2		4.1705503158		-1.0
	36359.99999997	23.911		1.1732     0.2    0.2		4.1705503158		-1.0
	36404.99999997	22.49001		1.20663     0.2    0.2		4.1705503158		-1.0
	36449.99999997	21.14203		1.79943     0.2    0.2		4.1705503158		-1.0
	36494.99999997	20.49454		2.39859     0.2    0.2		4.1705503158		-1.0
	36539.99999997	20.8175		-2.99282     0.2    0.2		4.1705503158		-1.0
	36584.99999997	21.74986		-2.9363     0.2    0.2		4.1705503158		-1.0
	36629.99999997	22.96382		-3.1011     0.2    0.2		4.1705503158		-1.0
	36674.99999997	23.41399		2.62538     0.2    0.2		4.1705503158		-1.0
	36719.99999997	23.34083		2.12472     0.2    0.2		4.1705503158		-1.0
	36764.99999997	22.87439		1.64657     0.2    0.2		4.1705503158		-1.0
	36809.99999997	22.25291		2.01455     0.2    0.2		4.1705503158		-1.0
	36854.99999997	22.74802		2.68086     0.2    0.2		4.1705503158		-1.0
	36899.99999997	23.88257		2.90029     0.2    0.2		4.1705503158		-1.0
	36944.99999997	24.60777		2.67873     0.2    0.2		4.1705503158		-1.0
	36989.99999997	24.88108		2.56104     0.2    0.2		4.1705503158		-1.0
	37034.99999997	24.91551		2.72113     0.2    0.2		4.1705503158		-1.0
	37079.99999997	25.9249		-3.05263     0.2    0.2		4.1705503158		-1.0
	37124.99999997	26.43073		-2.20787     0.2    0.2		4.1705503158		-1.0
	37169.99999997	27.17511		-1.08917     0.2    0.2		4.1705503158		-1.0
	37214.99999997	27.48082		0.10617     0.2    0.2		4.1705503158		-1.0
	37259.99999997	27.48551		1.08624     0.2    0.2		4.1705503158		-1.0
	37304.99999997	27.31759		1.66918     0.2    0.2		4.1705503158		-1.0
	37349.99999997	27.2542		-3.11449     0.2    0.2		4.1705503158		-1.0
	37394.99999997	27.46833		2.22667     0.2    0.2		4.1705503158		-1.0
	37439.99999997	27.88034		0.42466     0.2    0.2		4.1705503158		-1.0
	37484.99999997	28.388		-0.34168     0.2    0.2		4.1705503158		-1.0
	37529.99999997	29.24336		0.19054     0.2    0.2		4.1705503158		-1.0
	37574.99999997	30.17218		0.17887     0.2    0.2		4.1705503158		-1.0
	37619.99999997	30.60828		0.32263     0.2    0.2		4.1705503158		-1.0
	37664.99999997	29.9969		0.86959     0.2    0.2		4.1705503158		-1.0
	37709.99999997	29.7749		1.96074     0.2    0.2		4.1705503158		-1.0
	37754.99999997	30.08223		-2.93956     0.2    0.2		4.1705503158		-1.0
	37799.99999997	31.36421		-2.2104     0.2    0.2		4.1705503158		-1.0
	37844.99999997	32.97408		-2.09457     0.2    0.2		4.1705503158		-1.0
	37889.99999997	34.49763		-2.34405     0.2    0.2		4.1705503158		-1.0
	37934.99999997	35.21841		-3.02231     0.2    0.2		4.1705503158		-1.0
	37979.99999997	35.72396		2.6306     0.2    0.2		4.1705503158		-1.0
	38024.99999997	35.81366		2.1663     0.2    0.2		4.1705503158		-1.0
	38069.99999997	35.44179		2.32735     0.2    0.2		4.1705503158		-1.0
	38114.99999997	34.29613		2.62897     0.2    0.2		4.1705503158		-1.0
	38159.99999997	32.96927		2.88534     0.2    0.2		4.1705503158		-1.0
	38204.99999997	32.21938		-2.7352     0.2    0.2		4.1705503158		-1.0
	38249.99999997	32.47047		-1.03008     0.2    0.2		4.1705503158		-1.0
	38294.99999997	33.28727		-0.00754     0.2    0.2		4.1705503158		-1.0
	38339.99999997	33.91333		-0.67816     0.2    0.2		4.1705503158		-1.0
	38384.99999997	34.25782		-2.03961     0.2    0.2		4.1705503158		-1.0
	38429.99999997	33.45941		-2.04605     0.2    0.2		4.1705503158		-1.0
	38474.99999997	33.17437		-1.79886     0.2    0.2		4.1705503158		-1.0
	38519.99999997	33.57735		-1.32595     0.2    0.2		4.1705503158		-1.0
	38564.99999997	34.64927		-0.98205     0.2    0.2		4.1705503158		-1.0
	38609.99999997	34.84068		-1.68939     0.2    0.2		4.1705503158		-1.0
	38654.99999997	35.50244		3.14017     0.2    0.2		4.1705503158		-1.0
	38699.99999997	34.75582		-2.60572     0.2    0.2		4.1705503158		-1.0
	38744.99999997	33.46964		-2.56019     0.2    0.2		4.1705503158		-1.0
	38789.99999997	33.22483		-1.5217     0.2    0.2		4.1705503158		-1.0
	38834.99999997	32.96333		-1.10285     0.2    0.2		4.1705503158		-1.0
	38879.99999997	33.33797		2.44769     0.2    0.2		4.1705503158		-1.0
	38924.99999997	34.0534		2.30539     0.2    0.2		4.1705503158		-1.0
	38969.99999997	33.74238		-2.09207     0.2    0.2		4.1705503158		-1.0
	39014.99999997	32.91241		-2.06237     0.2    0.2		4.1705503158		-1.0
	39059.99999997	31.65726		-1.70505     0.2    0.2		4.1705503158		-1.0
	39104.99999997	31.35309		-0.50015     0.2    0.2		4.1705503158		-1.0
	39149.99999997	32.26339		1.35217     0.2    0.2		4.1705503158		-1.0
	39194.99999997	33.10183		1.57512     0.2    0.2		4.1705503158		-1.0
	39239.99999997	33.52182		1.54903     0.2    0.2		4.1705503158		-1.0
	39284.99999997	32.72359		-0.38243     0.2    0.2		4.1705503158		-1.0
	39329.99999997	32.04893		0.1971     0.2    0.2		4.1705503158		-1.0
	39374.99999997	31.88874		0.8731     0.2    0.2		4.1705503158		-1.0
	39419.99999997	33.01175		0.99535     0.2    0.2		4.1705503158		-1.0
	39464.99999997	34.11776		1.27694     0.2    0.2		4.1705503158		-1.0
	39509.99999997	34.53069		0.28055     0.2    0.2		4.1705503158		-1.0
	39554.99999997	34.08042		0.17814     0.2    0.2		4.1705503158		-1.0
	39599.99999997	33.27849		0.65754     0.2    0.2		4.1705503158		-1.0
	39644.99999997	34.07065		-1.17469     0.2    0.2		4.1705503158		-1.0
	39689.99999997	35.47767		-0.90601     0.2    0.2		4.1705503158		-1.0
	39734.99999997	36.5432		-1.10321     0.2    0.2		4.1705503158		-1.0
	39779.99999997	36.7386		0.84408     0.2    0.2		4.1705503158		-1.0
	39824.99999997	35.85596		0.94659     0.2    0.2		4.1705503158		-1.0
	39869.99999997	35.50252		1.38299     0.2    0.2		4.1705503158		-1.0
	39914.99999997	35.46952		2.48176     0.2    0.2		4.1705503158		-1.0
	39959.99999997	35.05062		2.89679     0.2    0.2		4.1705503158		-1.0
	40004.99999997	34.2633		-3.0862     0.2    0.2		4.1705503158		-1.0
	40049.99999997	32.76216		2.42179     0.2    0.2		4.1705503158		-1.0
	40094.99999997	31.30789		2.54666     0.2    0.2		4.1705503158		-1.0
	40139.99999997	29.81783		-3.13734     0.2    0.2		4.1705503158		-1.0
	40184.99999997	28.793		-2.49791     0.2    0.2		4.1705503158		-1.0
	40229.99999996	27.76068		-2.01094     0.2    0.2		4.1705503158		-1.0
	40274.99999996	27.14335		-1.4225     0.2    0.2		4.1705503158		-1.0
	40319.99999996	26.63049		-0.90317     0.2    0.2		4.1705503158		-1.0
	40364.99999996	26.22792		-0.31674     0.2    0.2		4.1705503158		-1.0
	40409.99999996	25.57575		0.30519     0.2    0.2		4.1705503158		-1.0
	40454.99999996	24.94841		0.97517     0.2    0.2		4.1705503158		-1.0
	40499.99999996	24.08967		1.6485     0.2    0.2		4.1705503158		-1.0
	40544.99999996	23.50076		2.15866     0.2    0.2		4.1705503158		-1.0
	40589.99999996	23.15024		2.63018     0.2    0.2		4.1705503158		-1.0
	40634.99999996	23.08151		-3.10541     0.2    0.2		4.1705503158		-1.0
	40679.99999996	23.5697		-2.30315     0.2    0.2		4.1705503158		-1.0
	40724.99999996	24.38284		-0.55846     0.2    0.2		4.1705503158		-1.0
	40769.99999996	24.591		1.02576     0.2    0.2		4.1705503158		-1.0
	40814.99999996	24.46547		1.82089     0.2    0.2		4.1705503158		-1.0
	40859.99999996	23.93093		2.62233     0.2    0.2		4.1705503158		-1.0
	40904.99999996	24.0962		-2.75387     0.2    0.2		4.1705503158		-1.0
	40949.99999996	24.16159		-1.754     0.2    0.2		4.1705503158		-1.0
	40994.99999996	24.72996		-0.87938     0.2    0.2		4.1705503158		-1.0
	41039.99999996	24.66972		-0.1048     0.2    0.2		4.1705503158		-1.0
	41084.99999996	24.2795		-2.31545     0.2    0.2		4.1705503158		-1.0
	41129.99999996	23.4969		-1.53463     0.2    0.2		4.1705503158		-1.0
	41174.99999996	22.68444		-0.7452     0.2    0.2		4.1705503158		-1.0
	41219.99999996	22.09897		0.03653     0.2    0.2		4.1705503158		-1.0
	41264.99999996	21.54106		0.98694     0.2    0.2		4.1705503158		-1.0
	41309.99999996	21.11719		1.78424     0.2    0.2		4.1705503158		-1.0
	41354.99999996	20.71828		2.49763     0.2    0.2		4.1705503158		-1.0
	41399.99999996	20.8918		-2.99722     0.2    0.2		4.1705503158		-1.0
	41444.99999996	21.1863		-0.3984     0.2    0.2		4.1705503158		-1.0
	41489.99999996	20.57998		0.65675     0.2    0.2		4.1705503158		-1.0
	41534.99999996	19.85987		1.47568     0.2    0.2		4.1705503158		-1.0
	41579.99999996	19.23458		2.17111     0.2    0.2		4.1705503158		-1.0
	41624.99999996	19.36849		2.93838     0.2    0.2		4.1705503158		-1.0
	41669.99999996	19.67142		-2.22602     0.2    0.2		4.1705503158		-1.0
	41714.99999996	20.07893		-0.65837     0.2    0.2		4.1705503158		-1.0
	41759.99999996	20.07097		0.95567     0.2    0.2		4.1705503158		-1.0
	41804.99999996	19.3535		2.08303     0.2    0.2		4.1705503158		-1.0
	41849.99999996	18.79171		2.95531     0.2    0.2		4.1705503158		-1.0
	41894.99999996	18.64987		-2.24027     0.2    0.2		4.1705503158		-1.0
	41939.99999996	18.8107		-1.04461     0.2    0.2		4.1705503158		-1.0
	41984.99999996	18.66346		0.02533     0.2    0.2		4.1705503158		-1.0
	42029.99999996	18.61428		0.98003     0.2    0.2		4.1705503158		-1.0
	42074.99999996	19.09165		1.99075     0.2    0.2		4.1705503158		-1.0
	42119.99999996	19.7699		2.57656     0.2    0.2		4.1705503158		-1.0
	42164.99999996	20.75694		-2.0628     0.2    0.2		4.1705503158		-1.0
	42209.99999996	20.88131		0.14025     0.2    0.2		4.1705503158		-1.0
	42254.99999996	20.37056		0.90518     0.2    0.2		4.1705503158		-1.0
	42299.99999996	20.17969		1.76423     0.2    0.2		4.1705503158		-1.0
	42344.99999996	20.15262		2.53011     0.2    0.2		4.1705503158		-1.0
	42389.99999996	20.49055		-2.93769     0.2    0.2		4.1705503158		-1.0
	42434.99999996	20.07653		-1.31999     0.2    0.2		4.1705503158		-1.0
	42479.99999996	19.33958		1.3409     0.2    0.2		4.1705503158		-1.0
	42524.99999996	17.91232		2.30569     0.2    0.2		4.1705503158		-1.0
	42569.99999996	16.48891		-2.80473     0.2    0.2		4.1705503158		-1.0
	42614.99999996	15.59789		-1.6785     0.2    0.2		4.1705503158		-1.0
	42659.99999996	15.73932		-0.73502     0.2    0.2		4.1705503158		-1.0
	42704.99999996	15.96299		0.31488     0.2    0.2		4.1705503158		-1.0
	42749.99999996	15.88096		1.58205     0.2    0.2		4.1705503158		-1.0
	42794.99999996	15.95509		2.67016     0.2    0.2		4.1705503158		-1.0
	42839.99999996	16.06071		-2.71452     0.2    0.2		4.1705503158		-1.0
	42884.99999996	16.01572		-1.68436     0.2    0.2		4.1705503158		-1.0
	42929.99999996	15.76971		-0.49578     0.2    0.2		4.1705503158		-1.0
	42974.99999996	15.3966		0.91434     0.2    0.2		4.1705503158		-1.0
	43019.99999996	14.90985		2.04601     0.2    0.2		4.1705503158		-1.0
	43064.99999996	14.61105		2.84839     0.2    0.2		4.1705503158		-1.0
	43109.99999996	15.01449		-2.41825     0.2    0.2		4.1705503158		-1.0
	43154.99999996	15.2269		-0.32893     0.2    0.2		4.1705503158		-1.0
	43199.99999996	14.40219		1.7459     0.2    0.2		4.1705503158		-1.0
	43244.99999996	13.55555		2.56859     0.2    0.2		4.1705503158		-1.0
	43289.99999996	12.75678		-2.93425     0.2    0.2		4.1705503158		-1.0
	43334.99999996	12.60342		-2.13733     0.2    0.2		4.1705503158		-1.0
	43379.99999996	12.78612		-1.35945     0.2    0.2		4.1705503158		-1.0
	43424.99999996	12.5599		-0.84229     0.2    0.2		4.1705503158		-1.0
	43469.99999996	11.66669		0.15831     0.2    0.2		4.1705503158		-1.0
	43514.99999996	10.54584		2.67162     0.2    0.2		4.1705503158		-1.0
	43559.99999996	9.28261		-2.78731     0.2    0.2		4.1705503158		-1.0
	43604.99999996	8.21142		-1.75424     0.2    0.2		4.1705503158		-1.0
	43649.99999996	8.46479		-0.97951     0.2    0.2		4.1705503158		-1.0
	43694.99999996	9.66686		-0.44614     0.2    0.2		4.1705503158		-1.0
	43739.99999996	11.12889		0.0725     0.2    0.2		4.1705503158		-1.0
	43784.99999996	12.5028		0.68477     0.2    0.2		4.1705503158		-1.0
	43829.99999996	13.91323		1.14603     0.2    0.2		4.1705503158		-1.0
	43874.99999996	15.46951		2.10845     0.2    0.2		4.1705503158		-1.0
	43919.99999996	16.73379		-1.78487     0.2    0.2		4.1705503158		-1.0
	43964.99999996	17.59831		-1.33641     0.2    0.2		4.1705503158		-1.0
	44009.99999996	18.45695		-1.27682     0.2    0.2		4.1705503158		-1.0
	44054.99999996	19.10772		-1.34767     0.2    0.2		4.1705503158		-1.0
	44099.99999996	19.74007		-2.64132     0.2    0.2		4.1705503158		-1.0
	44144.99999996	20.04539		-2.99655     0.2    0.2		4.1705503158		-1.0
	44189.99999996	20.35713		3.00841     0.2    0.2		4.1705503158		-1.0
	44234.99999996	20.89163		2.80394     0.2    0.2		4.1705503158		-1.0
	44279.99999996	21.55039		2.31258     0.2    0.2		4.1705503158		-1.0
	44324.99999996	22.37605		2.11863     0.2    0.2		4.1705503158		-1.0
	44369.99999996	23.44444		1.71137     0.2    0.2		4.1705503158		-1.0
	44414.99999996	24.54115		1.41574     0.2    0.2		4.1705503158		-1.0
	44459.99999996	25.86918		0.91933     0.2    0.2		4.1705503158		-1.0
	44504.99999996	27.36725		0.86524     0.2    0.2		4.1705503158		-1.0
	44549.99999996	29.1547		0.93025     0.2    0.2		4.1705503158		-1.0
	44594.99999996	30.58207		2.62644     0.2    0.2		4.1705503158		-1.0
	44639.99999996	31.81853		2.78517     0.2    0.2		4.1705503158		-1.0
	44684.99999996	32.63826		2.68791     0.2    0.2		4.1705503158		-1.0
	44729.99999996	33.21628		2.75391     0.2    0.2		4.1705503158		-1.0
	44774.99999996	33.88185		3.03106     0.2    0.2		4.1705503158		-1.0
	44819.99999996	33.52599		1.12067     0.2    0.2		4.1705503158		-1.0
	44864.99999996	33.02697		1.75556     0.2    0.2		4.1705503158		-1.0
	44909.99999996	32.38153		2.03595     0.2    0.2		4.1705503158		-1.0
	44954.99999996	30.96167		2.26224     0.2    0.2		4.1705503158		-1.0
	44999.99999996	29.78584		2.30264     0.2    0.2		4.1705503158		-1.0
	45044.99999996	28.69793		2.07787     0.2    0.2		4.1705503158		-1.0
	45089.99999996	27.89846		1.79551     0.2    0.2		4.1705503158		-1.0
	45134.99999996	27.09474		1.55579     0.2    0.2		4.1705503158		-1.0
	45179.99999996	26.16787		1.55712     0.2    0.2		4.1705503158		-1.0
	45224.99999996	25.03119		1.40378     0.2    0.2		4.1705503158		-1.0
	45269.99999996	24.20229		1.56332     0.2    0.2		4.1705503158		-1.0
	45314.99999996	23.37445		-1.08744     0.2    0.2		4.1705503158		-1.0
	45359.99999996	22.84902		-1.47957     0.2    0.2		4.1705503158		-1.0
	45404.99999996	22.03656		-1.37411     0.2    0.2		4.1705503158		-1.0
	45449.99999996	21.22264		-1.42187     0.2    0.2		4.1705503158		-1.0
	45494.99999996	20.1		-1.43967     0.2    0.2		4.1705503158		-1.0
	45539.99999996	18.88563		-1.44037     0.2    0.2		4.1705503158		-1.0
	45584.99999996	17.8281		-1.57185     0.2    0.2		4.1705503158		-1.0
	45629.99999996	16.55728		-1.70269     0.2    0.2		4.1705503158		-1.0
	45674.99999996	15.5535		-2.16674     0.2    0.2		4.1705503158		-1.0
	45719.99999996	14.37038		-2.6725     0.2    0.2		4.1705503158		-1.0
	45764.99999996	13.34849		3.05309     0.2    0.2		4.1705503158		-1.0
	45809.99999996	12.10231		2.71479     0.2    0.2		4.1705503158		-1.0
	45854.99999996	11.06234		2.14849     0.2    0.2		4.1705503158		-1.0
	45899.99999996	9.66008		1.83857     0.2    0.2		4.1705503158		-1.0
	45944.99999996	8.60037		1.34981     0.2    0.2		4.1705503158		-1.0
	45989.99999996	7.21765		0.94924     0.2    0.2		4.1705503158		-1.0
	46034.99999996	6.33031		0.2467     0.2    0.2		4.1705503158		-1.0
	46079.99999996	5.98974		-0.47985     0.2    0.2		4.1705503158		-1.0
	46124.99999996	6.43761		-1.11056     0.2    0.2		4.1705503158		-1.0
	46169.99999996	7.9637		-1.20222     0.2    0.2		4.1705503158		-1.0
	46214.99999996	9.53144		-0.80763     0.2    0.2		4.1705503158		-1.0
	46259.99999996	10.40318		-0.50918     0.2    0.2		4.1705503158		-1.0
	46304.99999996	10.93237		0.13088     0.2    0.2		4.1705503158		-1.0
	46349.99999996	11.30204		0.42243     0.2    0.2		4.1705503158		-1.0
	46394.99999996	11.81479		1.22653     0.2    0.2		4.1705503158		-1.0
	46439.99999996	12.32722		2.06739     0.2    0.2		4.1705503158		-1.0
	46484.99999996	13.47159		1.54961     0.2    0.2		4.1705503158		-1.0
	46529.99999996	14.80728		0.47688     0.2    0.2		4.1705503158		-1.0
	46574.99999996	16.62008		0.87304     0.2    0.2		4.1705503158		-1.0
	46619.99999996	17.8147		1.69775     0.2    0.2		4.1705503158		-1.0
	46664.99999996	19.08222		2.17439     0.2    0.2		4.1705503158		-1.0
	46709.99999996	19.22848		-2.85916     0.2    0.2		4.1705503158		-1.0
	46754.99999995	19.57516		-2.52014     0.2    0.2		4.1705503158		-1.0
	46799.99999995	19.47825		0.28525     0.2    0.2		4.1705503158		-1.0
	46844.99999995	19.70188		0.30612     0.2    0.2		4.1705503158		-1.0
	46889.99999995	19.47183		1.40756     0.2    0.2		4.1705503158		-1.0
	46934.99999995	19.51499		1.73105     0.2    0.2		4.1705503158		-1.0
	46979.99999995	19.38896		1.78754     0.2    0.2		4.1705503158		-1.0
	47024.99999995	18.94936		0.74985     0.2    0.2		4.1705503158		-1.0
	47069.99999995	18.46464		-0.21286     0.2    0.2		4.1705503158		-1.0
	47114.99999995	17.83874		-0.21148     0.2    0.2		4.1705503158		-1.0
	47159.99999995	16.98011		-0.08259     0.2    0.2		4.1705503158		-1.0
	47204.99999995	16.13342		-0.03763     0.2    0.2		4.1705503158		-1.0
	47249.99999995	15.26602		0.05571     0.2    0.2		4.1705503158		-1.0
	47294.99999995	14.37391		0.12417     0.2    0.2		4.1705503158		-1.0
	47339.99999995	13.39234		0.39793     0.2    0.2		4.1705503158		-1.0
	47384.99999995	12.60044		0.68211     0.2    0.2		4.1705503158		-1.0
	47429.99999995	12.1043		1.33804     0.2    0.2		4.1705503158		-1.0
	47474.99999995	12.23693		2.67496     0.2    0.2		4.1705503158		-1.0
	47519.99999995	13.03624		3.12938     0.2    0.2		4.1705503158		-1.0
	47564.99999995	14.22776		-2.65947     0.2    0.2		4.1705503158		-1.0
	47609.99999995	15.1399		-2.47607     0.2    0.2		4.1705503158		-1.0
	47654.99999995	16.58058		-2.43475     0.2    0.2		4.1705503158		-1.0
	47699.99999995	17.98944		-2.53148     0.2    0.2		4.1705503158		-1.0
	47744.99999995	19.09787		-2.38538     0.2    0.2		4.1705503158		-1.0
	47789.99999995	20.30491		-2.34456     0.2    0.2		4.1705503158		-1.0
	47834.99999995	21.42393		-1.96007     0.2    0.2		4.1705503158		-1.0
	47879.99999995	22.39257		-1.95509     0.2    0.2		4.1705503158		-1.0
	47924.99999995	23.3684		-1.78708     0.2    0.2		4.1705503158		-1.0
	47969.99999995	24.11986		-2.07916     0.2    0.2		4.1705503158		-1.0
	48014.99999995	25.02544		-2.35332     0.2    0.2		4.1705503158		-1.0
	48059.99999995	25.44448		-2.58968     0.2    0.2		4.1705503158		-1.0
	48104.99999995	26.12837		-2.73655     0.2    0.2		4.1705503158		-1.0
	48149.99999995	26.59408		-2.67704     0.2    0.2		4.1705503158		-1.0
	48194.99999995	27.33098		-2.49395     0.2    0.2		4.1705503158		-1.0
	48239.99999995	27.87937		-2.33294     0.2    0.2		4.1705503158		-1.0
	48284.99999995	27.56173		-2.23099     0.2    0.2		4.1705503158		-1.0
	48329.99999995	26.9494		-0.32182     0.2    0.2		4.1705503158		-1.0
	48374.99999995	26.69832		0.31835     0.2    0.2		4.1705503158		-1.0
	48419.99999995	25.93154		1.02238     0.2    0.2		4.1705503158		-1.0
	48464.99999995	25.7529		1.49197     0.2    0.2		4.1705503158		-1.0
	48509.99999995	25.13103		1.94471     0.2    0.2		4.1705503158		-1.0
	48554.99999995	24.72708		2.14921     0.2    0.2		4.1705503158		-1.0
	48599.99999995	23.85291		2.36521     0.2    0.2		4.1705503158		-1.0
	48644.99999995	23.28712		2.41238     0.2    0.2		4.1705503158		-1.0
	48689.99999995	22.83007		2.33854     0.2    0.2		4.1705503158		-1.0
	48734.99999995	22.12634		2.39554     0.2    0.2		4.1705503158		-1.0
	48779.99999995	20.92584		2.55245     0.2    0.2		4.1705503158		-1.0
	48824.99999995	19.94486		2.88043     0.2    0.2		4.1705503158		-1.0
	48869.99999995	18.95187		-2.99172     0.2    0.2		4.1705503158		-1.0
	48914.99999995	17.8793		-1.88517     0.2    0.2		4.1705503158		-1.0
	48959.99999995	16.90711		-1.03329     0.2    0.2		4.1705503158		-1.0
	49004.99999995	16.04735		-0.45678     0.2    0.2		4.1705503158		-1.0
	49049.99999995	15.38901		0.1819     0.2    0.2		4.1705503158		-1.0
	49094.99999995	14.67826		0.92926     0.2    0.2		4.1705503158		-1.0
	49139.99999995	14.16459		1.61321     0.2    0.2		4.1705503158		-1.0
	49184.99999995	13.44672		2.23517     0.2    0.2		4.1705503158		-1.0
	49229.99999995	12.93299		-2.36426     0.2    0.2		4.1705503158		-1.0
	49274.99999995	12.3957		-0.87218     0.2    0.2		4.1705503158		-1.0
	49319.99999995	11.97008		-0.23804     0.2    0.2		4.1705503158		-1.0
	49364.99999995	11.38898		0.43136     0.2    0.2		4.1705503158		-1.0
	49409.99999995	10.9665		1.28903     0.2    0.2		4.1705503158		-1.0
	49454.99999995	10.15384		2.12963     0.2    0.2		4.1705503158		-1.0
	49499.99999995	9.45247		3.09142     0.2    0.2		4.1705503158		-1.0
	49544.99999995	8.63049		-2.39642     0.2    0.2		4.1705503158		-1.0
	49589.99999995	7.81154		-1.09155     0.2    0.2		4.1705503158		-1.0
	49634.99999995	6.99277		-0.07697     0.2    0.2		4.1705503158		-1.0
	49679.99999995	6.49214		0.67427     0.2    0.2		4.1705503158		-1.0
	49724.99999995	6.51822		1.61485     0.2    0.2		4.1705503158		-1.0
	49769.99999995	6.90009		2.38937     0.2    0.2		4.1705503158		-1.0
	49814.99999995	7.46455		2.94596     0.2    0.2		4.1705503158		-1.0
	49859.99999995	7.76988		-2.83373     0.2    0.2		4.1705503158		-1.0
	49904.99999995	8.48413		-2.08309     0.2    0.2		4.1705503158		-1.0
	49949.99999995	9.04447		-1.73859     0.2    0.2		4.1705503158		-1.0
	49994.99999995	9.95994		-1.99531     0.2    0.2		4.1705503158		-1.0
