	45.00000000	4.27907		2.96481  0.2  0.2		0.0		-1.0
	90.00000000	4.79524		2.98125  0.2  0.2		0.0		-1.0
	135.00000000	4.96423		3.10227  0.2  0.2		0.0		-1.0
	180.00000000	4.76813		-3.06556  0.2  0.2		0.0		-1.0
	225.00000000	4.69696		-2.91954  0.2  0.2		0.0		-1.0
	270.00000000	4.7214		-2.8906  0.2  0.2		0.0		-1.0
	315.00000000	4.66548		-2.81627  0.2  0.2		0.0		-1.0
	360.00000000	4.73097		-2.88787  0.2  0.2		0.0		-1.0
	405.00000000	4.68451		-2.81066  0.2  0.2		0.0		-1.0
	450.00000000	4.78668		-2.97055  0.2  0.2		0.0		-1.0
	495.00000000	4.9748		-3.09141  0.2  0.2		0.0		-1.0
	540.00000000	4.67702		3.09138  0.2  0.2		0.0		-1.0
	585.00000000	4.53532		2.98615  0.2  0.2		0.0		-1.0
	630.00000000	4.73726		2.94842  0.2  0.2		0.0		-1.0
	675.00000000	4.83202		3.05976  0.2  0.2		0.0		-1.0
	720.00000000	4.77225		3.06865  0.2  0.2		0.0		-1.0
	765.00000000	4.65297		3.10613  0.2  0.2		0.0		-1.0
	810.00000000	4.73426		-3.13208  0.2  0.2		0.0		-1.0
	855.00000000	4.97047		3.1083  0.2  0.2		0.0		-1.0
	900.00000000	4.65638		-3.12242  0.2  0.2		0.0		-1.0
	945.00000000	4.41813		-3.10604  0.2  0.2		0.0		-1.0
	990.00000000	4.96564		-2.94589  0.2  0.2		0.0		-1.0
	1035.00000000	4.90118		-2.90724  0.2  0.2		0.0		-1.0
	1080.00000000	4.51699		-2.76182  0.2  0.2		0.0		-1.0
	1125.00000000	4.7266		-2.88826  0.2  0.2		0.0		-1.0
	1170.00000000	4.78771		-2.72413  0.2  0.2		0.0		-1.0
	1215.00000000	4.76601		-2.96423  0.2  0.2		0.0		-1.0
	1260.00000000	4.70894		-2.96078  0.2  0.2		0.0		-1.0
	1305.00000000	4.57663		3.13464  0.2  0.2		0.0		-1.0
	1350.00000000	4.8076		-3.08102  0.2  0.2		0.0		-1.0
	1395.00000000	4.87926		3.0966  0.2  0.2		0.0		-1.0
	1440.00000000	4.77159		3.12379  0.2  0.2		0.0		-1.0
	1485.00000000	4.64127		3.07001  0.2  0.2		0.0		-1.0
	1530.00000000	4.89536		3.06352  0.2  0.2		0.0		-1.0
	1575.00000000	4.80792		2.98767  0.2  0.2		0.0		-1.0
	1620.00000000	4.69029		2.96104  0.2  0.2		0.0		-1.0
	1665.00000000	4.69741		3.10518  0.2  0.2		0.0		-1.0
	1710.00000000	4.60532		-3.09575  0.2  0.2		0.0		-1.0
	1755.00000000	4.72326		-3.02018  0.2  0.2		0.0		-1.0
	1800.00000000	4.74266		-2.72535  0.2  0.2		0.0		-1.0
	1845.00000000	4.55285		-2.83796  0.2  0.2		0.0		-1.0
	1890.00000000	4.98429		-2.84715  0.2  0.2		0.0		-1.0
	1935.00000000	4.52548		-2.78402  0.2  0.2		0.0		-1.0
	1980.00000000	4.73288		-2.95002  0.2  0.2		0.0		-1.0
	2025.00000000	4.7797		3.11926  0.2  0.2		0.0		-1.0
	2070.00000000	4.70663		2.82749  0.2  0.2		0.0		-1.0
	2115.00000000	4.90717		2.78524  0.2  0.2		0.0		-1.0
	2160.00000000	4.69162		2.79798  0.2  0.2		0.0		-1.0
	2205.00000000	4.67723		2.97814  0.2  0.2		0.0		-1.0
	2250.00000000	4.67465		3.10056  0.2  0.2		0.0		-1.0
	2295.00000000	4.78533		-2.9294  0.2  0.2		0.0		-1.0
	2340.00000000	4.67942		-2.92138  0.2  0.2		0.0		-1.0
	2385.00000000	4.73856		-2.80872  0.2  0.2		0.0		-1.0
	2430.00000000	4.60518		-2.72844  0.2  0.2		0.0		-1.0
	2475.00000000	4.83644		-2.82517  0.2  0.2		0.0		-1.0
	2520.00000000	4.69215		-2.79143  0.2  0.2		0.0		-1.0
	2565.00000000	4.83405		-2.91514  0.2  0.2		0.0		-1.0
	2610.00000000	4.66277		3.11097  0.2  0.2		0.0		-1.0
	2655.00000000	4.66923		3.03505  0.2  0.2		0.0		-1.0
	2700.00000000	4.77585		2.68003  0.2  0.2		0.0		-1.0
	2745.00000000	4.81165		2.85191  0.2  0.2		0.0		-1.0
	2790.00000000	4.77165		-3.10649  0.2  0.2		0.0		-1.0
	2835.00000000	4.60068		-2.96661  0.2  0.2		0.0		-1.0
	2880.00000000	4.7376		-2.82413  0.2  0.2		0.0		-1.0
	2925.00000000	4.68165		-2.90008  0.2  0.2		0.0		-1.0
	2970.00000000	4.85661		-2.92043  0.2  0.2		0.0		-1.0
	3015.00000000	4.80668		-2.99998  0.2  0.2		0.0		-1.0
	3060.00000000	4.55503		3.13569  0.2  0.2		0.0		-1.0
	3105.00000000	4.89198		3.07025  0.2  0.2		0.0		-1.0
	3150.00000000	4.65363		3.08067  0.2  0.2		0.0		-1.0
	3195.00000000	4.66484		3.09931  0.2  0.2		0.0		-1.0
	3240.00000000	4.71966		-3.13266  0.2  0.2		0.0		-1.0
	3285.00000000	4.8034		-3.133  0.2  0.2		0.0		-1.0
	3330.00000000	4.63391		-2.94453  0.2  0.2		0.0		-1.0
	3375.00000000	4.70604		-3.04703  0.2  0.2		0.0		-1.0
	3420.00000000	4.74475		-2.9628  0.2  0.2		0.0		-1.0
	3465.00000000	4.77274		-2.9945  0.2  0.2		0.0		-1.0
	3510.00000000	4.76859		-3.07793  0.2  0.2		0.0		-1.0
	3555.00000000	4.39087		-3.10542  0.2  0.2		0.0		-1.0
	3600.00000000	4.98572		3.13059  0.2  0.2		0.0		-1.0
	3645.00000000	4.74064		3.00105  0.2  0.2		0.0		-1.0
	3690.00000000	4.65505		2.9398  0.2  0.2		0.0		-1.0
	3735.00000000	4.57785		2.97054  0.2  0.2		0.0		-1.0
	3780.00000000	4.89497		3.08583  0.2  0.2		0.0		-1.0
	3825.00000000	4.74627		-3.08009  0.2  0.2		0.0		-1.0
	3870.00000000	4.67396		-2.96163  0.2  0.2		0.0		-1.0
	3915.00000000	4.77588		-2.91844  0.2  0.2		0.0		-1.0
	3960.00000000	4.53936		-3.02351  0.2  0.2		0.0		-1.0
	4005.00000000	4.60675		-3.06719  0.2  0.2		0.0		-1.0
	4050.00000000	4.78813		3.13191  0.2  0.2		0.0		-1.0
	4095.00000000	4.64628		-3.0532  0.2  0.2		0.0		-1.0
	4140.00000000	4.80649		3.07549  0.2  0.2		0.0		-1.0
	4185.00000000	4.6242		-3.13329  0.2  0.2		0.0		-1.0
	4230.00000000	4.99344		-2.90904  0.2  0.2		0.0		-1.0
	4275.00000000	4.5274		-2.77348  0.2  0.2		0.0		-1.0
	4320.00000000	4.906		-2.88237  0.2  0.2		0.0		-1.0
	4365.00000000	4.65681		-3.00518  0.2  0.2		0.0		-1.0
	4410.00000000	4.7601		-3.02216  0.2  0.2		0.0		-1.0
	4455.00000000	4.60663		3.00351  0.2  0.2		0.0		-1.0
	4500.00000000	4.78731		2.90928  0.2  0.2		0.0		-1.0
	4545.00000000	4.6962		2.83387  0.2  0.2		0.0		-1.0
	4590.00000000	4.81575		2.79254  0.2  0.2		0.0		-1.0
	4635.00000000	4.75208		2.85096  0.2  0.2		0.0		-1.0
	4680.00000000	4.5777		2.95825  0.2  0.2		0.0		-1.0
	4725.00000000	4.86658		-3.08082  0.2  0.2		0.0		-1.0
	4770.00000000	4.54124		-2.97853  0.2  0.2		0.0		-1.0
	4815.00000000	4.75611		-2.84615  0.2  0.2		0.0		-1.0
	4860.00000000	4.70334		-2.82514  0.2  0.2		0.0		-1.0
	4905.00000000	4.89423		-2.98621  0.2  0.2		0.0		-1.0
	4950.00000000	4.63318		-3.09007  0.2  0.2		0.0		-1.0
	4995.00000000	4.70415		3.06095  0.2  0.2		0.0		-1.0
	5040.00000000	4.9033		2.95361  0.2  0.2		0.0		-1.0
	5085.00000000	4.71292		3.05981  0.2  0.2		0.0		-1.0
	5130.00000000	4.6761		-2.83868  0.2  0.2		0.0		-1.0
	5175.00000000	4.62693		-2.92945  0.2  0.2		0.0		-1.0
	5220.00000000	4.80675		-2.96993  0.2  0.2		0.0		-1.0
	5265.00000000	4.69201		-2.98552  0.2  0.2		0.0		-1.0
	5310.00000000	4.54732		-2.9336  0.2  0.2		0.0		-1.0
	5355.00000000	5.00408		3.0899  0.2  0.2		0.07868962859999999		-1.0
	5400.00000000	4.55178		3.05015  0.2  0.2		0.0		-1.0
	5445.00000000	4.87906		3.07777  0.2  0.2		0.0		-1.0
	5490.00000000	4.583		-3.11422  0.2  0.2		0.0		-1.0
	5535.00000000	4.75662		3.02894  0.2  0.2		0.0		-1.0
	5580.00000000	4.90691		-2.97568  0.2  0.2		0.0		-1.0
	5625.00000000	4.47927		-2.93399  0.2  0.2		0.0		-1.0
	5670.00000000	4.94888		-2.85335  0.2  0.2		0.0		-1.0
	5715.00000000	4.66489		3.0772  0.2  0.2		0.0		-1.0
	5760.00000000	4.79611		3.05223  0.2  0.2		0.0		-1.0
	5805.00000000	4.74753		2.86666  0.2  0.2		0.0		-1.0
	5850.00000000	4.5665		-3.12929  0.2  0.2		0.0		-1.0
	5895.00000000	4.87185		-2.9576  0.2  0.2		0.0		-1.0
	5940.00000000	4.76539		-2.93285  0.2  0.2		0.0		-1.0
	5985.00000000	4.66877		-2.8078  0.2  0.2		0.0		-1.0
	6030.00000000	4.82612		-2.84191  0.2  0.2		0.0		-1.0
	6075.00000000	4.68567		3.02111  0.2  0.2		0.0		-1.0
	6120.00000000	4.7642		2.9648  0.2  0.2		0.0		-1.0
	6165.00000000	4.90891		2.99967  0.2  0.2		0.0		-1.0
	6210.00000000	4.64566		-3.02188  0.2  0.2		0.0		-1.0
	6255.00000000	4.62083		-2.65968  0.2  0.2		0.0		-1.0
	6300.00000000	4.66373		-2.93119  0.2  0.2		0.0		-1.0
	6345.00000000	5.01498		-3.06443  0.2  0.2		1.1803444289999998		-1.0
	6390.00000000	4.71949		3.02193  0.2  0.2		0.0		-1.0
	6435.00000000	4.78119		3.02877  0.2  0.2		0.0		-1.0
	6480.00000000	4.67272		3.10365  0.2  0.2		0.0		-1.0
	6525.00000000	4.63888		3.12739  0.2  0.2		0.0		-1.0
	6570.00000000	5.03673		-3.11419  0.2  0.2		7.082066574		-1.0
	6615.00000000	4.57469		-2.88078  0.2  0.2		0.0		-1.0
	6660.00000000	4.6515		-2.85642  0.2  0.2		0.0		-1.0
	6705.00000000	4.78567		-3.13425  0.2  0.2		0.0		-1.0
	6750.00000000	4.77533		2.9587  0.2  0.2		0.0		-1.0
	6795.00000000	4.78231		2.82418  0.2  0.2		0.0		-1.0
	6840.00000000	4.72272		2.94658  0.2  0.2		0.0		-1.0
	6885.00000000	4.71527		-2.9096  0.2  0.2		0.0		-1.0
	6930.00000000	4.69162		-2.96385  0.2  0.2		0.0		-1.0
	6975.00000000	4.76252		-2.83028  0.2  0.2		0.0		-1.0
	7020.00000000	4.74253		-2.92887  0.2  0.2		0.0		-1.0
	7065.00000000	4.73244		3.09765  0.2  0.2		0.0		-1.0
	7110.00000000	4.79371		2.99915  0.2  0.2		0.0		-1.0
	7155.00000000	4.70296		2.93468  0.2  0.2		0.0		-1.0
	7200.00000000	4.85357		-3.07805  0.2  0.2		0.0		-1.0
	7245.00000000	4.63669		-2.99274  0.2  0.2		0.0		-1.0
	7290.00000000	4.66313		-2.74108  0.2  0.2		0.0		-1.0
	7335.00000000	4.70136		-2.79414  0.2  0.2		0.0		-1.0
	7380.00000000	4.64411		-2.7063  0.2  0.2		0.0		-1.0
	7425.00000000	4.59315		-2.70069  0.2  0.2		0.0		-1.0
	7470.00000000	4.93365		-2.91331  0.2  0.2		0.0		-1.0
	7515.00000000	4.8534		-2.88989  0.2  0.2		0.0		-1.0
	7560.00000000	4.46509		3.12714  0.2  0.2		0.0		-1.0
	7605.00000000	4.97342		-3.13911  0.2  0.2		0.0		-1.0
	7650.00000000	4.51108		2.91477  0.2  0.2		0.0		-1.0
	7695.00000000	4.70985		3.02558  0.2  0.2		0.0		-1.0
	7740.00000000	4.66316		2.88446  0.2  0.2		0.0		-1.0
	7785.00000000	4.83421		-3.0053  0.2  0.2		0.0		-1.0
	7830.00000000	4.81259		-2.93156  0.2  0.2		0.0		-1.0
	7875.00000000	4.77817		-2.74881  0.2  0.2		0.0		-1.0
	7920.00000000	4.77778		-3.02219  0.2  0.2		0.0		-1.0
	7965.00000000	4.74347		-3.10532  0.2  0.2		0.0		-1.0
	8010.00000000	4.7103		2.8387  0.2  0.2		0.0		-1.0
	8055.00000000	4.74305		2.93158  0.2  0.2		0.0		-1.0
	8100.00000000	4.7643		2.84537  0.2  0.2		0.0		-1.0
	8145.00000000	4.67962		3.03225  0.2  0.2		0.0		-1.0
	8190.00000000	4.6708		-2.95461  0.2  0.2		0.0		-1.0
	8235.00000000	4.88249		-2.75589  0.2  0.2		0.0		-1.0
	8280.00000000	4.79722		-2.73483  0.2  0.2		0.0		-1.0
	8325.00000000	4.83651		-2.41736  0.2  0.2		0.0		-1.0
	8370.00000000	4.51638		-2.40301  0.2  0.2		0.0		-1.0
	8415.00000000	4.74819		-2.46781  0.2  0.2		0.0		-1.0
	8460.00000000	4.87339		-2.69206  0.2  0.2		0.0		-1.0
	8505.00000000	4.76545		-2.99711  0.2  0.2		0.0		-1.0
	8550.00000000	4.67519		2.93818  0.2  0.2		0.0		-1.0
	8595.00000000	4.59512		2.80034  0.2  0.2		0.0		-1.0
	8640.00000000	4.89021		2.74558  0.2  0.2		0.0		-1.0
	8685.00000000	4.73058		2.61808  0.2  0.2		0.0		-1.0
	8730.00000000	4.69787		2.76651  0.2  0.2		0.0		-1.0
	8775.00000000	4.92789		-3.00703  0.2  0.2		0.0		-1.0
	8820.00000000	4.57693		-2.7085  0.2  0.2		0.0		-1.0
	8865.00000000	4.89972		-2.33022  0.2  0.2		0.0		-1.0
	8910.00000000	4.8051		-2.08226  0.2  0.2		0.0		-1.0
	8955.00000000	4.76594		-1.78349  0.2  0.2		0.0		-1.0
	9000.00000000	4.8373		-1.52302  0.2  0.2		0.0		-1.0
	9045.00000000	4.76336		-1.41704  0.2  0.2		0.0		-1.0
	9090.00000000	4.80566		-1.08305  0.2  0.2		0.0		-1.0
	9135.00000000	4.89118		-0.94055  0.2  0.2		0.0		-1.0
	9180.00000000	4.8638		-0.85103  0.2  0.2		0.0		-1.0
	9225.00000000	4.89599		-0.88199  0.2  0.2		0.0		-1.0
	9270.00000000	4.78057		-1.35067  0.2  0.2		0.0		-1.0
	9315.00000000	4.7399		-1.69535  0.2  0.2		0.0		-1.0
	9360.00000000	4.53871		-2.05785  0.2  0.2		0.0		-1.0
	9405.00000000	4.73461		-2.03196  0.2  0.2		0.0		-1.0
	9450.00000000	4.95701		-2.33815  0.2  0.2		0.0		-1.0
	9495.00000000	4.60671		-2.45294  0.2  0.2		0.0		-1.0
	9540.00000000	4.50984		-2.64403  0.2  0.2		0.0		-1.0
	9585.00000000	4.70981		-2.92383  0.2  0.2		0.0		-1.0
	9630.00000000	4.71424		3.07627  0.2  0.2		0.0		-1.0
	9675.00000000	4.5127		2.99419  0.2  0.2		0.0		-1.0
	9720.00000000	4.8697		2.71076  0.2  0.2		0.0		-1.0
	9765.00000000	4.87746		2.67919  0.2  0.2		0.0		-1.0
	9810.00000000	4.66175		2.68673  0.2  0.2		0.0		-1.0
	9855.00000000	4.8994		3.03025  0.2  0.2		0.0		-1.0
	9900.00000000	4.59935		-2.9965  0.2  0.2		0.0		-1.0
	9945.00000000	4.5636		-2.84941  0.2  0.2		0.0		-1.0
	9990.00000000	4.75046		-2.73111  0.2  0.2		0.0		-1.0
	10035.00000000	4.86928		-2.88484  0.2  0.2		0.0		-1.0
	10080.00000000	4.7713		-3.1291  0.2  0.2		0.0		-1.0
	10125.00000000	4.58431		-3.0578  0.2  0.2		0.0		-1.0
	10170.00000000	4.62689		-3.09578  0.2  0.2		0.0		-1.0
	10215.00000000	4.81222		2.99584  0.2  0.2		0.0		-1.0
	10260.00000000	4.6985		3.13655  0.2  0.2		0.0		-1.0
	10305.00000000	4.80038		-2.8753  0.2  0.2		0.0		-1.0
	10350.00000000	4.7552		-2.8139  0.2  0.2		0.0		-1.0
	10395.00000000	4.87418		-2.83345  0.2  0.2		0.0		-1.0
	10440.00000000	4.38933		-2.98481  0.2  0.2		0.0		-1.0
	10485.00000000	4.82603		-3.08542  0.2  0.2		0.0		-1.0
	10530.00000000	4.74414		3.07032  0.2  0.2		0.0		-1.0
	10575.00000000	4.77519		2.91606  0.2  0.2		0.0		-1.0
	10620.00000000	4.54361		2.73903  0.2  0.2		0.0		-1.0
	10665.00000000	4.84607		2.85304  0.2  0.2		0.0		-1.0
	10710.00000000	4.79118		3.0946  0.2  0.2		0.0		-1.0
	10755.00000000	4.6274		-3.13833  0.2  0.2		0.0		-1.0
	10800.00000000	4.76307		3.10581  0.2  0.2		0.0		-1.0
	10845.00000001	4.77441		-2.94926  0.2  0.2		0.0		-1.0
	10890.00000001	4.87021		-2.93258  0.2  0.2		0.0		-1.0
	10935.00000001	4.64885		-2.7204  0.2  0.2		0.0		-1.0
	10980.00000001	4.73842		-2.69696  0.2  0.2		0.0		-1.0
	11025.00000001	4.71326		-3.01169  0.2  0.2		0.0		-1.0
	11070.00000001	4.81088		-2.65351  0.2  0.2		0.0		-1.0
	11115.00000001	4.83767		-2.75295  0.2  0.2		0.0		-1.0
	11160.00000001	4.63143		-2.69405  0.2  0.2		0.0		-1.0
	11205.00000001	4.69301		-3.1286  0.2  0.2		0.0		-1.0
	11250.00000001	5.01107		2.95673  0.2  0.2		0.6295170287999999		-1.0
	11295.00000001	4.57803		2.54144  0.2  0.2		0.0		-1.0
	11340.00000001	4.85813		2.59338  0.2  0.2		0.0		-1.0
	11385.00000001	4.77465		2.42328  0.2  0.2		0.0		-1.0
	11430.00000001	4.92084		2.73767  0.2  0.2		0.0		-1.0
	11475.00000001	4.60469		2.70249  0.2  0.2		0.0		-1.0
	11520.00000001	4.73122		-3.09543  0.2  0.2		0.0		-1.0
	11565.00000001	4.68523		-2.89982  0.2  0.2		0.0		-1.0
	11610.00000001	4.63866		-2.50107  0.2  0.2		0.0		-1.0
	11655.00000001	4.72493		-2.53206  0.2  0.2		0.0		-1.0
	11700.00000001	4.82474		-2.085  0.2  0.2		0.0		-1.0
	11745.00000001	4.53574		-1.93764  0.2  0.2		0.0		-1.0
	11790.00000001	4.68524		-1.78111  0.2  0.2		0.0		-1.0
	11835.00000001	4.80456		-1.57543  0.2  0.2		0.0		-1.0
	11880.00000001	4.72121		-1.24701  0.2  0.2		0.0		-1.0
	11925.00000001	4.61519		-1.20469  0.2  0.2		0.0		-1.0
	11970.00000001	4.88266		-0.92963  0.2  0.2		0.0		-1.0
	12015.00000001	4.47025		-1.05029  0.2  0.2		0.0		-1.0
	12060.00000001	4.94314		-0.9337  0.2  0.2		0.0		-1.0
	12105.00000001	4.69464		-0.92781  0.2  0.2		0.0		-1.0
	12150.00000001	4.63224		-1.01804  0.2  0.2		0.0		-1.0
	12195.00000001	4.69699		-1.12971  0.2  0.2		0.0		-1.0
	12240.00000001	4.59124		-1.44389  0.2  0.2		0.0		-1.0
	12285.00000001	4.69922		-1.58982  0.2  0.2		0.0		-1.0
	12330.00000001	4.93938		-1.5657  0.2  0.2		0.0		-1.0
	12375.00000001	4.47319		-1.63871  0.2  0.2		0.0		-1.0
	12420.00000001	4.83118		-1.49053  0.2  0.2		0.0		-1.0
	12465.00000001	4.62288		-1.49466  0.2  0.2		0.0		-1.0
	12510.00000001	4.49695		-1.21008  0.2  0.2		0.0		-1.0
	12555.00000001	4.91382		-1.24318  0.2  0.2		0.0		-1.0
	12600.00000001	4.66727		-1.32263  0.2  0.2		0.0		-1.0
	12645.00000001	4.71469		-1.05988  0.2  0.2		0.0		-1.0
	12690.00000001	4.6299		-1.07254  0.2  0.2		0.0		-1.0
	12735.00000001	4.81844		-1.13975  0.2  0.2		0.0		-1.0
	12780.00000001	4.85725		-1.32761  0.2  0.2		0.0		-1.0
	12825.00000001	4.72492		-1.66021  0.2  0.2		0.0		-1.0
	12870.00000001	4.70091		-1.68678  0.2  0.2		0.0		-1.0
	12915.00000001	4.75991		-1.85305  0.2  0.2		0.0		-1.0
	12960.00000001	4.7389		-1.69232  0.2  0.2		0.0		-1.0
	13005.00000001	4.8546		-1.76445  0.2  0.2		0.0		-1.0
	13050.00000001	4.51598		-1.59189  0.2  0.2		0.0		-1.0
	13095.00000001	4.91679		-1.45156  0.2  0.2		0.0		-1.0
	13140.00000001	5.0085		-0.90658  0.2  0.2		0.36721826679999997		-1.0
	13185.00000001	4.84605		-0.74372  0.2  0.2		0.0		-1.0
	13230.00000001	4.74781		-0.92922  0.2  0.2		0.0		-1.0
	13275.00000001	4.71304		-1.04447  0.2  0.2		0.0		-1.0
	13320.00000001	4.77377		-1.39256  0.2  0.2		0.0		-1.0
	13365.00000001	4.84821		-1.34199  0.2  0.2		0.0		-1.0
	13410.00000001	4.85416		-1.3102  0.2  0.2		0.0		-1.0
	13455.00000001	4.67737		-1.13175  0.2  0.2		0.0		-1.0
	13500.00000001	4.70723		-1.02723  0.2  0.2		0.0		-1.0
	13545.00000001	4.8236		-1.07922  0.2  0.2		0.0		-1.0
	13590.00000001	4.62909		-0.86824  0.2  0.2		0.0		-1.0
	13635.00000001	4.90413		-1.1171  0.2  0.2		0.0		-1.0
	13680.00000001	4.74715		-1.06486  0.2  0.2		0.0		-1.0
	13725.00000001	4.75644		-1.37602  0.2  0.2		0.0		-1.0
	13770.00000001	4.77162		-1.66307  0.2  0.2		0.0		-1.0
	13815.00000001	4.51046		-1.64459  0.2  0.2		0.0		-1.0
	13860.00000001	4.871		-1.58713  0.2  0.2		0.0		-1.0
	13905.00000001	4.70799		-1.47332  0.2  0.2		0.0		-1.0
	13950.00000001	4.76081		-1.16882  0.2  0.2		0.0		-1.0
	13995.00000001	4.81313		-0.94277  0.2  0.2		0.0		-1.0
	14040.00000001	4.70646		-0.67747  0.2  0.2		0.0		-1.0
	14085.00000001	4.72393		-0.99099  0.2  0.2		0.0		-1.0
	14130.00000001	4.90707		-0.81789  0.2  0.2		0.0		-1.0
	14175.00000001	4.53101		-1.16974  0.2  0.2		0.0		-1.0
	14220.00000001	4.86153		-1.17804  0.2  0.2		0.0		-1.0
	14265.00000000	4.74511		-1.28362  0.2  0.2		0.0		-1.0
	14310.00000000	4.44647		-1.36259  0.2  0.2		0.0		-1.0
	14355.00000000	4.91057		-1.3188  0.2  0.2		0.0		-1.0
	14400.00000000	4.85855		-1.79132  0.2  0.2		0.0		-1.0
	14445.00000000	4.4568		-1.59201  0.2  0.2		0.0		-1.0
	14490.00000000	4.90721		-1.6294  0.2  0.2		0.0		-1.0
	14535.00000000	4.63205		-1.46458  0.2  0.2		0.0		-1.0
	14580.00000000	4.73229		-1.43829  0.2  0.2		0.0		-1.0
	14625.00000000	4.88281		-1.32032  0.2  0.2		0.0		-1.0
	14670.00000000	4.84744		-1.40658  0.2  0.2		0.0		-1.0
	14715.00000000	4.79352		-1.51649  0.2  0.2		0.0		-1.0
	14760.00000000	4.50366		-1.41974  0.2  0.2		0.0		-1.0
	14805.00000000	4.87254		-1.5989  0.2  0.2		0.0		-1.0
	14850.00000000	4.63267		-1.28063  0.2  0.2		0.0		-1.0
	14895.00000000	4.63323		-1.25477  0.2  0.2		0.0		-1.0
	14940.00000000	4.86655		-1.185  0.2  0.2		0.0		-1.0
	14985.00000000	4.60481		-1.02379  0.2  0.2		0.0		-1.0
	15030.00000000	4.80475		-0.78326  0.2  0.2		0.0		-1.0
	15075.00000000	4.74765		-0.87187  0.2  0.2		0.0		-1.0
	15120.00000000	4.77419		-1.08091  0.2  0.2		0.0		-1.0
	15165.00000000	4.74175		-1.35676  0.2  0.2		0.0		-1.0
	15210.00000000	4.60151		-1.4455  0.2  0.2		0.0		-1.0
	15255.00000000	4.77305		-1.5278  0.2  0.2		0.0		-1.0
	15300.00000000	4.91817		-1.36517  0.2  0.2		0.0		-1.0
	15345.00000000	4.73458		-1.24362  0.2  0.2		0.0		-1.0
	15390.00000000	4.61303		-1.19935  0.2  0.2		0.0		-1.0
	15435.00000000	4.85568		-1.04607  0.2  0.2		0.0		-1.0
	15480.00000000	4.68869		-0.73922  0.2  0.2		0.0		-1.0
	15525.00000000	4.74497		-0.83246  0.2  0.2		0.0		-1.0
	15570.00000000	4.68656		-0.97843  0.2  0.2		0.0		-1.0
	15615.00000000	4.66973		-1.41112  0.2  0.2		0.0		-1.0
	15660.00000000	4.90118		-1.45036  0.2  0.2		0.0		-1.0
	15705.00000000	4.52053		-1.50341  0.2  0.2		0.0		-1.0
	15750.00000000	4.93322		-1.35381  0.2  0.2		0.0		-1.0
	15795.00000000	4.67819		-1.3989  0.2  0.2		0.0		-1.0
	15840.00000000	4.45944		-1.13183  0.2  0.2		0.0		-1.0
	15885.00000000	4.99452		-1.05801  0.2  0.2		0.0		-1.0
	15930.00000000	4.76993		-1.12625  0.2  0.2		0.0		-1.0
	15975.00000000	4.51569		-1.17945  0.2  0.2		0.0		-1.0
	16020.00000000	4.7242		-1.20978  0.2  0.2		0.0		-1.0
	16065.00000000	4.65124		-1.37967  0.2  0.2		0.0		-1.0
	16110.00000000	4.75353		-1.4307  0.2  0.2		0.0		-1.0
	16155.00000000	4.57068		-1.30859  0.2  0.2		0.0		-1.0
	16200.00000000	4.76638		-1.03867  0.2  0.2		0.0		-1.0
	16245.00000000	4.6286		-1.29004  0.2  0.2		0.0		-1.0
	16290.00000000	4.86982		-1.13736  0.2  0.2		0.0		-1.0
	16335.00000000	4.53391		-1.1041  0.2  0.2		0.0		-1.0
	16380.00000000	4.82011		-1.08837  0.2  0.2		0.0		-1.0
	16425.00000000	4.63295		-0.98622  0.2  0.2		0.0		-1.0
	16470.00000000	4.76832		-1.07035  0.2  0.2		0.0		-1.0
	16515.00000000	4.69755		-1.3519  0.2  0.2		0.0		-1.0
	16560.00000000	4.75954		-1.27054  0.2  0.2		0.0		-1.0
	16605.00000000	4.73365		-1.42546  0.2  0.2		0.0		-1.0
	16650.00000000	4.79028		-1.58607  0.2  0.2		0.0		-1.0
	16695.00000000	4.98615		-1.44032  0.2  0.2		0.0		-1.0
	16740.00000000	4.82315		-1.36748  0.2  0.2		0.0		-1.0
	16785.00000000	4.73525		-0.83512  0.2  0.2		0.0		-1.0
	16830.00000000	4.85167		-0.66473  0.2  0.2		0.0		-1.0
	16875.00000000	4.84885		-0.58663  0.2  0.2		0.0		-1.0
	16920.00000000	4.77657		-0.36049  0.2  0.2		0.0		-1.0
	16965.00000000	4.61967		-0.63177  0.2  0.2		0.0		-1.0
	17010.00000000	4.98084		-0.70711  0.2  0.2		0.0		-1.0
	17055.00000000	4.89617		-1.20992  0.2  0.2		0.0		-1.0
	17100.00000000	4.73501		-1.40078  0.2  0.2		0.0		-1.0
	17145.00000000	4.59067		-1.4685  0.2  0.2		0.0		-1.0
	17190.00000000	4.75283		-1.58791  0.2  0.2		0.0		-1.0
	17235.00000000	4.77461		-1.32965  0.2  0.2		0.0		-1.0
	17280.00000000	4.41877		-1.27001  0.2  0.2		0.0		-1.0
	17325.00000000	4.97815		-1.24149  0.2  0.2		0.0		-1.0
	17370.00000000	4.61863		-1.23912  0.2  0.2		0.0		-1.0
	17415.00000000	4.72604		-1.03767  0.2  0.2		0.0		-1.0
	17460.00000000	4.82995		-1.11774  0.2  0.2		0.0		-1.0
	17505.00000000	4.69672		-0.944  0.2  0.2		0.0		-1.0
	17550.00000000	4.65507		-1.10868  0.2  0.2		0.0		-1.0
	17595.00000000	4.83164		-1.07244  0.2  0.2		0.0		-1.0
	17640.00000000	4.74548		-1.13305  0.2  0.2		0.0		-1.0
	17685.00000000	4.68474		-1.31121  0.2  0.2		0.0		-1.0
	17730.00000000	4.91592		-1.32832  0.2  0.2		0.0		-1.0
	17775.00000000	4.82905		-1.56976  0.2  0.2		0.0		-1.0
	17820.00000000	4.48855		-1.74213  0.2  0.2		0.0		-1.0
	17865.00000000	5.00192		-1.77771  0.2  0.2		0.026229876200000002		-1.0
	17910.00000000	4.85542		-1.78368  0.2  0.2		0.0		-1.0
	17955.00000000	4.6953		-1.86037  0.2  0.2		0.0		-1.0
	18000.00000000	4.74241		-1.63798  0.2  0.2		0.0		-1.0
	18045.00000000	4.70656		-1.44834  0.2  0.2		0.0		-1.0
	18090.00000000	4.7557		-1.03982  0.2  0.2		0.0		-1.0
	18135.00000000	4.95396		-0.7428  0.2  0.2		0.0		-1.0
	18180.00000000	4.66491		-0.90039  0.2  0.2		0.0		-1.0
	18225.00000000	4.78378		-0.85164  0.2  0.2		0.0		-1.0
	18270.00000000	4.87878		-1.25103  0.2  0.2		0.0		-1.0
	18315.00000000	4.53084		-1.27637  0.2  0.2		0.0		-1.0
	18360.00000000	4.76991		-1.37272  0.2  0.2		0.0		-1.0
	18405.00000000	4.67414		-1.74486  0.2  0.2		0.0		-1.0
	18450.00000000	4.9679		-1.67978  0.2  0.2		0.0		-1.0
	18495.00000000	4.503		-1.68305  0.2  0.2		0.0		-1.0
	18540.00000000	4.76246		-1.8402  0.2  0.2		0.0		-1.0
	18585.00000000	4.74555		-1.688  0.2  0.2		0.0		-1.0
	18630.00000000	4.53398		-1.62099  0.2  0.2		0.0		-1.0
	18675.00000000	4.68193		-1.4829  0.2  0.2		0.0		-1.0
	18720.00000000	4.99406		-1.55744  0.2  0.2		0.0		-1.0
	18765.00000000	4.6247		-1.1595  0.2  0.2		0.0		-1.0
	18810.00000000	4.66519		-0.89255  0.2  0.2		0.0		-1.0
	18855.00000000	4.77218		-1.08499  0.2  0.2		0.0		-1.0
	18900.00000000	4.85891		-1.18429  0.2  0.2		0.0		-1.0
	18945.00000000	4.88132		-1.25078  0.2  0.2		0.0		-1.0
	18990.00000000	4.58281		-1.51216  0.2  0.2		0.0		-1.0
	19035.00000000	4.84849		-1.75415  0.2  0.2		0.0		-1.0
	19080.00000000	4.99931		-1.93263  0.2  0.2		0.0		-1.0
	19125.00000000	4.59612		-2.23032  0.2  0.2		0.0		-1.0
	19170.00000000	4.69939		-2.35796  0.2  0.2		0.0		-1.0
	19215.00000000	4.89638		-2.49387  0.2  0.2		0.0		-1.0
	19260.00000000	4.69213		-2.66693  0.2  0.2		0.0		-1.0
	19305.00000000	4.51009		-2.89881  0.2  0.2		0.0		-1.0
	19350.00000000	4.78541		3.12281  0.2  0.2		0.0		-1.0
	19395.00000000	4.77077		2.76456  0.2  0.2		0.0		-1.0
	19440.00000000	4.86226		2.5085  0.2  0.2		0.0		-1.0
	19485.00000000	4.70329		2.36408  0.2  0.2		0.0		-1.0
	19530.00000000	4.79131		2.19702  0.2  0.2		0.0		-1.0
	19575.00000000	4.70925		2.01601  0.2  0.2		0.0		-1.0
	19620.00000000	4.59775		2.07057  0.2  0.2		0.0		-1.0
	19665.00000000	4.80876		1.76628  0.2  0.2		0.0		-1.0
	19710.00000000	4.87255		1.60725  0.2  0.2		0.0		-1.0
	19755.00000000	4.56104		1.30508  0.2  0.2		0.0		-1.0
	19800.00000000	4.77066		1.12532  0.2  0.2		0.0		-1.0
	19845.00000000	4.85172		0.63758  0.2  0.2		0.0		-1.0
	19890.00000000	4.88879		0.48238  0.2  0.2		0.0		-1.0
	19935.00000000	4.80398		0.33579  0.2  0.2		0.0		-1.0
	19980.00000000	4.83301		0.69117  0.2  0.2		0.0		-1.0
	20025.00000000	4.82764		0.62461  0.2  0.2		0.0		-1.0
	20070.00000000	4.83354		0.65339  0.2  0.2		0.0		-1.0
	20115.00000000	4.77181		0.83647  0.2  0.2		0.0		-1.0
	20160.00000000	4.78425		0.88472  0.2  0.2		0.0		-1.0
	20205.00000000	4.71811		1.13934  0.2  0.2		0.0		-1.0
	20250.00000000	4.7151		1.33053  0.2  0.2		0.0		-1.0
	20295.00000000	4.83326		1.73463  0.2  0.2		0.0		-1.0
	20340.00000000	4.96642		1.85513  0.2  0.2		0.0		-1.0
	20385.00000000	4.61759		2.33431  0.2  0.2		0.0		-1.0
	20430.00000000	5.00447		2.20781  0.2  0.2		0.10491950480000001		-1.0
	20475.00000000	4.5369		2.72591  0.2  0.2		0.0		-1.0
	20520.00000000	4.74641		3.03542  0.2  0.2		0.0		-1.0
	20565.00000000	4.68214		-3.05599  0.2  0.2		0.0		-1.0
	20610.00000000	4.77648		-2.80089  0.2  0.2		0.0		-1.0
	20655.00000000	4.71379		-2.71151  0.2  0.2		0.0		-1.0
	20700.00000000	4.68639		-2.47007  0.2  0.2		0.0		-1.0
	20744.99999999	4.75285		-2.52931  0.2  0.2		0.0		-1.0
	20789.99999999	4.86384		-2.62908  0.2  0.2		0.0		-1.0
	20834.99999999	4.8216		-2.52995  0.2  0.2		0.0		-1.0
	20879.99999999	4.62922		-2.70949  0.2  0.2		0.0		-1.0
	20924.99999999	4.9483		-2.8432  0.2  0.2		0.0		-1.0
	20969.99999999	4.60285		-2.96242  0.2  0.2		0.0		-1.0
	21014.99999999	4.72956		-2.98233  0.2  0.2		0.0		-1.0
	21059.99999999	4.51461		2.98883  0.2  0.2		0.0		-1.0
	21104.99999999	4.9672		3.14053  0.2  0.2		0.0		-1.0
	21149.99999999	4.9271		-3.10246  0.2  0.2		0.0		-1.0
	21194.99999999	4.78953		-2.95172  0.2  0.2		0.0		-1.0
	21239.99999999	4.63296		-2.89218  0.2  0.2		0.0		-1.0
	21284.99999999	4.85452		-3.06777  0.2  0.2		0.0		-1.0
	21329.99999999	4.98928		-2.9321  0.2  0.2		0.0		-1.0
	21374.99999999	4.61562		-2.72274  0.2  0.2		0.0		-1.0
	21419.99999999	4.53649		-2.57556  0.2  0.2		0.0		-1.0
	21464.99999999	4.81697		-2.81611  0.2  0.2		0.0		-1.0
	21509.99999999	4.77645		-2.60128  0.2  0.2		0.0		-1.0
	21554.99999999	4.51914		-2.6266  0.2  0.2		0.0		-1.0
	21599.99999999	5.02205		-2.70442  0.2  0.2		2.5442979914		-1.0
	21644.99999999	4.46298		-2.78906  0.2  0.2		0.0		-1.0
	21689.99999999	4.96697		-3.0999  0.2  0.2		0.0		-1.0
	21734.99999999	4.6654		2.95706  0.2  0.2		0.0		-1.0
	21779.99999999	4.85109		2.96493  0.2  0.2		0.0		-1.0
	21824.99999999	4.75337		-3.08515  0.2  0.2		0.0		-1.0
	21869.99999999	4.61735		-3.10098  0.2  0.2		0.0		-1.0
	21914.99999999	4.87106		-2.80614  0.2  0.2		0.0		-1.0
	21959.99999999	4.8112		-2.88243  0.2  0.2		0.0		-1.0
	22004.99999999	4.63463		-2.68538  0.2  0.2		0.0		-1.0
	22049.99999999	4.561		-2.74429  0.2  0.2		0.0		-1.0
	22094.99999999	4.66548		-2.62555  0.2  0.2		0.0		-1.0
	22139.99999999	4.81556		-2.84821  0.2  0.2		0.0		-1.0
	22184.99999999	4.80459		-3.00038  0.2  0.2		0.0		-1.0
	22229.99999999	4.55065		2.91446  0.2  0.2		0.0		-1.0
	22274.99999999	4.90933		2.95261  0.2  0.2		0.0		-1.0
	22319.99999999	4.86992		2.60965  0.2  0.2		0.0		-1.0
	22364.99999999	4.5454		2.70174  0.2  0.2		0.0		-1.0
	22409.99999999	4.96124		2.64598  0.2  0.2		0.0		-1.0
	22454.99999999	4.83197		3.02787  0.2  0.2		0.0		-1.0
	22499.99999999	4.59703		3.08019  0.2  0.2		0.0		-1.0
	22544.99999999	4.80606		-2.84773  0.2  0.2		0.0		-1.0
	22589.99999999	4.53552		-2.75497  0.2  0.2		0.0		-1.0
	22634.99999999	4.70902		-2.52044  0.2  0.2		0.0		-1.0
	22679.99999999	4.79637		-2.79582  0.2  0.2		0.0		-1.0
	22724.99999999	4.77369		-2.63437  0.2  0.2		0.0		-1.0
	22769.99999999	4.68253		-2.88855  0.2  0.2		0.0		-1.0
	22814.99999999	4.81476		-2.93263  0.2  0.2		0.0		-1.0
	22859.99999999	4.51063		3.13289  0.2  0.2		0.0		-1.0
	22904.99999999	4.6349		3.09634  0.2  0.2		0.0		-1.0
	22949.99999999	4.67644		2.89173  0.2  0.2		0.0		-1.0
	22994.99999999	4.80264		2.8068  0.2  0.2		0.0		-1.0
	23039.99999999	4.90144		3.13123  0.2  0.2		0.0		-1.0
	23084.99999999	4.67385		-2.85493  0.2  0.2		0.0		-1.0
	23129.99999999	4.73139		-2.612  0.2  0.2		0.0		-1.0
	23174.99999999	4.82401		-2.50239  0.2  0.2		0.0		-1.0
	23219.99999999	4.68392		-2.51447  0.2  0.2		0.0		-1.0
	23264.99999999	4.78962		-2.63746  0.2  0.2		0.0		-1.0
	23309.99999999	4.71475		-3.06175  0.2  0.2		0.0		-1.0
	23354.99999999	4.92216		2.75953  0.2  0.2		0.0		-1.0
	23399.99999999	4.64338		2.80921  0.2  0.2		0.0		-1.0
	23444.99999999	4.72056		3.06107  0.2  0.2		0.0		-1.0
	23489.99999999	4.74965		-2.86902  0.2  0.2		0.0		-1.0
	23534.99999999	4.87522		-2.74622  0.2  0.2		0.0		-1.0
	23579.99999999	4.68356		-2.64082  0.2  0.2		0.0		-1.0
	23624.99999999	4.62075		-2.60616  0.2  0.2		0.0		-1.0
	23669.99999999	4.83897		-2.80301  0.2  0.2		0.0		-1.0
	23714.99999999	4.76414		-3.11431  0.2  0.2		0.0		-1.0
	23759.99999999	4.79003		2.95551  0.2  0.2		0.0		-1.0
	23804.99999999	4.76403		2.84557  0.2  0.2		0.0		-1.0
	23849.99999999	4.66004		3.09197  0.2  0.2		0.0		-1.0
	23894.99999999	4.74751		-2.93879  0.2  0.2		0.0		-1.0
	23939.99999999	4.58374		-2.74656  0.2  0.2		0.0		-1.0
	23984.99999999	5.00411		-2.69737  0.2  0.2		0.07868962859999999		-1.0
	24029.99999999	4.64933		-2.64052  0.2  0.2		0.0		-1.0
	24074.99999999	4.73103		-2.68846  0.2  0.2		0.0		-1.0
	24119.99999999	4.75006		-2.70722  0.2  0.2		0.0		-1.0
	24164.99999999	4.67279		-2.92038  0.2  0.2		0.0		-1.0
	24209.99999999	4.79121		-3.1409  0.2  0.2		0.0		-1.0
	24254.99999999	4.65302		2.92924  0.2  0.2		0.0		-1.0
	24299.99999999	4.81943		2.85939  0.2  0.2		0.0		-1.0
	24344.99999999	4.76469		2.86585  0.2  0.2		0.0		-1.0
	24389.99999999	4.7588		2.85609  0.2  0.2		0.0		-1.0
	24434.99999999	4.75425		-2.97359  0.2  0.2		0.0		-1.0
	24479.99999999	4.66536		-2.91354  0.2  0.2		0.0		-1.0
	24524.99999999	4.69656		-2.80365  0.2  0.2		0.0		-1.0
	24569.99999999	4.67053		-2.81246  0.2  0.2		0.0		-1.0
	24614.99999999	4.87331		-2.79635  0.2  0.2		0.0		-1.0
	24659.99999999	4.66966		-2.94894  0.2  0.2		0.0		-1.0
	24704.99999999	4.56445		-2.93507  0.2  0.2		0.0		-1.0
	24749.99999999	4.80368		3.1056  0.2  0.2		0.0		-1.0
	24794.99999999	4.54239		-3.0933  0.2  0.2		0.0		-1.0
	24839.99999999	4.92413		2.89302  0.2  0.2		0.0		-1.0
	24884.99999999	4.59216		2.97233  0.2  0.2		0.0		-1.0
	24929.99999999	5.01222		3.05726  0.2  0.2		0.786896286		-1.0
	24974.99999999	4.44229		-2.94804  0.2  0.2		0.0		-1.0
	25019.99999999	4.66803		-2.8525  0.2  0.2		0.0		-1.0
	25064.99999999	4.86132		-2.96747  0.2  0.2		0.0		-1.0
	25109.99999999	4.69829		-2.9562  0.2  0.2		0.0		-1.0
	25154.99999999	4.78835		-2.81466  0.2  0.2		0.0		-1.0
	25199.99999999	4.54523		3.13501  0.2  0.2		0.0		-1.0
	25244.99999999	4.72916		2.87542  0.2  0.2		0.0		-1.0
	25289.99999999	4.92		2.78553  0.2  0.2		0.0		-1.0
	25334.99999999	4.76248		2.82699  0.2  0.2		0.0		-1.0
	25379.99999999	4.74738		-3.06491  0.2  0.2		0.0		-1.0
	25424.99999999	4.64152		3.13614  0.2  0.2		0.0		-1.0
	25469.99999999	4.77587		-2.89681  0.2  0.2		0.0		-1.0
	25514.99999999	4.63736		-2.8497  0.2  0.2		0.0		-1.0
	25559.99999999	4.80188		-3.05507  0.2  0.2		0.0		-1.0
	25604.99999999	4.7047		-2.80552  0.2  0.2		0.0		-1.0
	25649.99999999	4.86301		-3.13642  0.2  0.2		0.0		-1.0
	25694.99999999	4.58427		-3.01238  0.2  0.2		0.0		-1.0
	25739.99999999	4.76587		-3.09472  0.2  0.2		0.0		-1.0
	25784.99999999	4.74059		2.96183  0.2  0.2		0.0		-1.0
	25829.99999999	4.7956		3.06431  0.2  0.2		0.0		-1.0
	25874.99999999	4.70981		2.90125  0.2  0.2		0.0		-1.0
	25919.99999999	4.72049		2.90978  0.2  0.2		0.0		-1.0
	25964.99999999	4.74202		-3.08142  0.2  0.2		0.0		-1.0
	26009.99999999	4.62437		-2.97314  0.2  0.2		0.0		-1.0
	26054.99999999	4.96861		-2.9217  0.2  0.2		0.0		-1.0
	26099.99999999	4.61063		-2.71509  0.2  0.2		0.0		-1.0
	26144.99999999	4.89436		-2.58233  0.2  0.2		0.0		-1.0
	26189.99999999	4.85532		-2.57354  0.2  0.2		0.0		-1.0
	26234.99999999	4.42834		-2.60079  0.2  0.2		0.0		-1.0
	26279.99999999	4.63233		-2.61407  0.2  0.2		0.0		-1.0
	26324.99999999	4.82334		-2.68858  0.2  0.2		0.0		-1.0
	26369.99999999	4.80326		-2.8763  0.2  0.2		0.0		-1.0
	26414.99999999	4.73381		-3.04277  0.2  0.2		0.0		-1.0
	26459.99999999	4.74483		3.13235  0.2  0.2		0.0		-1.0
	26504.99999999	4.54573		2.8569  0.2  0.2		0.0		-1.0
	26549.99999999	4.84823		2.59226  0.2  0.2		0.0		-1.0
	26594.99999999	4.75408		2.57245  0.2  0.2		0.0		-1.0
	26639.99999999	4.79755		2.50128  0.2  0.2		0.0		-1.0
	26684.99999999	4.97294		2.67756  0.2  0.2		0.0		-1.0
	26729.99999999	4.54573		2.68917  0.2  0.2		0.0		-1.0
	26774.99999999	4.74152		3.05655  0.2  0.2		0.0		-1.0
	26819.99999999	4.68189		-3.08919  0.2  0.2		0.0		-1.0
	26864.99999999	4.77417		-2.86175  0.2  0.2		0.0		-1.0
	26909.99999999	4.76		-2.75403  0.2  0.2		0.0		-1.0
	26954.99999999	4.80706		-2.48264  0.2  0.2		0.0		-1.0
	26999.99999999	4.71936		-2.57922  0.2  0.2		0.0		-1.0
	27044.99999999	4.66319		-2.43433  0.2  0.2		0.0		-1.0
	27089.99999999	4.68601		-2.50574  0.2  0.2		0.0		-1.0
	27134.99999999	4.84219		-2.52436  0.2  0.2		0.0		-1.0
	27179.99999999	4.75557		-2.56142  0.2  0.2		0.0		-1.0
	27224.99999998	4.5453		-2.66281  0.2  0.2		0.0		-1.0
	27269.99999998	4.88548		-3.00579  0.2  0.2		0.0		-1.0
	27314.99999998	4.75002		3.05928  0.2  0.2		0.0		-1.0
	27359.99999998	4.61542		3.0275  0.2  0.2		0.0		-1.0
	27404.99999998	4.74361		3.03227  0.2  0.2		0.0		-1.0
	27449.99999998	4.88228		-3.06621  0.2  0.2		0.0		-1.0
	27494.99999998	4.72262		-3.01004  0.2  0.2		0.0		-1.0
	27539.99999998	4.64164		-3.03836  0.2  0.2		0.0		-1.0
	27584.99999998	4.71674		-3.13684  0.2  0.2		0.0		-1.0
	27629.99999998	4.71579		2.94093  0.2  0.2		0.0		-1.0
	27674.99999998	4.76628		2.86407  0.2  0.2		0.0		-1.0
	27719.99999998	4.83102		2.76267  0.2  0.2		0.0		-1.0
	27764.99999998	4.79592		2.85729  0.2  0.2		0.0		-1.0
	27809.99999998	4.57385		-2.9589  0.2  0.2		0.0		-1.0
	27854.99999998	4.73783		-2.76265  0.2  0.2		0.0		-1.0
	27899.99999998	4.91663		-2.71041  0.2  0.2		0.0		-1.0
	27944.99999998	4.6972		-2.57983  0.2  0.2		0.0		-1.0
	27989.99999998	4.71053		-2.56002  0.2  0.2		0.0		-1.0
	28034.99999998	4.86424		-2.87458  0.2  0.2		0.0		-1.0
	28079.99999998	4.67831		3.10527  0.2  0.2		0.0		-1.0
	28124.99999998	4.82116		-3.08252  0.2  0.2		0.0		-1.0
	28169.99999998	4.55239		3.02099  0.2  0.2		0.0		-1.0
	28214.99999998	4.67234		3.05428  0.2  0.2		0.0		-1.0
	28259.99999998	4.92471		3.04609  0.2  0.2		0.0		-1.0
	28304.99999998	4.54734		-3.13827  0.2  0.2		0.0		-1.0
	28349.99999998	4.75586		-3.09088  0.2  0.2		0.0		-1.0
	28394.99999998	4.8312		-2.88189  0.2  0.2		0.0		-1.0
	28439.99999998	4.65801		-3.03856  0.2  0.2		0.0		-1.0
	28484.99999998	4.82196		-2.87279  0.2  0.2		0.0		-1.0
	28529.99999998	4.70526		3.06807  0.2  0.2		0.0		-1.0
	28574.99999998	4.75747		3.11173  0.2  0.2		0.0		-1.0
	28619.99999998	4.70219		2.84519  0.2  0.2		0.0		-1.0
	28664.99999998	4.72813		2.8901  0.2  0.2		0.0		-1.0
	28709.99999998	4.70087		2.88071  0.2  0.2		0.0		-1.0
	28754.99999998	4.83871		2.87  0.2  0.2		0.0		-1.0
	28799.99999998	4.49283		-3.07261  0.2  0.2		0.0		-1.0
	28844.99999998	4.98572		-3.01007  0.2  0.2		0.0		-1.0
	28889.99999998	4.61736		-2.82583  0.2  0.2		0.0		-1.0
	28934.99999998	4.63222		-2.67244  0.2  0.2		0.0		-1.0
	28979.99999998	4.84002		-2.62764  0.2  0.2		0.0		-1.0
	29024.99999998	4.69576		-2.67381  0.2  0.2		0.0		-1.0
	29069.99999998	4.70837		-2.63121  0.2  0.2		0.0		-1.0
	29114.99999998	4.75334		-2.8922  0.2  0.2		0.0		-1.0
	29159.99999998	4.71434		-2.88139  0.2  0.2		0.0		-1.0
	29204.99999998	4.57454		3.11364  0.2  0.2		0.0		-1.0
	29249.99999998	4.86439		2.94129  0.2  0.2		0.0		-1.0
	29294.99999998	4.74813		2.86283  0.2  0.2		0.0		-1.0
	29339.99999998	4.76996		-3.12366  0.2  0.2		0.0		-1.0
	29384.99999998	4.76902		-3.10101  0.2  0.2		0.0		-1.0
	29429.99999998	4.57897		-2.94008  0.2  0.2		0.0		-1.0
	29474.99999998	4.67163		-2.81767  0.2  0.2		0.0		-1.0
	29519.99999998	4.55082		-3.09099  0.2  0.2		0.0		-1.0
	29564.99999998	4.92281		-2.84774  0.2  0.2		0.0		-1.0
	29609.99999998	4.61934		3.13027  0.2  0.2		0.0		-1.0
	29654.99999998	4.82703		3.13418  0.2  0.2		0.0		-1.0
	29699.99999998	4.59637		-3.11262  0.2  0.2		0.0		-1.0
	29744.99999998	4.81541		2.74682  0.2  0.2		0.0		-1.0
	29789.99999998	4.58536		2.98908  0.2  0.2		0.0		-1.0
	29834.99999998	4.77497		2.90805  0.2  0.2		0.0		-1.0
	29879.99999998	4.83171		3.00126  0.2  0.2		0.0		-1.0
	29924.99999998	4.60383		-3.01548  0.2  0.2		0.0		-1.0
	29969.99999998	4.76276		-3.07636  0.2  0.2		0.0		-1.0
	30014.99999998	4.70752		-2.98416  0.2  0.2		0.0		-1.0
	30059.99999998	4.90882		-2.88961  0.2  0.2		0.0		-1.0
	30104.99999998	4.56223		-2.72151  0.2  0.2		0.0		-1.0
	30149.99999998	4.94505		-2.91363  0.2  0.2		0.0		-1.0
	30194.99999998	4.58742		-2.83819  0.2  0.2		0.0		-1.0
	30239.99999998	4.66656		-2.90923  0.2  0.2		0.0		-1.0
	30284.99999998	4.7525		-3.10238  0.2  0.2		0.0		-1.0
	30329.99999998	4.59365		2.97285  0.2  0.2		0.0		-1.0
	30374.99999998	4.88699		3.01779  0.2  0.2		0.0		-1.0
	30419.99999998	4.78144		2.80496  0.2  0.2		0.0		-1.0
	30464.99999998	4.77184		3.02425  0.2  0.2		0.0		-1.0
	30509.99999998	4.62439		3.05873  0.2  0.2		0.0		-1.0
	30554.99999998	4.57086		-2.97254  0.2  0.2		0.0		-1.0
	30599.99999998	4.77704		-2.98643  0.2  0.2		0.0		-1.0
	30644.99999998	4.79471		-2.83544  0.2  0.2		0.0		-1.0
	30689.99999998	4.6047		-2.73794  0.2  0.2		0.0		-1.0
	30734.99999998	4.78553		-2.76084  0.2  0.2		0.0		-1.0
	30779.99999998	4.66969		-2.73657  0.2  0.2		0.0		-1.0
	30824.99999998	4.46951		-2.87949  0.2  0.2		0.0		-1.0
	30869.99999998	4.72513		-2.76146  0.2  0.2		0.0		-1.0
	30914.99999998	4.72446		3.10071  0.2  0.2		0.0		-1.0
	30959.99999998	4.79217		-3.09914  0.2  0.2		0.0		-1.0
	31004.99999998	4.77868		2.92636  0.2  0.2		0.0		-1.0
	31049.99999998	4.71104		3.00785  0.2  0.2		0.0		-1.0
	31094.99999998	4.68685		2.7674  0.2  0.2		0.0		-1.0
	31139.99999998	4.70711		3.11111  0.2  0.2		0.0		-1.0
	31184.99999998	4.65328		2.93107  0.2  0.2		0.0		-1.0
	31229.99999998	4.91549		-3.03178  0.2  0.2		0.0		-1.0
	31274.99999998	4.60185		-3.11055  0.2  0.2		0.0		-1.0
	31319.99999998	4.60635		-2.80987  0.2  0.2		0.0		-1.0
	31364.99999998	4.72551		-2.97243  0.2  0.2		0.0		-1.0
	31409.99999998	4.72443		-2.71574  0.2  0.2		0.0		-1.0
	31454.99999998	4.75162		-2.89823  0.2  0.2		0.0		-1.0
	31499.99999998	4.5637		-2.82623  0.2  0.2		0.0		-1.0
	31544.99999998	4.71955		3.10103  0.2  0.2		0.0		-1.0
	31589.99999998	4.80394		-3.01212  0.2  0.2		0.0		-1.0
	31634.99999998	4.89587		2.84126  0.2  0.2		0.0		-1.0
	31679.99999998	4.43359		2.91399  0.2  0.2		0.0		-1.0
	31724.99999998	4.9107		2.82872  0.2  0.2		0.0		-1.0
	31769.99999998	4.71701		2.93482  0.2  0.2		0.0		-1.0
	31814.99999998	4.59974		2.932  0.2  0.2		0.0		-1.0
	31859.99999998	4.85032		3.07051  0.2  0.2		0.0		-1.0
	31904.99999998	4.53297		-3.11309  0.2  0.2		0.0		-1.0
	31949.99999998	4.66926		-2.94852  0.2  0.2		0.0		-1.0
	31994.99999998	4.77395		-3.03432  0.2  0.2		0.0		-1.0
	32039.99999998	4.88801		-2.80785  0.2  0.2		0.0		-1.0
	32084.99999998	4.52993		-3.02465  0.2  0.2		0.0		-1.0
	32129.99999998	4.82329		-2.95257  0.2  0.2		0.0		-1.0
	32174.99999998	4.40036		-3.09702  0.2  0.2		0.0		-1.0
	32219.99999998	4.7827		-3.05987  0.2  0.2		0.0		-1.0
	32264.99999998	4.81951		2.93168  0.2  0.2		0.0		-1.0
	32309.99999998	4.75559		2.9462  0.2  0.2		0.0		-1.0
	32354.99999998	4.78028		2.96896  0.2  0.2		0.0		-1.0
	32399.99999998	4.7801		3.03817  0.2  0.2		0.0		-1.0
	32444.99999998	4.47784		3.07995  0.2  0.2		0.0		-1.0
	32489.99999998	4.75474		-3.00086  0.2  0.2		0.0		-1.0
	32534.99999998	4.70955		-2.9873  0.2  0.2		0.0		-1.0
	32579.99999998	4.90043		-2.7809  0.2  0.2		0.0		-1.0
	32624.99999998	5.00055		-2.93064  0.2  0.2		0.0		-1.0
	32669.99999998	4.71233		-2.96981  0.2  0.2		0.0		-1.0
	32714.99999998	4.48917		-3.10165  0.2  0.2		0.0		-1.0
	32759.99999998	4.71776		3.13217  0.2  0.2		0.0		-1.0
	32804.99999998	4.68632		2.92694  0.2  0.2		0.0		-1.0
	32849.99999998	4.70677		2.94168  0.2  0.2		0.0		-1.0
	32894.99999998	4.92777		2.83627  0.2  0.2		0.0		-1.0
	32939.99999998	4.69752		3.04192  0.2  0.2		0.0		-1.0
	32984.99999998	4.62562		-3.1053  0.2  0.2		0.0		-1.0
	33029.99999998	4.64218		-2.84456  0.2  0.2		0.0		-1.0
	33074.99999998	4.859		-2.79896  0.2  0.2		0.0		-1.0
	33119.99999998	4.63089		-2.69579  0.2  0.2		0.0		-1.0
	33164.99999998	4.81359		-2.55961  0.2  0.2		0.0		-1.0
	33209.99999998	4.73728		-2.52507  0.2  0.2		0.0		-1.0
	33254.99999998	4.81346		-2.66235  0.2  0.2		0.0		-1.0
	33299.99999998	4.72324		-2.82512  0.2  0.2		0.0		-1.0
	33344.99999998	4.74371		-2.98489  0.2  0.2		0.0		-1.0
	33389.99999998	4.62515		3.10022  0.2  0.2		0.0		-1.0
	33434.99999998	4.8018		2.82161  0.2  0.2		0.0		-1.0
	33479.99999998	4.94828		2.89135  0.2  0.2		0.0		-1.0
	33524.99999998	4.60405		2.96904  0.2  0.2		0.0		-1.0
	33569.99999998	4.77547		3.11166  0.2  0.2		0.0		-1.0
	33614.99999998	4.58929		-2.89575  0.2  0.2		0.0		-1.0
	33659.99999998	4.83112		-3.0289  0.2  0.2		0.0		-1.0
	33704.99999998	4.76978		-2.89642  0.2  0.2		0.0		-1.0
	33749.99999997	4.64852		-3.06053  0.2  0.2		0.0		-1.0
	33794.99999997	4.78673		2.97351  0.2  0.2		0.0		-1.0
	33839.99999997	4.61806		2.95118  0.2  0.2		0.0		-1.0
	33884.99999997	4.97457		2.93495  0.2  0.2		0.0		-1.0
	33929.99999997	4.70832		-3.11794  0.2  0.2		0.0		-1.0
	33974.99999997	4.59531		-2.89164  0.2  0.2		0.0		-1.0
	34019.99999997	4.75275		-3.0144  0.2  0.2		0.0		-1.0
	34064.99999997	4.77598		3.05796  0.2  0.2		0.0		-1.0
	34109.99999997	4.91838		-3.10098  0.2  0.2		0.0		-1.0
	34154.99999997	4.51258		-2.96813  0.2  0.2		0.0		-1.0
	34199.99999997	4.87127		3.10895  0.2  0.2		0.0		-1.0
	34244.99999997	4.71038		2.76299  0.2  0.2		0.0		-1.0
	34289.99999997	4.7118		2.94299  0.2  0.2		0.0		-1.0
	34334.99999997	4.80916		3.12535  0.2  0.2		0.0		-1.0
	34379.99999997	4.58831		-2.95936  0.2  0.2		0.0		-1.0
	34424.99999997	4.88681		-2.82974  0.2  0.2		0.0		-1.0
	34469.99999997	4.66263		-2.86374  0.2  0.2		0.0		-1.0
	34514.99999997	4.66077		-2.89171  0.2  0.2		0.0		-1.0
	34559.99999997	4.84108		-2.88518  0.2  0.2		0.0		-1.0
	34604.99999997	4.73289		-3.09754  0.2  0.2		0.0		-1.0
	34649.99999997	4.67025		-3.06039  0.2  0.2		0.0		-1.0
	34694.99999997	4.59729		-3.08702  0.2  0.2		0.0		-1.0
	34739.99999997	4.90445		3.04162  0.2  0.2		0.0		-1.0
	34784.99999997	4.66452		-3.05136  0.2  0.2		0.0		-1.0
	34829.99999997	4.63806		2.99171  0.2  0.2		0.0		-1.0
	34874.99999997	4.76171		3.02974  0.2  0.2		0.0		-1.0
	34919.99999997	4.79655		3.09574  0.2  0.2		0.0		-1.0
	34964.99999997	4.78026		-3.13331  0.2  0.2		0.0		-1.0
	35009.99999997	4.7357		-2.90777  0.2  0.2		0.0		-1.0
	35054.99999997	4.60229		-2.95343  0.2  0.2		0.0		-1.0
	35099.99999997	4.81133		-2.93906  0.2  0.2		0.0		-1.0
	35144.99999997	4.88631		-2.76348  0.2  0.2		0.0		-1.0
	35189.99999997	4.50533		-2.83138  0.2  0.2		0.0		-1.0
	35234.99999997	4.65539		-2.78107  0.2  0.2		0.0		-1.0
	35279.99999997	4.95152		-2.94614  0.2  0.2		0.0		-1.0
	35324.99999997	4.88551		3.07606  0.2  0.2		0.0		-1.0
	35369.99999997	4.68756		2.77816  0.2  0.2		0.0		-1.0
	35414.99999997	4.765		2.66883  0.2  0.2		0.0		-1.0
	35459.99999997	4.78688		2.99616  0.2  0.2		0.0		-1.0
	35504.99999997	4.72719		3.11694  0.2  0.2		0.0		-1.0
	35549.99999997	4.62083		-3.00731  0.2  0.2		0.0		-1.0
	35594.99999997	4.81513		-3.01462  0.2  0.2		0.0		-1.0
	35639.99999997	4.99617		3.07473  0.2  0.2		0.0		-1.0
	35684.99999997	4.62883		3.01015  0.2  0.2		0.0		-1.0
	35729.99999997	4.76677		3.0243  0.2  0.2		0.0		-1.0
	35774.99999997	4.87605		-3.00733  0.2  0.2		0.0		-1.0
	35819.99999997	4.79721		-2.69181  0.2  0.2		0.0		-1.0
	35864.99999997	4.71533		-2.44654  0.2  0.2		0.0		-1.0
	35909.99999997	4.84103		-2.08566  0.2  0.2		0.0		-1.0
	35954.99999997	4.69626		-1.888  0.2  0.2		0.0		-1.0
	35999.99999997	4.75816		-1.48292  0.2  0.2		0.0		-1.0
	36044.99999997	4.91142		-1.32031  0.2  0.2		0.0		-1.0
	36089.99999997	4.59806		-1.12518  0.2  0.2		0.0		-1.0
	36134.99999997	4.71856		-0.88508  0.2  0.2		0.0		-1.0
	36179.99999997	4.8567		-1.0346  0.2  0.2		0.0		-1.0
	36224.99999997	4.77497		-0.88857  0.2  0.2		0.0		-1.0
	36269.99999997	4.53987		-1.00133  0.2  0.2		0.0		-1.0
	36314.99999997	4.69805		-1.33886  0.2  0.2		0.0		-1.0
	36359.99999997	4.83609		-1.62966  0.2  0.2		0.0		-1.0
	36404.99999997	4.7631		-1.97383  0.2  0.2		0.0		-1.0
	36449.99999997	4.42701		-1.97484  0.2  0.2		0.0		-1.0
	36494.99999997	4.75099		-1.96373  0.2  0.2		0.0		-1.0
	36539.99999997	4.64337		-1.84768  0.2  0.2		0.0		-1.0
	36584.99999997	4.64351		-1.86379  0.2  0.2		0.0		-1.0
	36629.99999997	4.82437		-1.50297  0.2  0.2		0.0		-1.0
	36674.99999997	4.68568		-1.33686  0.2  0.2		0.0		-1.0
	36719.99999997	4.68559		-1.05951  0.2  0.2		0.0		-1.0
	36764.99999997	4.77644		-0.89059  0.2  0.2		0.0		-1.0
	36809.99999997	4.94066		-0.70539  0.2  0.2		0.0		-1.0
	36854.99999997	4.46403		-0.46886  0.2  0.2		0.0		-1.0
	36899.99999997	4.98123		-0.45984  0.2  0.2		0.0		-1.0
	36944.99999997	4.62889		-0.81444  0.2  0.2		0.0		-1.0
	36989.99999997	4.85711		-0.70784  0.2  0.2		0.0		-1.0
	37034.99999997	4.52962		-0.95324  0.2  0.2		0.0		-1.0
	37079.99999997	4.85028		-1.39064  0.2  0.2		0.0		-1.0
	37124.99999997	4.70192		-1.53843  0.2  0.2		0.0		-1.0
	37169.99999997	4.6466		-1.63733  0.2  0.2		0.0		-1.0
	37214.99999997	4.88067		-1.75598  0.2  0.2		0.0		-1.0
	37259.99999997	4.68056		-1.67788  0.2  0.2		0.0		-1.0
	37304.99999997	4.87315		-1.57414  0.2  0.2		0.0		-1.0
	37349.99999997	4.68469		-1.24717  0.2  0.2		0.0		-1.0
	37394.99999997	4.7379		-1.10562  0.2  0.2		0.0		-1.0
	37439.99999997	4.73374		-0.85583  0.2  0.2		0.0		-1.0
	37484.99999997	4.66145		-1.16764  0.2  0.2		0.0		-1.0
	37529.99999997	4.73776		-1.18406  0.2  0.2		0.0		-1.0
	37574.99999997	4.65406		-1.17527  0.2  0.2		0.0		-1.0
	37619.99999997	4.60398		-1.45888  0.2  0.2		0.0		-1.0
	37664.99999997	4.56361		-1.38701  0.2  0.2		0.0		-1.0
	37709.99999997	4.78006		-1.6449  0.2  0.2		0.0		-1.0
	37754.99999997	4.83737		-1.64799  0.2  0.2		0.0		-1.0
	37799.99999997	4.5701		-1.65513  0.2  0.2		0.0		-1.0
	37844.99999997	4.72705		-1.62656  0.2  0.2		0.0		-1.0
	37889.99999997	4.76278		-1.29187  0.2  0.2		0.0		-1.0
	37934.99999997	4.50004		-1.10249  0.2  0.2		0.0		-1.0
	37979.99999997	4.84387		-1.0742  0.2  0.2		0.0		-1.0
	38024.99999997	4.9802		-1.00309  0.2  0.2		0.0		-1.0
	38069.99999997	4.59076		-0.98075  0.2  0.2		0.0		-1.0
	38114.99999997	4.72737		-0.82122  0.2  0.2		0.0		-1.0
	38159.99999997	4.79663		-1.0812  0.2  0.2		0.0		-1.0
	38204.99999997	4.77806		-1.1158  0.2  0.2		0.0		-1.0
	38249.99999997	4.81898		-1.20776  0.2  0.2		0.0		-1.0
	38294.99999997	4.79983		-1.51674  0.2  0.2		0.0		-1.0
	38339.99999997	4.72476		-1.48395  0.2  0.2		0.0		-1.0
	38384.99999997	4.627		-1.59285  0.2  0.2		0.0		-1.0
	38429.99999997	4.79957		-1.8509  0.2  0.2		0.0		-1.0
	38474.99999997	4.88831		-1.68589  0.2  0.2		0.0		-1.0
	38519.99999997	4.70925		-1.59195  0.2  0.2		0.0		-1.0
	38564.99999997	4.85587		-1.45069  0.2  0.2		0.0		-1.0
	38609.99999997	4.7058		-1.22443  0.2  0.2		0.0		-1.0
	38654.99999997	4.94776		-0.80226  0.2  0.2		0.0		-1.0
	38699.99999997	4.48149		-0.56291  0.2  0.2		0.0		-1.0
	38744.99999997	4.93508		-0.64886  0.2  0.2		0.0		-1.0
	38789.99999997	4.73415		-1.05887  0.2  0.2		0.0		-1.0
	38834.99999997	4.77936		-1.17517  0.2  0.2		0.0		-1.0
	38879.99999997	4.73751		-1.50184  0.2  0.2		0.0		-1.0
	38924.99999997	4.64122		-1.50714  0.2  0.2		0.0		-1.0
	38969.99999997	4.83529		-1.44236  0.2  0.2		0.0		-1.0
	39014.99999997	4.68964		-1.29546  0.2  0.2		0.0		-1.0
	39059.99999997	4.64485		-0.8902  0.2  0.2		0.0		-1.0
	39104.99999997	4.87618		-0.83872  0.2  0.2		0.0		-1.0
	39149.99999997	4.72078		-0.67919  0.2  0.2		0.0		-1.0
	39194.99999997	4.70873		-0.94664  0.2  0.2		0.0		-1.0
	39239.99999997	4.62058		-1.20073  0.2  0.2		0.0		-1.0
	39284.99999997	4.63055		-1.22485  0.2  0.2		0.0		-1.0
	39329.99999997	4.71253		-1.49644  0.2  0.2		0.0		-1.0
	39374.99999997	4.49296		-1.56565  0.2  0.2		0.0		-1.0
	39419.99999997	4.7703		-1.5794  0.2  0.2		0.0		-1.0
	39464.99999997	4.7088		-1.67059  0.2  0.2		0.0		-1.0
	39509.99999997	4.62666		-1.4301  0.2  0.2		0.0		-1.0
	39554.99999997	4.54168		-1.36379  0.2  0.2		0.0		-1.0
	39599.99999997	4.7594		-1.29435  0.2  0.2		0.0		-1.0
	39644.99999997	4.60001		-1.04931  0.2  0.2		0.0		-1.0
	39689.99999997	4.78556		-0.85848  0.2  0.2		0.0		-1.0
	39734.99999997	4.84111		-1.01682  0.2  0.2		0.0		-1.0
	39779.99999997	4.66595		-0.87632  0.2  0.2		0.0		-1.0
	39824.99999997	4.79429		-1.04518  0.2  0.2		0.0		-1.0
	39869.99999997	4.84824		-1.37763  0.2  0.2		0.0		-1.0
	39914.99999997	4.97672		-1.65509  0.2  0.2		0.0		-1.0
	39959.99999997	4.61323		-1.94439  0.2  0.2		0.0		-1.0
	40004.99999997	4.92296		-1.98055  0.2  0.2		0.0		-1.0
	40049.99999997	4.77268		-2.07531  0.2  0.2		0.0		-1.0
	40094.99999997	4.70724		-2.05047  0.2  0.2		0.0		-1.0
	40139.99999997	4.76252		-2.08733  0.2  0.2		0.0		-1.0
	40184.99999997	4.702		-1.98703  0.2  0.2		0.0		-1.0
	40229.99999996	4.75627		-2.03113  0.2  0.2		0.0		-1.0
	40274.99999996	4.74766		-1.85872  0.2  0.2		0.0		-1.0
	40319.99999996	4.61112		-1.52045  0.2  0.2		0.0		-1.0
	40364.99999996	4.7904		-1.18035  0.2  0.2		0.0		-1.0
	40409.99999996	4.6994		-0.93871  0.2  0.2		0.0		-1.0
	40454.99999996	4.87702		-0.59048  0.2  0.2		0.0		-1.0
	40499.99999996	4.78523		-0.5736  0.2  0.2		0.0		-1.0
	40544.99999996	4.83332		-0.52593  0.2  0.2		0.0		-1.0
	40589.99999996	4.80822		-0.79343  0.2  0.2		0.0		-1.0
	40634.99999996	4.72412		-0.95332  0.2  0.2		0.0		-1.0
	40679.99999996	4.70677		-1.3627  0.2  0.2		0.0		-1.0
	40724.99999996	4.74234		-1.73356  0.2  0.2		0.0		-1.0
	40769.99999996	4.75785		-1.76625  0.2  0.2		0.0		-1.0
	40814.99999996	4.64278		-1.93671  0.2  0.2		0.0		-1.0
	40859.99999996	4.81249		-1.85707  0.2  0.2		0.0		-1.0
	40904.99999996	4.83317		-1.86599  0.2  0.2		0.0		-1.0
	40949.99999996	4.6367		-1.65109  0.2  0.2		0.0		-1.0
	40994.99999996	4.81218		-1.11247  0.2  0.2		0.0		-1.0
	41039.99999996	4.65759		-0.87003  0.2  0.2		0.0		-1.0
	41084.99999996	4.85047		-0.88457  0.2  0.2		0.0		-1.0
	41129.99999996	4.8576		-0.89515  0.2  0.2		0.0		-1.0
	41174.99999996	4.6365		-1.03962  0.2  0.2		0.0		-1.0
	41219.99999996	4.6222		-1.01451  0.2  0.2		0.0		-1.0
	41264.99999996	4.84467		-1.4148  0.2  0.2		0.0		-1.0
	41309.99999996	4.81556		-1.44502  0.2  0.2		0.0		-1.0
	41354.99999996	4.6183		-1.45118  0.2  0.2		0.0		-1.0
	41399.99999996	4.80207		-1.76389  0.2  0.2		0.0		-1.0
	41444.99999996	4.63354		-1.60729  0.2  0.2		0.0		-1.0
	41489.99999996	4.62911		-1.41327  0.2  0.2		0.0		-1.0
	41534.99999996	4.66074		-1.41677  0.2  0.2		0.0		-1.0
	41579.99999996	4.9257		-1.48543  0.2  0.2		0.0		-1.0
	41624.99999996	4.75818		-0.9708  0.2  0.2		0.0		-1.0
	41669.99999996	4.55734		-0.95019  0.2  0.2		0.0		-1.0
	41714.99999996	4.79873		-0.84986  0.2  0.2		0.0		-1.0
	41759.99999996	4.89307		-0.89992  0.2  0.2		0.0		-1.0
	41804.99999996	4.80279		-0.98681  0.2  0.2		0.0		-1.0
	41849.99999996	4.87052		-0.98939  0.2  0.2		0.0		-1.0
	41894.99999996	4.7608		-1.41601  0.2  0.2		0.0		-1.0
	41939.99999996	4.82468		-1.45161  0.2  0.2		0.0		-1.0
	41984.99999996	4.90904		-1.49499  0.2  0.2		0.0		-1.0
	42029.99999996	4.69401		-1.18725  0.2  0.2		0.0		-1.0
	42074.99999996	4.6589		-1.0905  0.2  0.2		0.0		-1.0
	42119.99999996	4.7604		-1.07441  0.2  0.2		0.0		-1.0
	42164.99999996	4.65999		-0.88893  0.2  0.2		0.0		-1.0
	42209.99999996	4.77665		-1.04247  0.2  0.2		0.0		-1.0
	42254.99999996	4.74674		-0.92443  0.2  0.2		0.0		-1.0
	42299.99999996	4.777		-1.22138  0.2  0.2		0.0		-1.0
	42344.99999996	4.70103		-1.24048  0.2  0.2		0.0		-1.0
	42389.99999996	4.70056		-1.46895  0.2  0.2		0.0		-1.0
	42434.99999996	4.66235		-1.59076  0.2  0.2		0.0		-1.0
	42479.99999996	4.86393		-1.41342  0.2  0.2		0.0		-1.0
	42524.99999996	4.78226		-1.48664  0.2  0.2		0.0		-1.0
	42569.99999996	4.63885		-1.20798  0.2  0.2		0.0		-1.0
	42614.99999996	4.56628		-1.05362  0.2  0.2		0.0		-1.0
	42659.99999996	4.83329		-1.24528  0.2  0.2		0.0		-1.0
	42704.99999996	4.73103		-0.96412  0.2  0.2		0.0		-1.0
	42749.99999996	4.81325		-1.0563  0.2  0.2		0.0		-1.0
	42794.99999996	4.75209		-0.85933  0.2  0.2		0.0		-1.0
	42839.99999996	4.65535		-1.18147  0.2  0.2		0.0		-1.0
	42884.99999996	4.78186		-1.06269  0.2  0.2		0.0		-1.0
	42929.99999996	4.6636		-1.18866  0.2  0.2		0.0		-1.0
	42974.99999996	4.58332		-1.52218  0.2  0.2		0.0		-1.0
	43019.99999996	4.86336		-1.47036  0.2  0.2		0.0		-1.0
	43064.99999996	4.6757		-1.37411  0.2  0.2		0.0		-1.0
	43109.99999996	4.56378		-1.51945  0.2  0.2		0.0		-1.0
	43154.99999996	4.8129		-1.22023  0.2  0.2		0.0		-1.0
	43199.99999996	4.67056		-1.16269  0.2  0.2		0.0		-1.0
	43244.99999996	4.70432		-1.20426  0.2  0.2		0.0		-1.0
	43289.99999996	4.90141		-1.1207  0.2  0.2		0.0		-1.0
	43334.99999996	4.55972		-1.11712  0.2  0.2		0.0		-1.0
	43379.99999996	4.68582		-1.21738  0.2  0.2		0.0		-1.0
	43424.99999996	4.75546		-1.43678  0.2  0.2		0.0		-1.0
	43469.99999996	4.53076		-1.33864  0.2  0.2		0.0		-1.0
	43514.99999996	4.80206		-1.29728  0.2  0.2		0.0		-1.0
	43559.99999996	4.79085		-1.13329  0.2  0.2		0.0		-1.0
	43604.99999996	4.76468		-1.18589  0.2  0.2		0.0		-1.0
	43649.99999996	4.8986		-1.18607  0.2  0.2		0.0		-1.0
	43694.99999996	4.55919		-1.25015  0.2  0.2		0.0		-1.0
	43739.99999996	4.59041		-1.05718  0.2  0.2		0.0		-1.0
	43784.99999996	4.92449		-0.97039  0.2  0.2		0.0		-1.0
	43829.99999996	4.8391		-0.99323  0.2  0.2		0.0		-1.0
	43874.99999996	4.46965		-1.20163  0.2  0.2		0.0		-1.0
	43919.99999996	4.88016		-1.2472  0.2  0.2		0.0		-1.0
	43964.99999996	4.74595		-0.97922  0.2  0.2		0.0		-1.0
	44009.99999996	4.62823		-1.38918  0.2  0.2		0.0		-1.0
	44054.99999996	4.64163		-1.31056  0.2  0.2		0.0		-1.0
	44099.99999996	4.88188		-1.13649  0.2  0.2		0.0		-1.0
	44144.99999996	4.90244		-1.0682  0.2  0.2		0.0		-1.0
	44189.99999996	4.65721		-0.88621  0.2  0.2		0.0		-1.0
	44234.99999996	4.66306		-1.22275  0.2  0.2		0.0		-1.0
	44279.99999996	5.03872		-1.37085  0.2  0.2		7.86896286		-1.0
	44324.99999996	4.71442		-1.34939  0.2  0.2		0.0		-1.0
	44369.99999996	4.71362		-1.21315  0.2  0.2		0.0		-1.0
	44414.99999996	4.79075		-1.15568  0.2  0.2		0.0		-1.0
	44459.99999996	4.68171		-1.31106  0.2  0.2		0.0		-1.0
	44504.99999996	4.87959		-0.92247  0.2  0.2		0.0		-1.0
	44549.99999996	4.72886		-1.03569  0.2  0.2		0.0		-1.0
	44594.99999996	4.85422		-1.11996  0.2  0.2		0.0		-1.0
	44639.99999996	4.75292		-0.90109  0.2  0.2		0.0		-1.0
	44684.99999996	4.55908		-1.16811  0.2  0.2		0.0		-1.0
	44729.99999996	4.83561		-0.99788  0.2  0.2		0.0		-1.0
	44774.99999996	4.74139		-1.32429  0.2  0.2		0.0		-1.0
	44819.99999996	4.53161		-1.13378  0.2  0.2		0.0		-1.0
	44864.99999996	4.71751		-1.20246  0.2  0.2		0.0		-1.0
	44909.99999996	4.64561		-1.31247  0.2  0.2		0.0		-1.0
	44954.99999996	4.54125		-1.11943  0.2  0.2		0.0		-1.0
	44999.99999996	4.85612		-1.32859  0.2  0.2		0.0		-1.0
	45044.99999996	4.81372		-1.19869  0.2  0.2		0.0		-1.0
	45089.99999996	4.61976		-1.21781  0.2  0.2		0.0		-1.0
	45134.99999996	4.85266		-1.1936  0.2  0.2		0.0		-1.0
	45179.99999996	4.49359		-1.08413  0.2  0.2		0.0		-1.0
	45224.99999996	4.74417		-1.24201  0.2  0.2		0.0		-1.0
	45269.99999996	4.84687		-1.32375  0.2  0.2		0.0		-1.0
	45314.99999996	4.71016		-1.27255  0.2  0.2		0.0		-1.0
	45359.99999996	4.64614		-1.47278  0.2  0.2		0.0		-1.0
	45404.99999996	4.71391		-1.31558  0.2  0.2		0.0		-1.0
	45449.99999996	4.57741		-1.24254  0.2  0.2		0.0		-1.0
	45494.99999996	4.96126		-1.08559  0.2  0.2		0.0		-1.0
	45539.99999996	4.6719		-0.90106  0.2  0.2		0.0		-1.0
	45584.99999996	4.54825		-1.14788  0.2  0.2		0.0		-1.0
	45629.99999996	4.91208		-1.15153  0.2  0.2		0.0		-1.0
	45674.99999996	4.72209		-1.29387  0.2  0.2		0.0		-1.0
	45719.99999996	4.80506		-1.40335  0.2  0.2		0.0		-1.0
	45764.99999996	4.74894		-1.39124  0.2  0.2		0.0		-1.0
	45809.99999996	4.60261		-1.41181  0.2  0.2		0.0		-1.0
	45854.99999996	4.72954		-1.33957  0.2  0.2		0.0		-1.0
	45899.99999996	4.78022		-1.04276  0.2  0.2		0.0		-1.0
	45944.99999996	4.69442		-1.03632  0.2  0.2		0.0		-1.0
	45989.99999996	4.93515		-0.77542  0.2  0.2		0.0		-1.0
	46034.99999996	4.53449		-1.12577  0.2  0.2		0.0		-1.0
	46079.99999996	4.81961		-0.91147  0.2  0.2		0.0		-1.0
	46124.99999996	4.69321		-1.24192  0.2  0.2		0.0		-1.0
	46169.99999996	4.52598		-1.24632  0.2  0.2		0.0		-1.0
	46214.99999996	5.01281		-1.45014  0.2  0.2		0.8655859146		-1.0
	46259.99999996	4.57498		-1.48487  0.2  0.2		0.0		-1.0
	46304.99999996	4.60333		-1.59385  0.2  0.2		0.0		-1.0
	46349.99999996	4.84848		-1.44549  0.2  0.2		0.0		-1.0
	46394.99999996	4.57746		-1.62596  0.2  0.2		0.0		-1.0
	46439.99999996	4.80495		-1.61069  0.2  0.2		0.0		-1.0
	46484.99999996	4.75204		-1.53904  0.2  0.2		0.0		-1.0
	46529.99999996	4.6849		-1.55284  0.2  0.2		0.0		-1.0
	46574.99999996	4.86401		-1.74806  0.2  0.2		0.0		-1.0
	46619.99999996	4.47705		-1.84169  0.2  0.2		0.0		-1.0
	46664.99999996	4.87147		-1.76898  0.2  0.2		0.0		-1.0
	46709.99999996	4.96806		-1.66513  0.2  0.2		0.0		-1.0
	46754.99999995	4.50628		-1.74271  0.2  0.2		0.0		-1.0
	46799.99999995	4.78194		-1.58994  0.2  0.2		0.0		-1.0
	46844.99999995	4.9198		-1.12227  0.2  0.2		0.0		-1.0
	46889.99999995	4.7727		-0.9812  0.2  0.2		0.0		-1.0
	46934.99999995	4.7188		-0.5857  0.2  0.2		0.0		-1.0
	46979.99999995	4.77066		-1.07725  0.2  0.2		0.0		-1.0
	47024.99999995	4.78956		-1.14072  0.2  0.2		0.0		-1.0
	47069.99999995	4.82475		-1.39018  0.2  0.2		0.0		-1.0
	47114.99999995	4.76072		-1.66317  0.2  0.2		0.0		-1.0
	47159.99999995	4.69529		-1.68459  0.2  0.2		0.0		-1.0
	47204.99999995	4.63961		-1.75003  0.2  0.2		0.0		-1.0
	47249.99999995	4.78672		-1.90866  0.2  0.2		0.0		-1.0
	47294.99999995	4.92898		-1.85896  0.2  0.2		0.0		-1.0
	47339.99999995	4.5402		-1.78553  0.2  0.2		0.0		-1.0
	47384.99999995	4.89075		-1.79073  0.2  0.2		0.0		-1.0
	47429.99999995	4.76123		-1.66844  0.2  0.2		0.0		-1.0
	47474.99999995	4.57811		-1.46457  0.2  0.2		0.0		-1.0
	47519.99999995	4.82074		-1.35571  0.2  0.2		0.0		-1.0
	47564.99999995	4.91479		-1.23077  0.2  0.2		0.0		-1.0
	47609.99999995	4.74485		-1.14782  0.2  0.2		0.0		-1.0
	47654.99999995	4.58278		-0.67348  0.2  0.2		0.0		-1.0
	47699.99999995	4.77373		-0.82663  0.2  0.2		0.0		-1.0
	47744.99999995	4.9298		-1.00264  0.2  0.2		0.0		-1.0
	47789.99999995	4.673		-1.56061  0.2  0.2		0.0		-1.0
	47834.99999995	4.44485		-1.86538  0.2  0.2		0.0		-1.0
	47879.99999995	4.94557		-1.76907  0.2  0.2		0.0		-1.0
	47924.99999995	4.591		-2.03421  0.2  0.2		0.0		-1.0
	47969.99999995	4.72088		-2.03275  0.2  0.2		0.0		-1.0
	48014.99999995	4.63962		-2.11709  0.2  0.2		0.0		-1.0
	48059.99999995	4.68242		-2.08062  0.2  0.2		0.0		-1.0
	48104.99999995	4.76175		-2.16148  0.2  0.2		0.0		-1.0
	48149.99999995	4.6858		-2.06496  0.2  0.2		0.0		-1.0
	48194.99999995	4.87131		-2.24019  0.2  0.2		0.0		-1.0
	48239.99999995	4.75519		-2.20786  0.2  0.2		0.0		-1.0
	48284.99999995	4.62547		-2.2077  0.2  0.2		0.0		-1.0
	48329.99999995	4.75329		-2.58149  0.2  0.2		0.0		-1.0
	48374.99999995	4.76872		-2.58218  0.2  0.2		0.0		-1.0
	48419.99999995	4.52869		-2.66556  0.2  0.2		0.0		-1.0
	48464.99999995	4.79702		3.00796  0.2  0.2		0.0		-1.0
	48509.99999995	4.81153		2.72602  0.2  0.2		0.0		-1.0
	48554.99999995	4.75824		2.60763  0.2  0.2		0.0		-1.0
	48599.99999995	4.97939		2.71395  0.2  0.2		0.0		-1.0
	48644.99999995	4.61065		2.74501  0.2  0.2		0.0		-1.0
	48689.99999995	4.78609		3.08324  0.2  0.2		0.0		-1.0
	48734.99999995	4.70269		-3.03569  0.2  0.2		0.0		-1.0
	48779.99999995	4.5274		-2.83326  0.2  0.2		0.0		-1.0
	48824.99999995	4.70747		-2.77096  0.2  0.2		0.0		-1.0
	48869.99999995	4.83836		-2.49962  0.2  0.2		0.0		-1.0
	48914.99999995	4.51994		-2.54897  0.2  0.2		0.0		-1.0
	48959.99999995	4.87555		-2.47349  0.2  0.2		0.0		-1.0
	49004.99999995	4.69851		-2.55307  0.2  0.2		0.0		-1.0
	49049.99999995	4.51784		-2.58059  0.2  0.2		0.0		-1.0
	49094.99999995	4.6938		-2.89102  0.2  0.2		0.0		-1.0
	49139.99999995	4.83615		-2.92121  0.2  0.2		0.0		-1.0
	49184.99999995	4.68361		3.09848  0.2  0.2		0.0		-1.0
	49229.99999995	4.66982		2.92919  0.2  0.2		0.0		-1.0
	49274.99999995	4.77443		2.87137  0.2  0.2		0.0		-1.0
	49319.99999995	4.45631		2.82275  0.2  0.2		0.0		-1.0
	49364.99999995	4.95782		2.91973  0.2  0.2		0.0		-1.0
	49409.99999995	4.47362		3.00009  0.2  0.2		0.0		-1.0
	49454.99999995	4.88542		-3.02011  0.2  0.2		0.0		-1.0
	49499.99999995	4.67234		-2.82867  0.2  0.2		0.0		-1.0
	49544.99999995	4.80734		-2.79426  0.2  0.2		0.0		-1.0
	49589.99999995	4.61061		-2.60944  0.2  0.2		0.0		-1.0
	49634.99999995	4.82189		-2.60986  0.2  0.2		0.0		-1.0
	49679.99999995	4.87291		-2.8251  0.2  0.2		0.0		-1.0
	49724.99999995	4.55377		-2.67817  0.2  0.2		0.0		-1.0
	49769.99999995	4.69795		-2.96101  0.2  0.2		0.0		-1.0
	49814.99999995	4.63809		3.11046  0.2  0.2		0.0		-1.0
	49859.99999995	4.99546		2.95609  0.2  0.2		0.0		-1.0
	49904.99999995	4.39561		2.97458  0.2  0.2		0.0		-1.0
	49949.99999995	4.82901		3.06817  0.2  0.2		0.0		-1.0
	49994.99999995	4.81207		-3.05308  0.2  0.2		0.0		-1.0
