	45.00000000	2.9664		-0.46811     0.2    0.2		4.1705503158		-1.0
	90.00000000	2.98468		-0.14058     0.2    0.2		4.1705503158		-1.0
	135.00000000	2.88397		0.41515     0.2    0.2		4.1705503158		-1.0
	180.00000000	2.87549		0.76241     0.2    0.2		4.1705503158		-1.0
	225.00000000	2.89401		0.85208     0.2    0.2		4.1705503158		-1.0
	270.00000000	2.99755		1.49246     0.2    0.2		4.1705503158		-1.0
	315.00000000	2.93563		1.42374     0.2    0.2		4.1705503158		-1.0
	360.00000000	2.86235		1.92355     0.2    0.2		4.1705503158		-1.0
	405.00000000	2.9622		2.00831     0.2    0.2		4.1705503158		-1.0
	450.00000000	2.92449		2.51748     0.2    0.2		4.1705503158		-1.0
	495.00000000	2.8746		2.58478     0.2    0.2		4.1705503158		-1.0
	540.00000000	2.93915		2.66842     0.2    0.2		4.1705503158		-1.0
	585.00000000	2.90894		3.06206     0.2    0.2		4.1705503158		-1.0
	630.00000000	2.92303		3.05433     0.2    0.2		4.1705503158		-1.0
	675.00000000	2.89095		-2.75167     0.2    0.2		4.1705503158		-1.0
	720.00000000	2.809		-2.7129     0.2    0.2		4.1705503158		-1.0
	765.00000000	2.98774		-2.50265     0.2    0.2		4.1705503158		-1.0
	810.00000000	2.96525		-2.1083     0.2    0.2		4.1705503158		-1.0
	855.00000000	2.83118		-2.16227     0.2    0.2		4.1705503158		-1.0
	900.00000000	2.8871		-1.95137     0.2    0.2		4.1705503158		-1.0
	945.00000000	3.01162		-2.25222     0.2    0.2		4.1705503158		-1.0
	990.00000000	3.09735		-2.20673     0.2    0.2		4.1705503158		-1.0
	1035.00000000	2.90851		-2.2706     0.2    0.2		4.1705503158		-1.0
	1080.00000000	2.98354		-1.91627     0.2    0.2		4.1705503158		-1.0
	1125.00000000	2.84619		-1.70505     0.2    0.2		4.1705503158		-1.0
	1170.00000000	2.88398		-1.1111     0.2    0.2		4.1705503158		-1.0
	1215.00000000	2.93619		-0.48113     0.2    0.2		4.1705503158		-1.0
	1260.00000000	2.90473		0.53351     0.2    0.2		4.1705503158		-1.0
	1305.00000000	2.93269		0.68347     0.2    0.2		4.1705503158		-1.0
	1350.00000000	2.90942		1.0429     0.2    0.2		4.1705503158		-1.0
	1395.00000000	2.95988		1.26366     0.2    0.2		4.1705503158		-1.0
	1440.00000000	2.90964		1.07352     0.2    0.2		4.1705503158		-1.0
	1485.00000000	2.97894		0.86494     0.2    0.2		4.1705503158		-1.0
	1530.00000000	2.94853		0.16082     0.2    0.2		4.1705503158		-1.0
	1575.00000000	2.86165		-0.09844     0.2    0.2		4.1705503158		-1.0
	1620.00000000	2.82418		-0.36738     0.2    0.2		4.1705503158		-1.0
	1665.00000000	2.85478		-0.70883     0.2    0.2		4.1705503158		-1.0
	1710.00000000	2.97008		-1.13291     0.2    0.2		4.1705503158		-1.0
	1755.00000000	2.94078		-1.34029     0.2    0.2		4.1705503158		-1.0
	1800.00000000	2.9163		-1.26918     0.2    0.2		4.1705503158		-1.0
	1845.00000000	2.85106		-1.7242     0.2    0.2		4.1705503158		-1.0
	1890.00000000	2.84947		-1.7076     0.2    0.2		4.1705503158		-1.0
	1935.00000000	2.75426		-2.07416     0.2    0.2		4.1705503158		-1.0
	1980.00000000	2.84911		-2.32517     0.2    0.2		4.1705503158		-1.0
	2025.00000000	2.89144		-2.56469     0.2    0.2		4.1705503158		-1.0
	2070.00000000	2.74558		-2.95058     0.2    0.2		4.1705503158		-1.0
	2115.00000000	2.95755		-2.95078     0.2    0.2		4.1705503158		-1.0
	2160.00000000	2.88553		3.07614     0.2    0.2		4.1705503158		-1.0
	2205.00000000	2.91886		-3.06927     0.2    0.2		4.1705503158		-1.0
	2250.00000000	2.92734		2.75685     0.2    0.2		4.1705503158		-1.0
	2295.00000000	2.84227		2.40416     0.2    0.2		4.1705503158		-1.0
	2340.00000000	2.9108		2.09952     0.2    0.2		4.1705503158		-1.0
	2385.00000000	2.92963		1.72111     0.2    0.2		4.1705503158		-1.0
	2430.00000000	2.97825		1.54666     0.2    0.2		4.1705503158		-1.0
	2475.00000000	2.97074		1.13369     0.2    0.2		4.1705503158		-1.0
	2520.00000000	3.02906		1.27981     0.2    0.2		4.1705503158		-1.0
	2565.00000000	2.93412		0.88927     0.2    0.2		4.1705503158		-1.0
	2610.00000000	2.88665		0.86017     0.2    0.2		4.1705503158		-1.0
	2655.00000000	2.9974		0.37833     0.2    0.2		4.1705503158		-1.0
	2700.00000000	2.95672		-0.18564     0.2    0.2		4.1705503158		-1.0
	2745.00000000	2.93343		-0.91126     0.2    0.2		4.1705503158		-1.0
	2790.00000000	2.92038		-0.88486     0.2    0.2		4.1705503158		-1.0
	2835.00000000	3.00016		-0.77229     0.2    0.2		4.1705503158		-1.0
	2880.00000000	2.81799		-0.3947     0.2    0.2		4.1705503158		-1.0
	2925.00000000	2.80088		-0.2021     0.2    0.2		4.1705503158		-1.0
	2970.00000000	2.94075		0.26137     0.2    0.2		4.1705503158		-1.0
	3015.00000000	2.86348		0.38309     0.2    0.2		4.1705503158		-1.0
	3060.00000000	2.93374		-0.15794     0.2    0.2		4.1705503158		-1.0
	3105.00000000	2.83779		0.07191     0.2    0.2		4.1705503158		-1.0
	3150.00000000	2.89527		0.20876     0.2    0.2		4.1705503158		-1.0
	3195.00000000	3.14817		0.63196     0.2    0.2		4.1705503158		-1.0
	3240.00000000	3.19522		0.85638     0.2    0.2		4.1705503158		-1.0
	3285.00000000	2.99943		1.22701     0.2    0.2		4.1705503158		-1.0
	3330.00000000	2.9255		1.57486     0.2    0.2		4.1705503158		-1.0
	3375.00000000	3.01689		1.72629     0.2    0.2		4.1705503158		-1.0
	3420.00000000	2.94979		2.27482     0.2    0.2		4.1705503158		-1.0
	3465.00000000	3.01235		2.16929     0.2    0.2		4.1705503158		-1.0
	3510.00000000	2.96641		2.19426     0.2    0.2		4.1705503158		-1.0
	3555.00000000	2.9075		1.93315     0.2    0.2		4.1705503158		-1.0
	3600.00000000	3.11858		1.53308     0.2    0.2		4.1705503158		-1.0
	3645.00000000	3.14473		1.51067     0.2    0.2		4.1705503158		-1.0
	3690.00000000	3.0703		1.38248     0.2    0.2		4.1705503158		-1.0
	3735.00000000	2.77211		1.4648     0.2    0.2		4.1705503158		-1.0
	3780.00000000	2.8862		1.28341     0.2    0.2		4.1705503158		-1.0
	3825.00000000	2.69594		1.39284     0.2    0.2		4.1705503158		-1.0
	3870.00000000	2.8937		1.44314     0.2    0.2		4.1705503158		-1.0
	3915.00000000	3.18302		1.18626     0.2    0.2		4.1705503158		-1.0
	3960.00000000	3.09215		1.22323     0.2    0.2		4.1705503158		-1.0
	4005.00000000	2.68519		0.92665     0.2    0.2		4.1705503158		-1.0
	4050.00000000	3.00103		0.61904     0.2    0.2		4.1705503158		-1.0
	4095.00000000	3.18576		-0.36331     0.2    0.2		4.1705503158		-1.0
	4140.00000000	3.06557		-0.96274     0.2    0.2		4.1705503158		-1.0
	4185.00000000	3.1416		-1.57406     0.2    0.2		4.1705503158		-1.0
	4230.00000000	3.02658		-1.87372     0.2    0.2		4.1705503158		-1.0
	4275.00000000	3.00549		-2.45814     0.2    0.2		4.1705503158		-1.0
	4320.00000000	2.98731		-2.47229     0.2    0.2		4.1705503158		-1.0
	4365.00000000	2.91448		-2.79505     0.2    0.2		4.1705503158		-1.0
	4410.00000000	2.94021		-2.8849     0.2    0.2		4.1705503158		-1.0
	4455.00000000	3.01472		3.08995     0.2    0.2		4.1705503158		-1.0
	4500.00000000	3.06918		2.94191     0.2    0.2		4.1705503158		-1.0
	4545.00000000	3.09364		2.6291     0.2    0.2		4.1705503158		-1.0
	4590.00000000	2.89641		2.4435     0.2    0.2		4.1705503158		-1.0
	4635.00000000	2.95595		2.07541     0.2    0.2		4.1705503158		-1.0
	4680.00000000	2.96625		1.83559     0.2    0.2		4.1705503158		-1.0
	4725.00000000	2.79511		1.52745     0.2    0.2		4.1705503158		-1.0
	4770.00000000	2.83461		1.73001     0.2    0.2		4.1705503158		-1.0
	4815.00000000	2.79919		1.62252     0.2    0.2		4.1705503158		-1.0
	4860.00000000	2.92253		1.90842     0.2    0.2		4.1705503158		-1.0
	4905.00000000	3.13555		2.33519     0.2    0.2		4.1705503158		-1.0
	4950.00000000	3.09434		2.45216     0.2    0.2		4.1705503158		-1.0
	4995.00000000	2.81411		2.72006     0.2    0.2		4.1705503158		-1.0
	5040.00000000	2.8837		2.4439     0.2    0.2		4.1705503158		-1.0
	5085.00000000	2.81422		2.26819     0.2    0.2		4.1705503158		-1.0
	5130.00000000	2.84695		2.04289     0.2    0.2		4.1705503158		-1.0
	5175.00000000	2.81257		1.74949     0.2    0.2		4.1705503158		-1.0
	5220.00000000	2.90785		2.0629     0.2    0.2		4.1705503158		-1.0
	5265.00000000	2.77452		1.78982     0.2    0.2		4.1705503158		-1.0
	5310.00000000	2.99387		2.60431     0.2    0.2		4.1705503158		-1.0
	5355.00000000	2.73337		2.97539     0.2    0.2		4.1705503158		-1.0
	5400.00000000	2.82456		-3.09742     0.2    0.2		4.1705503158		-1.0
	5445.00000000	2.88958		-2.32792     0.2    0.2		4.1705503158		-1.0
	5490.00000000	2.94357		-2.04478     0.2    0.2		4.1705503158		-1.0
	5535.00000000	2.97988		-1.70361     0.2    0.2		4.1705503158		-1.0
	5580.00000000	2.79079		-1.11496     0.2    0.2		4.1705503158		-1.0
	5625.00000000	2.77424		-0.93099     0.2    0.2		4.1705503158		-1.0
	5670.00000000	2.79528		-0.60609     0.2    0.2		4.1705503158		-1.0
	5715.00000000	2.85009		0.04253     0.2    0.2		4.1705503158		-1.0
	5760.00000000	2.89944		0.81691     0.2    0.2		4.1705503158		-1.0
	5805.00000000	3.12194		0.97687     0.2    0.2		4.1705503158		-1.0
	5850.00000000	3.17621		1.27972     0.2    0.2		4.1705503158		-1.0
	5895.00000000	2.9441		1.03368     0.2    0.2		4.1705503158		-1.0
	5940.00000000	2.87229		1.19378     0.2    0.2		4.1705503158		-1.0
	5985.00000000	3.18907		0.54486     0.2    0.2		4.1705503158		-1.0
	6030.00000000	2.84926		-0.07071     0.2    0.2		4.1705503158		-1.0
	6075.00000000	2.99131		-0.24014     0.2    0.2		4.1705503158		-1.0
	6120.00000000	2.90144		-0.56964     0.2    0.2		4.1705503158		-1.0
	6165.00000000	2.79301		-0.66411     0.2    0.2		4.1705503158		-1.0
	6210.00000000	2.86918		-0.66343     0.2    0.2		4.1705503158		-1.0
	6255.00000000	3.05157		-0.4054     0.2    0.2		4.1705503158		-1.0
	6300.00000000	3.26251		-0.02989     0.2    0.2		4.1705503158		-1.0
	6345.00000000	2.90279		0.53359     0.2    0.2		4.1705503158		-1.0
	6390.00000000	2.71682		0.57649     0.2    0.2		4.1705503158		-1.0
	6435.00000000	2.97991		0.30835     0.2    0.2		4.1705503158		-1.0
	6480.00000000	3.10497		0.28301     0.2    0.2		4.1705503158		-1.0
	6525.00000000	3.02207		-0.16668     0.2    0.2		4.1705503158		-1.0
	6570.00000000	3.2212		-0.86677     0.2    0.2		4.1705503158		-1.0
	6615.00000000	2.90555		-0.99004     0.2    0.2		4.1705503158		-1.0
	6660.00000000	2.91507		-1.55649     0.2    0.2		4.1705503158		-1.0
	6705.00000000	2.88457		-1.63308     0.2    0.2		4.1705503158		-1.0
	6750.00000000	3.21829		-2.00854     0.2    0.2		4.1705503158		-1.0
	6795.00000000	3.21628		-2.11394     0.2    0.2		4.1705503158		-1.0
	6840.00000000	2.90887		-2.03308     0.2    0.2		4.1705503158		-1.0
	6885.00000000	2.7756		-2.52321     0.2    0.2		4.1705503158		-1.0
	6930.00000000	2.7582		-2.06058     0.2    0.2		4.1705503158		-1.0
	6975.00000000	3.11138		-1.98634     0.2    0.2		4.1705503158		-1.0
	7020.00000000	2.84151		-1.69895     0.2    0.2		4.1705503158		-1.0
	7065.00000000	3.11217		-1.48343     0.2    0.2		4.1705503158		-1.0
	7110.00000000	2.83229		-1.09539     0.2    0.2		4.1705503158		-1.0
	7155.00000000	2.80788		-0.81486     0.2    0.2		4.1705503158		-1.0
	7200.00000000	3.15541		-0.15011     0.2    0.2		4.1705503158		-1.0
	7245.00000000	2.88766		0.56869     0.2    0.2		4.1705503158		-1.0
	7290.00000000	2.72417		1.20626     0.2    0.2		4.1705503158		-1.0
	7335.00000000	2.71947		1.04506     0.2    0.2		4.1705503158		-1.0
	7380.00000000	2.87082		1.37776     0.2    0.2		4.1705503158		-1.0
	7425.00000000	2.87602		1.28874     0.2    0.2		4.1705503158		-1.0
	7470.00000000	3.01535		0.87813     0.2    0.2		4.1705503158		-1.0
	7515.00000000	2.86057		0.43394     0.2    0.2		4.1705503158		-1.0
	7560.00000000	2.9282		-0.34945     0.2    0.2		4.1705503158		-1.0
	7605.00000000	3.23017		-0.7881     0.2    0.2		4.1705503158		-1.0
	7650.00000000	3.25633		-1.07586     0.2    0.2		4.1705503158		-1.0
	7695.00000000	2.90974		-1.1894     0.2    0.2		4.1705503158		-1.0
	7740.00000000	2.94956		-1.60525     0.2    0.2		4.1705503158		-1.0
	7785.00000000	2.78301		-2.0225     0.2    0.2		4.1705503158		-1.0
	7830.00000000	2.79174		-2.27005     0.2    0.2		4.1705503158		-1.0
	7875.00000000	3.19172		-2.53291     0.2    0.2		4.1705503158		-1.0
	7920.00000000	2.95545		-2.74074     0.2    0.2		4.1705503158		-1.0
	7965.00000000	3.12412		-2.97078     0.2    0.2		4.1705503158		-1.0
	8010.00000000	3.07923		-3.12268     0.2    0.2		4.1705503158		-1.0
	8055.00000000	2.73114		2.94049     0.2    0.2		4.1705503158		-1.0
	8100.00000000	3.01867		2.76933     0.2    0.2		4.1705503158		-1.0
	8145.00000000	2.80988		2.44443     0.2    0.2		4.1705503158		-1.0
	8190.00000000	2.8127		2.3068     0.2    0.2		4.1705503158		-1.0
	8235.00000000	3.32331		1.9325     0.2    0.2		4.1705503158		-1.0
	8280.00000000	2.75174		1.64358     0.2    0.2		4.1705503158		-1.0
	8325.00000000	2.75487		1.78871     0.2    0.2		4.1705503158		-1.0
	8370.00000000	2.67103		1.85677     0.2    0.2		4.1705503158		-1.0
	8415.00000000	3.2126		2.10639     0.2    0.2		4.1705503158		-1.0
	8460.00000000	2.99316		2.22119     0.2    0.2		4.1705503158		-1.0
	8505.00000000	2.89162		2.40033     0.2    0.2		4.1705503158		-1.0
	8550.00000000	3.1656		2.86531     0.2    0.2		4.1705503158		-1.0
	8595.00000000	3.04592		2.71069     0.2    0.2		4.1705503158		-1.0
	8640.00000000	2.98017		2.93102     0.2    0.2		4.1705503158		-1.0
	8685.00000000	2.81128		2.99143     0.2    0.2		4.1705503158		-1.0
	8730.00000000	3.24258		-3.11776     0.2    0.2		4.1705503158		-1.0
	8775.00000000	3.12725		-2.80189     0.2    0.2		4.1705503158		-1.0
	8820.00000000	2.98054		-2.5505     0.2    0.2		4.1705503158		-1.0
	8865.00000000	3.30734		-2.36623     0.2    0.2		4.1705503158		-1.0
	8910.00000000	3.03685		-2.38963     0.2    0.2		4.1705503158		-1.0
	8955.00000000	2.92733		-2.18862     0.2    0.2		4.1705503158		-1.0
	9000.00000000	3.10901		-1.69331     0.2    0.2		4.1705503158		-1.0
	9045.00000000	3.09244		-1.70301     0.2    0.2		4.1705503158		-1.0
	9090.00000000	2.80614		-1.29626     0.2    0.2		4.1705503158		-1.0
	9135.00000000	3.15866		-0.98601     0.2    0.2		4.1705503158		-1.0
	9180.00000000	2.72423		-0.33826     0.2    0.2		4.1705503158		-1.0
	9225.00000000	2.69516		0.53857     0.2    0.2		4.1705503158		-1.0
	9270.00000000	3.27774		0.52041     0.2    0.2		4.1705503158		-1.0
	9315.00000000	2.81546		0.17977     0.2    0.2		4.1705503158		-1.0
	9360.00000000	2.87543		-0.50423     0.2    0.2		4.1705503158		-1.0
	9405.00000000	2.77414		-0.52105     0.2    0.2		4.1705503158		-1.0
	9450.00000000	2.99349		0.10465     0.2    0.2		4.1705503158		-1.0
	9495.00000000	2.73728		0.12505     0.2    0.2		4.1705503158		-1.0
	9540.00000000	3.33978		0.84786     0.2    0.2		4.1705503158		-1.0
	9585.00000000	2.9308		0.88043     0.2    0.2		4.1705503158		-1.0
	9630.00000000	3.24505		1.1056     0.2    0.2		4.1705503158		-1.0
	9675.00000000	3.1202		1.20279     0.2    0.2		4.1705503158		-1.0
	9720.00000000	3.10792		1.02345     0.2    0.2		4.1705503158		-1.0
	9765.00000000	3.21468		1.00264     0.2    0.2		4.1705503158		-1.0
	9810.00000000	3.25312		0.60337     0.2    0.2		4.1705503158		-1.0
	9855.00000000	3.1515		0.26374     0.2    0.2		4.1705503158		-1.0
	9900.00000000	3.08221		-0.18126     0.2    0.2		4.1705503158		-1.0
	9945.00000000	2.81004		-1.09903     0.2    0.2		4.1705503158		-1.0
	9990.00000000	3.26111		-1.37023     0.2    0.2		4.1705503158		-1.0
	10035.00000000	3.26343		-1.74786     0.2    0.2		4.1705503158		-1.0
	10080.00000000	2.78169		-2.10956     0.2    0.2		4.1705503158		-1.0
	10125.00000000	3.12812		-2.23203     0.2    0.2		4.1705503158		-1.0
	10170.00000000	3.17124		-2.57165     0.2    0.2		4.1705503158		-1.0
	10215.00000000	2.87718		-2.61722     0.2    0.2		4.1705503158		-1.0
	10260.00000000	2.87807		-3.03195     0.2    0.2		4.1705503158		-1.0
	10305.00000000	3.16655		-2.98389     0.2    0.2		4.1705503158		-1.0
	10350.00000000	2.70928		3.05557     0.2    0.2		4.1705503158		-1.0
	10395.00000000	2.72467		2.57836     0.2    0.2		4.1705503158		-1.0
	10440.00000000	2.90153		2.2033     0.2    0.2		4.1705503158		-1.0
	10485.00000000	2.94179		2.13364     0.2    0.2		4.1705503158		-1.0
	10530.00000000	3.09157		1.78293     0.2    0.2		4.1705503158		-1.0
	10575.00000000	3.25625		1.74558     0.2    0.2		4.1705503158		-1.0
	10620.00000000	3.32123		1.54477     0.2    0.2		4.1705503158		-1.0
	10665.00000000	3.26271		1.58075     0.2    0.2		4.1705503158		-1.0
	10710.00000000	3.29873		1.86526     0.2    0.2		4.1705503158		-1.0
	10755.00000000	3.26053		2.36255     0.2    0.2		4.1705503158		-1.0
	10800.00000000	3.20079		2.94118     0.2    0.2		4.1705503158		-1.0
	10845.00000001	3.22568		-3.13652     0.2    0.2		4.1705503158		-1.0
	10890.00000001	2.67109		-2.73424     0.2    0.2		4.1705503158		-1.0
	10935.00000001	2.72529		-2.53916     0.2    0.2		4.1705503158		-1.0
	10980.00000001	2.7051		-2.18414     0.2    0.2		4.1705503158		-1.0
	11025.00000001	2.63915		-2.09996     0.2    0.2		4.1705503158		-1.0
	11070.00000001	3.18635		-1.85715     0.2    0.2		4.1705503158		-1.0
	11115.00000001	2.92922		-1.56953     0.2    0.2		4.1705503158		-1.0
	11160.00000001	2.87574		-1.45749     0.2    0.2		4.1705503158		-1.0
	11205.00000001	2.98216		-1.30445     0.2    0.2		4.1705503158		-1.0
	11250.00000001	2.91819		-0.71956     0.2    0.2		4.1705503158		-1.0
	11295.00000001	3.43102		-0.43485     0.2    0.2		4.1705503158		-1.0
	11340.00000001	3.31135		-0.00285     0.2    0.2		4.1705503158		-1.0
	11385.00000001	2.79741		0.44519     0.2    0.2		4.1705503158		-1.0
	11430.00000001	2.82124		0.26882     0.2    0.2		4.1705503158		-1.0
	11475.00000001	2.71493		0.75479     0.2    0.2		4.1705503158		-1.0
	11520.00000001	2.7457		0.75286     0.2    0.2		4.1705503158		-1.0
	11565.00000001	2.81987		0.28491     0.2    0.2		4.1705503158		-1.0
	11610.00000001	2.96691		0.60421     0.2    0.2		4.1705503158		-1.0
	11655.00000001	2.73595		-0.11831     0.2    0.2		4.1705503158		-1.0
	11700.00000001	3.3215		-0.68887     0.2    0.2		4.1705503158		-1.0
	11745.00000001	2.90612		-0.77484     0.2    0.2		4.1705503158		-1.0
	11790.00000001	3.30118		-1.50473     0.2    0.2		4.1705503158		-1.0
	11835.00000001	2.8391		-1.37613     0.2    0.2		4.1705503158		-1.0
	11880.00000001	3.34798		-1.59485     0.2    0.2		4.1705503158		-1.0
	11925.00000001	2.6678		-1.75898     0.2    0.2		4.1705503158		-1.0
	11970.00000001	2.80043		-1.8626     0.2    0.2		4.1705503158		-1.0
	12015.00000001	2.7902		-2.06517     0.2    0.2		4.1705503158		-1.0
	12060.00000001	3.20472		-1.99799     0.2    0.2		4.1705503158		-1.0
	12105.00000001	3.15717		-2.5206     0.2    0.2		4.1705503158		-1.0
	12150.00000001	3.15116		-2.26974     0.2    0.2		4.1705503158		-1.0
	12195.00000001	3.1852		-2.59409     0.2    0.2		4.1705503158		-1.0
	12240.00000001	3.18364		-2.83031     0.2    0.2		4.1705503158		-1.0
	12285.00000001	3.10489		-2.90621     0.2    0.2		4.1705503158		-1.0
	12330.00000001	3.28855		3.07012     0.2    0.2		4.1705503158		-1.0
	12375.00000001	3.14214		2.77728     0.2    0.2		4.1705503158		-1.0
	12420.00000001	3.22058		2.4196     0.2    0.2		4.1705503158		-1.0
	12465.00000001	3.28931		2.07934     0.2    0.2		4.1705503158		-1.0
	12510.00000001	2.85009		1.77499     0.2    0.2		4.1705503158		-1.0
	12555.00000001	2.8153		1.62732     0.2    0.2		4.1705503158		-1.0
	12600.00000001	2.72804		1.03843     0.2    0.2		4.1705503158		-1.0
	12645.00000001	2.7169		0.79614     0.2    0.2		4.1705503158		-1.0
	12690.00000001	2.75856		0.13482     0.2    0.2		4.1705503158		-1.0
	12735.00000001	3.1284		-0.79704     0.2    0.2		4.1705503158		-1.0
	12780.00000001	3.08311		-1.27367     0.2    0.2		4.1705503158		-1.0
	12825.00000001	3.21653		-1.35157     0.2    0.2		4.1705503158		-1.0
	12870.00000001	2.83716		-1.44957     0.2    0.2		4.1705503158		-1.0
	12915.00000001	3.13122		-0.96065     0.2    0.2		4.1705503158		-1.0
	12960.00000001	2.62033		-0.86237     0.2    0.2		4.1705503158		-1.0
	13005.00000001	2.66644		-0.03037     0.2    0.2		4.1705503158		-1.0
	13050.00000001	3.12651		0.70957     0.2    0.2		4.1705503158		-1.0
	13095.00000001	3.2914		0.19387     0.2    0.2		4.1705503158		-1.0
	13140.00000001	2.82355		-0.33296     0.2    0.2		4.1705503158		-1.0
	13185.00000001	2.7396		-0.29832     0.2    0.2		4.1705503158		-1.0
	13230.00000001	3.12484		-0.01502     0.2    0.2		4.1705503158		-1.0
	13275.00000001	3.27254		0.26686     0.2    0.2		4.1705503158		-1.0
	13320.00000001	3.11216		0.25098     0.2    0.2		4.1705503158		-1.0
	13365.00000001	3.2463		-0.50508     0.2    0.2		4.1705503158		-1.0
	13410.00000001	3.07518		-0.9168     0.2    0.2		4.1705503158		-1.0
	13455.00000001	3.22325		-0.23245     0.2    0.2		4.1705503158		-1.0
	13500.00000001	3.23683		-0.52912     0.2    0.2		4.1705503158		-1.0
	13545.00000001	3.28353		-0.30674     0.2    0.2		4.1705503158		-1.0
	13590.00000001	2.89896		-1.15188     0.2    0.2		4.1705503158		-1.0
	13635.00000001	2.98383		-0.57916     0.2    0.2		4.1705503158		-1.0
	13680.00000001	3.23142		0.11402     0.2    0.2		4.1705503158		-1.0
	13725.00000001	3.06057		-0.21046     0.2    0.2		4.1705503158		-1.0
	13770.00000001	3.08306		0.13198     0.2    0.2		4.1705503158		-1.0
	13815.00000001	3.10292		0.44025     0.2    0.2		4.1705503158		-1.0
	13860.00000001	3.16022		0.56829     0.2    0.2		4.1705503158		-1.0
	13905.00000001	3.20664		1.10663     0.2    0.2		4.1705503158		-1.0
	13950.00000001	2.77006		1.7881     0.2    0.2		4.1705503158		-1.0
	13995.00000001	2.74147		2.02636     0.2    0.2		4.1705503158		-1.0
	14040.00000001	2.72531		2.63096     0.2    0.2		4.1705503158		-1.0
	14085.00000001	2.8538		3.13934     0.2    0.2		4.1705503158		-1.0
	14130.00000001	2.80463		-2.54663     0.2    0.2		4.1705503158		-1.0
	14175.00000001	2.73361		-2.34829     0.2    0.2		4.1705503158		-1.0
	14220.00000001	3.32701		-1.89063     0.2    0.2		4.1705503158		-1.0
	14265.00000000	3.02449		-2.01367     0.2    0.2		4.1705503158		-1.0
	14310.00000000	2.94772		-1.63446     0.2    0.2		4.1705503158		-1.0
	14355.00000000	3.43079		-1.84408     0.2    0.2		4.1705503158		-1.0
	14400.00000000	2.84008		-1.76372     0.2    0.2		4.1705503158		-1.0
	14445.00000000	2.66055		-1.86995     0.2    0.2		4.1705503158		-1.0
	14490.00000000	2.76188		-1.77845     0.2    0.2		4.1705503158		-1.0
	14535.00000000	2.65057		-1.72444     0.2    0.2		4.1705503158		-1.0
	14580.00000000	2.78416		-1.36992     0.2    0.2		4.1705503158		-1.0
	14625.00000000	2.96218		-1.25704     0.2    0.2		4.1705503158		-1.0
	14670.00000000	3.07752		-0.47954     0.2    0.2		4.1705503158		-1.0
	14715.00000000	3.15918		-0.44524     0.2    0.2		4.1705503158		-1.0
	14760.00000000	3.51602		0.14209     0.2    0.2		4.1705503158		-1.0
	14805.00000000	2.86967		0.20095     0.2    0.2		4.1705503158		-1.0
	14850.00000000	2.69239		0.70082     0.2    0.2		4.1705503158		-1.0
	14895.00000000	2.64596		0.21294     0.2    0.2		4.1705503158		-1.0
	14940.00000000	2.72757		-0.11338     0.2    0.2		4.1705503158		-1.0
	14985.00000000	2.67802		-0.87698     0.2    0.2		4.1705503158		-1.0
	15030.00000000	2.7271		-0.7585     0.2    0.2		4.1705503158		-1.0
	15075.00000000	2.98492		-0.90401     0.2    0.2		4.1705503158		-1.0
	15120.00000000	2.82945		-1.07463     0.2    0.2		4.1705503158		-1.0
	15165.00000000	2.61994		-1.04835     0.2    0.2		4.1705503158		-1.0
	15210.00000000	3.49762		-1.08859     0.2    0.2		4.1705503158		-1.0
	15255.00000000	3.41467		-1.16981     0.2    0.2		4.1705503158		-1.0
	15300.00000000	3.31544		-1.35585     0.2    0.2		4.1705503158		-1.0
	15345.00000000	3.1114		-1.31797     0.2    0.2		4.1705503158		-1.0
	15390.00000000	3.07288		-1.63322     0.2    0.2		4.1705503158		-1.0
	15435.00000000	2.71943		-1.49104     0.2    0.2		4.1705503158		-1.0
	15480.00000000	2.85981		-1.49798     0.2    0.2		4.1705503158		-1.0
	15525.00000000	2.64421		-1.23861     0.2    0.2		4.1705503158		-1.0
	15570.00000000	2.76997		-1.02117     0.2    0.2		4.1705503158		-1.0
	15615.00000000	2.72451		-0.32064     0.2    0.2		4.1705503158		-1.0
	15660.00000000	2.71281		0.31898     0.2    0.2		4.1705503158		-1.0
	15705.00000000	3.46337		0.69818     0.2    0.2		4.1705503158		-1.0
	15750.00000000	3.3056		0.65166     0.2    0.2		4.1705503158		-1.0
	15795.00000000	3.04448		0.93469     0.2    0.2		4.1705503158		-1.0
	15840.00000000	3.08898		1.56818     0.2    0.2		4.1705503158		-1.0
	15885.00000000	3.21451		1.31425     0.2    0.2		4.1705503158		-1.0
	15930.00000000	3.1527		1.74936     0.2    0.2		4.1705503158		-1.0
	15975.00000000	3.16903		1.84485     0.2    0.2		4.1705503158		-1.0
	16020.00000000	3.26274		2.45564     0.2    0.2		4.1705503158		-1.0
	16065.00000000	3.27014		2.65086     0.2    0.2		4.1705503158		-1.0
	16110.00000000	3.1882		2.75983     0.2    0.2		4.1705503158		-1.0
	16155.00000000	3.32096		-3.10355     0.2    0.2		4.1705503158		-1.0
	16200.00000000	3.37249		-2.66599     0.2    0.2		4.1705503158		-1.0
	16245.00000000	2.64233		-2.84691     0.2    0.2		4.1705503158		-1.0
	16290.00000000	2.75017		-2.23968     0.2    0.2		4.1705503158		-1.0
	16335.00000000	2.85699		-2.43851     0.2    0.2		4.1705503158		-1.0
	16380.00000000	3.61235		-1.93776     0.2    0.2		4.1705503158		-1.0
	16425.00000000	2.92967		-2.46123     0.2    0.2		4.1705503158		-1.0
	16470.00000000	3.26787		-2.07985     0.2    0.2		4.1705503158		-1.0
	16515.00000000	3.15594		-2.25488     0.2    0.2		4.1705503158		-1.0
	16560.00000000	3.28966		-2.55054     0.2    0.2		4.1705503158		-1.0
	16605.00000000	3.19326		-2.63471     0.2    0.2		4.1705503158		-1.0
	16650.00000000	3.2095		-2.90785     0.2    0.2		4.1705503158		-1.0
	16695.00000000	2.95388		-2.87646     0.2    0.2		4.1705503158		-1.0
	16740.00000000	2.92602		2.86066     0.2    0.2		4.1705503158		-1.0
	16785.00000000	3.06268		2.74892     0.2    0.2		4.1705503158		-1.0
	16830.00000000	2.70555		2.19611     0.2    0.2		4.1705503158		-1.0
	16875.00000000	2.78992		2.02545     0.2    0.2		4.1705503158		-1.0
	16920.00000000	2.76756		2.0213     0.2    0.2		4.1705503158		-1.0
	16965.00000000	2.73439		2.24287     0.2    0.2		4.1705503158		-1.0
	17010.00000000	2.66032		2.43365     0.2    0.2		4.1705503158		-1.0
	17055.00000000	2.71292		2.75229     0.2    0.2		4.1705503158		-1.0
	17100.00000000	2.7854		2.97606     0.2    0.2		4.1705503158		-1.0
	17145.00000000	2.7111		-3.02754     0.2    0.2		4.1705503158		-1.0
	17190.00000000	2.72759		-2.67148     0.2    0.2		4.1705503158		-1.0
	17235.00000000	2.81723		-2.49814     0.2    0.2		4.1705503158		-1.0
	17280.00000000	3.5393		-1.86946     0.2    0.2		4.1705503158		-1.0
	17325.00000000	2.91962		-1.77853     0.2    0.2		4.1705503158		-1.0
	17370.00000000	3.26044		-1.1396     0.2    0.2		4.1705503158		-1.0
	17415.00000000	3.30671		-0.77544     0.2    0.2		4.1705503158		-1.0
	17460.00000000	3.32265		0.17826     0.2    0.2		4.1705503158		-1.0
	17505.00000000	2.9732		0.83881     0.2    0.2		4.1705503158		-1.0
	17550.00000000	2.63441		1.0862     0.2    0.2		4.1705503158		-1.0
	17595.00000000	2.62322		1.4835     0.2    0.2		4.1705503158		-1.0
	17640.00000000	2.69076		1.77435     0.2    0.2		4.1705503158		-1.0
	17685.00000000	2.68006		2.38734     0.2    0.2		4.1705503158		-1.0
	17730.00000000	2.85714		2.66912     0.2    0.2		4.1705503158		-1.0
	17775.00000000	2.76339		-2.99768     0.2    0.2		4.1705503158		-1.0
	17820.00000000	2.68562		-2.57528     0.2    0.2		4.1705503158		-1.0
	17865.00000000	2.66846		-2.13525     0.2    0.2		4.1705503158		-1.0
	17910.00000000	2.68887		-1.60958     0.2    0.2		4.1705503158		-1.0
	17955.00000000	2.68313		-1.19285     0.2    0.2		4.1705503158		-1.0
	18000.00000000	2.66482		-0.24899     0.2    0.2		4.1705503158		-1.0
	18045.00000000	2.77928		1.06612     0.2    0.2		4.1705503158		-1.0
	18090.00000000	2.81332		1.16518     0.2    0.2		4.1705503158		-1.0
	18135.00000000	2.71149		1.41196     0.2    0.2		4.1705503158		-1.0
	18180.00000000	2.71984		1.99178     0.2    0.2		4.1705503158		-1.0
	18225.00000000	2.71369		2.16716     0.2    0.2		4.1705503158		-1.0
	18270.00000000	2.78962		2.91197     0.2    0.2		4.1705503158		-1.0
	18315.00000000	2.6982		-3.0332     0.2    0.2		4.1705503158		-1.0
	18360.00000000	2.64472		-2.65128     0.2    0.2		4.1705503158		-1.0
	18405.00000000	3.40548		-2.70688     0.2    0.2		4.1705503158		-1.0
	18450.00000000	3.44155		-2.09564     0.2    0.2		4.1705503158		-1.0
	18495.00000000	2.97172		-2.16735     0.2    0.2		4.1705503158		-1.0
	18540.00000000	3.02091		-1.932     0.2    0.2		4.1705503158		-1.0
	18585.00000000	3.10523		-1.85286     0.2    0.2		4.1705503158		-1.0
	18630.00000000	3.24798		-1.93238     0.2    0.2		4.1705503158		-1.0
	18675.00000000	3.37334		-1.85929     0.2    0.2		4.1705503158		-1.0
	18720.00000000	3.42853		-2.31887     0.2    0.2		4.1705503158		-1.0
	18765.00000000	3.32859		-2.22761     0.2    0.2		4.1705503158		-1.0
	18810.00000000	3.31285		-2.68639     0.2    0.2		4.1705503158		-1.0
	18855.00000000	2.80632		-2.84812     0.2    0.2		4.1705503158		-1.0
	18900.00000000	3.39226		-2.94532     0.2    0.2		4.1705503158		-1.0
	18945.00000000	3.16808		-2.9774     0.2    0.2		4.1705503158		-1.0
	18990.00000000	3.43623		2.91951     0.2    0.2		4.1705503158		-1.0
	19035.00000000	3.3924		2.5662     0.2    0.2		4.1705503158		-1.0
	19080.00000000	3.37025		2.15194     0.2    0.2		4.1705503158		-1.0
	19125.00000000	3.24991		1.92245     0.2    0.2		4.1705503158		-1.0
	19170.00000000	3.3113		1.33443     0.2    0.2		4.1705503158		-1.0
	19215.00000000	3.30881		1.33906     0.2    0.2		4.1705503158		-1.0
	19260.00000000	3.33097		0.8288     0.2    0.2		4.1705503158		-1.0
	19305.00000000	3.35429		0.60372     0.2    0.2		4.1705503158		-1.0
	19350.00000000	3.11062		0.22521     0.2    0.2		4.1705503158		-1.0
	19395.00000000	3.22812		-0.54224     0.2    0.2		4.1705503158		-1.0
	19440.00000000	3.17716		-0.60026     0.2    0.2		4.1705503158		-1.0
	19485.00000000	3.21127		-1.0704     0.2    0.2		4.1705503158		-1.0
	19530.00000000	3.23653		-1.45422     0.2    0.2		4.1705503158		-1.0
	19575.00000000	3.41413		-1.51414     0.2    0.2		4.1705503158		-1.0
	19620.00000000	3.33853		-1.87855     0.2    0.2		4.1705503158		-1.0
	19665.00000000	3.26013		-2.37574     0.2    0.2		4.1705503158		-1.0
	19710.00000000	3.13703		-2.6365     0.2    0.2		4.1705503158		-1.0
	19755.00000000	2.93258		-2.94571     0.2    0.2		4.1705503158		-1.0
	19800.00000000	3.44998		2.96047     0.2    0.2		4.1705503158		-1.0
	19845.00000000	2.94205		2.50729     0.2    0.2		4.1705503158		-1.0
	19890.00000000	3.13442		2.1332     0.2    0.2		4.1705503158		-1.0
	19935.00000000	3.19183		1.96882     0.2    0.2		4.1705503158		-1.0
	19980.00000000	3.12946		1.76252     0.2    0.2		4.1705503158		-1.0
	20025.00000000	3.19343		1.5018     0.2    0.2		4.1705503158		-1.0
	20070.00000000	3.12575		1.33382     0.2    0.2		4.1705503158		-1.0
	20115.00000000	3.43431		1.10237     0.2    0.2		4.1705503158		-1.0
	20160.00000000	3.41475		0.81078     0.2    0.2		4.1705503158		-1.0
	20205.00000000	3.13595		0.43541     0.2    0.2		4.1705503158		-1.0
	20250.00000000	3.28553		-0.09957     0.2    0.2		4.1705503158		-1.0
	20295.00000000	2.83133		-0.84141     0.2    0.2		4.1705503158		-1.0
	20340.00000000	2.65335		-0.644     0.2    0.2		4.1705503158		-1.0
	20385.00000000	2.99043		-1.07322     0.2    0.2		4.1705503158		-1.0
	20430.00000000	3.00022		-0.61882     0.2    0.2		4.1705503158		-1.0
	20475.00000000	2.62449		0.06417     0.2    0.2		4.1705503158		-1.0
	20520.00000000	2.64699		0.49999     0.2    0.2		4.1705503158		-1.0
	20565.00000000	2.75716		1.08252     0.2    0.2		4.1705503158		-1.0
	20610.00000000	2.79038		1.28818     0.2    0.2		4.1705503158		-1.0
	20655.00000000	2.62604		1.52757     0.2    0.2		4.1705503158		-1.0
	20700.00000000	2.60594		1.80059     0.2    0.2		4.1705503158		-1.0
	20744.99999999	2.63433		1.8384     0.2    0.2		4.1705503158		-1.0
	20789.99999999	2.65374		2.35591     0.2    0.2		4.1705503158		-1.0
	20834.99999999	2.74841		2.66377     0.2    0.2		4.1705503158		-1.0
	20879.99999999	2.68338		2.93409     0.2    0.2		4.1705503158		-1.0
	20924.99999999	2.975		-3.01428     0.2    0.2		4.1705503158		-1.0
	20969.99999999	2.74043		-2.74569     0.2    0.2		4.1705503158		-1.0
	21014.99999999	2.78238		-2.33092     0.2    0.2		4.1705503158		-1.0
	21059.99999999	2.627		-2.25603     0.2    0.2		4.1705503158		-1.0
	21104.99999999	2.65044		-1.6482     0.2    0.2		4.1705503158		-1.0
	21149.99999999	2.68883		-1.35265     0.2    0.2		4.1705503158		-1.0
	21194.99999999	2.71633		-0.37718     0.2    0.2		4.1705503158		-1.0
	21239.99999999	2.67944		0.66068     0.2    0.2		4.1705503158		-1.0
	21284.99999999	2.73879		0.77403     0.2    0.2		4.1705503158		-1.0
	21329.99999999	2.73305		0.60452     0.2    0.2		4.1705503158		-1.0
	21374.99999999	2.68102		0.28995     0.2    0.2		4.1705503158		-1.0
	21419.99999999	2.68213		-0.7952     0.2    0.2		4.1705503158		-1.0
	21464.99999999	2.72626		-0.16577     0.2    0.2		4.1705503158		-1.0
	21509.99999999	2.68018		0.35444     0.2    0.2		4.1705503158		-1.0
	21554.99999999	3.38972		0.66983     0.2    0.2		4.1705503158		-1.0
	21599.99999999	3.22595		0.69585     0.2    0.2		4.1705503158		-1.0
	21644.99999999	3.19278		-0.06164     0.2    0.2		4.1705503158		-1.0
	21689.99999999	3.19957		-0.75939     0.2    0.2		4.1705503158		-1.0
	21734.99999999	3.3301		-1.09467     0.2    0.2		4.1705503158		-1.0
	21779.99999999	3.2024		-0.93301     0.2    0.2		4.1705503158		-1.0
	21824.99999999	3.22758		-0.70289     0.2    0.2		4.1705503158		-1.0
	21869.99999999	3.19387		-0.05147     0.2    0.2		4.1705503158		-1.0
	21914.99999999	3.30634		0.37624     0.2    0.2		4.1705503158		-1.0
	21959.99999999	3.47658		0.42732     0.2    0.2		4.1705503158		-1.0
	22004.99999999	3.01943		0.73769     0.2    0.2		4.1705503158		-1.0
	22049.99999999	2.76958		1.08389     0.2    0.2		4.1705503158		-1.0
	22094.99999999	2.75783		1.33161     0.2    0.2		4.1705503158		-1.0
	22139.99999999	2.65013		1.58169     0.2    0.2		4.1705503158		-1.0
	22184.99999999	2.65489		1.56804     0.2    0.2		4.1705503158		-1.0
	22229.99999999	2.9347		1.5963     0.2    0.2		4.1705503158		-1.0
	22274.99999999	3.22739		1.48519     0.2    0.2		4.1705503158		-1.0
	22319.99999999	3.16504		1.57319     0.2    0.2		4.1705503158		-1.0
	22364.99999999	3.13132		1.70085     0.2    0.2		4.1705503158		-1.0
	22409.99999999	3.08143		1.9087     0.2    0.2		4.1705503158		-1.0
	22454.99999999	3.02916		2.29821     0.2    0.2		4.1705503158		-1.0
	22499.99999999	3.14966		2.90453     0.2    0.2		4.1705503158		-1.0
	22544.99999999	3.33989		2.94186     0.2    0.2		4.1705503158		-1.0
	22589.99999999	3.42206		-2.92054     0.2    0.2		4.1705503158		-1.0
	22634.99999999	3.21667		-3.14082     0.2    0.2		4.1705503158		-1.0
	22679.99999999	3.42324		-2.81905     0.2    0.2		4.1705503158		-1.0
	22724.99999999	3.24486		-2.83034     0.2    0.2		4.1705503158		-1.0
	22769.99999999	2.5927		-2.68784     0.2    0.2		4.1705503158		-1.0
	22814.99999999	2.72201		-2.47666     0.2    0.2		4.1705503158		-1.0
	22859.99999999	2.70597		-2.41993     0.2    0.2		4.1705503158		-1.0
	22904.99999999	2.68919		-2.0782     0.2    0.2		4.1705503158		-1.0
	22949.99999999	2.65812		-1.85745     0.2    0.2		4.1705503158		-1.0
	22994.99999999	2.79802		-1.64609     0.2    0.2		4.1705503158		-1.0
	23039.99999999	2.72095		-1.29737     0.2    0.2		4.1705503158		-1.0
	23084.99999999	2.64346		-1.10497     0.2    0.2		4.1705503158		-1.0
	23129.99999999	2.70661		-0.59158     0.2    0.2		4.1705503158		-1.0
	23174.99999999	2.66477		-0.17784     0.2    0.2		4.1705503158		-1.0
	23219.99999999	2.64977		0.89408     0.2    0.2		4.1705503158		-1.0
	23264.99999999	2.70404		1.01377     0.2    0.2		4.1705503158		-1.0
	23309.99999999	2.76546		1.38091     0.2    0.2		4.1705503158		-1.0
	23354.99999999	3.13919		1.65092     0.2    0.2		4.1705503158		-1.0
	23399.99999999	3.17491		2.37147     0.2    0.2		4.1705503158		-1.0
	23444.99999999	3.24341		2.2955     0.2    0.2		4.1705503158		-1.0
	23489.99999999	3.42248		2.4713     0.2    0.2		4.1705503158		-1.0
	23534.99999999	2.63087		2.43786     0.2    0.2		4.1705503158		-1.0
	23579.99999999	2.60526		2.8658     0.2    0.2		4.1705503158		-1.0
	23624.99999999	3.40313		2.78049     0.2    0.2		4.1705503158		-1.0
	23669.99999999	2.61194		2.74456     0.2    0.2		4.1705503158		-1.0
	23714.99999999	3.51769		2.41132     0.2    0.2		4.1705503158		-1.0
	23759.99999999	2.89597		2.48708     0.2    0.2		4.1705503158		-1.0
	23804.99999999	3.32954		2.25151     0.2    0.2		4.1705503158		-1.0
	23849.99999999	3.4571		1.65068     0.2    0.2		4.1705503158		-1.0
	23894.99999999	3.50959		1.40981     0.2    0.2		4.1705503158		-1.0
	23939.99999999	3.42581		1.28208     0.2    0.2		4.1705503158		-1.0
	23984.99999999	3.21037		1.06537     0.2    0.2		4.1705503158		-1.0
	24029.99999999	3.38448		0.75477     0.2    0.2		4.1705503158		-1.0
	24074.99999999	2.76327		0.53686     0.2    0.2		4.1705503158		-1.0
	24119.99999999	3.42399		0.09001     0.2    0.2		4.1705503158		-1.0
	24164.99999999	3.37659		-0.46362     0.2    0.2		4.1705503158		-1.0
	24209.99999999	3.33523		-0.72426     0.2    0.2		4.1705503158		-1.0
	24254.99999999	3.25517		-1.14138     0.2    0.2		4.1705503158		-1.0
	24299.99999999	3.4059		-1.24768     0.2    0.2		4.1705503158		-1.0
	24344.99999999	3.21366		-1.44538     0.2    0.2		4.1705503158		-1.0
	24389.99999999	3.32926		-1.39473     0.2    0.2		4.1705503158		-1.0
	24434.99999999	3.36767		-2.0025     0.2    0.2		4.1705503158		-1.0
	24479.99999999	3.41596		-2.30461     0.2    0.2		4.1705503158		-1.0
	24524.99999999	3.27097		-2.44826     0.2    0.2		4.1705503158		-1.0
	24569.99999999	3.40587		-2.65378     0.2    0.2		4.1705503158		-1.0
	24614.99999999	3.41037		-2.65384     0.2    0.2		4.1705503158		-1.0
	24659.99999999	3.42726		3.12838     0.2    0.2		4.1705503158		-1.0
	24704.99999999	3.07159		2.81604     0.2    0.2		4.1705503158		-1.0
	24749.99999999	3.2815		2.3665     0.2    0.2		4.1705503158		-1.0
	24794.99999999	3.48557		1.94836     0.2    0.2		4.1705503158		-1.0
	24839.99999999	3.54123		2.03205     0.2    0.2		4.1705503158		-1.0
	24884.99999999	3.16308		1.97364     0.2    0.2		4.1705503158		-1.0
	24929.99999999	3.39999		2.13997     0.2    0.2		4.1705503158		-1.0
	24974.99999999	3.11555		2.30524     0.2    0.2		4.1705503158		-1.0
	25019.99999999	3.46437		2.45098     0.2    0.2		4.1705503158		-1.0
	25064.99999999	3.19511		2.66955     0.2    0.2		4.1705503158		-1.0
	25109.99999999	3.34695		2.71435     0.2    0.2		4.1705503158		-1.0
	25154.99999999	3.32183		2.7305     0.2    0.2		4.1705503158		-1.0
	25199.99999999	3.42843		2.7418     0.2    0.2		4.1705503158		-1.0
	25244.99999999	3.63242		2.93499     0.2    0.2		4.1705503158		-1.0
	25289.99999999	2.9709		2.92208     0.2    0.2		4.1705503158		-1.0
	25334.99999999	2.73502		2.827     0.2    0.2		4.1705503158		-1.0
	25379.99999999	3.00986		-3.02684     0.2    0.2		4.1705503158		-1.0
	25424.99999999	2.79665		2.98035     0.2    0.2		4.1705503158		-1.0
	25469.99999999	2.67907		3.11651     0.2    0.2		4.1705503158		-1.0
	25514.99999999	2.65521		-2.86361     0.2    0.2		4.1705503158		-1.0
	25559.99999999	2.80862		-2.89654     0.2    0.2		4.1705503158		-1.0
	25604.99999999	3.00396		-2.53978     0.2    0.2		4.1705503158		-1.0
	25649.99999999	3.56268		-2.38428     0.2    0.2		4.1705503158		-1.0
	25694.99999999	3.24089		-1.8527     0.2    0.2		4.1705503158		-1.0
	25739.99999999	3.21059		-1.59677     0.2    0.2		4.1705503158		-1.0
	25784.99999999	3.25774		-1.32757     0.2    0.2		4.1705503158		-1.0
	25829.99999999	3.39512		-0.6708     0.2    0.2		4.1705503158		-1.0
	25874.99999999	3.39866		-0.21182     0.2    0.2		4.1705503158		-1.0
	25919.99999999	3.31576		0.41438     0.2    0.2		4.1705503158		-1.0
	25964.99999999	3.31034		0.34434     0.2    0.2		4.1705503158		-1.0
	26009.99999999	3.59727		0.51251     0.2    0.2		4.1705503158		-1.0
	26054.99999999	3.4677		0.55958     0.2    0.2		4.1705503158		-1.0
	26099.99999999	3.38643		0.24812     0.2    0.2		4.1705503158		-1.0
	26144.99999999	3.40841		-0.4964     0.2    0.2		4.1705503158		-1.0
	26189.99999999	3.53275		-0.88689     0.2    0.2		4.1705503158		-1.0
	26234.99999999	2.83486		-1.21856     0.2    0.2		4.1705503158		-1.0
	26279.99999999	2.60446		-1.40447     0.2    0.2		4.1705503158		-1.0
	26324.99999999	2.76218		-1.93078     0.2    0.2		4.1705503158		-1.0
	26369.99999999	2.65157		-2.35626     0.2    0.2		4.1705503158		-1.0
	26414.99999999	2.63826		-2.33624     0.2    0.2		4.1705503158		-1.0
	26459.99999999	2.5976		-2.23521     0.2    0.2		4.1705503158		-1.0
	26504.99999999	3.08158		-1.96581     0.2    0.2		4.1705503158		-1.0
	26549.99999999	3.64028		-2.09163     0.2    0.2		4.1705503158		-1.0
	26594.99999999	3.15602		-2.24501     0.2    0.2		4.1705503158		-1.0
	26639.99999999	3.10166		-2.27103     0.2    0.2		4.1705503158		-1.0
	26684.99999999	3.71966		-2.64406     0.2    0.2		4.1705503158		-1.0
	26729.99999999	2.68824		-3.07118     0.2    0.2		4.1705503158		-1.0
	26774.99999999	2.74753		3.07454     0.2    0.2		4.1705503158		-1.0
	26819.99999999	2.67185		3.06911     0.2    0.2		4.1705503158		-1.0
	26864.99999999	2.60793		2.63796     0.2    0.2		4.1705503158		-1.0
	26909.99999999	2.68565		2.05946     0.2    0.2		4.1705503158		-1.0
	26954.99999999	2.87145		2.00691     0.2    0.2		4.1705503158		-1.0
	26999.99999999	3.19019		1.68251     0.2    0.2		4.1705503158		-1.0
	27044.99999999	3.47402		1.89975     0.2    0.2		4.1705503158		-1.0
	27089.99999999	3.39314		2.17685     0.2    0.2		4.1705503158		-1.0
	27134.99999999	2.60457		2.18191     0.2    0.2		4.1705503158		-1.0
	27179.99999999	2.7558		2.48135     0.2    0.2		4.1705503158		-1.0
	27224.99999998	3.3013		2.34225     0.2    0.2		4.1705503158		-1.0
	27269.99999998	2.79961		2.70445     0.2    0.2		4.1705503158		-1.0
	27314.99999998	2.67885		2.54416     0.2    0.2		4.1705503158		-1.0
	27359.99999998	2.66922		2.05168     0.2    0.2		4.1705503158		-1.0
	27404.99999998	2.65426		1.90818     0.2    0.2		4.1705503158		-1.0
	27449.99999998	2.60765		1.64329     0.2    0.2		4.1705503158		-1.0
	27494.99999998	2.77567		1.11846     0.2    0.2		4.1705503158		-1.0
	27539.99999998	2.57046		1.13739     0.2    0.2		4.1705503158		-1.0
	27584.99999998	2.92647		0.66779     0.2    0.2		4.1705503158		-1.0
	27629.99999998	2.7556		-0.27858     0.2    0.2		4.1705503158		-1.0
	27674.99999998	2.68616		-0.83146     0.2    0.2		4.1705503158		-1.0
	27719.99999998	2.62219		-1.1626     0.2    0.2		4.1705503158		-1.0
	27764.99999998	3.31089		-0.90915     0.2    0.2		4.1705503158		-1.0
	27809.99999998	3.34093		-0.91529     0.2    0.2		4.1705503158		-1.0
	27854.99999998	3.40056		-0.7815     0.2    0.2		4.1705503158		-1.0
	27899.99999998	3.22578		0.05967     0.2    0.2		4.1705503158		-1.0
	27944.99999998	2.68114		0.39831     0.2    0.2		4.1705503158		-1.0
	27989.99999998	2.68759		0.10098     0.2    0.2		4.1705503158		-1.0
	28034.99999998	2.61719		-0.53845     0.2    0.2		4.1705503158		-1.0
	28079.99999998	2.68214		-0.6139     0.2    0.2		4.1705503158		-1.0
	28124.99999998	2.71923		-0.15799     0.2    0.2		4.1705503158		-1.0
	28169.99999998	2.69149		0.49017     0.2    0.2		4.1705503158		-1.0
	28214.99999998	2.71087		0.85526     0.2    0.2		4.1705503158		-1.0
	28259.99999998	2.58017		1.17169     0.2    0.2		4.1705503158		-1.0
	28304.99999998	2.72342		1.30419     0.2    0.2		4.1705503158		-1.0
	28349.99999998	2.6574		1.55294     0.2    0.2		4.1705503158		-1.0
	28394.99999998	2.82637		1.68551     0.2    0.2		4.1705503158		-1.0
	28439.99999998	3.92186		1.83897     0.2    0.2		4.1705503158		-1.0
	28484.99999998	3.91554		1.80871     0.2    0.2		4.1705503158		-1.0
	28529.99999998	3.03434		2.10566     0.2    0.2		4.1705503158		-1.0
	28574.99999998	3.45396		2.21107     0.2    0.2		4.1705503158		-1.0
	28619.99999998	2.68231		2.20861     0.2    0.2		4.1705503158		-1.0
	28664.99999998	2.70685		2.60156     0.2    0.2		4.1705503158		-1.0
	28709.99999998	3.33127		2.67317     0.2    0.2		4.1705503158		-1.0
	28754.99999998	3.37818		3.14058     0.2    0.2		4.1705503158		-1.0
	28799.99999998	3.47483		-3.11907     0.2    0.2		4.1705503158		-1.0
	28844.99999998	2.89961		-2.62185     0.2    0.2		4.1705503158		-1.0
	28889.99999998	2.60259		-2.60798     0.2    0.2		4.1705503158		-1.0
	28934.99999998	3.59946		-2.16833     0.2    0.2		4.1705503158		-1.0
	28979.99999998	2.98038		-2.07524     0.2    0.2		4.1705503158		-1.0
	29024.99999998	3.10885		-1.51413     0.2    0.2		4.1705503158		-1.0
	29069.99999998	2.73405		-1.4848     0.2    0.2		4.1705503158		-1.0
	29114.99999998	3.63763		-0.81699     0.2    0.2		4.1705503158		-1.0
	29159.99999998	2.98806		-0.21608     0.2    0.2		4.1705503158		-1.0
	29204.99999998	2.63403		0.31656     0.2    0.2		4.1705503158		-1.0
	29249.99999998	3.29193		-0.03967     0.2    0.2		4.1705503158		-1.0
	29294.99999998	2.74406		-0.12729     0.2    0.2		4.1705503158		-1.0
	29339.99999998	2.78879		-0.19505     0.2    0.2		4.1705503158		-1.0
	29384.99999998	3.49848		-0.31477     0.2    0.2		4.1705503158		-1.0
	29429.99999998	2.6844		-0.04654     0.2    0.2		4.1705503158		-1.0
	29474.99999998	3.63087		0.01285     0.2    0.2		4.1705503158		-1.0
	29519.99999998	2.67835		0.12943     0.2    0.2		4.1705503158		-1.0
	29564.99999998	2.78282		0.91367     0.2    0.2		4.1705503158		-1.0
	29609.99999998	2.64094		0.33805     0.2    0.2		4.1705503158		-1.0
	29654.99999998	3.66173		0.42474     0.2    0.2		4.1705503158		-1.0
	29699.99999998	3.42549		0.15946     0.2    0.2		4.1705503158		-1.0
	29744.99999998	3.19007		-0.36044     0.2    0.2		4.1705503158		-1.0
	29789.99999998	2.57468		-0.76336     0.2    0.2		4.1705503158		-1.0
	29834.99999998	3.00672		-0.90561     0.2    0.2		4.1705503158		-1.0
	29879.99999998	3.78624		-1.1129     0.2    0.2		4.1705503158		-1.0
	29924.99999998	3.02905		-1.52169     0.2    0.2		4.1705503158		-1.0
	29969.99999998	3.43875		-1.66248     0.2    0.2		4.1705503158		-1.0
	30014.99999998	3.71357		-1.91173     0.2    0.2		4.1705503158		-1.0
	30059.99999998	4.72047		-2.13626     0.2    0.2		4.1705503158		-1.0
	30104.99999998	6.52653		-2.03871     0.2    0.2		4.1705503158		-1.0
	30149.99999998	8.42402		-2.1083     0.2    0.2		4.1705503158		-1.0
	30194.99999998	9.92858		-1.96113     0.2    0.2		4.1705503158		-1.0
	30239.99999998	11.83648		-1.86527     0.2    0.2		4.1705503158		-1.0
	30284.99999998	13.23622		-1.60248     0.2    0.2		4.1705503158		-1.0
	30329.99999998	14.53102		-1.58221     0.2    0.2		4.1705503158		-1.0
	30374.99999998	15.44551		-0.45198     0.2    0.2		4.1705503158		-1.0
	30419.99999998	16.26575		1.28893     0.2    0.2		4.1705503158		-1.0
	30464.99999998	17.09029		1.64404     0.2    0.2		4.1705503158		-1.0
	30509.99999998	17.88448		1.79955     0.2    0.2		4.1705503158		-1.0
	30554.99999998	18.89274		1.81518     0.2    0.2		4.1705503158		-1.0
	30599.99999998	19.93661		1.79681     0.2    0.2		4.1705503158		-1.0
	30644.99999998	21.10022		1.75392     0.2    0.2		4.1705503158		-1.0
	30689.99999998	22.10988		1.76723     0.2    0.2		4.1705503158		-1.0
	30734.99999998	23.35746		1.63243     0.2    0.2		4.1705503158		-1.0
	30779.99999998	22.37828		1.40529     0.2    0.2		4.1705503158		-1.0
	30824.99999998	21.26772		-1.91308     0.2    0.2		4.1705503158		-1.0
	30869.99999998	20.33821		-1.72963     0.2    0.2		4.1705503158		-1.0
	30914.99999998	19.62201		-1.50436     0.2    0.2		4.1705503158		-1.0
	30959.99999998	19.03109		-1.24566     0.2    0.2		4.1705503158		-1.0
	31004.99999998	18.28496		-1.00462     0.2    0.2		4.1705503158		-1.0
	31049.99999998	17.36762		-0.82194     0.2    0.2		4.1705503158		-1.0
	31094.99999998	16.41278		-0.66934     0.2    0.2		4.1705503158		-1.0
	31139.99999998	15.43621		-0.22529     0.2    0.2		4.1705503158		-1.0
	31184.99999998	14.58788		0.15637     0.2    0.2		4.1705503158		-1.0
	31229.99999998	13.74863		0.5151     0.2    0.2		4.1705503158		-1.0
	31274.99999998	12.83003		0.6832     0.2    0.2		4.1705503158		-1.0
	31319.99999998	11.78571		0.87468     0.2    0.2		4.1705503158		-1.0
	31364.99999998	10.95796		0.88525     0.2    0.2		4.1705503158		-1.0
	31409.99999998	9.83532		1.15847     0.2    0.2		4.1705503158		-1.0
	31454.99999998	8.80716		1.30405     0.2    0.2		4.1705503158		-1.0
	31499.99999998	7.73994		1.87828     0.2    0.2		4.1705503158		-1.0
	31544.99999998	6.84719		2.44493     0.2    0.2		4.1705503158		-1.0
	31589.99999998	5.97501		2.57954     0.2    0.2		4.1705503158		-1.0
	31634.99999998	5.55937		2.92993     0.2    0.2		4.1705503158		-1.0
	31679.99999998	6.033		2.71135     0.2    0.2		4.1705503158		-1.0
	31724.99999998	7.26102		2.79628     0.2    0.2		4.1705503158		-1.0
	31769.99999998	8.71366		3.05221     0.2    0.2		4.1705503158		-1.0
	31814.99999998	10.06403		-2.85019     0.2    0.2		4.1705503158		-1.0
	31859.99999998	11.03026		-2.83213     0.2    0.2		4.1705503158		-1.0
	31904.99999998	11.84855		-2.87041     0.2    0.2		4.1705503158		-1.0
	31949.99999998	12.71508		-3.05045     0.2    0.2		4.1705503158		-1.0
	31994.99999998	13.53258		3.05635     0.2    0.2		4.1705503158		-1.0
	32039.99999998	14.24673		2.84807     0.2    0.2		4.1705503158		-1.0
	32084.99999998	15.18796		2.73324     0.2    0.2		4.1705503158		-1.0
	32129.99999998	15.92061		2.53864     0.2    0.2		4.1705503158		-1.0
	32174.99999998	17.02206		2.44072     0.2    0.2		4.1705503158		-1.0
	32219.99999998	17.65403		2.41564     0.2    0.2		4.1705503158		-1.0
	32264.99999998	18.88502		2.33268     0.2    0.2		4.1705503158		-1.0
	32309.99999998	19.5583		2.31333     0.2    0.2		4.1705503158		-1.0
	32354.99999998	20.71879		2.28282     0.2    0.2		4.1705503158		-1.0
	32399.99999998	21.54969		2.22593     0.2    0.2		4.1705503158		-1.0
	32444.99999998	22.79741		2.11373     0.2    0.2		4.1705503158		-1.0
	32489.99999998	23.8711		2.08468     0.2    0.2		4.1705503158		-1.0
	32534.99999998	25.19605		2.04489     0.2    0.2		4.1705503158		-1.0
	32579.99999998	26.43267		1.99157     0.2    0.2		4.1705503158		-1.0
	32624.99999998	27.68666		1.9447     0.2    0.2		4.1705503158		-1.0
	32669.99999998	28.94583		1.88918     0.2    0.2		4.1705503158		-1.0
	32714.99999998	30.19901		1.86975     0.2    0.2		4.1705503158		-1.0
	32759.99999998	31.56638		1.82103     0.2    0.2		4.1705503158		-1.0
	32804.99999998	31.35867		1.79796     0.2    0.2		4.1705503158		-1.0
	32849.99999998	30.33058		-1.88732     0.2    0.2		4.1705503158		-1.0
	32894.99999998	29.76956		-0.93499     0.2    0.2		4.1705503158		-1.0
	32939.99999998	28.76064		-0.78472     0.2    0.2		4.1705503158		-1.0
	32984.99999998	27.97261		-0.93766     0.2    0.2		4.1705503158		-1.0
	33029.99999998	26.86443		-0.92959     0.2    0.2		4.1705503158		-1.0
	33074.99999998	25.95523		-1.09598     0.2    0.2		4.1705503158		-1.0
	33119.99999998	24.85777		-1.3222     0.2    0.2		4.1705503158		-1.0
	33164.99999998	23.60863		-1.57717     0.2    0.2		4.1705503158		-1.0
	33209.99999998	22.48916		-1.84364     0.2    0.2		4.1705503158		-1.0
	33254.99999998	21.22966		-2.15188     0.2    0.2		4.1705503158		-1.0
	33299.99999998	20.08079		-2.81964     0.2    0.2		4.1705503158		-1.0
	33344.99999998	18.97417		2.73266     0.2    0.2		4.1705503158		-1.0
	33389.99999998	17.96094		2.23801     0.2    0.2		4.1705503158		-1.0
	33434.99999998	16.95274		1.86126     0.2    0.2		4.1705503158		-1.0
	33479.99999998	15.85085		1.55183     0.2    0.2		4.1705503158		-1.0
	33524.99999998	14.79172		1.32183     0.2    0.2		4.1705503158		-1.0
	33569.99999998	13.60751		1.13147     0.2    0.2		4.1705503158		-1.0
	33614.99999998	12.40916		1.06295     0.2    0.2		4.1705503158		-1.0
	33659.99999998	11.2177		1.09563     0.2    0.2		4.1705503158		-1.0
	33704.99999998	10.15614		1.41974     0.2    0.2		4.1705503158		-1.0
	33749.99999997	9.03796		1.91814     0.2    0.2		4.1705503158		-1.0
	33794.99999997	8.14416		2.41612     0.2    0.2		4.1705503158		-1.0
	33839.99999997	7.34619		2.84894     0.2    0.2		4.1705503158		-1.0
	33884.99999997	6.93778		-2.95408     0.2    0.2		4.1705503158		-1.0
	33929.99999997	6.7666		-2.53327     0.2    0.2		4.1705503158		-1.0
	33974.99999997	6.56624		-2.21268     0.2    0.2		4.1705503158		-1.0
	34019.99999997	6.39459		-1.95165     0.2    0.2		4.1705503158		-1.0
	34064.99999997	5.80608		-1.81729     0.2    0.2		4.1705503158		-1.0
	34109.99999997	6.3064		-1.47225     0.2    0.2		4.1705503158		-1.0
	34154.99999997	7.71229		-1.09211     0.2    0.2		4.1705503158		-1.0
	34199.99999997	9.21963		-0.7042     0.2    0.2		4.1705503158		-1.0
	34244.99999997	10.79302		-0.45985     0.2    0.2		4.1705503158		-1.0
	34289.99999997	12.18595		-0.11992     0.2    0.2		4.1705503158		-1.0
	34334.99999997	13.47721		0.13769     0.2    0.2		4.1705503158		-1.0
	34379.99999997	14.57521		0.29127     0.2    0.2		4.1705503158		-1.0
	34424.99999997	15.64704		0.57658     0.2    0.2		4.1705503158		-1.0
	34469.99999997	16.71535		1.01138     0.2    0.2		4.1705503158		-1.0
	34514.99999997	17.73275		1.3578     0.2    0.2		4.1705503158		-1.0
	34559.99999997	18.7556		1.75952     0.2    0.2		4.1705503158		-1.0
	34604.99999997	19.92469		2.02763     0.2    0.2		4.1705503158		-1.0
	34649.99999997	21.15317		2.68276     0.2    0.2		4.1705503158		-1.0
	34694.99999997	22.43451		3.00494     0.2    0.2		4.1705503158		-1.0
	34739.99999997	23.36004		-2.65918     0.2    0.2		4.1705503158		-1.0
	34784.99999997	24.56192		-2.22869     0.2    0.2		4.1705503158		-1.0
	34829.99999997	25.54227		-1.71435     0.2    0.2		4.1705503158		-1.0
	34874.99999997	25.05511		-1.35112     0.2    0.2		4.1705503158		-1.0
	34919.99999997	25.12089		-0.9328     0.2    0.2		4.1705503158		-1.0
	34964.99999997	25.55367		0.11211     0.2    0.2		4.1705503158		-1.0
	35009.99999997	26.38506		0.16312     0.2    0.2		4.1705503158		-1.0
	35054.99999997	27.43314		0.07578     0.2    0.2		4.1705503158		-1.0
	35099.99999997	28.56201		-0.0352     0.2    0.2		4.1705503158		-1.0
	35144.99999997	29.57965		-0.29551     0.2    0.2		4.1705503158		-1.0
	35189.99999997	30.00853		-0.51694     0.2    0.2		4.1705503158		-1.0
	35234.99999997	29.39614		2.00736     0.2    0.2		4.1705503158		-1.0
	35279.99999997	28.38742		2.09663     0.2    0.2		4.1705503158		-1.0
	35324.99999997	27.33366		2.42451     0.2    0.2		4.1705503158		-1.0
	35369.99999997	26.22566		1.71887     0.2    0.2		4.1705503158		-1.0
	35414.99999997	25.40402		2.657     0.2    0.2		4.1705503158		-1.0
	35459.99999997	24.56402		-2.50197     0.2    0.2		4.1705503158		-1.0
	35504.99999997	23.80071		-2.01425     0.2    0.2		4.1705503158		-1.0
	35549.99999997	22.96099		-1.56887     0.2    0.2		4.1705503158		-1.0
	35594.99999997	22.11538		-1.12229     0.2    0.2		4.1705503158		-1.0
	35639.99999997	21.40317		-0.42982     0.2    0.2		4.1705503158		-1.0
	35684.99999997	20.61422		0.34766     0.2    0.2		4.1705503158		-1.0
	35729.99999997	20.17785		0.8782     0.2    0.2		4.1705503158		-1.0
	35774.99999997	19.56262		0.88911     0.2    0.2		4.1705503158		-1.0
	35819.99999997	18.75699		1.28221     0.2    0.2		4.1705503158		-1.0
	35864.99999997	18.02233		1.18415     0.2    0.2		4.1705503158		-1.0
	35909.99999997	17.14372		1.24857     0.2    0.2		4.1705503158		-1.0
	35954.99999997	15.74402		1.11705     0.2    0.2		4.1705503158		-1.0
	35999.99999997	14.30428		0.99964     0.2    0.2		4.1705503158		-1.0
	36044.99999997	12.86905		0.94632     0.2    0.2		4.1705503158		-1.0
	36089.99999997	11.38717		0.66536     0.2    0.2		4.1705503158		-1.0
	36134.99999997	10.0936		0.5082     0.2    0.2		4.1705503158		-1.0
	36179.99999997	8.67382		0.17573     0.2    0.2		4.1705503158		-1.0
	36224.99999997	7.46277		-0.09075     0.2    0.2		4.1705503158		-1.0
	36269.99999997	6.22214		-0.56369     0.2    0.2		4.1705503158		-1.0
	36314.99999997	5.85695		-0.85673     0.2    0.2		4.1705503158		-1.0
	36359.99999997	6.78156		-0.87693     0.2    0.2		4.1705503158		-1.0
	36404.99999997	8.27723		-0.63259     0.2    0.2		4.1705503158		-1.0
	36449.99999997	9.93691		-0.925     0.2    0.2		4.1705503158		-1.0
	36494.99999997	11.21305		-1.01478     0.2    0.2		4.1705503158		-1.0
	36539.99999997	12.30054		-2.48191     0.2    0.2		4.1705503158		-1.0
	36584.99999997	12.85909		2.21789     0.2    0.2		4.1705503158		-1.0
	36629.99999997	13.32516		1.96769     0.2    0.2		4.1705503158		-1.0
	36674.99999997	13.54769		1.71346     0.2    0.2		4.1705503158		-1.0
	36719.99999997	13.86733		1.37484     0.2    0.2		4.1705503158		-1.0
	36764.99999997	14.45646		1.16806     0.2    0.2		4.1705503158		-1.0
	36809.99999997	15.00324		0.85844     0.2    0.2		4.1705503158		-1.0
	36854.99999997	16.06714		0.40851     0.2    0.2		4.1705503158		-1.0
	36899.99999997	16.91516		-0.08229     0.2    0.2		4.1705503158		-1.0
	36944.99999997	18.14548		-0.59638     0.2    0.2		4.1705503158		-1.0
	36989.99999997	19.09053		-0.76639     0.2    0.2		4.1705503158		-1.0
	37034.99999997	20.48949		-0.93502     0.2    0.2		4.1705503158		-1.0
	37079.99999997	21.95367		-0.84108     0.2    0.2		4.1705503158		-1.0
	37124.99999997	23.63197		-0.79921     0.2    0.2		4.1705503158		-1.0
	37169.99999997	25.00163		-0.7353     0.2    0.2		4.1705503158		-1.0
	37214.99999997	26.52812		-0.62993     0.2    0.2		4.1705503158		-1.0
	37259.99999997	27.05216		1.56429     0.2    0.2		4.1705503158		-1.0
	37304.99999997	26.06072		1.55628     0.2    0.2		4.1705503158		-1.0
	37349.99999997	24.92934		1.43886     0.2    0.2		4.1705503158		-1.0
	37394.99999997	23.65397		1.43678     0.2    0.2		4.1705503158		-1.0
	37439.99999997	22.42987		1.33227     0.2    0.2		4.1705503158		-1.0
	37484.99999997	21.1278		1.32303     0.2    0.2		4.1705503158		-1.0
	37529.99999997	19.76138		1.33805     0.2    0.2		4.1705503158		-1.0
	37574.99999997	18.68345		1.38061     0.2    0.2		4.1705503158		-1.0
	37619.99999997	17.53134		1.60146     0.2    0.2		4.1705503158		-1.0
	37664.99999997	16.5846		2.19924     0.2    0.2		4.1705503158		-1.0
	37709.99999997	15.61332		2.04565     0.2    0.2		4.1705503158		-1.0
	37754.99999997	14.88222		2.37358     0.2    0.2		4.1705503158		-1.0
	37799.99999997	13.90827		2.27348     0.2    0.2		4.1705503158		-1.0
	37844.99999997	13.34802		2.3977     0.2    0.2		4.1705503158		-1.0
	37889.99999997	12.63479		2.67202     0.2    0.2		4.1705503158		-1.0
	37934.99999997	12.55436		3.08216     0.2    0.2		4.1705503158		-1.0
	37979.99999997	12.25485		-2.78762     0.2    0.2		4.1705503158		-1.0
	38024.99999997	12.11105		-2.70628     0.2    0.2		4.1705503158		-1.0
	38069.99999997	11.48887		-2.61852     0.2    0.2		4.1705503158		-1.0
	38114.99999997	10.88111		-2.71286     0.2    0.2		4.1705503158		-1.0
	38159.99999997	9.99366		-2.6088     0.2    0.2		4.1705503158		-1.0
	38204.99999997	9.04594		-2.51384     0.2    0.2		4.1705503158		-1.0
	38249.99999997	8.0728		-2.76909     0.2    0.2		4.1705503158		-1.0
	38294.99999997	7.20286		-2.81276     0.2    0.2		4.1705503158		-1.0
	38339.99999997	6.60613		2.34075     0.2    0.2		4.1705503158		-1.0
	38384.99999997	5.75685		1.91269     0.2    0.2		4.1705503158		-1.0
	38429.99999997	6.728		1.59748     0.2    0.2		4.1705503158		-1.0
	38474.99999997	7.69347		2.06869     0.2    0.2		4.1705503158		-1.0
	38519.99999997	9.11433		2.30267     0.2    0.2		4.1705503158		-1.0
	38564.99999997	9.91829		2.90554     0.2    0.2		4.1705503158		-1.0
	38609.99999997	10.7716		-2.69914     0.2    0.2		4.1705503158		-1.0
	38654.99999997	10.36289		-2.4477     0.2    0.2		4.1705503158		-1.0
	38699.99999997	9.75831		-2.19563     0.2    0.2		4.1705503158		-1.0
	38744.99999997	8.65614		-2.7018     0.2    0.2		4.1705503158		-1.0
	38789.99999997	8.0208		-3.03965     0.2    0.2		4.1705503158		-1.0
	38834.99999997	7.87034		2.86084     0.2    0.2		4.1705503158		-1.0
	38879.99999997	7.48477		2.9143     0.2    0.2		4.1705503158		-1.0
	38924.99999997	7.67716		2.34391     0.2    0.2		4.1705503158		-1.0
	38969.99999997	6.91654		2.05231     0.2    0.2		4.1705503158		-1.0
	39014.99999997	6.13143		2.218     0.2    0.2		4.1705503158		-1.0
	39059.99999997	5.82311		1.09393     0.2    0.2		4.1705503158		-1.0
	39104.99999997	7.19133		0.22919     0.2    0.2		4.1705503158		-1.0
	39149.99999997	8.84443		0.18963     0.2    0.2		4.1705503158		-1.0
	39194.99999997	10.21099		0.44206     0.2    0.2		4.1705503158		-1.0
	39239.99999997	11.79014		0.88583     0.2    0.2		4.1705503158		-1.0
	39284.99999997	12.77813		1.51599     0.2    0.2		4.1705503158		-1.0
	39329.99999997	13.63265		2.05868     0.2    0.2		4.1705503158		-1.0
	39374.99999997	14.36116		2.33208     0.2    0.2		4.1705503158		-1.0
	39419.99999997	15.62729		2.17334     0.2    0.2		4.1705503158		-1.0
	39464.99999997	16.94032		1.79588     0.2    0.2		4.1705503158		-1.0
	39509.99999997	18.65165		1.54975     0.2    0.2		4.1705503158		-1.0
	39554.99999997	20.30864		1.30584     0.2    0.2		4.1705503158		-1.0
	39599.99999997	22.16501		1.13097     0.2    0.2		4.1705503158		-1.0
	39644.99999997	24.14734		0.86737     0.2    0.2		4.1705503158		-1.0
	39689.99999997	22.83505		0.327     0.2    0.2		4.1705503158		-1.0
	39734.99999997	21.57383		-1.02826     0.2    0.2		4.1705503158		-1.0
	39779.99999997	20.0231		-1.65583     0.2    0.2		4.1705503158		-1.0
	39824.99999997	19.19948		-2.30732     0.2    0.2		4.1705503158		-1.0
	39869.99999997	18.36306		-2.66371     0.2    0.2		4.1705503158		-1.0
	39914.99999997	17.39597		-2.67537     0.2    0.2		4.1705503158		-1.0
	39959.99999997	16.58752		-2.76806     0.2    0.2		4.1705503158		-1.0
	40004.99999997	15.84153		-2.79212     0.2    0.2		4.1705503158		-1.0
	40049.99999997	14.79348		-2.86615     0.2    0.2		4.1705503158		-1.0
	40094.99999997	14.07312		-2.91514     0.2    0.2		4.1705503158		-1.0
	40139.99999997	13.01387		2.76327     0.2    0.2		4.1705503158		-1.0
	40184.99999997	12.44853		1.89219     0.2    0.2		4.1705503158		-1.0
	40229.99999996	11.87492		0.93031     0.2    0.2		4.1705503158		-1.0
	40274.99999996	11.86739		0.65082     0.2    0.2		4.1705503158		-1.0
	40319.99999996	12.50402		0.19216     0.2    0.2		4.1705503158		-1.0
	40364.99999996	13.17715		-0.43055     0.2    0.2		4.1705503158		-1.0
	40409.99999996	13.81258		-0.96537     0.2    0.2		4.1705503158		-1.0
	40454.99999996	13.95		-0.17368     0.2    0.2		4.1705503158		-1.0
	40499.99999996	14.25517		-0.23583     0.2    0.2		4.1705503158		-1.0
	40544.99999996	14.68203		-0.41249     0.2    0.2		4.1705503158		-1.0
	40589.99999996	15.15053		-0.82878     0.2    0.2		4.1705503158		-1.0
	40634.99999996	15.82348		-1.35716     0.2    0.2		4.1705503158		-1.0
	40679.99999996	16.70505		-1.9432     0.2    0.2		4.1705503158		-1.0
	40724.99999996	17.64453		-2.44911     0.2    0.2		4.1705503158		-1.0
	40769.99999996	18.00065		0.72178     0.2    0.2		4.1705503158		-1.0
	40814.99999996	17.56276		0.12435     0.2    0.2		4.1705503158		-1.0
	40859.99999996	17.0068		-0.42269     0.2    0.2		4.1705503158		-1.0
	40904.99999996	15.98608		-0.42457     0.2    0.2		4.1705503158		-1.0
	40949.99999996	14.85895		-0.48413     0.2    0.2		4.1705503158		-1.0
	40994.99999996	13.74704		-0.41801     0.2    0.2		4.1705503158		-1.0
	41039.99999996	13.22417		0.10681     0.2    0.2		4.1705503158		-1.0
	41084.99999996	13.11582		1.39213     0.2    0.2		4.1705503158		-1.0
	41129.99999996	13.63476		1.65271     0.2    0.2		4.1705503158		-1.0
	41174.99999996	14.94204		1.82923     0.2    0.2		4.1705503158		-1.0
	41219.99999996	16.06308		1.74387     0.2    0.2		4.1705503158		-1.0
	41264.99999996	17.70132		1.78194     0.2    0.2		4.1705503158		-1.0
	41309.99999996	18.97846		2.17187     0.2    0.2		4.1705503158		-1.0
	41354.99999996	20.1627		2.23264     0.2    0.2		4.1705503158		-1.0
	41399.99999996	20.89901		2.71367     0.2    0.2		4.1705503158		-1.0
	41444.99999996	22.30707		2.9598     0.2    0.2		4.1705503158		-1.0
	41489.99999996	23.42455		-3.10085     0.2    0.2		4.1705503158		-1.0
	41534.99999996	24.55113		3.02575     0.2    0.2		4.1705503158		-1.0
	41579.99999996	25.36967		2.82426     0.2    0.2		4.1705503158		-1.0
	41624.99999996	26.05334		2.66624     0.2    0.2		4.1705503158		-1.0
	41669.99999996	26.44947		3.09098     0.2    0.2		4.1705503158		-1.0
	41714.99999996	26.58729		-1.60858     0.2    0.2		4.1705503158		-1.0
	41759.99999996	26.4241		-1.34011     0.2    0.2		4.1705503158		-1.0
	41804.99999996	25.68471		-1.39347     0.2    0.2		4.1705503158		-1.0
	41849.99999996	24.77738		-1.93784     0.2    0.2		4.1705503158		-1.0
	41894.99999996	24.34389		3.05484     0.2    0.2		4.1705503158		-1.0
	41939.99999996	23.68588		2.39496     0.2    0.2		4.1705503158		-1.0
	41984.99999996	23.0106		2.36193     0.2    0.2		4.1705503158		-1.0
	42029.99999996	22.62369		-2.32748     0.2    0.2		4.1705503158		-1.0
	42074.99999996	22.63165		-1.04691     0.2    0.2		4.1705503158		-1.0
	42119.99999996	23.02216		-0.6948     0.2    0.2		4.1705503158		-1.0
	42164.99999996	23.75262		1.76705     0.2    0.2		4.1705503158		-1.0
	42209.99999996	24.71105		2.56642     0.2    0.2		4.1705503158		-1.0
	42254.99999996	25.41529		-3.13233     0.2    0.2		4.1705503158		-1.0
	42299.99999996	25.50533		-2.76099     0.2    0.2		4.1705503158		-1.0
	42344.99999996	24.95256		-2.70154     0.2    0.2		4.1705503158		-1.0
	42389.99999996	24.63002		-2.84004     0.2    0.2		4.1705503158		-1.0
	42434.99999996	24.39898		2.92417     0.2    0.2		4.1705503158		-1.0
	42479.99999996	24.34266		2.31913     0.2    0.2		4.1705503158		-1.0
	42524.99999996	24.41626		1.76259     0.2    0.2		4.1705503158		-1.0
	42569.99999996	24.30722		1.31302     0.2    0.2		4.1705503158		-1.0
	42614.99999996	23.58507		1.09037     0.2    0.2		4.1705503158		-1.0
	42659.99999996	22.45527		0.95151     0.2    0.2		4.1705503158		-1.0
	42704.99999996	20.9439		0.96453     0.2    0.2		4.1705503158		-1.0
	42749.99999996	19.21332		0.64848     0.2    0.2		4.1705503158		-1.0
	42794.99999996	18.06697		0.09182     0.2    0.2		4.1705503158		-1.0
	42839.99999996	17.61437		-0.58399     0.2    0.2		4.1705503158		-1.0
	42884.99999996	18.09791		-0.80463     0.2    0.2		4.1705503158		-1.0
	42929.99999996	19.02235		-0.72639     0.2    0.2		4.1705503158		-1.0
	42974.99999996	20.13145		-0.62875     0.2    0.2		4.1705503158		-1.0
	43019.99999996	21.00133		-0.29341     0.2    0.2		4.1705503158		-1.0
	43064.99999996	21.43128		-0.10152     0.2    0.2		4.1705503158		-1.0
	43109.99999996	21.97242		-0.30737     0.2    0.2		4.1705503158		-1.0
	43154.99999996	22.55834		-0.89234     0.2    0.2		4.1705503158		-1.0
	43199.99999996	23.04008		-1.43451     0.2    0.2		4.1705503158		-1.0
	43244.99999996	23.45154		-1.83024     0.2    0.2		4.1705503158		-1.0
	43289.99999996	23.55246		-2.62681     0.2    0.2		4.1705503158		-1.0
	43334.99999996	23.72301		2.80486     0.2    0.2		4.1705503158		-1.0
	43379.99999996	23.66097		2.20872     0.2    0.2		4.1705503158		-1.0
	43424.99999996	23.63363		1.77643     0.2    0.2		4.1705503158		-1.0
	43469.99999996	23.05648		1.17821     0.2    0.2		4.1705503158		-1.0
	43514.99999996	22.56068		0.51613     0.2    0.2		4.1705503158		-1.0
	43559.99999996	21.85409		-0.23265     0.2    0.2		4.1705503158		-1.0
	43604.99999996	21.00619		-0.78209     0.2    0.2		4.1705503158		-1.0
	43649.99999996	20.27787		-1.11257     0.2    0.2		4.1705503158		-1.0
	43694.99999996	19.84362		-2.09668     0.2    0.2		4.1705503158		-1.0
	43739.99999996	19.30765		3.05622     0.2    0.2		4.1705503158		-1.0
	43784.99999996	19.39304		2.5511     0.2    0.2		4.1705503158		-1.0
	43829.99999996	19.54599		1.41919     0.2    0.2		4.1705503158		-1.0
	43874.99999996	19.91748		0.19033     0.2    0.2		4.1705503158		-1.0
	43919.99999996	20.00627		-1.09877     0.2    0.2		4.1705503158		-1.0
	43964.99999996	20.18079		-1.99706     0.2    0.2		4.1705503158		-1.0
	44009.99999996	20.85684		-2.66727     0.2    0.2		4.1705503158		-1.0
	44054.99999996	21.67665		2.96758     0.2    0.2		4.1705503158		-1.0
	44099.99999996	22.26379		1.85034     0.2    0.2		4.1705503158		-1.0
	44144.99999996	21.75364		1.35103     0.2    0.2		4.1705503158		-1.0
	44189.99999996	21.04004		-2.75442     0.2    0.2		4.1705503158		-1.0
	44234.99999996	20.28407		3.04789     0.2    0.2		4.1705503158		-1.0
	44279.99999996	19.57413		-2.34449     0.2    0.2		4.1705503158		-1.0
	44324.99999996	18.86325		-1.43813     0.2    0.2		4.1705503158		-1.0
	44369.99999996	18.39161		-1.4513     0.2    0.2		4.1705503158		-1.0
	44414.99999996	18.21236		-1.96613     0.2    0.2		4.1705503158		-1.0
	44459.99999996	18.5915		-2.09357     0.2    0.2		4.1705503158		-1.0
	44504.99999996	19.43016		-2.41354     0.2    0.2		4.1705503158		-1.0
	44549.99999996	20.87332		-2.52623     0.2    0.2		4.1705503158		-1.0
	44594.99999996	21.05974		-2.87932     0.2    0.2		4.1705503158		-1.0
	44639.99999996	20.26834		2.96761     0.2    0.2		4.1705503158		-1.0
	44684.99999996	19.51998		1.96069     0.2    0.2		4.1705503158		-1.0
	44729.99999996	19.0761		0.05187     0.2    0.2		4.1705503158		-1.0
	44774.99999996	18.70746		0.80505     0.2    0.2		4.1705503158		-1.0
	44819.99999996	19.13994		1.05515     0.2    0.2		4.1705503158		-1.0
	44864.99999996	19.49675		1.30511     0.2    0.2		4.1705503158		-1.0
	44909.99999996	20.4807		1.42126     0.2    0.2		4.1705503158		-1.0
	44954.99999996	21.62872		1.80286     0.2    0.2		4.1705503158		-1.0
	44999.99999996	22.21911		1.93312     0.2    0.2		4.1705503158		-1.0
	45044.99999996	21.71096		-3.01626     0.2    0.2		4.1705503158		-1.0
	45089.99999996	21.44287		0.03245     0.2    0.2		4.1705503158		-1.0
	45134.99999996	21.32155		0.8342     0.2    0.2		4.1705503158		-1.0
	45179.99999996	21.73003		0.00686     0.2    0.2		4.1705503158		-1.0
	45224.99999996	22.42311		0.37656     0.2    0.2		4.1705503158		-1.0
	45269.99999996	23.14299		1.73468     0.2    0.2		4.1705503158		-1.0
	45314.99999996	23.40218		0.40039     0.2    0.2		4.1705503158		-1.0
	45359.99999996	23.41594		1.05261     0.2    0.2		4.1705503158		-1.0
	45404.99999996	22.46292		0.88717     0.2    0.2		4.1705503158		-1.0
	45449.99999996	21.76315		1.33108     0.2    0.2		4.1705503158		-1.0
	45494.99999996	20.54211		1.39277     0.2    0.2		4.1705503158		-1.0
	45539.99999996	19.82798		0.8695     0.2    0.2		4.1705503158		-1.0
	45584.99999996	19.27263		-0.05804     0.2    0.2		4.1705503158		-1.0
	45629.99999996	19.56825		-0.37271     0.2    0.2		4.1705503158		-1.0
	45674.99999996	20.12531		-0.39631     0.2    0.2		4.1705503158		-1.0
	45719.99999996	21.05664		-0.36519     0.2    0.2		4.1705503158		-1.0
	45764.99999996	21.92373		-0.13776     0.2    0.2		4.1705503158		-1.0
	45809.99999996	23.05498		-0.3153     0.2    0.2		4.1705503158		-1.0
	45854.99999996	23.79922		1.06323     0.2    0.2		4.1705503158		-1.0
	45899.99999996	23.75282		1.58444     0.2    0.2		4.1705503158		-1.0
	45944.99999996	24.35028		1.80255     0.2    0.2		4.1705503158		-1.0
	45989.99999996	25.49889		2.0797     0.2    0.2		4.1705503158		-1.0
	46034.99999996	26.42865		2.0864     0.2    0.2		4.1705503158		-1.0
	46079.99999996	27.23175		1.94713     0.2    0.2		4.1705503158		-1.0
	46124.99999996	27.9752		1.80506     0.2    0.2		4.1705503158		-1.0
	46169.99999996	28.74591		1.68912     0.2    0.2		4.1705503158		-1.0
	46214.99999996	29.02449		1.13103     0.2    0.2		4.1705503158		-1.0
	46259.99999996	27.83363		-0.90143     0.2    0.2		4.1705503158		-1.0
	46304.99999996	26.52099		-0.1806     0.2    0.2		4.1705503158		-1.0
	46349.99999996	25.32554		-0.12634     0.2    0.2		4.1705503158		-1.0
	46394.99999996	24.13931		-0.0382     0.2    0.2		4.1705503158		-1.0
	46439.99999996	22.97686		-0.07375     0.2    0.2		4.1705503158		-1.0
	46484.99999996	22.135		-0.01689     0.2    0.2		4.1705503158		-1.0
	46529.99999996	21.74048		0.21573     0.2    0.2		4.1705503158		-1.0
	46574.99999996	21.16487		1.14997     0.2    0.2		4.1705503158		-1.0
	46619.99999996	20.93778		2.12009     0.2    0.2		4.1705503158		-1.0
	46664.99999996	20.5638		2.28051     0.2    0.2		4.1705503158		-1.0
	46709.99999996	20.46368		2.20072     0.2    0.2		4.1705503158		-1.0
	46754.99999995	19.38902		-2.91478     0.2    0.2		4.1705503158		-1.0
	46799.99999995	18.79642		-3.11855     0.2    0.2		4.1705503158		-1.0
	46844.99999995	18.01852		-2.2455     0.2    0.2		4.1705503158		-1.0
	46889.99999995	17.42328		-2.01442     0.2    0.2		4.1705503158		-1.0
	46934.99999995	16.89972		-1.5798     0.2    0.2		4.1705503158		-1.0
	46979.99999995	16.73196		-1.18806     0.2    0.2		4.1705503158		-1.0
	47024.99999995	16.66358		-0.82435     0.2    0.2		4.1705503158		-1.0
	47069.99999995	16.96006		-0.30957     0.2    0.2		4.1705503158		-1.0
	47114.99999995	16.78687		-0.23686     0.2    0.2		4.1705503158		-1.0
	47159.99999995	15.81975		0.27749     0.2    0.2		4.1705503158		-1.0
	47204.99999995	14.51971		0.135     0.2    0.2		4.1705503158		-1.0
	47249.99999995	13.40205		0.82196     0.2    0.2		4.1705503158		-1.0
	47294.99999995	12.23527		-0.37787     0.2    0.2		4.1705503158		-1.0
	47339.99999995	11.51358		-1.43776     0.2    0.2		4.1705503158		-1.0
	47384.99999995	10.01944		-1.04949     0.2    0.2		4.1705503158		-1.0
	47429.99999995	8.78854		-0.99895     0.2    0.2		4.1705503158		-1.0
	47474.99999995	7.47049		-0.85385     0.2    0.2		4.1705503158		-1.0
	47519.99999995	6.21542		-0.53145     0.2    0.2		4.1705503158		-1.0
	47564.99999995	5.74247		-0.31614     0.2    0.2		4.1705503158		-1.0
	47609.99999995	6.19677		-0.26494     0.2    0.2		4.1705503158		-1.0
	47654.99999995	7.68072		-0.17743     0.2    0.2		4.1705503158		-1.0
	47699.99999995	9.31296		-0.25026     0.2    0.2		4.1705503158		-1.0
	47744.99999995	10.48005		-0.4296     0.2    0.2		4.1705503158		-1.0
	47789.99999995	11.37254		-0.61436     0.2    0.2		4.1705503158		-1.0
	47834.99999995	12.20787		-0.7891     0.2    0.2		4.1705503158		-1.0
	47879.99999995	13.09051		-1.15167     0.2    0.2		4.1705503158		-1.0
	47924.99999995	14.03254		-1.50868     0.2    0.2		4.1705503158		-1.0
	47969.99999995	15.05497		2.47886     0.2    0.2		4.1705503158		-1.0
	48014.99999995	16.00311		1.30008     0.2    0.2		4.1705503158		-1.0
	48059.99999995	17.16409		0.67759     0.2    0.2		4.1705503158		-1.0
	48104.99999995	17.44688		-0.29263     0.2    0.2		4.1705503158		-1.0
	48149.99999995	17.80529		-0.75798     0.2    0.2		4.1705503158		-1.0
	48194.99999995	17.33892		-0.92199     0.2    0.2		4.1705503158		-1.0
	48239.99999995	17.06466		-1.10102     0.2    0.2		4.1705503158		-1.0
	48284.99999995	16.88524		-1.01004     0.2    0.2		4.1705503158		-1.0
	48329.99999995	17.49156		-0.72825     0.2    0.2		4.1705503158		-1.0
	48374.99999995	18.47137		-0.66474     0.2    0.2		4.1705503158		-1.0
	48419.99999995	19.64953		-0.88991     0.2    0.2		4.1705503158		-1.0
	48464.99999995	20.07886		-1.87919     0.2    0.2		4.1705503158		-1.0
	48509.99999995	19.70365		-2.67881     0.2    0.2		4.1705503158		-1.0
	48554.99999995	18.98381		-2.64953     0.2    0.2		4.1705503158		-1.0
	48599.99999995	18.10495		-2.40333     0.2    0.2		4.1705503158		-1.0
	48644.99999995	18.36556		-2.00496     0.2    0.2		4.1705503158		-1.0
	48689.99999995	19.53928		-2.05266     0.2    0.2		4.1705503158		-1.0
	48734.99999995	20.38403		-3.01132     0.2    0.2		4.1705503158		-1.0
	48779.99999995	20.84361		2.68611     0.2    0.2		4.1705503158		-1.0
	48824.99999995	19.97721		2.68418     0.2    0.2		4.1705503158		-1.0
	48869.99999995	19.51567		-3.11446     0.2    0.2		4.1705503158		-1.0
	48914.99999995	20.45169		-2.33784     0.2    0.2		4.1705503158		-1.0
	48959.99999995	22.27224		-2.35927     0.2    0.2		4.1705503158		-1.0
	49004.99999995	23.90558		-2.47037     0.2    0.2		4.1705503158		-1.0
	49049.99999995	24.29261		-2.87833     0.2    0.2		4.1705503158		-1.0
	49094.99999995	23.39611		-3.12706     0.2    0.2		4.1705503158		-1.0
	49139.99999995	22.63456		-2.46142     0.2    0.2		4.1705503158		-1.0
	49184.99999995	22.51365		-1.13301     0.2    0.2		4.1705503158		-1.0
	49229.99999995	23.31556		-1.00095     0.2    0.2		4.1705503158		-1.0
	49274.99999995	24.21623		-1.44252     0.2    0.2		4.1705503158		-1.0
	49319.99999995	23.90722		2.06039     0.2    0.2		4.1705503158		-1.0
	49364.99999995	22.91599		-2.26162     0.2    0.2		4.1705503158		-1.0
	49409.99999995	21.78775		-1.68709     0.2    0.2		4.1705503158		-1.0
	49454.99999995	22.3543		-0.45254     0.2    0.2		4.1705503158		-1.0
	49499.99999995	22.94566		-0.50498     0.2    0.2		4.1705503158		-1.0
	49544.99999995	23.14194		-0.91001     0.2    0.2		4.1705503158		-1.0
	49589.99999995	22.15188		-1.26521     0.2    0.2		4.1705503158		-1.0
	49634.99999995	20.84946		-1.4167     0.2    0.2		4.1705503158		-1.0
	49679.99999995	19.41783		-1.44392     0.2    0.2		4.1705503158		-1.0
	49724.99999995	19.32561		0.51678     0.2    0.2		4.1705503158		-1.0
	49769.99999995	19.65915		2.69297     0.2    0.2		4.1705503158		-1.0
	49814.99999995	20.70531		2.68959     0.2    0.2		4.1705503158		-1.0
	49859.99999995	21.44913		2.83259     0.2    0.2		4.1705503158		-1.0
	49904.99999995	21.78306		-2.91175     0.2    0.2		4.1705503158		-1.0
	49949.99999995	22.13322		-2.73168     0.2    0.2		4.1705503158		-1.0
	49994.99999995	21.86143		-2.73997     0.2    0.2		4.1705503158		-1.0
