	45.00000000	2.81773		-0.38583     0.2    0.2		4.1705503158		-1.0
	90.00000000	3.03446		-0.5081     0.2    0.2		4.1705503158		-1.0
	135.00000000	2.89501		-0.44461     0.2    0.2		4.1705503158		-1.0
	180.00000000	2.82675		-0.79899     0.2    0.2		4.1705503158		-1.0
	225.00000000	2.86637		-0.70454     0.2    0.2		4.1705503158		-1.0
	270.00000000	3.02553		-1.17381     0.2    0.2		4.1705503158		-1.0
	315.00000000	2.88089		-1.11977     0.2    0.2		4.1705503158		-1.0
	360.00000000	2.88254		-1.617     0.2    0.2		4.1705503158		-1.0
	405.00000000	2.963		-1.71656     0.2    0.2		4.1705503158		-1.0
	450.00000000	2.92132		-2.14643     0.2    0.2		4.1705503158		-1.0
	495.00000000	2.9653		-2.36687     0.2    0.2		4.1705503158		-1.0
	540.00000000	2.84418		-2.74366     0.2    0.2		4.1705503158		-1.0
	585.00000000	2.96076		-2.88741     0.2    0.2		4.1705503158		-1.0
	630.00000000	2.93726		2.99161     0.2    0.2		4.1705503158		-1.0
	675.00000000	2.93988		2.73507     0.2    0.2		4.1705503158		-1.0
	720.00000000	2.82107		2.11267     0.2    0.2		4.1705503158		-1.0
	765.00000000	2.99061		1.8752     0.2    0.2		4.1705503158		-1.0
	810.00000000	2.91353		1.55736     0.2    0.2		4.1705503158		-1.0
	855.00000000	2.91142		1.01824     0.2    0.2		4.1705503158		-1.0
	900.00000000	2.88071		0.56238     0.2    0.2		4.1705503158		-1.0
	945.00000000	2.93412		0.01297     0.2    0.2		4.1705503158		-1.0
	990.00000000	2.93376		0.01847     0.2    0.2		4.1705503158		-1.0
	1035.00000000	2.91669		0.45812     0.2    0.2		4.1705503158		-1.0
	1080.00000000	2.91201		0.32803     0.2    0.2		4.1705503158		-1.0
	1125.00000000	2.84558		0.70652     0.2    0.2		4.1705503158		-1.0
	1170.00000000	2.97161		1.10397     0.2    0.2		4.1705503158		-1.0
	1215.00000000	2.90619		1.06401     0.2    0.2		4.1705503158		-1.0
	1260.00000000	2.9454		1.39342     0.2    0.2		4.1705503158		-1.0
	1305.00000000	2.83102		1.78729     0.2    0.2		4.1705503158		-1.0
	1350.00000000	2.926		2.1435     0.2    0.2		4.1705503158		-1.0
	1395.00000000	2.97767		2.47961     0.2    0.2		4.1705503158		-1.0
	1440.00000000	2.85715		2.60037     0.2    0.2		4.1705503158		-1.0
	1485.00000000	2.91382		2.22214     0.2    0.2		4.1705503158		-1.0
	1530.00000000	2.91921		1.89477     0.2    0.2		4.1705503158		-1.0
	1575.00000000	2.95079		1.6199     0.2    0.2		4.1705503158		-1.0
	1620.00000000	2.87502		1.19098     0.2    0.2		4.1705503158		-1.0
	1665.00000000	2.93548		0.89967     0.2    0.2		4.1705503158		-1.0
	1710.00000000	2.82926		-0.06492     0.2    0.2		4.1705503158		-1.0
	1755.00000000	2.97925		-0.96286     0.2    0.2		4.1705503158		-1.0
	1800.00000000	2.98784		-1.5954     0.2    0.2		4.1705503158		-1.0
	1845.00000000	2.89485		-2.2753     0.2    0.2		4.1705503158		-1.0
	1890.00000000	2.954		-2.65374     0.2    0.2		4.1705503158		-1.0
	1935.00000000	2.91749		-3.11376     0.2    0.2		4.1705503158		-1.0
	1980.00000000	2.89038		3.11151     0.2    0.2		4.1705503158		-1.0
	2025.00000000	2.95867		2.93962     0.2    0.2		4.1705503158		-1.0
	2070.00000000	2.90946		2.34099     0.2    0.2		4.1705503158		-1.0
	2115.00000000	3.06621		2.20852     0.2    0.2		4.1705503158		-1.0
	2160.00000000	2.95216		1.93054     0.2    0.2		4.1705503158		-1.0
	2205.00000000	2.92278		1.39037     0.2    0.2		4.1705503158		-1.0
	2250.00000000	2.82164		1.2463     0.2    0.2		4.1705503158		-1.0
	2295.00000000	2.98637		0.90098     0.2    0.2		4.1705503158		-1.0
	2340.00000000	2.85797		-0.11228     0.2    0.2		4.1705503158		-1.0
	2385.00000000	2.92634		-0.94982     0.2    0.2		4.1705503158		-1.0
	2430.00000000	2.92986		-1.31961     0.2    0.2		4.1705503158		-1.0
	2475.00000000	2.98678		-1.47857     0.2    0.2		4.1705503158		-1.0
	2520.00000000	2.95364		-1.99122     0.2    0.2		4.1705503158		-1.0
	2565.00000000	2.92687		-2.04414     0.2    0.2		4.1705503158		-1.0
	2610.00000000	2.89106		-2.30846     0.2    0.2		4.1705503158		-1.0
	2655.00000000	2.88372		-2.67977     0.2    0.2		4.1705503158		-1.0
	2700.00000000	2.90065		-2.49641     0.2    0.2		4.1705503158		-1.0
	2745.00000000	2.96097		-2.51365     0.2    0.2		4.1705503158		-1.0
	2790.00000000	3.05195		-2.25127     0.2    0.2		4.1705503158		-1.0
	2835.00000000	2.94751		-1.98227     0.2    0.2		4.1705503158		-1.0
	2880.00000000	2.94453		-1.67963     0.2    0.2		4.1705503158		-1.0
	2925.00000000	3.07593		-1.30796     0.2    0.2		4.1705503158		-1.0
	2970.00000000	2.96146		-1.12906     0.2    0.2		4.1705503158		-1.0
	3015.00000000	2.96835		-0.33431     0.2    0.2		4.1705503158		-1.0
	3060.00000000	2.92543		0.6824     0.2    0.2		4.1705503158		-1.0
	3105.00000000	2.97495		0.54294     0.2    0.2		4.1705503158		-1.0
	3150.00000000	2.96031		0.2062     0.2    0.2		4.1705503158		-1.0
	3195.00000000	3.09537		0.85121     0.2    0.2		4.1705503158		-1.0
	3240.00000000	3.12106		1.12332     0.2    0.2		4.1705503158		-1.0
	3285.00000000	3.12072		0.13184     0.2    0.2		4.1705503158		-1.0
	3330.00000000	3.02009		-0.54673     0.2    0.2		4.1705503158		-1.0
	3375.00000000	3.02044		-1.11764     0.2    0.2		4.1705503158		-1.0
	3420.00000000	2.95448		-1.22001     0.2    0.2		4.1705503158		-1.0
	3465.00000000	2.97211		-1.59497     0.2    0.2		4.1705503158		-1.0
	3510.00000000	2.84455		-1.9805     0.2    0.2		4.1705503158		-1.0
	3555.00000000	2.995		-2.04094     0.2    0.2		4.1705503158		-1.0
	3600.00000000	2.82082		-2.28934     0.2    0.2		4.1705503158		-1.0
	3645.00000000	3.03125		-2.46453     0.2    0.2		4.1705503158		-1.0
	3690.00000000	2.88497		3.11506     0.2    0.2		4.1705503158		-1.0
	3735.00000000	2.85922		-2.87819     0.2    0.2		4.1705503158		-1.0
	3780.00000000	2.88088		-3.09731     0.2    0.2		4.1705503158		-1.0
	3825.00000000	2.95953		2.96003     0.2    0.2		4.1705503158		-1.0
	3870.00000000	3.10998		2.83621     0.2    0.2		4.1705503158		-1.0
	3915.00000000	3.02259		2.51239     0.2    0.2		4.1705503158		-1.0
	3960.00000000	2.95528		2.27139     0.2    0.2		4.1705503158		-1.0
	4005.00000000	2.98281		2.15357     0.2    0.2		4.1705503158		-1.0
	4050.00000000	3.04542		1.51096     0.2    0.2		4.1705503158		-1.0
	4095.00000000	3.10459		1.53164     0.2    0.2		4.1705503158		-1.0
	4140.00000000	2.90661		1.08112     0.2    0.2		4.1705503158		-1.0
	4185.00000000	2.94995		0.67515     0.2    0.2		4.1705503158		-1.0
	4230.00000000	2.92433		0.50717     0.2    0.2		4.1705503158		-1.0
	4275.00000000	3.04466		-0.36933     0.2    0.2		4.1705503158		-1.0
	4320.00000000	3.0609		-0.70256     0.2    0.2		4.1705503158		-1.0
	4365.00000000	2.99686		-1.19024     0.2    0.2		4.1705503158		-1.0
	4410.00000000	2.89088		-1.56953     0.2    0.2		4.1705503158		-1.0
	4455.00000000	2.86289		-1.8308     0.2    0.2		4.1705503158		-1.0
	4500.00000000	2.79637		-2.14925     0.2    0.2		4.1705503158		-1.0
	4545.00000000	3.16051		-2.5871     0.2    0.2		4.1705503158		-1.0
	4590.00000000	3.24686		-2.78543     0.2    0.2		4.1705503158		-1.0
	4635.00000000	3.23198		3.03933     0.2    0.2		4.1705503158		-1.0
	4680.00000000	3.12512		2.61642     0.2    0.2		4.1705503158		-1.0
	4725.00000000	2.9969		2.49786     0.2    0.2		4.1705503158		-1.0
	4770.00000000	3.23517		1.84912     0.2    0.2		4.1705503158		-1.0
	4815.00000000	3.04898		1.8127     0.2    0.2		4.1705503158		-1.0
	4860.00000000	3.04475		1.49341     0.2    0.2		4.1705503158		-1.0
	4905.00000000	2.72585		1.20266     0.2    0.2		4.1705503158		-1.0
	4950.00000000	3.06874		0.64485     0.2    0.2		4.1705503158		-1.0
	4995.00000000	2.99912		0.11212     0.2    0.2		4.1705503158		-1.0
	5040.00000000	2.87428		-0.41658     0.2    0.2		4.1705503158		-1.0
	5085.00000000	2.81893		-0.86005     0.2    0.2		4.1705503158		-1.0
	5130.00000000	3.12014		-0.85976     0.2    0.2		4.1705503158		-1.0
	5175.00000000	2.90649		-1.41852     0.2    0.2		4.1705503158		-1.0
	5220.00000000	2.80304		-1.45275     0.2    0.2		4.1705503158		-1.0
	5265.00000000	3.34564		-1.16965     0.2    0.2		4.1705503158		-1.0
	5310.00000000	2.78027		-1.72121     0.2    0.2		4.1705503158		-1.0
	5355.00000000	2.98289		-1.87076     0.2    0.2		4.1705503158		-1.0
	5400.00000000	2.76311		-1.97081     0.2    0.2		4.1705503158		-1.0
	5445.00000000	2.88956		-2.47616     0.2    0.2		4.1705503158		-1.0
	5490.00000000	2.86128		-2.89979     0.2    0.2		4.1705503158		-1.0
	5535.00000000	2.88315		3.1225     0.2    0.2		4.1705503158		-1.0
	5580.00000000	2.84995		2.41869     0.2    0.2		4.1705503158		-1.0
	5625.00000000	2.83981		1.74955     0.2    0.2		4.1705503158		-1.0
	5670.00000000	2.84605		1.62837     0.2    0.2		4.1705503158		-1.0
	5715.00000000	3.2538		1.15697     0.2    0.2		4.1705503158		-1.0
	5760.00000000	3.13633		1.11259     0.2    0.2		4.1705503158		-1.0
	5805.00000000	2.77491		0.68935     0.2    0.2		4.1705503158		-1.0
	5850.00000000	2.81622		0.76634     0.2    0.2		4.1705503158		-1.0
	5895.00000000	2.77259		0.18243     0.2    0.2		4.1705503158		-1.0
	5940.00000000	2.9132		-0.5661     0.2    0.2		4.1705503158		-1.0
	5985.00000000	3.09784		-1.07543     0.2    0.2		4.1705503158		-1.0
	6030.00000000	3.13485		-0.57777     0.2    0.2		4.1705503158		-1.0
	6075.00000000	2.95872		0.34545     0.2    0.2		4.1705503158		-1.0
	6120.00000000	2.81496		0.94668     0.2    0.2		4.1705503158		-1.0
	6165.00000000	2.74028		0.5969     0.2    0.2		4.1705503158		-1.0
	6210.00000000	3.13046		0.39589     0.2    0.2		4.1705503158		-1.0
	6255.00000000	2.92113		-0.03241     0.2    0.2		4.1705503158		-1.0
	6300.00000000	2.86248		-0.64942     0.2    0.2		4.1705503158		-1.0
	6345.00000000	3.10917		-0.69882     0.2    0.2		4.1705503158		-1.0
	6390.00000000	3.08057		-0.99755     0.2    0.2		4.1705503158		-1.0
	6435.00000000	2.74887		-1.50516     0.2    0.2		4.1705503158		-1.0
	6480.00000000	2.86736		-1.68904     0.2    0.2		4.1705503158		-1.0
	6525.00000000	3.28998		-2.12139     0.2    0.2		4.1705503158		-1.0
	6570.00000000	2.95896		-2.68048     0.2    0.2		4.1705503158		-1.0
	6615.00000000	2.88615		-2.78522     0.2    0.2		4.1705503158		-1.0
	6660.00000000	2.94787		2.98792     0.2    0.2		4.1705503158		-1.0
	6705.00000000	2.83218		2.73081     0.2    0.2		4.1705503158		-1.0
	6750.00000000	2.95418		2.69684     0.2    0.2		4.1705503158		-1.0
	6795.00000000	2.78286		2.12378     0.2    0.2		4.1705503158		-1.0
	6840.00000000	3.06749		2.01516     0.2    0.2		4.1705503158		-1.0
	6885.00000000	3.19145		1.54806     0.2    0.2		4.1705503158		-1.0
	6930.00000000	2.8696		1.60854     0.2    0.2		4.1705503158		-1.0
	6975.00000000	2.79151		1.2826     0.2    0.2		4.1705503158		-1.0
	7020.00000000	2.93475		1.21867     0.2    0.2		4.1705503158		-1.0
	7065.00000000	2.72251		1.16266     0.2    0.2		4.1705503158		-1.0
	7110.00000000	3.14214		1.20536     0.2    0.2		4.1705503158		-1.0
	7155.00000000	3.23929		0.78941     0.2    0.2		4.1705503158		-1.0
	7200.00000000	3.11859		0.3977     0.2    0.2		4.1705503158		-1.0
	7245.00000000	2.98867		-0.10208     0.2    0.2		4.1705503158		-1.0
	7290.00000000	2.72883		-0.14519     0.2    0.2		4.1705503158		-1.0
	7335.00000000	2.75286		0.34196     0.2    0.2		4.1705503158		-1.0
	7380.00000000	2.70945		0.26252     0.2    0.2		4.1705503158		-1.0
	7425.00000000	2.93792		0.05479     0.2    0.2		4.1705503158		-1.0
	7470.00000000	3.15027		-0.3345     0.2    0.2		4.1705503158		-1.0
	7515.00000000	2.77079		-1.13154     0.2    0.2		4.1705503158		-1.0
	7560.00000000	2.839		-0.65819     0.2    0.2		4.1705503158		-1.0
	7605.00000000	2.68311		-0.26209     0.2    0.2		4.1705503158		-1.0
	7650.00000000	3.04887		0.55091     0.2    0.2		4.1705503158		-1.0
	7695.00000000	2.93366		0.04484     0.2    0.2		4.1705503158		-1.0
	7740.00000000	3.059		-0.31528     0.2    0.2		4.1705503158		-1.0
	7785.00000000	3.22584		-0.06652     0.2    0.2		4.1705503158		-1.0
	7830.00000000	3.24799		-0.15782     0.2    0.2		4.1705503158		-1.0
	7875.00000000	2.86172		0.26869     0.2    0.2		4.1705503158		-1.0
	7920.00000000	2.81123		-0.21945     0.2    0.2		4.1705503158		-1.0
	7965.00000000	3.05868		-0.21378     0.2    0.2		4.1705503158		-1.0
	8010.00000000	2.69554		-0.68631     0.2    0.2		4.1705503158		-1.0
	8055.00000000	3.01451		-0.55855     0.2    0.2		4.1705503158		-1.0
	8100.00000000	2.67683		-0.26164     0.2    0.2		4.1705503158		-1.0
	8145.00000000	3.18465		0.1711     0.2    0.2		4.1705503158		-1.0
	8190.00000000	3.29105		0.23879     0.2    0.2		4.1705503158		-1.0
	8235.00000000	3.31419		0.96098     0.2    0.2		4.1705503158		-1.0
	8280.00000000	3.05038		0.93972     0.2    0.2		4.1705503158		-1.0
	8325.00000000	3.2293		0.86587     0.2    0.2		4.1705503158		-1.0
	8370.00000000	3.1942		0.68545     0.2    0.2		4.1705503158		-1.0
	8415.00000000	2.92024		0.12244     0.2    0.2		4.1705503158		-1.0
	8460.00000000	2.74163		-1.0847     0.2    0.2		4.1705503158		-1.0
	8505.00000000	2.74608		-1.11063     0.2    0.2		4.1705503158		-1.0
	8550.00000000	3.15574		-1.57169     0.2    0.2		4.1705503158		-1.0
	8595.00000000	3.29321		-1.7883     0.2    0.2		4.1705503158		-1.0
	8640.00000000	2.77271		-2.25314     0.2    0.2		4.1705503158		-1.0
	8685.00000000	3.11527		-2.20905     0.2    0.2		4.1705503158		-1.0
	8730.00000000	2.85586		-2.12944     0.2    0.2		4.1705503158		-1.0
	8775.00000000	2.84304		-2.02031     0.2    0.2		4.1705503158		-1.0
	8820.00000000	2.87166		-2.55812     0.2    0.2		4.1705503158		-1.0
	8865.00000000	2.96621		-2.2582     0.2    0.2		4.1705503158		-1.0
	8910.00000000	2.73741		-2.92789     0.2    0.2		4.1705503158		-1.0
	8955.00000000	2.96367		2.70399     0.2    0.2		4.1705503158		-1.0
	9000.00000000	3.28253		2.13151     0.2    0.2		4.1705503158		-1.0
	9045.00000000	2.97294		1.94447     0.2    0.2		4.1705503158		-1.0
	9090.00000000	2.94852		1.77707     0.2    0.2		4.1705503158		-1.0
	9135.00000000	3.40672		1.25576     0.2    0.2		4.1705503158		-1.0
	9180.00000000	3.00625		1.31822     0.2    0.2		4.1705503158		-1.0
	9225.00000000	2.74056		1.35647     0.2    0.2		4.1705503158		-1.0
	9270.00000000	2.74083		1.61399     0.2    0.2		4.1705503158		-1.0
	9315.00000000	2.83107		1.68754     0.2    0.2		4.1705503158		-1.0
	9360.00000000	2.74342		2.12608     0.2    0.2		4.1705503158		-1.0
	9405.00000000	2.78632		2.42979     0.2    0.2		4.1705503158		-1.0
	9450.00000000	2.81108		2.65952     0.2    0.2		4.1705503158		-1.0
	9495.00000000	2.91371		2.94423     0.2    0.2		4.1705503158		-1.0
	9540.00000000	2.93292		-2.92718     0.2    0.2		4.1705503158		-1.0
	9585.00000000	2.69973		-2.54096     0.2    0.2		4.1705503158		-1.0
	9630.00000000	2.71466		-2.18648     0.2    0.2		4.1705503158		-1.0
	9675.00000000	3.27785		-1.76263     0.2    0.2		4.1705503158		-1.0
	9720.00000000	2.7133		-1.59589     0.2    0.2		4.1705503158		-1.0
	9765.00000000	3.08017		-1.19095     0.2    0.2		4.1705503158		-1.0
	9810.00000000	3.12982		-1.50158     0.2    0.2		4.1705503158		-1.0
	9855.00000000	3.17457		-0.8858     0.2    0.2		4.1705503158		-1.0
	9900.00000000	2.81432		-0.77473     0.2    0.2		4.1705503158		-1.0
	9945.00000000	2.97872		-0.68468     0.2    0.2		4.1705503158		-1.0
	9990.00000000	2.85812		-0.09645     0.2    0.2		4.1705503158		-1.0
	10035.00000000	3.3351		0.48777     0.2    0.2		4.1705503158		-1.0
	10080.00000000	3.06379		1.07043     0.2    0.2		4.1705503158		-1.0
	10125.00000000	3.17009		1.63192     0.2    0.2		4.1705503158		-1.0
	10170.00000000	3.19155		1.74769     0.2    0.2		4.1705503158		-1.0
	10215.00000000	2.73896		2.17556     0.2    0.2		4.1705503158		-1.0
	10260.00000000	2.76607		2.38752     0.2    0.2		4.1705503158		-1.0
	10305.00000000	2.75356		2.73219     0.2    0.2		4.1705503158		-1.0
	10350.00000000	2.86116		-3.1183     0.2    0.2		4.1705503158		-1.0
	10395.00000000	3.066		-2.78516     0.2    0.2		4.1705503158		-1.0
	10440.00000000	3.14702		-2.25506     0.2    0.2		4.1705503158		-1.0
	10485.00000000	3.25734		-2.10308     0.2    0.2		4.1705503158		-1.0
	10530.00000000	3.20444		-1.62487     0.2    0.2		4.1705503158		-1.0
	10575.00000000	3.23892		-1.15539     0.2    0.2		4.1705503158		-1.0
	10620.00000000	3.2066		-0.62678     0.2    0.2		4.1705503158		-1.0
	10665.00000000	3.09235		0.34452     0.2    0.2		4.1705503158		-1.0
	10710.00000000	3.1998		0.7327     0.2    0.2		4.1705503158		-1.0
	10755.00000000	2.70969		1.00628     0.2    0.2		4.1705503158		-1.0
	10800.00000000	3.06885		1.54067     0.2    0.2		4.1705503158		-1.0
	10845.00000001	2.72849		1.24041     0.2    0.2		4.1705503158		-1.0
	10890.00000001	2.69146		1.39966     0.2    0.2		4.1705503158		-1.0
	10935.00000001	2.70143		1.34283     0.2    0.2		4.1705503158		-1.0
	10980.00000001	3.37658		1.67277     0.2    0.2		4.1705503158		-1.0
	11025.00000001	2.89705		2.01436     0.2    0.2		4.1705503158		-1.0
	11070.00000001	2.8888		2.51596     0.2    0.2		4.1705503158		-1.0
	11115.00000001	2.86213		2.50846     0.2    0.2		4.1705503158		-1.0
	11160.00000001	2.78189		3.10001     0.2    0.2		4.1705503158		-1.0
	11205.00000001	2.83471		-2.86763     0.2    0.2		4.1705503158		-1.0
	11250.00000001	3.10662		-2.58055     0.2    0.2		4.1705503158		-1.0
	11295.00000001	3.15098		-2.53736     0.2    0.2		4.1705503158		-1.0
	11340.00000001	3.17638		-2.0054     0.2    0.2		4.1705503158		-1.0
	11385.00000001	2.74546		-1.93178     0.2    0.2		4.1705503158		-1.0
	11430.00000001	3.21085		-1.70893     0.2    0.2		4.1705503158		-1.0
	11475.00000001	3.12335		-1.83944     0.2    0.2		4.1705503158		-1.0
	11520.00000001	2.81776		-1.43286     0.2    0.2		4.1705503158		-1.0
	11565.00000001	2.70824		-1.82753     0.2    0.2		4.1705503158		-1.0
	11610.00000001	2.83062		-1.6218     0.2    0.2		4.1705503158		-1.0
	11655.00000001	3.06174		-1.89296     0.2    0.2		4.1705503158		-1.0
	11700.00000001	3.24867		-2.01805     0.2    0.2		4.1705503158		-1.0
	11745.00000001	3.23594		-1.94531     0.2    0.2		4.1705503158		-1.0
	11790.00000001	3.23269		-2.17733     0.2    0.2		4.1705503158		-1.0
	11835.00000001	3.21384		-2.44702     0.2    0.2		4.1705503158		-1.0
	11880.00000001	3.18869		-2.6138     0.2    0.2		4.1705503158		-1.0
	11925.00000001	3.17362		-2.91069     0.2    0.2		4.1705503158		-1.0
	11970.00000001	3.20898		2.8535     0.2    0.2		4.1705503158		-1.0
	12015.00000001	3.28469		2.32462     0.2    0.2		4.1705503158		-1.0
	12060.00000001	3.27345		1.97772     0.2    0.2		4.1705503158		-1.0
	12105.00000001	2.78741		1.73989     0.2    0.2		4.1705503158		-1.0
	12150.00000001	2.7986		1.60805     0.2    0.2		4.1705503158		-1.0
	12195.00000001	3.01973		1.14461     0.2    0.2		4.1705503158		-1.0
	12240.00000001	2.70945		0.76247     0.2    0.2		4.1705503158		-1.0
	12285.00000001	2.61849		0.58205     0.2    0.2		4.1705503158		-1.0
	12330.00000001	3.25933		0.23843     0.2    0.2		4.1705503158		-1.0
	12375.00000001	3.17248		-0.41529     0.2    0.2		4.1705503158		-1.0
	12420.00000001	3.14178		-0.64347     0.2    0.2		4.1705503158		-1.0
	12465.00000001	3.04578		-1.07893     0.2    0.2		4.1705503158		-1.0
	12510.00000001	2.81638		-1.31952     0.2    0.2		4.1705503158		-1.0
	12555.00000001	2.77094		-1.32901     0.2    0.2		4.1705503158		-1.0
	12600.00000001	2.73834		-1.49699     0.2    0.2		4.1705503158		-1.0
	12645.00000001	3.37684		-1.62965     0.2    0.2		4.1705503158		-1.0
	12690.00000001	2.80029		-1.57124     0.2    0.2		4.1705503158		-1.0
	12735.00000001	2.77073		-1.95928     0.2    0.2		4.1705503158		-1.0
	12780.00000001	2.67308		-2.26207     0.2    0.2		4.1705503158		-1.0
	12825.00000001	2.69087		-2.57322     0.2    0.2		4.1705503158		-1.0
	12870.00000001	2.80364		-2.66644     0.2    0.2		4.1705503158		-1.0
	12915.00000001	2.78887		-2.97552     0.2    0.2		4.1705503158		-1.0
	12960.00000001	2.80926		-2.91465     0.2    0.2		4.1705503158		-1.0
	13005.00000001	2.7843		-2.99184     0.2    0.2		4.1705503158		-1.0
	13050.00000001	2.70736		-2.55705     0.2    0.2		4.1705503158		-1.0
	13095.00000001	2.68423		-2.56384     0.2    0.2		4.1705503158		-1.0
	13140.00000001	2.6726		-2.0373     0.2    0.2		4.1705503158		-1.0
	13185.00000001	2.7401		-1.91705     0.2    0.2		4.1705503158		-1.0
	13230.00000001	3.27826		-1.47499     0.2    0.2		4.1705503158		-1.0
	13275.00000001	3.17514		-1.22484     0.2    0.2		4.1705503158		-1.0
	13320.00000001	3.28408		-1.03258     0.2    0.2		4.1705503158		-1.0
	13365.00000001	3.22167		-0.09149     0.2    0.2		4.1705503158		-1.0
	13410.00000001	2.66123		0.93739     0.2    0.2		4.1705503158		-1.0
	13455.00000001	2.73143		0.84425     0.2    0.2		4.1705503158		-1.0
	13500.00000001	3.22959		0.50682     0.2    0.2		4.1705503158		-1.0
	13545.00000001	2.78612		0.48599     0.2    0.2		4.1705503158		-1.0
	13590.00000001	2.72255		-0.31706     0.2    0.2		4.1705503158		-1.0
	13635.00000001	2.95426		-0.60021     0.2    0.2		4.1705503158		-1.0
	13680.00000001	3.09038		-0.9396     0.2    0.2		4.1705503158		-1.0
	13725.00000001	3.22575		-0.78216     0.2    0.2		4.1705503158		-1.0
	13770.00000001	3.32763		-0.48121     0.2    0.2		4.1705503158		-1.0
	13815.00000001	2.69704		0.30311     0.2    0.2		4.1705503158		-1.0
	13860.00000001	3.16135		0.44411     0.2    0.2		4.1705503158		-1.0
	13905.00000001	2.64058		0.71754     0.2    0.2		4.1705503158		-1.0
	13950.00000001	3.21874		1.26685     0.2    0.2		4.1705503158		-1.0
	13995.00000001	3.46052		1.05943     0.2    0.2		4.1705503158		-1.0
	14040.00000001	2.78008		1.03375     0.2    0.2		4.1705503158		-1.0
	14085.00000001	2.66203		1.45353     0.2    0.2		4.1705503158		-1.0
	14130.00000001	2.71365		1.78342     0.2    0.2		4.1705503158		-1.0
	14175.00000001	2.87525		2.06238     0.2    0.2		4.1705503158		-1.0
	14220.00000001	3.08086		2.41189     0.2    0.2		4.1705503158		-1.0
	14265.00000000	3.20338		2.47059     0.2    0.2		4.1705503158		-1.0
	14310.00000000	3.24211		3.05453     0.2    0.2		4.1705503158		-1.0
	14355.00000000	3.22444		-3.10195     0.2    0.2		4.1705503158		-1.0
	14400.00000000	3.26324		-2.87274     0.2    0.2		4.1705503158		-1.0
	14445.00000000	3.25059		-2.52852     0.2    0.2		4.1705503158		-1.0
	14490.00000000	3.2045		-2.40973     0.2    0.2		4.1705503158		-1.0
	14535.00000000	3.30068		-2.44199     0.2    0.2		4.1705503158		-1.0
	14580.00000000	3.28147		-2.14344     0.2    0.2		4.1705503158		-1.0
	14625.00000000	3.16038		-2.18545     0.2    0.2		4.1705503158		-1.0
	14670.00000000	3.51819		-1.93338     0.2    0.2		4.1705503158		-1.0
	14715.00000000	2.63048		-1.89226     0.2    0.2		4.1705503158		-1.0
	14760.00000000	2.71582		-1.41175     0.2    0.2		4.1705503158		-1.0
	14805.00000000	2.81081		-0.77525     0.2    0.2		4.1705503158		-1.0
	14850.00000000	2.74206		0.36072     0.2    0.2		4.1705503158		-1.0
	14895.00000000	3.11163		0.80035     0.2    0.2		4.1705503158		-1.0
	14940.00000000	2.97608		0.69888     0.2    0.2		4.1705503158		-1.0
	14985.00000000	2.76887		0.60822     0.2    0.2		4.1705503158		-1.0
	15030.00000000	2.69936		0.65358     0.2    0.2		4.1705503158		-1.0
	15075.00000000	2.76422		-0.20739     0.2    0.2		4.1705503158		-1.0
	15120.00000000	2.70804		-1.02274     0.2    0.2		4.1705503158		-1.0
	15165.00000000	2.68562		-1.23106     0.2    0.2		4.1705503158		-1.0
	15210.00000000	3.49119		-1.34892     0.2    0.2		4.1705503158		-1.0
	15255.00000000	2.64307		-1.37462     0.2    0.2		4.1705503158		-1.0
	15300.00000000	3.32103		-1.20285     0.2    0.2		4.1705503158		-1.0
	15345.00000000	2.96929		-0.9035     0.2    0.2		4.1705503158		-1.0
	15390.00000000	2.68538		-0.39458     0.2    0.2		4.1705503158		-1.0
	15435.00000000	2.69161		0.32266     0.2    0.2		4.1705503158		-1.0
	15480.00000000	2.96729		-0.07804     0.2    0.2		4.1705503158		-1.0
	15525.00000000	3.23943		-0.33078     0.2    0.2		4.1705503158		-1.0
	15570.00000000	2.97218		-0.11569     0.2    0.2		4.1705503158		-1.0
	15615.00000000	2.91044		-0.26119     0.2    0.2		4.1705503158		-1.0
	15660.00000000	2.73057		0.40625     0.2    0.2		4.1705503158		-1.0
	15705.00000000	3.28531		0.13574     0.2    0.2		4.1705503158		-1.0
	15750.00000000	3.36893		0.20889     0.2    0.2		4.1705503158		-1.0
	15795.00000000	3.18834		0.07669     0.2    0.2		4.1705503158		-1.0
	15840.00000000	3.26651		-0.2771     0.2    0.2		4.1705503158		-1.0
	15885.00000000	3.30994		-0.53075     0.2    0.2		4.1705503158		-1.0
	15930.00000000	3.26765		-0.51346     0.2    0.2		4.1705503158		-1.0
	15975.00000000	3.1821		-0.81549     0.2    0.2		4.1705503158		-1.0
	16020.00000000	3.21466		-1.37244     0.2    0.2		4.1705503158		-1.0
	16065.00000000	2.98496		-1.25752     0.2    0.2		4.1705503158		-1.0
	16110.00000000	2.70241		-1.23034     0.2    0.2		4.1705503158		-1.0
	16155.00000000	3.45937		-1.5183     0.2    0.2		4.1705503158		-1.0
	16200.00000000	3.11897		-1.41249     0.2    0.2		4.1705503158		-1.0
	16245.00000000	3.16901		-1.65714     0.2    0.2		4.1705503158		-1.0
	16290.00000000	3.27888		-1.83042     0.2    0.2		4.1705503158		-1.0
	16335.00000000	3.33288		-2.00537     0.2    0.2		4.1705503158		-1.0
	16380.00000000	3.43166		-2.38715     0.2    0.2		4.1705503158		-1.0
	16425.00000000	3.21322		-2.54629     0.2    0.2		4.1705503158		-1.0
	16470.00000000	3.14113		-3.11437     0.2    0.2		4.1705503158		-1.0
	16515.00000000	3.20678		2.98264     0.2    0.2		4.1705503158		-1.0
	16560.00000000	3.21428		2.43723     0.2    0.2		4.1705503158		-1.0
	16605.00000000	3.28837		2.11359     0.2    0.2		4.1705503158		-1.0
	16650.00000000	3.2623		1.96014     0.2    0.2		4.1705503158		-1.0
	16695.00000000	3.39435		1.37613     0.2    0.2		4.1705503158		-1.0
	16740.00000000	3.3667		1.45929     0.2    0.2		4.1705503158		-1.0
	16785.00000000	2.69281		1.00728     0.2    0.2		4.1705503158		-1.0
	16830.00000000	2.88243		0.70654     0.2    0.2		4.1705503158		-1.0
	16875.00000000	3.00845		0.39762     0.2    0.2		4.1705503158		-1.0
	16920.00000000	3.28512		-0.38612     0.2    0.2		4.1705503158		-1.0
	16965.00000000	3.10087		-0.28271     0.2    0.2		4.1705503158		-1.0
	17010.00000000	2.75699		-0.76443     0.2    0.2		4.1705503158		-1.0
	17055.00000000	2.61171		-0.71294     0.2    0.2		4.1705503158		-1.0
	17100.00000000	2.66114		-0.65588     0.2    0.2		4.1705503158		-1.0
	17145.00000000	2.725		-0.28747     0.2    0.2		4.1705503158		-1.0
	17190.00000000	2.67241		0.04518     0.2    0.2		4.1705503158		-1.0
	17235.00000000	2.68453		0.09068     0.2    0.2		4.1705503158		-1.0
	17280.00000000	2.77556		-0.12841     0.2    0.2		4.1705503158		-1.0
	17325.00000000	3.32755		0.77746     0.2    0.2		4.1705503158		-1.0
	17370.00000000	3.10236		0.85331     0.2    0.2		4.1705503158		-1.0
	17415.00000000	3.22593		0.86011     0.2    0.2		4.1705503158		-1.0
	17460.00000000	3.12361		1.34379     0.2    0.2		4.1705503158		-1.0
	17505.00000000	2.86467		1.43063     0.2    0.2		4.1705503158		-1.0
	17550.00000000	3.29931		1.77057     0.2    0.2		4.1705503158		-1.0
	17595.00000000	2.99456		2.32574     0.2    0.2		4.1705503158		-1.0
	17640.00000000	2.99115		2.74318     0.2    0.2		4.1705503158		-1.0
	17685.00000000	2.70593		2.86648     0.2    0.2		4.1705503158		-1.0
	17730.00000000	2.85612		2.89374     0.2    0.2		4.1705503158		-1.0
	17775.00000000	3.25169		2.73277     0.2    0.2		4.1705503158		-1.0
	17820.00000000	2.819		2.22616     0.2    0.2		4.1705503158		-1.0
	17865.00000000	3.01735		2.00452     0.2    0.2		4.1705503158		-1.0
	17910.00000000	2.74393		1.74203     0.2    0.2		4.1705503158		-1.0
	17955.00000000	2.73681		1.93688     0.2    0.2		4.1705503158		-1.0
	18000.00000000	2.7249		2.28125     0.2    0.2		4.1705503158		-1.0
	18045.00000000	2.75837		2.46441     0.2    0.2		4.1705503158		-1.0
	18090.00000000	2.66099		2.94528     0.2    0.2		4.1705503158		-1.0
	18135.00000000	2.76327		-3.09576     0.2    0.2		4.1705503158		-1.0
	18180.00000000	2.75054		-2.80123     0.2    0.2		4.1705503158		-1.0
	18225.00000000	2.79981		-2.58204     0.2    0.2		4.1705503158		-1.0
	18270.00000000	2.6852		-2.23388     0.2    0.2		4.1705503158		-1.0
	18315.00000000	2.74341		-2.14032     0.2    0.2		4.1705503158		-1.0
	18360.00000000	2.74878		-2.02196     0.2    0.2		4.1705503158		-1.0
	18405.00000000	3.13549		-1.87337     0.2    0.2		4.1705503158		-1.0
	18450.00000000	3.48657		-2.03159     0.2    0.2		4.1705503158		-1.0
	18495.00000000	2.8263		-2.38254     0.2    0.2		4.1705503158		-1.0
	18540.00000000	2.69158		-2.35939     0.2    0.2		4.1705503158		-1.0
	18585.00000000	2.65921		-2.5739     0.2    0.2		4.1705503158		-1.0
	18630.00000000	2.72613		-2.6687     0.2    0.2		4.1705503158		-1.0
	18675.00000000	2.7437		3.08046     0.2    0.2		4.1705503158		-1.0
	18720.00000000	2.75138		2.6927     0.2    0.2		4.1705503158		-1.0
	18765.00000000	2.63395		2.126     0.2    0.2		4.1705503158		-1.0
	18810.00000000	3.01965		1.56536     0.2    0.2		4.1705503158		-1.0
	18855.00000000	3.02937		1.50741     0.2    0.2		4.1705503158		-1.0
	18900.00000000	3.13682		1.44839     0.2    0.2		4.1705503158		-1.0
	18945.00000000	3.17488		1.43372     0.2    0.2		4.1705503158		-1.0
	18990.00000000	2.84474		1.67748     0.2    0.2		4.1705503158		-1.0
	19035.00000000	2.68549		2.01866     0.2    0.2		4.1705503158		-1.0
	19080.00000000	2.67791		2.56281     0.2    0.2		4.1705503158		-1.0
	19125.00000000	3.41204		2.43994     0.2    0.2		4.1705503158		-1.0
	19170.00000000	3.34715		2.80255     0.2    0.2		4.1705503158		-1.0
	19215.00000000	3.37665		2.56898     0.2    0.2		4.1705503158		-1.0
	19260.00000000	3.03627		2.5696     0.2    0.2		4.1705503158		-1.0
	19305.00000000	3.01761		2.40979     0.2    0.2		4.1705503158		-1.0
	19350.00000000	2.74909		1.88537     0.2    0.2		4.1705503158		-1.0
	19395.00000000	3.4093		1.83369     0.2    0.2		4.1705503158		-1.0
	19440.00000000	2.67687		1.51546     0.2    0.2		4.1705503158		-1.0
	19485.00000000	2.62875		1.75942     0.2    0.2		4.1705503158		-1.0
	19530.00000000	2.72846		2.03948     0.2    0.2		4.1705503158		-1.0
	19575.00000000	2.69647		2.59041     0.2    0.2		4.1705503158		-1.0
	19620.00000000	2.80513		2.85207     0.2    0.2		4.1705503158		-1.0
	19665.00000000	2.71425		3.11419     0.2    0.2		4.1705503158		-1.0
	19710.00000000	2.64672		3.12878     0.2    0.2		4.1705503158		-1.0
	19755.00000000	2.80051		-2.8816     0.2    0.2		4.1705503158		-1.0
	19800.00000000	3.03747		-2.98429     0.2    0.2		4.1705503158		-1.0
	19845.00000000	3.18		-3.0261     0.2    0.2		4.1705503158		-1.0
	19890.00000000	3.38027		-2.96888     0.2    0.2		4.1705503158		-1.0
	19935.00000000	3.39815		-2.8653     0.2    0.2		4.1705503158		-1.0
	19980.00000000	3.41395		-2.91578     0.2    0.2		4.1705503158		-1.0
	20025.00000000	3.24626		-2.85383     0.2    0.2		4.1705503158		-1.0
	20070.00000000	3.14702		-2.693     0.2    0.2		4.1705503158		-1.0
	20115.00000000	3.34069		-2.94687     0.2    0.2		4.1705503158		-1.0
	20160.00000000	3.3974		-3.06435     0.2    0.2		4.1705503158		-1.0
	20205.00000000	3.11492		2.97311     0.2    0.2		4.1705503158		-1.0
	20250.00000000	3.1654		2.88014     0.2    0.2		4.1705503158		-1.0
	20295.00000000	3.18636		2.46472     0.2    0.2		4.1705503158		-1.0
	20340.00000000	3.1279		2.09532     0.2    0.2		4.1705503158		-1.0
	20385.00000000	3.20162		1.90671     0.2    0.2		4.1705503158		-1.0
	20430.00000000	3.31997		1.50374     0.2    0.2		4.1705503158		-1.0
	20475.00000000	3.27716		1.51814     0.2    0.2		4.1705503158		-1.0
	20520.00000000	3.23941		1.04475     0.2    0.2		4.1705503158		-1.0
	20565.00000000	3.37121		0.97195     0.2    0.2		4.1705503158		-1.0
	20610.00000000	3.27144		0.32814     0.2    0.2		4.1705503158		-1.0
	20655.00000000	2.73345		0.11526     0.2    0.2		4.1705503158		-1.0
	20700.00000000	2.71506		-0.82802     0.2    0.2		4.1705503158		-1.0
	20744.99999999	2.68611		-1.08853     0.2    0.2		4.1705503158		-1.0
	20789.99999999	2.87846		-1.40227     0.2    0.2		4.1705503158		-1.0
	20834.99999999	3.58969		-1.35704     0.2    0.2		4.1705503158		-1.0
	20879.99999999	3.04852		-1.77061     0.2    0.2		4.1705503158		-1.0
	20924.99999999	3.35274		-1.60758     0.2    0.2		4.1705503158		-1.0
	20969.99999999	2.96035		-1.87075     0.2    0.2		4.1705503158		-1.0
	21014.99999999	3.4579		-2.10124     0.2    0.2		4.1705503158		-1.0
	21059.99999999	2.67762		-2.29291     0.2    0.2		4.1705503158		-1.0
	21104.99999999	2.69013		-2.46902     0.2    0.2		4.1705503158		-1.0
	21149.99999999	2.79338		-2.89069     0.2    0.2		4.1705503158		-1.0
	21194.99999999	3.02662		-3.13417     0.2    0.2		4.1705503158		-1.0
	21239.99999999	3.25234		2.72974     0.2    0.2		4.1705503158		-1.0
	21284.99999999	3.21348		2.1765     0.2    0.2		4.1705503158		-1.0
	21329.99999999	3.26413		2.2057     0.2    0.2		4.1705503158		-1.0
	21374.99999999	3.23171		1.69477     0.2    0.2		4.1705503158		-1.0
	21419.99999999	3.3339		1.90886     0.2    0.2		4.1705503158		-1.0
	21464.99999999	3.14239		1.63093     0.2    0.2		4.1705503158		-1.0
	21509.99999999	3.10156		2.12631     0.2    0.2		4.1705503158		-1.0
	21554.99999999	2.63552		2.14675     0.2    0.2		4.1705503158		-1.0
	21599.99999999	2.66683		2.42313     0.2    0.2		4.1705503158		-1.0
	21644.99999999	2.73016		2.39979     0.2    0.2		4.1705503158		-1.0
	21689.99999999	2.67323		2.24893     0.2    0.2		4.1705503158		-1.0
	21734.99999999	2.75668		2.46616     0.2    0.2		4.1705503158		-1.0
	21779.99999999	2.68395		2.05556     0.2    0.2		4.1705503158		-1.0
	21824.99999999	2.79199		1.99497     0.2    0.2		4.1705503158		-1.0
	21869.99999999	2.70402		1.39438     0.2    0.2		4.1705503158		-1.0
	21914.99999999	2.69637		1.00574     0.2    0.2		4.1705503158		-1.0
	21959.99999999	2.67435		0.46182     0.2    0.2		4.1705503158		-1.0
	22004.99999999	2.68312		-0.12348     0.2    0.2		4.1705503158		-1.0
	22049.99999999	2.72654		-0.61661     0.2    0.2		4.1705503158		-1.0
	22094.99999999	2.70038		-0.59542     0.2    0.2		4.1705503158		-1.0
	22139.99999999	2.66674		-0.56594     0.2    0.2		4.1705503158		-1.0
	22184.99999999	2.7282		0.12223     0.2    0.2		4.1705503158		-1.0
	22229.99999999	3.33656		0.4092     0.2    0.2		4.1705503158		-1.0
	22274.99999999	2.6497		0.77619     0.2    0.2		4.1705503158		-1.0
	22319.99999999	3.62786		0.68861     0.2    0.2		4.1705503158		-1.0
	22364.99999999	3.17924		0.42901     0.2    0.2		4.1705503158		-1.0
	22409.99999999	3.04726		-0.00902     0.2    0.2		4.1705503158		-1.0
	22454.99999999	3.24338		-0.73286     0.2    0.2		4.1705503158		-1.0
	22499.99999999	3.17574		-1.46963     0.2    0.2		4.1705503158		-1.0
	22544.99999999	3.36934		-1.03556     0.2    0.2		4.1705503158		-1.0
	22589.99999999	3.15539		-1.25799     0.2    0.2		4.1705503158		-1.0
	22634.99999999	3.40426		-1.05658     0.2    0.2		4.1705503158		-1.0
	22679.99999999	3.37484		-0.71908     0.2    0.2		4.1705503158		-1.0
	22724.99999999	3.44155		0.20066     0.2    0.2		4.1705503158		-1.0
	22769.99999999	3.33559		0.84265     0.2    0.2		4.1705503158		-1.0
	22814.99999999	3.31412		1.27493     0.2    0.2		4.1705503158		-1.0
	22859.99999999	3.52566		1.60905     0.2    0.2		4.1705503158		-1.0
	22904.99999999	3.54914		1.71303     0.2    0.2		4.1705503158		-1.0
	22949.99999999	3.29715		2.19048     0.2    0.2		4.1705503158		-1.0
	22994.99999999	3.08287		2.1706     0.2    0.2		4.1705503158		-1.0
	23039.99999999	3.27081		2.72964     0.2    0.2		4.1705503158		-1.0
	23084.99999999	3.44664		2.92182     0.2    0.2		4.1705503158		-1.0
	23129.99999999	3.23055		-2.76451     0.2    0.2		4.1705503158		-1.0
	23174.99999999	3.30444		-2.47768     0.2    0.2		4.1705503158		-1.0
	23219.99999999	3.29628		-2.24571     0.2    0.2		4.1705503158		-1.0
	23264.99999999	2.81091		-1.62671     0.2    0.2		4.1705503158		-1.0
	23309.99999999	2.77333		-1.71268     0.2    0.2		4.1705503158		-1.0
	23354.99999999	3.31115		-1.10368     0.2    0.2		4.1705503158		-1.0
	23399.99999999	2.96071		-0.93168     0.2    0.2		4.1705503158		-1.0
	23444.99999999	2.68602		-0.47121     0.2    0.2		4.1705503158		-1.0
	23489.99999999	2.73875		0.16782     0.2    0.2		4.1705503158		-1.0
	23534.99999999	2.72121		0.38591     0.2    0.2		4.1705503158		-1.0
	23579.99999999	3.63221		0.71934     0.2    0.2		4.1705503158		-1.0
	23624.99999999	2.82947		1.13849     0.2    0.2		4.1705503158		-1.0
	23669.99999999	3.62097		0.91415     0.2    0.2		4.1705503158		-1.0
	23714.99999999	2.93064		1.0911     0.2    0.2		4.1705503158		-1.0
	23759.99999999	3.32544		1.32962     0.2    0.2		4.1705503158		-1.0
	23804.99999999	2.75346		0.8652     0.2    0.2		4.1705503158		-1.0
	23849.99999999	3.06212		0.7099     0.2    0.2		4.1705503158		-1.0
	23894.99999999	3.50424		0.94191     0.2    0.2		4.1705503158		-1.0
	23939.99999999	2.93378		0.54126     0.2    0.2		4.1705503158		-1.0
	23984.99999999	2.77532		-0.46662     0.2    0.2		4.1705503158		-1.0
	24029.99999999	2.64948		-1.44035     0.2    0.2		4.1705503158		-1.0
	24074.99999999	2.59485		-1.03776     0.2    0.2		4.1705503158		-1.0
	24119.99999999	2.74292		-0.93916     0.2    0.2		4.1705503158		-1.0
	24164.99999999	2.65757		-0.97059     0.2    0.2		4.1705503158		-1.0
	24209.99999999	2.74865		-0.55253     0.2    0.2		4.1705503158		-1.0
	24254.99999999	2.74894		0.29438     0.2    0.2		4.1705503158		-1.0
	24299.99999999	2.79502		0.67144     0.2    0.2		4.1705503158		-1.0
	24344.99999999	2.63125		1.34341     0.2    0.2		4.1705503158		-1.0
	24389.99999999	2.78885		0.9984     0.2    0.2		4.1705503158		-1.0
	24434.99999999	2.67783		1.71107     0.2    0.2		4.1705503158		-1.0
	24479.99999999	2.76426		1.5713     0.2    0.2		4.1705503158		-1.0
	24524.99999999	2.87947		1.86298     0.2    0.2		4.1705503158		-1.0
	24569.99999999	3.7163		2.1659     0.2    0.2		4.1705503158		-1.0
	24614.99999999	3.44929		2.31814     0.2    0.2		4.1705503158		-1.0
	24659.99999999	2.98374		2.86255     0.2    0.2		4.1705503158		-1.0
	24704.99999999	3.03804		2.86271     0.2    0.2		4.1705503158		-1.0
	24749.99999999	3.50762		-3.05077     0.2    0.2		4.1705503158		-1.0
	24794.99999999	3.2438		-2.79776     0.2    0.2		4.1705503158		-1.0
	24839.99999999	3.04708		-2.84174     0.2    0.2		4.1705503158		-1.0
	24884.99999999	2.65643		-2.51486     0.2    0.2		4.1705503158		-1.0
	24929.99999999	3.57149		-2.37609     0.2    0.2		4.1705503158		-1.0
	24974.99999999	3.18119		-2.34412     0.2    0.2		4.1705503158		-1.0
	25019.99999999	2.72468		-2.19762     0.2    0.2		4.1705503158		-1.0
	25064.99999999	3.07656		-2.15341     0.2    0.2		4.1705503158		-1.0
	25109.99999999	3.45003		-1.94174     0.2    0.2		4.1705503158		-1.0
	25154.99999999	2.7803		-2.07787     0.2    0.2		4.1705503158		-1.0
	25199.99999999	3.62534		-1.71561     0.2    0.2		4.1705503158		-1.0
	25244.99999999	3.10123		-1.79105     0.2    0.2		4.1705503158		-1.0
	25289.99999999	3.4118		-1.47574     0.2    0.2		4.1705503158		-1.0
	25334.99999999	2.90724		-1.21411     0.2    0.2		4.1705503158		-1.0
	25379.99999999	3.61261		-0.64673     0.2    0.2		4.1705503158		-1.0
	25424.99999999	3.52745		-0.23915     0.2    0.2		4.1705503158		-1.0
	25469.99999999	3.57119		0.31034     0.2    0.2		4.1705503158		-1.0
	25514.99999999	3.51668		0.73395     0.2    0.2		4.1705503158		-1.0
	25559.99999999	3.35575		0.86076     0.2    0.2		4.1705503158		-1.0
	25604.99999999	3.17621		1.04033     0.2    0.2		4.1705503158		-1.0
	25649.99999999	3.56887		1.23295     0.2    0.2		4.1705503158		-1.0
	25694.99999999	2.52973		1.33527     0.2    0.2		4.1705503158		-1.0
	25739.99999999	3.69291		1.583     0.2    0.2		4.1705503158		-1.0
	25784.99999999	3.19842		1.67299     0.2    0.2		4.1705503158		-1.0
	25829.99999999	3.41296		1.94308     0.2    0.2		4.1705503158		-1.0
	25874.99999999	3.27281		2.319     0.2    0.2		4.1705503158		-1.0
	25919.99999999	3.04958		2.72881     0.2    0.2		4.1705503158		-1.0
	25964.99999999	2.79011		3.10505     0.2    0.2		4.1705503158		-1.0
	26009.99999999	2.71412		2.99975     0.2    0.2		4.1705503158		-1.0
	26054.99999999	2.7245		2.6942     0.2    0.2		4.1705503158		-1.0
	26099.99999999	2.69742		2.47625     0.2    0.2		4.1705503158		-1.0
	26144.99999999	2.74234		2.02943     0.2    0.2		4.1705503158		-1.0
	26189.99999999	2.62698		1.62063     0.2    0.2		4.1705503158		-1.0
	26234.99999999	2.73829		1.20902     0.2    0.2		4.1705503158		-1.0
	26279.99999999	2.64867		0.57013     0.2    0.2		4.1705503158		-1.0
	26324.99999999	2.75831		-0.31115     0.2    0.2		4.1705503158		-1.0
	26369.99999999	2.67036		-1.23427     0.2    0.2		4.1705503158		-1.0
	26414.99999999	2.71869		-1.16601     0.2    0.2		4.1705503158		-1.0
	26459.99999999	2.61661		-1.82262     0.2    0.2		4.1705503158		-1.0
	26504.99999999	2.63803		-1.7797     0.2    0.2		4.1705503158		-1.0
	26549.99999999	2.73083		-2.20306     0.2    0.2		4.1705503158		-1.0
	26594.99999999	3.16468		-2.32643     0.2    0.2		4.1705503158		-1.0
	26639.99999999	3.33629		-2.56045     0.2    0.2		4.1705503158		-1.0
	26684.99999999	3.39651		-2.45188     0.2    0.2		4.1705503158		-1.0
	26729.99999999	3.25941		-2.81747     0.2    0.2		4.1705503158		-1.0
	26774.99999999	3.22387		-2.95526     0.2    0.2		4.1705503158		-1.0
	26819.99999999	3.34296		2.90044     0.2    0.2		4.1705503158		-1.0
	26864.99999999	3.1958		2.46269     0.2    0.2		4.1705503158		-1.0
	26909.99999999	3.53568		2.18933     0.2    0.2		4.1705503158		-1.0
	26954.99999999	3.18586		1.82633     0.2    0.2		4.1705503158		-1.0
	26999.99999999	3.38812		1.57825     0.2    0.2		4.1705503158		-1.0
	27044.99999999	3.53368		1.14722     0.2    0.2		4.1705503158		-1.0
	27089.99999999	2.72646		1.01511     0.2    0.2		4.1705503158		-1.0
	27134.99999999	3.70408		0.47539     0.2    0.2		4.1705503158		-1.0
	27179.99999999	2.60826		-0.09452     0.2    0.2		4.1705503158		-1.0
	27224.99999998	3.45945		-0.1896     0.2    0.2		4.1705503158		-1.0
	27269.99999998	2.77478		-0.64563     0.2    0.2		4.1705503158		-1.0
	27314.99999998	3.4134		-0.91994     0.2    0.2		4.1705503158		-1.0
	27359.99999998	3.29345		-0.87307     0.2    0.2		4.1705503158		-1.0
	27404.99999998	3.53692		-1.21878     0.2    0.2		4.1705503158		-1.0
	27449.99999998	3.30783		-1.45135     0.2    0.2		4.1705503158		-1.0
	27494.99999998	2.88115		-1.34865     0.2    0.2		4.1705503158		-1.0
	27539.99999998	2.68842		-1.92672     0.2    0.2		4.1705503158		-1.0
	27584.99999998	2.81468		-1.91431     0.2    0.2		4.1705503158		-1.0
	27629.99999998	2.76725		-2.40082     0.2    0.2		4.1705503158		-1.0
	27674.99999998	2.96715		-2.35443     0.2    0.2		4.1705503158		-1.0
	27719.99999998	3.69929		-2.35426     0.2    0.2		4.1705503158		-1.0
	27764.99999998	3.4686		-2.69527     0.2    0.2		4.1705503158		-1.0
	27809.99999998	3.5444		-2.68853     0.2    0.2		4.1705503158		-1.0
	27854.99999998	3.52062		-2.77008     0.2    0.2		4.1705503158		-1.0
	27899.99999998	3.51881		3.13874     0.2    0.2		4.1705503158		-1.0
	27944.99999998	3.30339		3.06264     0.2    0.2		4.1705503158		-1.0
	27989.99999998	3.43646		2.80957     0.2    0.2		4.1705503158		-1.0
	28034.99999998	3.36708		2.48811     0.2    0.2		4.1705503158		-1.0
	28079.99999998	3.42666		2.20949     0.2    0.2		4.1705503158		-1.0
	28124.99999998	3.29424		1.82824     0.2    0.2		4.1705503158		-1.0
	28169.99999998	2.83251		1.29245     0.2    0.2		4.1705503158		-1.0
	28214.99999998	2.66096		0.74493     0.2    0.2		4.1705503158		-1.0
	28259.99999998	2.90136		-0.03105     0.2    0.2		4.1705503158		-1.0
	28304.99999998	3.2278		-0.49225     0.2    0.2		4.1705503158		-1.0
	28349.99999998	3.32473		-0.75837     0.2    0.2		4.1705503158		-1.0
	28394.99999998	3.37103		-0.5309     0.2    0.2		4.1705503158		-1.0
	28439.99999998	3.17876		-0.14961     0.2    0.2		4.1705503158		-1.0
	28484.99999998	3.01742		0.16848     0.2    0.2		4.1705503158		-1.0
	28529.99999998	3.14053		0.38816     0.2    0.2		4.1705503158		-1.0
	28574.99999998	2.73975		0.07965     0.2    0.2		4.1705503158		-1.0
	28619.99999998	2.64453		-0.25734     0.2    0.2		4.1705503158		-1.0
	28664.99999998	2.84262		-0.48094     0.2    0.2		4.1705503158		-1.0
	28709.99999998	2.63579		0.06994     0.2    0.2		4.1705503158		-1.0
	28754.99999998	2.69493		0.22354     0.2    0.2		4.1705503158		-1.0
	28799.99999998	2.61971		1.13275     0.2    0.2		4.1705503158		-1.0
	28844.99999998	3.46451		0.47138     0.2    0.2		4.1705503158		-1.0
	28889.99999998	3.17392		1.12749     0.2    0.2		4.1705503158		-1.0
	28934.99999998	3.33766		0.46053     0.2    0.2		4.1705503158		-1.0
	28979.99999998	3.54822		0.72412     0.2    0.2		4.1705503158		-1.0
	29024.99999998	3.40168		-0.06797     0.2    0.2		4.1705503158		-1.0
	29069.99999998	3.49346		0.02964     0.2    0.2		4.1705503158		-1.0
	29114.99999998	3.49203		-0.87863     0.2    0.2		4.1705503158		-1.0
	29159.99999998	3.58023		-0.67889     0.2    0.2		4.1705503158		-1.0
	29204.99999998	2.58598		-1.0445     0.2    0.2		4.1705503158		-1.0
	29249.99999998	3.43423		-0.32989     0.2    0.2		4.1705503158		-1.0
	29294.99999998	3.55092		-0.17503     0.2    0.2		4.1705503158		-1.0
	29339.99999998	3.59328		0.33758     0.2    0.2		4.1705503158		-1.0
	29384.99999998	3.02128		0.62004     0.2    0.2		4.1705503158		-1.0
	29429.99999998	3.82373		0.99598     0.2    0.2		4.1705503158		-1.0
	29474.99999998	4.88712		0.93235     0.2    0.2		4.1705503158		-1.0
	29519.99999998	7.16477		1.09767     0.2    0.2		4.1705503158		-1.0
	29564.99999998	8.84642		1.18174     0.2    0.2		4.1705503158		-1.0
	29609.99999998	10.52291		1.55288     0.2    0.2		4.1705503158		-1.0
	29654.99999998	11.6374		1.96113     0.2    0.2		4.1705503158		-1.0
	29699.99999998	12.60918		3.04556     0.2    0.2		4.1705503158		-1.0
	29744.99999998	13.60977		-2.4499     0.2    0.2		4.1705503158		-1.0
	29789.99999998	14.3943		-2.29615     0.2    0.2		4.1705503158		-1.0
	29834.99999998	15.28941		-2.22958     0.2    0.2		4.1705503158		-1.0
	29879.99999998	16.1408		-2.10605     0.2    0.2		4.1705503158		-1.0
	29924.99999998	17.15953		-2.09053     0.2    0.2		4.1705503158		-1.0
	29969.99999998	18.06245		-2.14157     0.2    0.2		4.1705503158		-1.0
	30014.99999998	19.16364		-2.1405     0.2    0.2		4.1705503158		-1.0
	30059.99999998	20.09335		-2.27759     0.2    0.2		4.1705503158		-1.0
	30104.99999998	21.19009		-1.93562     0.2    0.2		4.1705503158		-1.0
	30149.99999998	21.89335		2.30608     0.2    0.2		4.1705503158		-1.0
	30194.99999998	22.69507		1.15319     0.2    0.2		4.1705503158		-1.0
	30239.99999998	23.37303		1.22037     0.2    0.2		4.1705503158		-1.0
	30284.99999998	24.13649		1.15191     0.2    0.2		4.1705503158		-1.0
	30329.99999998	24.12653		1.18804     0.2    0.2		4.1705503158		-1.0
	30374.99999998	23.67672		-1.4483     0.2    0.2		4.1705503158		-1.0
	30419.99999998	22.95405		-1.35506     0.2    0.2		4.1705503158		-1.0
	30464.99999998	22.1356		-1.34604     0.2    0.2		4.1705503158		-1.0
	30509.99999998	20.92107		-1.39459     0.2    0.2		4.1705503158		-1.0
	30554.99999998	19.85963		-1.32987     0.2    0.2		4.1705503158		-1.0
	30599.99999998	18.53092		-1.50046     0.2    0.2		4.1705503158		-1.0
	30644.99999998	17.52625		-1.46768     0.2    0.2		4.1705503158		-1.0
	30689.99999998	16.37883		-1.57301     0.2    0.2		4.1705503158		-1.0
	30734.99999998	15.53715		-0.73126     0.2    0.2		4.1705503158		-1.0
	30779.99999998	14.73957		0.46875     0.2    0.2		4.1705503158		-1.0
	30824.99999998	14.2372		0.80322     0.2    0.2		4.1705503158		-1.0
	30869.99999998	13.74342		1.08015     0.2    0.2		4.1705503158		-1.0
	30914.99999998	13.06734		1.32247     0.2    0.2		4.1705503158		-1.0
	30959.99999998	12.18955		1.6304     0.2    0.2		4.1705503158		-1.0
	31004.99999998	11.15311		1.93495     0.2    0.2		4.1705503158		-1.0
	31049.99999998	9.86579		2.28066     0.2    0.2		4.1705503158		-1.0
	31094.99999998	8.51385		2.56964     0.2    0.2		4.1705503158		-1.0
	31139.99999998	7.32317		2.98185     0.2    0.2		4.1705503158		-1.0
	31184.99999998	6.27798		3.11476     0.2    0.2		4.1705503158		-1.0
	31229.99999998	5.86643		-2.07976     0.2    0.2		4.1705503158		-1.0
	31274.99999998	6.37408		-2.64498     0.2    0.2		4.1705503158		-1.0
	31319.99999998	7.20933		-2.58393     0.2    0.2		4.1705503158		-1.0
	31364.99999998	7.86811		-2.90345     0.2    0.2		4.1705503158		-1.0
	31409.99999998	8.60381		2.84129     0.2    0.2		4.1705503158		-1.0
	31454.99999998	9.45752		2.88225     0.2    0.2		4.1705503158		-1.0
	31499.99999998	10.5574		2.60606     0.2    0.2		4.1705503158		-1.0
	31544.99999998	11.57637		2.75938     0.2    0.2		4.1705503158		-1.0
	31589.99999998	12.88375		2.57408     0.2    0.2		4.1705503158		-1.0
	31634.99999998	14.20895		2.72346     0.2    0.2		4.1705503158		-1.0
	31679.99999998	15.87025		2.50243     0.2    0.2		4.1705503158		-1.0
	31724.99999998	17.19561		2.80595     0.2    0.2		4.1705503158		-1.0
	31769.99999998	18.81703		-2.2135     0.2    0.2		4.1705503158		-1.0
	31814.99999998	19.91555		-1.66978     0.2    0.2		4.1705503158		-1.0
	31859.99999998	20.95341		-1.74405     0.2    0.2		4.1705503158		-1.0
	31904.99999998	21.92742		-2.5526     0.2    0.2		4.1705503158		-1.0
	31949.99999998	22.78851		-3.08429     0.2    0.2		4.1705503158		-1.0
	31994.99999998	23.87375		2.61474     0.2    0.2		4.1705503158		-1.0
	32039.99999998	24.60475		2.42003     0.2    0.2		4.1705503158		-1.0
	32084.99999998	25.6437		1.81151     0.2    0.2		4.1705503158		-1.0
	32129.99999998	26.11254		1.61925     0.2    0.2		4.1705503158		-1.0
	32174.99999998	26.84573		0.9653     0.2    0.2		4.1705503158		-1.0
	32219.99999998	27.46731		0.8376     0.2    0.2		4.1705503158		-1.0
	32264.99999998	28.41964		0.02303     0.2    0.2		4.1705503158		-1.0
	32309.99999998	29.11531		-0.73107     0.2    0.2		4.1705503158		-1.0
	32354.99999998	29.03578		-2.58158     0.2    0.2		4.1705503158		-1.0
	32399.99999998	28.89793		2.30204     0.2    0.2		4.1705503158		-1.0
	32444.99999998	28.44034		1.71754     0.2    0.2		4.1705503158		-1.0
	32489.99999998	27.69801		1.42532     0.2    0.2		4.1705503158		-1.0
	32534.99999998	26.91763		0.70726     0.2    0.2		4.1705503158		-1.0
	32579.99999998	25.9032		0.12555     0.2    0.2		4.1705503158		-1.0
	32624.99999998	25.31208		-0.21779     0.2    0.2		4.1705503158		-1.0
	32669.99999998	24.87605		-0.28027     0.2    0.2		4.1705503158		-1.0
	32714.99999998	24.76743		-0.35607     0.2    0.2		4.1705503158		-1.0
	32759.99999998	24.26379		-0.70951     0.2    0.2		4.1705503158		-1.0
	32804.99999998	23.96067		-1.29848     0.2    0.2		4.1705503158		-1.0
	32849.99999998	23.20321		-1.78723     0.2    0.2		4.1705503158		-1.0
	32894.99999998	22.72389		-2.61443     0.2    0.2		4.1705503158		-1.0
	32939.99999998	21.83391		2.78046     0.2    0.2		4.1705503158		-1.0
	32984.99999998	20.92162		1.94688     0.2    0.2		4.1705503158		-1.0
	33029.99999998	19.80572		1.22881     0.2    0.2		4.1705503158		-1.0
	33074.99999998	18.8361		0.55636     0.2    0.2		4.1705503158		-1.0
	33119.99999998	17.96615		-0.15881     0.2    0.2		4.1705503158		-1.0
	33164.99999998	16.74802		-1.10392     0.2    0.2		4.1705503158		-1.0
	33209.99999998	16.08579		-1.95088     0.2    0.2		4.1705503158		-1.0
	33254.99999998	15.00584		-2.83146     0.2    0.2		4.1705503158		-1.0
	33299.99999998	14.54085		2.52128     0.2    0.2		4.1705503158		-1.0
	33344.99999998	14.02828		1.64585     0.2    0.2		4.1705503158		-1.0
	33389.99999998	13.80717		0.95947     0.2    0.2		4.1705503158		-1.0
	33434.99999998	13.28078		0.2177     0.2    0.2		4.1705503158		-1.0
	33479.99999998	12.54137		-0.52991     0.2    0.2		4.1705503158		-1.0
	33524.99999998	11.65201		-1.57002     0.2    0.2		4.1705503158		-1.0
	33569.99999998	10.72486		3.04444     0.2    0.2		4.1705503158		-1.0
	33614.99999998	9.87288		0.71452     0.2    0.2		4.1705503158		-1.0
	33659.99999998	9.20181		-0.4486     0.2    0.2		4.1705503158		-1.0
	33704.99999998	8.9465		-1.27261     0.2    0.2		4.1705503158		-1.0
	33749.99999997	8.7251		-2.17434     0.2    0.2		4.1705503158		-1.0
	33794.99999997	8.92974		-3.06272     0.2    0.2		4.1705503158		-1.0
	33839.99999997	9.10581		2.45585     0.2    0.2		4.1705503158		-1.0
	33884.99999997	9.40871		2.09576     0.2    0.2		4.1705503158		-1.0
	33929.99999997	9.5253		2.61115     0.2    0.2		4.1705503158		-1.0
	33974.99999997	10.14728		-2.28212     0.2    0.2		4.1705503158		-1.0
	34019.99999997	10.73045		-1.64626     0.2    0.2		4.1705503158		-1.0
	34064.99999997	11.48895		-1.51522     0.2    0.2		4.1705503158		-1.0
	34109.99999997	12.18733		-1.94915     0.2    0.2		4.1705503158		-1.0
	34154.99999997	12.80981		-2.79957     0.2    0.2		4.1705503158		-1.0
	34199.99999997	13.37065		2.86941     0.2    0.2		4.1705503158		-1.0
	34244.99999997	14.10222		2.98636     0.2    0.2		4.1705503158		-1.0
	34289.99999997	15.26893		-3.12506     0.2    0.2		4.1705503158		-1.0
	34334.99999997	16.46414		-2.87932     0.2    0.2		4.1705503158		-1.0
	34379.99999997	17.77258		3.06457     0.2    0.2		4.1705503158		-1.0
	34424.99999997	19.04196		-0.77551     0.2    0.2		4.1705503158		-1.0
	34469.99999997	20.21675		2.00839     0.2    0.2		4.1705503158		-1.0
	34514.99999997	20.93768		2.7281     0.2    0.2		4.1705503158		-1.0
	34559.99999997	21.51179		2.83772     0.2    0.2		4.1705503158		-1.0
	34604.99999997	22.16665		3.08559     0.2    0.2		4.1705503158		-1.0
	34649.99999997	22.89843		-2.9025     0.2    0.2		4.1705503158		-1.0
	34694.99999997	23.74894		-2.48998     0.2    0.2		4.1705503158		-1.0
	34739.99999997	24.66408		-2.21155     0.2    0.2		4.1705503158		-1.0
	34784.99999997	25.87577		-1.90493     0.2    0.2		4.1705503158		-1.0
	34829.99999997	27.05729		-1.62469     0.2    0.2		4.1705503158		-1.0
	34874.99999997	27.18055		-1.42357     0.2    0.2		4.1705503158		-1.0
	34919.99999997	27.52896		-1.17838     0.2    0.2		4.1705503158		-1.0
	34964.99999997	28.26044		-0.78626     0.2    0.2		4.1705503158		-1.0
	35009.99999997	29.22123		-0.81932     0.2    0.2		4.1705503158		-1.0
	35054.99999997	30.4481		-0.94191     0.2    0.2		4.1705503158		-1.0
	35099.99999997	31.04805		-1.21943     0.2    0.2		4.1705503158		-1.0
	35144.99999997	30.32621		-1.40668     0.2    0.2		4.1705503158		-1.0
	35189.99999997	29.43022		-1.46345     0.2    0.2		4.1705503158		-1.0
	35234.99999997	28.6153		-2.09453     0.2    0.2		4.1705503158		-1.0
	35279.99999997	27.79413		-2.30707     0.2    0.2		4.1705503158		-1.0
	35324.99999997	27.01119		1.52418     0.2    0.2		4.1705503158		-1.0
	35369.99999997	26.20423		1.47412     0.2    0.2		4.1705503158		-1.0
	35414.99999997	25.34117		1.1949     0.2    0.2		4.1705503158		-1.0
	35459.99999997	24.82759		-0.66317     0.2    0.2		4.1705503158		-1.0
	35504.99999997	24.29664		-1.37692     0.2    0.2		4.1705503158		-1.0
	35549.99999997	24.20723		-2.09222     0.2    0.2		4.1705503158		-1.0
	35594.99999997	24.25979		-2.52149     0.2    0.2		4.1705503158		-1.0
	35639.99999997	24.57843		-3.01681     0.2    0.2		4.1705503158		-1.0
	35684.99999997	24.79962		2.82874     0.2    0.2		4.1705503158		-1.0
	35729.99999997	24.51031		2.53101     0.2    0.2		4.1705503158		-1.0
	35774.99999997	24.06599		2.2786     0.2    0.2		4.1705503158		-1.0
	35819.99999997	23.83841		1.38759     0.2    0.2		4.1705503158		-1.0
	35864.99999997	23.48661		-0.90867     0.2    0.2		4.1705503158		-1.0
	35909.99999997	22.92822		-1.62239     0.2    0.2		4.1705503158		-1.0
	35954.99999997	22.34565		-2.11123     0.2    0.2		4.1705503158		-1.0
	35999.99999997	21.7156		-2.93427     0.2    0.2		4.1705503158		-1.0
	36044.99999997	21.09737		2.25602     0.2    0.2		4.1705503158		-1.0
	36089.99999997	20.39288		2.37879     0.2    0.2		4.1705503158		-1.0
	36134.99999997	19.63394		2.17762     0.2    0.2		4.1705503158		-1.0
	36179.99999997	18.69218		2.88149     0.2    0.2		4.1705503158		-1.0
	36224.99999997	17.74816		2.66335     0.2    0.2		4.1705503158		-1.0
	36269.99999997	16.7485		-3.02092     0.2    0.2		4.1705503158		-1.0
	36314.99999997	15.92813		3.1053     0.2    0.2		4.1705503158		-1.0
	36359.99999997	15.04604		-2.63632     0.2    0.2		4.1705503158		-1.0
	36404.99999997	14.20543		-2.68019     0.2    0.2		4.1705503158		-1.0
	36449.99999997	13.17163		-2.16209     0.2    0.2		4.1705503158		-1.0
	36494.99999997	12.34994		-2.10352     0.2    0.2		4.1705503158		-1.0
	36539.99999997	11.53661		-0.51553     0.2    0.2		4.1705503158		-1.0
	36584.99999997	11.0591		0.04346     0.2    0.2		4.1705503158		-1.0
	36629.99999997	10.57192		0.00416     0.2    0.2		4.1705503158		-1.0
	36674.99999997	10.19656		0.11756     0.2    0.2		4.1705503158		-1.0
	36719.99999997	9.44635		0.28923     0.2    0.2		4.1705503158		-1.0
	36764.99999997	8.60704		0.31659     0.2    0.2		4.1705503158		-1.0
	36809.99999997	7.71679		0.61809     0.2    0.2		4.1705503158		-1.0
	36854.99999997	6.4921		0.83305     0.2    0.2		4.1705503158		-1.0
	36899.99999997	5.6658		1.16808     0.2    0.2		4.1705503158		-1.0
	36944.99999997	5.62136		1.41212     0.2    0.2		4.1705503158		-1.0
	36989.99999997	6.39277		1.46136     0.2    0.2		4.1705503158		-1.0
	37034.99999997	7.78166		1.48809     0.2    0.2		4.1705503158		-1.0
	37079.99999997	9.45256		1.47145     0.2    0.2		4.1705503158		-1.0
	37124.99999997	10.92706		1.70214     0.2    0.2		4.1705503158		-1.0
	37169.99999997	12.20418		1.67941     0.2    0.2		4.1705503158		-1.0
	37214.99999997	13.30557		1.99144     0.2    0.2		4.1705503158		-1.0
	37259.99999997	14.50508		2.16984     0.2    0.2		4.1705503158		-1.0
	37304.99999997	15.28533		2.47808     0.2    0.2		4.1705503158		-1.0
	37349.99999997	16.03661		2.84565     0.2    0.2		4.1705503158		-1.0
	37394.99999997	16.48575		3.12698     0.2    0.2		4.1705503158		-1.0
	37439.99999997	17.21679		-3.10464     0.2    0.2		4.1705503158		-1.0
	37484.99999997	17.73079		-2.98889     0.2    0.2		4.1705503158		-1.0
	37529.99999997	18.61845		-2.71683     0.2    0.2		4.1705503158		-1.0
	37574.99999997	19.40148		-2.63682     0.2    0.2		4.1705503158		-1.0
	37619.99999997	20.66232		-2.48999     0.2    0.2		4.1705503158		-1.0
	37664.99999997	21.99709		-2.42113     0.2    0.2		4.1705503158		-1.0
	37709.99999997	23.57444		-2.24371     0.2    0.2		4.1705503158		-1.0
	37754.99999997	24.45655		-2.04981     0.2    0.2		4.1705503158		-1.0
	37799.99999997	23.51358		-1.84368     0.2    0.2		4.1705503158		-1.0
	37844.99999997	23.05077		-0.09181     0.2    0.2		4.1705503158		-1.0
	37889.99999997	22.54053		-0.58184     0.2    0.2		4.1705503158		-1.0
	37934.99999997	22.25221		-0.72269     0.2    0.2		4.1705503158		-1.0
	37979.99999997	21.67957		-0.95753     0.2    0.2		4.1705503158		-1.0
	38024.99999997	21.09042		-1.18362     0.2    0.2		4.1705503158		-1.0
	38069.99999997	20.31516		-1.36222     0.2    0.2		4.1705503158		-1.0
	38114.99999997	19.77939		-1.4659     0.2    0.2		4.1705503158		-1.0
	38159.99999997	19.01808		-1.54742     0.2    0.2		4.1705503158		-1.0
	38204.99999997	18.10672		-1.64814     0.2    0.2		4.1705503158		-1.0
	38249.99999997	17.39864		-2.0606     0.2    0.2		4.1705503158		-1.0
	38294.99999997	16.50639		-2.16867     0.2    0.2		4.1705503158		-1.0
	38339.99999997	16.17346		2.96029     0.2    0.2		4.1705503158		-1.0
	38384.99999997	15.52969		1.03817     0.2    0.2		4.1705503158		-1.0
	38429.99999997	15.7276		0.1078     0.2    0.2		4.1705503158		-1.0
	38474.99999997	15.43263		-0.67074     0.2    0.2		4.1705503158		-1.0
	38519.99999997	15.79996		-1.18877     0.2    0.2		4.1705503158		-1.0
	38564.99999997	15.52904		-1.7582     0.2    0.2		4.1705503158		-1.0
	38609.99999997	15.78396		-2.54761     0.2    0.2		4.1705503158		-1.0
	38654.99999997	15.34741		3.1239     0.2    0.2		4.1705503158		-1.0
	38699.99999997	15.63024		2.3906     0.2    0.2		4.1705503158		-1.0
	38744.99999997	15.457		0.862     0.2    0.2		4.1705503158		-1.0
	38789.99999997	15.48723		-0.74917     0.2    0.2		4.1705503158		-1.0
	38834.99999997	15.49049		-1.59088     0.2    0.2		4.1705503158		-1.0
	38879.99999997	15.06629		-2.31649     0.2    0.2		4.1705503158		-1.0
	38924.99999997	14.4716		3.10388     0.2    0.2		4.1705503158		-1.0
	38969.99999997	13.46784		2.31746     0.2    0.2		4.1705503158		-1.0
	39014.99999997	12.90684		1.32313     0.2    0.2		4.1705503158		-1.0
	39059.99999997	11.68616		0.32541     0.2    0.2		4.1705503158		-1.0
	39104.99999997	10.85517		-0.59048     0.2    0.2		4.1705503158		-1.0
	39149.99999997	9.70638		-1.29698     0.2    0.2		4.1705503158		-1.0
	39194.99999997	8.98151		-2.02733     0.2    0.2		4.1705503158		-1.0
	39239.99999997	7.69929		-2.83924     0.2    0.2		4.1705503158		-1.0
	39284.99999997	6.50777		2.50208     0.2    0.2		4.1705503158		-1.0
	39329.99999997	5.5508		1.61266     0.2    0.2		4.1705503158		-1.0
	39374.99999997	5.66158		0.0957     0.2    0.2		4.1705503158		-1.0
	39419.99999997	7.06763		-1.3413     0.2    0.2		4.1705503158		-1.0
	39464.99999997	8.5261		-1.58335     0.2    0.2		4.1705503158		-1.0
	39509.99999997	10.37519		-1.39292     0.2    0.2		4.1705503158		-1.0
	39554.99999997	11.79286		-1.17367     0.2    0.2		4.1705503158		-1.0
	39599.99999997	12.79195		-0.81003     0.2    0.2		4.1705503158		-1.0
	39644.99999997	13.47656		-1.26143     0.2    0.2		4.1705503158		-1.0
	39689.99999997	13.75858		-3.10587     0.2    0.2		4.1705503158		-1.0
	39734.99999997	13.90136		-2.88369     0.2    0.2		4.1705503158		-1.0
	39779.99999997	13.84393		-2.97756     0.2    0.2		4.1705503158		-1.0
	39824.99999997	14.35736		-2.9967     0.2    0.2		4.1705503158		-1.0
	39869.99999997	14.85015		-2.93642     0.2    0.2		4.1705503158		-1.0
	39914.99999997	16.04136		-2.63406     0.2    0.2		4.1705503158		-1.0
	39959.99999997	17.03969		-2.08386     0.2    0.2		4.1705503158		-1.0
	40004.99999997	17.95933		-1.26443     0.2    0.2		4.1705503158		-1.0
	40049.99999997	18.8793		-0.35595     0.2    0.2		4.1705503158		-1.0
	40094.99999997	19.52556		0.38938     0.2    0.2		4.1705503158		-1.0
	40139.99999997	20.3483		1.05356     0.2    0.2		4.1705503158		-1.0
	40184.99999997	20.7447		1.65798     0.2    0.2		4.1705503158		-1.0
	40229.99999996	21.58352		2.17985     0.2    0.2		4.1705503158		-1.0
	40274.99999996	22.5249		2.33596     0.2    0.2		4.1705503158		-1.0
	40319.99999996	23.54121		1.77065     0.2    0.2		4.1705503158		-1.0
	40364.99999996	24.1519		0.47859     0.2    0.2		4.1705503158		-1.0
	40409.99999996	24.34733		0.72973     0.2    0.2		4.1705503158		-1.0
	40454.99999996	24.62746		-1.80975     0.2    0.2		4.1705503158		-1.0
	40499.99999996	24.74528		-2.57381     0.2    0.2		4.1705503158		-1.0
	40544.99999996	24.87636		3.03371     0.2    0.2		4.1705503158		-1.0
	40589.99999996	25.27458		3.0456     0.2    0.2		4.1705503158		-1.0
	40634.99999996	26.17994		-3.00747     0.2    0.2		4.1705503158		-1.0
	40679.99999996	26.14278		1.02567     0.2    0.2		4.1705503158		-1.0
	40724.99999996	25.80616		0.42054     0.2    0.2		4.1705503158		-1.0
	40769.99999996	25.40201		-0.08774     0.2    0.2		4.1705503158		-1.0
	40814.99999996	24.80696		-0.47074     0.2    0.2		4.1705503158		-1.0
	40859.99999996	24.11413		-0.95728     0.2    0.2		4.1705503158		-1.0
	40904.99999996	23.36785		-1.3751     0.2    0.2		4.1705503158		-1.0
	40949.99999996	22.81184		-2.12236     0.2    0.2		4.1705503158		-1.0
	40994.99999996	22.41816		-3.03267     0.2    0.2		4.1705503158		-1.0
	41039.99999996	22.54915		2.67391     0.2    0.2		4.1705503158		-1.0
	41084.99999996	23.38123		2.10482     0.2    0.2		4.1705503158		-1.0
	41129.99999996	24.48207		1.67264     0.2    0.2		4.1705503158		-1.0
	41174.99999996	25.55496		1.15488     0.2    0.2		4.1705503158		-1.0
	41219.99999996	26.44967		0.55653     0.2    0.2		4.1705503158		-1.0
	41264.99999996	27.38558		-0.03551     0.2    0.2		4.1705503158		-1.0
	41309.99999996	28.03869		-0.54569     0.2    0.2		4.1705503158		-1.0
	41354.99999996	28.61273		-0.78265     0.2    0.2		4.1705503158		-1.0
	41399.99999996	29.09761		-0.88973     0.2    0.2		4.1705503158		-1.0
	41444.99999996	29.57107		-1.33576     0.2    0.2		4.1705503158		-1.0
	41489.99999996	30.03398		-1.56127     0.2    0.2		4.1705503158		-1.0
	41534.99999996	30.10588		-1.98802     0.2    0.2		4.1705503158		-1.0
	41579.99999996	29.34291		-2.40416     0.2    0.2		4.1705503158		-1.0
	41624.99999996	29.26872		-3.04494     0.2    0.2		4.1705503158		-1.0
	41669.99999996	28.94648		2.7074     0.2    0.2		4.1705503158		-1.0
	41714.99999996	29.50728		2.08816     0.2    0.2		4.1705503158		-1.0
	41759.99999996	29.90615		1.84739     0.2    0.2		4.1705503158		-1.0
	41804.99999996	29.65983		1.14703     0.2    0.2		4.1705503158		-1.0
	41849.99999996	29.44071		0.71295     0.2    0.2		4.1705503158		-1.0
	41894.99999996	29.30952		0.00952     0.2    0.2		4.1705503158		-1.0
	41939.99999996	29.41074		-0.62677     0.2    0.2		4.1705503158		-1.0
	41984.99999996	30.07714		-1.27184     0.2    0.2		4.1705503158		-1.0
	42029.99999996	30.44748		-1.57826     0.2    0.2		4.1705503158		-1.0
	42074.99999996	30.57549		-2.21258     0.2    0.2		4.1705503158		-1.0
	42119.99999996	30.98718		2.3898     0.2    0.2		4.1705503158		-1.0
	42164.99999996	30.72212		3.1055     0.2    0.2		4.1705503158		-1.0
	42209.99999996	29.63461		-3.0061     0.2    0.2		4.1705503158		-1.0
	42254.99999996	28.83139		-2.36191     0.2    0.2		4.1705503158		-1.0
	42299.99999996	27.94555		-2.575     0.2    0.2		4.1705503158		-1.0
	42344.99999996	27.07033		-2.3147     0.2    0.2		4.1705503158		-1.0
	42389.99999996	26.17542		-2.58898     0.2    0.2		4.1705503158		-1.0
	42434.99999996	24.94611		-2.34655     0.2    0.2		4.1705503158		-1.0
	42479.99999996	24.54965		-2.531     0.2    0.2		4.1705503158		-1.0
	42524.99999996	23.94581		-0.23636     0.2    0.2		4.1705503158		-1.0
	42569.99999996	23.56151		0.50227     0.2    0.2		4.1705503158		-1.0
	42614.99999996	23.08278		0.46547     0.2    0.2		4.1705503158		-1.0
	42659.99999996	22.93236		0.5168     0.2    0.2		4.1705503158		-1.0
	42704.99999996	22.15543		0.55248     0.2    0.2		4.1705503158		-1.0
	42749.99999996	21.29815		0.53327     0.2    0.2		4.1705503158		-1.0
	42794.99999996	20.21423		0.53526     0.2    0.2		4.1705503158		-1.0
	42839.99999996	19.26982		0.52871     0.2    0.2		4.1705503158		-1.0
	42884.99999996	18.3722		0.64536     0.2    0.2		4.1705503158		-1.0
	42929.99999996	17.09736		0.71026     0.2    0.2		4.1705503158		-1.0
	42974.99999996	15.85162		0.81108     0.2    0.2		4.1705503158		-1.0
	43019.99999996	14.61963		0.83467     0.2    0.2		4.1705503158		-1.0
	43064.99999996	13.58581		0.90819     0.2    0.2		4.1705503158		-1.0
	43109.99999996	12.10906		0.89208     0.2    0.2		4.1705503158		-1.0
	43154.99999996	10.89179		1.01932     0.2    0.2		4.1705503158		-1.0
	43199.99999996	9.18751		1.09229     0.2    0.2		4.1705503158		-1.0
	43244.99999996	8.24302		1.28167     0.2    0.2		4.1705503158		-1.0
	43289.99999996	6.7559		1.42743     0.2    0.2		4.1705503158		-1.0
	43334.99999996	6.15451		1.8115     0.2    0.2		4.1705503158		-1.0
	43379.99999996	5.99538		2.12511     0.2    0.2		4.1705503158		-1.0
	43424.99999996	7.2122		2.25156     0.2    0.2		4.1705503158		-1.0
	43469.99999996	8.84129		2.15045     0.2    0.2		4.1705503158		-1.0
	43514.99999996	10.26667		2.38542     0.2    0.2		4.1705503158		-1.0
	43559.99999996	11.74494		2.54748     0.2    0.2		4.1705503158		-1.0
	43604.99999996	12.77527		-1.90837     0.2    0.2		4.1705503158		-1.0
	43649.99999996	13.2505		-0.79389     0.2    0.2		4.1705503158		-1.0
	43694.99999996	13.50222		-0.34341     0.2    0.2		4.1705503158		-1.0
	43739.99999996	13.28449		0.12186     0.2    0.2		4.1705503158		-1.0
	43784.99999996	13.32558		0.41026     0.2    0.2		4.1705503158		-1.0
	43829.99999996	13.0008		1.02658     0.2    0.2		4.1705503158		-1.0
	43874.99999996	12.9073		2.16519     0.2    0.2		4.1705503158		-1.0
	43919.99999996	12.2298		2.99318     0.2    0.2		4.1705503158		-1.0
	43964.99999996	11.59413		-2.73609     0.2    0.2		4.1705503158		-1.0
	44009.99999996	10.80098		-2.4874     0.2    0.2		4.1705503158		-1.0
	44054.99999996	10.65085		-0.21136     0.2    0.2		4.1705503158		-1.0
	44099.99999996	11.02325		0.77041     0.2    0.2		4.1705503158		-1.0
	44144.99999996	11.90073		0.89104     0.2    0.2		4.1705503158		-1.0
	44189.99999996	12.87716		0.98544     0.2    0.2		4.1705503158		-1.0
	44234.99999996	14.44823		1.07688     0.2    0.2		4.1705503158		-1.0
	44279.99999996	15.96288		1.44133     0.2    0.2		4.1705503158		-1.0
	44324.99999996	17.52529		1.86976     0.2    0.2		4.1705503158		-1.0
	44369.99999996	18.91395		2.26809     0.2    0.2		4.1705503158		-1.0
	44414.99999996	20.09463		2.97804     0.2    0.2		4.1705503158		-1.0
	44459.99999996	21.02308		-2.79129     0.2    0.2		4.1705503158		-1.0
	44504.99999996	21.91911		-1.8944     0.2    0.2		4.1705503158		-1.0
	44549.99999996	22.73553		-1.38503     0.2    0.2		4.1705503158		-1.0
	44594.99999996	22.52892		-0.84075     0.2    0.2		4.1705503158		-1.0
	44639.99999996	22.76824		-0.92325     0.2    0.2		4.1705503158		-1.0
	44684.99999996	22.96454		-0.97256     0.2    0.2		4.1705503158		-1.0
	44729.99999996	23.80687		-0.86878     0.2    0.2		4.1705503158		-1.0
	44774.99999996	24.2644		-0.48547     0.2    0.2		4.1705503158		-1.0
	44819.99999996	24.39696		2.79566     0.2    0.2		4.1705503158		-1.0
	44864.99999996	23.98999		2.53049     0.2    0.2		4.1705503158		-1.0
	44909.99999996	23.63009		1.89655     0.2    0.2		4.1705503158		-1.0
	44954.99999996	22.99375		1.79404     0.2    0.2		4.1705503158		-1.0
	44999.99999996	22.42889		1.01525     0.2    0.2		4.1705503158		-1.0
	45044.99999996	21.5636		0.89828     0.2    0.2		4.1705503158		-1.0
	45089.99999996	21.26497		2.02036     0.2    0.2		4.1705503158		-1.0
	45134.99999996	20.63914		2.10384     0.2    0.2		4.1705503158		-1.0
	45179.99999996	20.84394		2.63044     0.2    0.2		4.1705503158		-1.0
	45224.99999996	20.45229		2.97866     0.2    0.2		4.1705503158		-1.0
	45269.99999996	20.84287		-2.81801     0.2    0.2		4.1705503158		-1.0
	45314.99999996	20.4553		-2.40448     0.2    0.2		4.1705503158		-1.0
	45359.99999996	20.49776		-1.85649     0.2    0.2		4.1705503158		-1.0
	45404.99999996	19.94616		-1.51803     0.2    0.2		4.1705503158		-1.0
	45449.99999996	20.61807		-1.06858     0.2    0.2		4.1705503158		-1.0
	45494.99999996	20.4672		-0.82619     0.2    0.2		4.1705503158		-1.0
	45539.99999996	21.09935		-0.40736     0.2    0.2		4.1705503158		-1.0
	45584.99999996	20.93533		0.02297     0.2    0.2		4.1705503158		-1.0
	45629.99999996	21.50366		0.29065     0.2    0.2		4.1705503158		-1.0
	45674.99999996	21.62613		0.74902     0.2    0.2		4.1705503158		-1.0
	45719.99999996	22.53899		1.11408     0.2    0.2		4.1705503158		-1.0
	45764.99999996	22.70103		1.84147     0.2    0.2		4.1705503158		-1.0
	45809.99999996	23.18702		2.4395     0.2    0.2		4.1705503158		-1.0
	45854.99999996	23.13963		-3.13645     0.2    0.2		4.1705503158		-1.0
	45899.99999996	23.61328		-2.43198     0.2    0.2		4.1705503158		-1.0
	45944.99999996	23.82396		-1.7871     0.2    0.2		4.1705503158		-1.0
	45989.99999996	24.68669		0.62884     0.2    0.2		4.1705503158		-1.0
	46034.99999996	24.69614		-0.00524     0.2    0.2		4.1705503158		-1.0
	46079.99999996	23.52864		0.12481     0.2    0.2		4.1705503158		-1.0
	46124.99999996	22.34887		0.59732     0.2    0.2		4.1705503158		-1.0
	46169.99999996	21.80202		0.71882     0.2    0.2		4.1705503158		-1.0
	46214.99999996	21.57939		0.56704     0.2    0.2		4.1705503158		-1.0
	46259.99999996	21.77229		0.13477     0.2    0.2		4.1705503158		-1.0
	46304.99999996	22.04841		-0.7783     0.2    0.2		4.1705503158		-1.0
	46349.99999996	21.09756		-1.68674     0.2    0.2		4.1705503158		-1.0
	46394.99999996	19.98649		-1.81465     0.2    0.2		4.1705503158		-1.0
	46439.99999996	19.03066		-1.8315     0.2    0.2		4.1705503158		-1.0
	46484.99999996	18.80306		-1.5982     0.2    0.2		4.1705503158		-1.0
	46529.99999996	18.20607		-1.62241     0.2    0.2		4.1705503158		-1.0
	46574.99999996	17.2662		-1.70985     0.2    0.2		4.1705503158		-1.0
	46619.99999996	16.00744		-1.84563     0.2    0.2		4.1705503158		-1.0
	46664.99999996	14.51169		-1.76311     0.2    0.2		4.1705503158		-1.0
	46709.99999996	13.34886		-1.5627     0.2    0.2		4.1705503158		-1.0
	46754.99999995	11.84556		-1.12852     0.2    0.2		4.1705503158		-1.0
	46799.99999995	11.03369		0.53086     0.2    0.2		4.1705503158		-1.0
	46844.99999995	10.385		0.47306     0.2    0.2		4.1705503158		-1.0
	46889.99999995	10.14694		0.61421     0.2    0.2		4.1705503158		-1.0
	46934.99999995	10.14376		0.68681     0.2    0.2		4.1705503158		-1.0
	46979.99999995	10.8189		0.94755     0.2    0.2		4.1705503158		-1.0
	47024.99999995	11.60041		1.25585     0.2    0.2		4.1705503158		-1.0
	47069.99999995	12.40731		2.02128     0.2    0.2		4.1705503158		-1.0
	47114.99999995	12.64325		-2.36668     0.2    0.2		4.1705503158		-1.0
	47159.99999995	12.77718		-1.52744     0.2    0.2		4.1705503158		-1.0
	47204.99999995	12.48738		-0.80599     0.2    0.2		4.1705503158		-1.0
	47249.99999995	12.20491		-0.90931     0.2    0.2		4.1705503158		-1.0
	47294.99999995	12.02492		-1.23619     0.2    0.2		4.1705503158		-1.0
	47339.99999995	12.22436		-1.74165     0.2    0.2		4.1705503158		-1.0
	47384.99999995	12.78051		-1.53461     0.2    0.2		4.1705503158		-1.0
	47429.99999995	13.05348		-0.09868     0.2    0.2		4.1705503158		-1.0
	47474.99999995	12.6947		0.02431     0.2    0.2		4.1705503158		-1.0
	47519.99999995	11.41496		-0.09831     0.2    0.2		4.1705503158		-1.0
	47564.99999995	10.48665		-0.43698     0.2    0.2		4.1705503158		-1.0
	47609.99999995	9.98919		-1.98298     0.2    0.2		4.1705503158		-1.0
	47654.99999995	10.00122		-2.6902     0.2    0.2		4.1705503158		-1.0
	47699.99999995	10.31908		-2.97317     0.2    0.2		4.1705503158		-1.0
	47744.99999995	11.33863		-3.06259     0.2    0.2		4.1705503158		-1.0
	47789.99999995	12.50782		3.05537     0.2    0.2		4.1705503158		-1.0
	47834.99999995	13.90109		2.77598     0.2    0.2		4.1705503158		-1.0
	47879.99999995	15.02665		2.10295     0.2    0.2		4.1705503158		-1.0
	47924.99999995	16.47437		1.84993     0.2    0.2		4.1705503158		-1.0
	47969.99999995	18.03556		1.71018     0.2    0.2		4.1705503158		-1.0
	48014.99999995	19.56312		1.68134     0.2    0.2		4.1705503158		-1.0
	48059.99999995	20.47591		-0.04856     0.2    0.2		4.1705503158		-1.0
	48104.99999995	21.49134		-0.77803     0.2    0.2		4.1705503158		-1.0
	48149.99999995	21.7463		-0.39567     0.2    0.2		4.1705503158		-1.0
	48194.99999995	21.94389		-0.0211     0.2    0.2		4.1705503158		-1.0
	48239.99999995	21.83563		0.06262     0.2    0.2		4.1705503158		-1.0
	48284.99999995	22.55112		-0.03676     0.2    0.2		4.1705503158		-1.0
	48329.99999995	23.29426		-0.04701     0.2    0.2		4.1705503158		-1.0
	48374.99999995	24.05853		-0.26675     0.2    0.2		4.1705503158		-1.0
	48419.99999995	24.74022		-0.37179     0.2    0.2		4.1705503158		-1.0
	48464.99999995	24.51392		-0.76629     0.2    0.2		4.1705503158		-1.0
	48509.99999995	24.51969		-1.10757     0.2    0.2		4.1705503158		-1.0
	48554.99999995	24.79718		-1.67927     0.2    0.2		4.1705503158		-1.0
	48599.99999995	25.65607		-2.47838     0.2    0.2		4.1705503158		-1.0
	48644.99999995	26.26294		3.047     0.2    0.2		4.1705503158		-1.0
	48689.99999995	26.89538		2.16605     0.2    0.2		4.1705503158		-1.0
	48734.99999995	27.50194		1.49533     0.2    0.2		4.1705503158		-1.0
	48779.99999995	28.00422		0.66629     0.2    0.2		4.1705503158		-1.0
	48824.99999995	28.90296		0.08149     0.2    0.2		4.1705503158		-1.0
	48869.99999995	29.52187		-0.28654     0.2    0.2		4.1705503158		-1.0
	48914.99999995	30.81268		-0.49954     0.2    0.2		4.1705503158		-1.0
	48959.99999995	31.71376		-0.57695     0.2    0.2		4.1705503158		-1.0
	49004.99999995	32.77655		0.56282     0.2    0.2		4.1705503158		-1.0
	49049.99999995	32.01384		0.45042     0.2    0.2		4.1705503158		-1.0
	49094.99999995	30.594		0.31624     0.2    0.2		4.1705503158		-1.0
	49139.99999995	29.21731		0.43607     0.2    0.2		4.1705503158		-1.0
	49184.99999995	27.67814		0.45193     0.2    0.2		4.1705503158		-1.0
	49229.99999995	26.01038		0.59854     0.2    0.2		4.1705503158		-1.0
	49274.99999995	24.45948		0.73783     0.2    0.2		4.1705503158		-1.0
	49319.99999995	22.99023		0.8966     0.2    0.2		4.1705503158		-1.0
	49364.99999995	22.11682		1.54809     0.2    0.2		4.1705503158		-1.0
	49409.99999995	21.53636		2.34033     0.2    0.2		4.1705503158		-1.0
	49454.99999995	21.14046		2.59476     0.2    0.2		4.1705503158		-1.0
	49499.99999995	21.35492		3.04403     0.2    0.2		4.1705503158		-1.0
	49544.99999995	21.54669		-2.76831     0.2    0.2		4.1705503158		-1.0
	49589.99999995	21.59125		-2.3949     0.2    0.2		4.1705503158		-1.0
	49634.99999995	21.00281		-2.11066     0.2    0.2		4.1705503158		-1.0
	49679.99999995	20.14457		-2.00463     0.2    0.2		4.1705503158		-1.0
	49724.99999995	18.91837		-1.97665     0.2    0.2		4.1705503158		-1.0
	49769.99999995	17.55478		-1.95915     0.2    0.2		4.1705503158		-1.0
	49814.99999995	16.48822		-1.83112     0.2    0.2		4.1705503158		-1.0
	49859.99999995	15.26826		-1.58498     0.2    0.2		4.1705503158		-1.0
	49904.99999995	13.65651		-1.34752     0.2    0.2		4.1705503158		-1.0
	49949.99999995	12.4315		-0.84446     0.2    0.2		4.1705503158		-1.0
	49994.99999995	11.11754		-0.61268     0.2    0.2		4.1705503158		-1.0
