	45.00000000	2.914		2.21411     0.2    0.2		4.1705503158		-1.0
	90.00000000	2.898		2.13269     0.2    0.2		4.1705503158		-1.0
	135.00000000	2.83917		2.36204     0.2    0.2		4.1705503158		-1.0
	180.00000000	3.00275		2.29024     0.2    0.2		4.1705503158		-1.0
	225.00000000	3.11512		2.55714     0.2    0.2		4.1705503158		-1.0
	270.00000000	2.92648		2.38097     0.2    0.2		4.1705503158		-1.0
	315.00000000	2.88627		2.67909     0.2    0.2		4.1705503158		-1.0
	360.00000000	2.84882		3.00431     0.2    0.2		4.1705503158		-1.0
	405.00000000	2.97019		2.87866     0.2    0.2		4.1705503158		-1.0
	450.00000000	2.93262		-2.78754     0.2    0.2		4.1705503158		-1.0
	495.00000000	2.97168		-2.7886     0.2    0.2		4.1705503158		-1.0
	540.00000000	2.79839		-2.43042     0.2    0.2		4.1705503158		-1.0
	585.00000000	2.94168		-2.21512     0.2    0.2		4.1705503158		-1.0
	630.00000000	2.90784		-2.04599     0.2    0.2		4.1705503158		-1.0
	675.00000000	3.00655		-1.93437     0.2    0.2		4.1705503158		-1.0
	720.00000000	3.01653		-2.03592     0.2    0.2		4.1705503158		-1.0
	765.00000000	2.78051		-1.95689     0.2    0.2		4.1705503158		-1.0
	810.00000000	2.81427		-1.7682     0.2    0.2		4.1705503158		-1.0
	855.00000000	3.00293		-1.35168     0.2    0.2		4.1705503158		-1.0
	900.00000000	2.92076		-0.64972     0.2    0.2		4.1705503158		-1.0
	945.00000000	2.88449		0.67896     0.2    0.2		4.1705503158		-1.0
	990.00000000	2.92185		1.16543     0.2    0.2		4.1705503158		-1.0
	1035.00000000	2.95418		1.65152     0.2    0.2		4.1705503158		-1.0
	1080.00000000	2.88939		2.22848     0.2    0.2		4.1705503158		-1.0
	1125.00000000	2.86127		2.76309     0.2    0.2		4.1705503158		-1.0
	1170.00000000	2.86034		2.83964     0.2    0.2		4.1705503158		-1.0
	1215.00000000	2.89262		2.90508     0.2    0.2		4.1705503158		-1.0
	1260.00000000	2.89574		-2.86785     0.2    0.2		4.1705503158		-1.0
	1305.00000000	2.98664		-2.97845     0.2    0.2		4.1705503158		-1.0
	1350.00000000	2.94284		-2.4861     0.2    0.2		4.1705503158		-1.0
	1395.00000000	3.06127		-2.5408     0.2    0.2		4.1705503158		-1.0
	1440.00000000	2.93295		-2.28728     0.2    0.2		4.1705503158		-1.0
	1485.00000000	3.00475		-2.20763     0.2    0.2		4.1705503158		-1.0
	1530.00000000	3.13536		-2.5019     0.2    0.2		4.1705503158		-1.0
	1575.00000000	3.12187		-2.47349     0.2    0.2		4.1705503158		-1.0
	1620.00000000	2.93914		-2.79675     0.2    0.2		4.1705503158		-1.0
	1665.00000000	2.92797		-3.05565     0.2    0.2		4.1705503158		-1.0
	1710.00000000	2.82798		3.1226     0.2    0.2		4.1705503158		-1.0
	1755.00000000	2.91329		2.79308     0.2    0.2		4.1705503158		-1.0
	1800.00000000	2.78071		2.10014     0.2    0.2		4.1705503158		-1.0
	1845.00000000	2.93806		1.71715     0.2    0.2		4.1705503158		-1.0
	1890.00000000	2.93199		0.8012     0.2    0.2		4.1705503158		-1.0
	1935.00000000	2.86811		-0.14477     0.2    0.2		4.1705503158		-1.0
	1980.00000000	2.95804		-1.22498     0.2    0.2		4.1705503158		-1.0
	2025.00000000	2.96571		-1.74532     0.2    0.2		4.1705503158		-1.0
	2070.00000000	3.0239		-1.80623     0.2    0.2		4.1705503158		-1.0
	2115.00000000	2.90608		-2.46093     0.2    0.2		4.1705503158		-1.0
	2160.00000000	2.98937		-2.06341     0.2    0.2		4.1705503158		-1.0
	2205.00000000	2.84036		-2.1545     0.2    0.2		4.1705503158		-1.0
	2250.00000000	2.96955		-2.12129     0.2    0.2		4.1705503158		-1.0
	2295.00000000	2.75451		-1.71649     0.2    0.2		4.1705503158		-1.0
	2340.00000000	2.84891		-1.67914     0.2    0.2		4.1705503158		-1.0
	2385.00000000	2.92101		-1.25349     0.2    0.2		4.1705503158		-1.0
	2430.00000000	2.91253		-0.64555     0.2    0.2		4.1705503158		-1.0
	2475.00000000	3.02218		0.0542     0.2    0.2		4.1705503158		-1.0
	2520.00000000	2.85413		0.62868     0.2    0.2		4.1705503158		-1.0
	2565.00000000	2.89708		1.43185     0.2    0.2		4.1705503158		-1.0
	2610.00000000	2.8782		1.50765     0.2    0.2		4.1705503158		-1.0
	2655.00000000	3.00292		2.01144     0.2    0.2		4.1705503158		-1.0
	2700.00000000	2.89909		2.04752     0.2    0.2		4.1705503158		-1.0
	2745.00000000	2.81301		1.65549     0.2    0.2		4.1705503158		-1.0
	2790.00000000	2.83077		1.7344     0.2    0.2		4.1705503158		-1.0
	2835.00000000	2.81417		1.11032     0.2    0.2		4.1705503158		-1.0
	2880.00000000	2.88132		1.17928     0.2    0.2		4.1705503158		-1.0
	2925.00000000	2.97592		0.24105     0.2    0.2		4.1705503158		-1.0
	2970.00000000	2.94759		-0.38655     0.2    0.2		4.1705503158		-1.0
	3015.00000000	2.8809		-0.99645     0.2    0.2		4.1705503158		-1.0
	3060.00000000	2.89486		-0.59494     0.2    0.2		4.1705503158		-1.0
	3105.00000000	2.93302		0.24702     0.2    0.2		4.1705503158		-1.0
	3150.00000000	2.98623		0.61281     0.2    0.2		4.1705503158		-1.0
	3195.00000000	3.13275		0.62107     0.2    0.2		4.1705503158		-1.0
	3240.00000000	2.74525		0.89459     0.2    0.2		4.1705503158		-1.0
	3285.00000000	2.88853		-0.03244     0.2    0.2		4.1705503158		-1.0
	3330.00000000	2.87034		-0.78486     0.2    0.2		4.1705503158		-1.0
	3375.00000000	2.99992		-1.11887     0.2    0.2		4.1705503158		-1.0
	3420.00000000	3.13442		-1.38413     0.2    0.2		4.1705503158		-1.0
	3465.00000000	2.88524		-1.52442     0.2    0.2		4.1705503158		-1.0
	3510.00000000	2.86949		-1.58706     0.2    0.2		4.1705503158		-1.0
	3555.00000000	2.85153		-1.79693     0.2    0.2		4.1705503158		-1.0
	3600.00000000	2.9836		-1.60134     0.2    0.2		4.1705503158		-1.0
	3645.00000000	3.23346		-1.95084     0.2    0.2		4.1705503158		-1.0
	3690.00000000	2.98185		-1.75051     0.2    0.2		4.1705503158		-1.0
	3735.00000000	2.9683		-1.79536     0.2    0.2		4.1705503158		-1.0
	3780.00000000	2.90965		-1.68374     0.2    0.2		4.1705503158		-1.0
	3825.00000000	2.957		-1.60597     0.2    0.2		4.1705503158		-1.0
	3870.00000000	2.90153		-1.1882     0.2    0.2		4.1705503158		-1.0
	3915.00000000	2.88539		-0.73123     0.2    0.2		4.1705503158		-1.0
	3960.00000000	2.93321		0.16946     0.2    0.2		4.1705503158		-1.0
	4005.00000000	2.91977		0.48929     0.2    0.2		4.1705503158		-1.0
	4050.00000000	2.92374		1.48273     0.2    0.2		4.1705503158		-1.0
	4095.00000000	2.95636		1.51136     0.2    0.2		4.1705503158		-1.0
	4140.00000000	2.97434		2.08366     0.2    0.2		4.1705503158		-1.0
	4185.00000000	2.79032		2.05876     0.2    0.2		4.1705503158		-1.0
	4230.00000000	3.07288		2.08116     0.2    0.2		4.1705503158		-1.0
	4275.00000000	2.8631		1.99942     0.2    0.2		4.1705503158		-1.0
	4320.00000000	3.24373		2.00087     0.2    0.2		4.1705503158		-1.0
	4365.00000000	2.90014		1.76852     0.2    0.2		4.1705503158		-1.0
	4410.00000000	2.7577		1.64972     0.2    0.2		4.1705503158		-1.0
	4455.00000000	2.80365		1.25621     0.2    0.2		4.1705503158		-1.0
	4500.00000000	2.86302		0.74516     0.2    0.2		4.1705503158		-1.0
	4545.00000000	2.86155		0.37059     0.2    0.2		4.1705503158		-1.0
	4590.00000000	3.09479		-0.682     0.2    0.2		4.1705503158		-1.0
	4635.00000000	2.88296		-1.13158     0.2    0.2		4.1705503158		-1.0
	4680.00000000	2.75517		-1.43975     0.2    0.2		4.1705503158		-1.0
	4725.00000000	3.15402		-1.35982     0.2    0.2		4.1705503158		-1.0
	4770.00000000	2.84592		-1.21818     0.2    0.2		4.1705503158		-1.0
	4815.00000000	3.01196		-0.56927     0.2    0.2		4.1705503158		-1.0
	4860.00000000	3.07628		0.03174     0.2    0.2		4.1705503158		-1.0
	4905.00000000	2.86908		0.26981     0.2    0.2		4.1705503158		-1.0
	4950.00000000	2.97903		0.87655     0.2    0.2		4.1705503158		-1.0
	4995.00000000	3.00196		1.06184     0.2    0.2		4.1705503158		-1.0
	5040.00000000	3.11216		1.25752     0.2    0.2		4.1705503158		-1.0
	5085.00000000	3.25113		1.43232     0.2    0.2		4.1705503158		-1.0
	5130.00000000	2.95413		1.82315     0.2    0.2		4.1705503158		-1.0
	5175.00000000	2.85812		2.21811     0.2    0.2		4.1705503158		-1.0
	5220.00000000	3.01706		2.86986     0.2    0.2		4.1705503158		-1.0
	5265.00000000	2.9943		3.01074     0.2    0.2		4.1705503158		-1.0
	5310.00000000	2.99702		-2.78073     0.2    0.2		4.1705503158		-1.0
	5355.00000000	2.9002		-2.92954     0.2    0.2		4.1705503158		-1.0
	5400.00000000	2.79296		-2.39485     0.2    0.2		4.1705503158		-1.0
	5445.00000000	2.7576		-2.3365     0.2    0.2		4.1705503158		-1.0
	5490.00000000	2.72944		-2.11164     0.2    0.2		4.1705503158		-1.0
	5535.00000000	2.71673		-2.12219     0.2    0.2		4.1705503158		-1.0
	5580.00000000	2.90629		-1.95019     0.2    0.2		4.1705503158		-1.0
	5625.00000000	3.37986		-2.00292     0.2    0.2		4.1705503158		-1.0
	5670.00000000	3.23293		-2.00854     0.2    0.2		4.1705503158		-1.0
	5715.00000000	2.75851		-2.50091     0.2    0.2		4.1705503158		-1.0
	5760.00000000	2.86336		-2.57438     0.2    0.2		4.1705503158		-1.0
	5805.00000000	3.13255		3.10783     0.2    0.2		4.1705503158		-1.0
	5850.00000000	2.80264		2.99637     0.2    0.2		4.1705503158		-1.0
	5895.00000000	2.71116		2.46819     0.2    0.2		4.1705503158		-1.0
	5940.00000000	2.86557		2.2623     0.2    0.2		4.1705503158		-1.0
	5985.00000000	3.28557		1.83528     0.2    0.2		4.1705503158		-1.0
	6030.00000000	2.86744		1.457     0.2    0.2		4.1705503158		-1.0
	6075.00000000	2.87822		0.97847     0.2    0.2		4.1705503158		-1.0
	6120.00000000	3.08389		0.42591     0.2    0.2		4.1705503158		-1.0
	6165.00000000	2.94033		-0.374     0.2    0.2		4.1705503158		-1.0
	6210.00000000	2.77104		-0.3619     0.2    0.2		4.1705503158		-1.0
	6255.00000000	2.86088		-0.21116     0.2    0.2		4.1705503158		-1.0
	6300.00000000	2.8159		0.75605     0.2    0.2		4.1705503158		-1.0
	6345.00000000	2.89086		0.95398     0.2    0.2		4.1705503158		-1.0
	6390.00000000	3.11164		0.52966     0.2    0.2		4.1705503158		-1.0
	6435.00000000	2.86782		-0.06931     0.2    0.2		4.1705503158		-1.0
	6480.00000000	3.03407		-0.20886     0.2    0.2		4.1705503158		-1.0
	6525.00000000	2.78705		0.1066     0.2    0.2		4.1705503158		-1.0
	6570.00000000	2.74938		-0.54064     0.2    0.2		4.1705503158		-1.0
	6615.00000000	3.04669		-0.53593     0.2    0.2		4.1705503158		-1.0
	6660.00000000	2.78867		-0.40386     0.2    0.2		4.1705503158		-1.0
	6705.00000000	3.12468		-0.57989     0.2    0.2		4.1705503158		-1.0
	6750.00000000	2.8903		-0.61799     0.2    0.2		4.1705503158		-1.0
	6795.00000000	2.97417		-1.04016     0.2    0.2		4.1705503158		-1.0
	6840.00000000	3.13984		-0.95504     0.2    0.2		4.1705503158		-1.0
	6885.00000000	2.87179		-1.21292     0.2    0.2		4.1705503158		-1.0
	6930.00000000	3.17945		-1.01429     0.2    0.2		4.1705503158		-1.0
	6975.00000000	2.96972		-0.74607     0.2    0.2		4.1705503158		-1.0
	7020.00000000	2.7413		0.41258     0.2    0.2		4.1705503158		-1.0
	7065.00000000	2.94349		0.72439     0.2    0.2		4.1705503158		-1.0
	7110.00000000	3.22509		1.10826     0.2    0.2		4.1705503158		-1.0
	7155.00000000	2.99832		1.52631     0.2    0.2		4.1705503158		-1.0
	7200.00000000	3.04358		1.58527     0.2    0.2		4.1705503158		-1.0
	7245.00000000	3.01433		1.8602     0.2    0.2		4.1705503158		-1.0
	7290.00000000	3.11181		1.75933     0.2    0.2		4.1705503158		-1.0
	7335.00000000	3.20913		2.08796     0.2    0.2		4.1705503158		-1.0
	7380.00000000	2.89862		2.47486     0.2    0.2		4.1705503158		-1.0
	7425.00000000	3.10491		2.53066     0.2    0.2		4.1705503158		-1.0
	7470.00000000	3.17449		3.01193     0.2    0.2		4.1705503158		-1.0
	7515.00000000	2.79559		-3.00621     0.2    0.2		4.1705503158		-1.0
	7560.00000000	3.2354		-2.57214     0.2    0.2		4.1705503158		-1.0
	7605.00000000	3.05542		-2.45616     0.2    0.2		4.1705503158		-1.0
	7650.00000000	2.9295		-2.02585     0.2    0.2		4.1705503158		-1.0
	7695.00000000	2.78266		-1.86972     0.2    0.2		4.1705503158		-1.0
	7740.00000000	2.83878		-1.39075     0.2    0.2		4.1705503158		-1.0
	7785.00000000	3.11539		-1.3034     0.2    0.2		4.1705503158		-1.0
	7830.00000000	3.10215		-1.1008     0.2    0.2		4.1705503158		-1.0
	7875.00000000	3.20774		-0.34626     0.2    0.2		4.1705503158		-1.0
	7920.00000000	3.04619		0.03403     0.2    0.2		4.1705503158		-1.0
	7965.00000000	2.81952		0.68897     0.2    0.2		4.1705503158		-1.0
	8010.00000000	3.29267		1.0583     0.2    0.2		4.1705503158		-1.0
	8055.00000000	2.94605		1.35417     0.2    0.2		4.1705503158		-1.0
	8100.00000000	3.07939		1.49806     0.2    0.2		4.1705503158		-1.0
	8145.00000000	3.09264		1.54645     0.2    0.2		4.1705503158		-1.0
	8190.00000000	3.07414		1.91097     0.2    0.2		4.1705503158		-1.0
	8235.00000000	3.14748		2.23939     0.2    0.2		4.1705503158		-1.0
	8280.00000000	2.93526		2.59958     0.2    0.2		4.1705503158		-1.0
	8325.00000000	2.87575		2.97391     0.2    0.2		4.1705503158		-1.0
	8370.00000000	3.32443		-3.06236     0.2    0.2		4.1705503158		-1.0
	8415.00000000	2.95252		-2.69914     0.2    0.2		4.1705503158		-1.0
	8460.00000000	3.00378		-2.44855     0.2    0.2		4.1705503158		-1.0
	8505.00000000	2.77607		-2.23538     0.2    0.2		4.1705503158		-1.0
	8550.00000000	2.76844		-1.90475     0.2    0.2		4.1705503158		-1.0
	8595.00000000	2.75342		-1.31761     0.2    0.2		4.1705503158		-1.0
	8640.00000000	2.72897		-0.56074     0.2    0.2		4.1705503158		-1.0
	8685.00000000	2.99994		0.46737     0.2    0.2		4.1705503158		-1.0
	8730.00000000	3.03663		0.90141     0.2    0.2		4.1705503158		-1.0
	8775.00000000	3.17809		0.81821     0.2    0.2		4.1705503158		-1.0
	8820.00000000	2.61026		1.09764     0.2    0.2		4.1705503158		-1.0
	8865.00000000	2.94429		1.27116     0.2    0.2		4.1705503158		-1.0
	8910.00000000	2.72412		1.03465     0.2    0.2		4.1705503158		-1.0
	8955.00000000	2.86934		0.46682     0.2    0.2		4.1705503158		-1.0
	9000.00000000	2.75258		-0.23486     0.2    0.2		4.1705503158		-1.0
	9045.00000000	3.01316		-0.21172     0.2    0.2		4.1705503158		-1.0
	9090.00000000	2.92708		-0.11886     0.2    0.2		4.1705503158		-1.0
	9135.00000000	2.73014		0.0226     0.2    0.2		4.1705503158		-1.0
	9180.00000000	2.87867		0.40215     0.2    0.2		4.1705503158		-1.0
	9225.00000000	2.86485		1.05726     0.2    0.2		4.1705503158		-1.0
	9270.00000000	3.14161		1.16351     0.2    0.2		4.1705503158		-1.0
	9315.00000000	3.11978		0.6596     0.2    0.2		4.1705503158		-1.0
	9360.00000000	2.82492		0.90876     0.2    0.2		4.1705503158		-1.0
	9405.00000000	2.78066		1.2729     0.2    0.2		4.1705503158		-1.0
	9450.00000000	2.77387		0.18421     0.2    0.2		4.1705503158		-1.0
	9495.00000000	2.97497		-0.48952     0.2    0.2		4.1705503158		-1.0
	9540.00000000	2.70195		-0.75836     0.2    0.2		4.1705503158		-1.0
	9585.00000000	2.95733		-0.8054     0.2    0.2		4.1705503158		-1.0
	9630.00000000	2.82714		-0.84759     0.2    0.2		4.1705503158		-1.0
	9675.00000000	2.68043		-1.02473     0.2    0.2		4.1705503158		-1.0
	9720.00000000	2.69599		-1.07842     0.2    0.2		4.1705503158		-1.0
	9765.00000000	3.21485		-0.44684     0.2    0.2		4.1705503158		-1.0
	9810.00000000	3.16246		0.26544     0.2    0.2		4.1705503158		-1.0
	9855.00000000	3.20469		0.76343     0.2    0.2		4.1705503158		-1.0
	9900.00000000	3.20943		1.22856     0.2    0.2		4.1705503158		-1.0
	9945.00000000	3.24998		1.40639     0.2    0.2		4.1705503158		-1.0
	9990.00000000	3.27361		1.48016     0.2    0.2		4.1705503158		-1.0
	10035.00000000	3.09773		1.56707     0.2    0.2		4.1705503158		-1.0
	10080.00000000	2.72173		1.89728     0.2    0.2		4.1705503158		-1.0
	10125.00000000	2.90421		2.32352     0.2    0.2		4.1705503158		-1.0
	10170.00000000	2.79392		2.67269     0.2    0.2		4.1705503158		-1.0
	10215.00000000	3.30299		3.04506     0.2    0.2		4.1705503158		-1.0
	10260.00000000	3.00074		3.11722     0.2    0.2		4.1705503158		-1.0
	10305.00000000	3.14579		-2.55358     0.2    0.2		4.1705503158		-1.0
	10350.00000000	3.25998		-2.40485     0.2    0.2		4.1705503158		-1.0
	10395.00000000	3.20315		-2.08054     0.2    0.2		4.1705503158		-1.0
	10440.00000000	3.23763		-1.81492     0.2    0.2		4.1705503158		-1.0
	10485.00000000	2.91565		-1.41822     0.2    0.2		4.1705503158		-1.0
	10530.00000000	2.72146		-1.31119     0.2    0.2		4.1705503158		-1.0
	10575.00000000	2.82272		-0.91204     0.2    0.2		4.1705503158		-1.0
	10620.00000000	3.31061		-0.0573     0.2    0.2		4.1705503158		-1.0
	10665.00000000	2.97377		0.54033     0.2    0.2		4.1705503158		-1.0
	10710.00000000	3.04666		0.62655     0.2    0.2		4.1705503158		-1.0
	10755.00000000	2.64484		0.74944     0.2    0.2		4.1705503158		-1.0
	10800.00000000	3.16462		1.02316     0.2    0.2		4.1705503158		-1.0
	10845.00000001	2.66858		0.9896     0.2    0.2		4.1705503158		-1.0
	10890.00000001	2.95564		0.89147     0.2    0.2		4.1705503158		-1.0
	10935.00000001	3.35889		0.37307     0.2    0.2		4.1705503158		-1.0
	10980.00000001	2.73747		-0.29962     0.2    0.2		4.1705503158		-1.0
	11025.00000001	3.37703		-0.06259     0.2    0.2		4.1705503158		-1.0
	11070.00000001	3.21284		0.0763     0.2    0.2		4.1705503158		-1.0
	11115.00000001	2.67345		0.43976     0.2    0.2		4.1705503158		-1.0
	11160.00000001	2.89983		0.42078     0.2    0.2		4.1705503158		-1.0
	11205.00000001	2.77816		-0.04997     0.2    0.2		4.1705503158		-1.0
	11250.00000001	3.0926		-0.30346     0.2    0.2		4.1705503158		-1.0
	11295.00000001	3.17718		-0.63563     0.2    0.2		4.1705503158		-1.0
	11340.00000001	3.03603		-0.74407     0.2    0.2		4.1705503158		-1.0
	11385.00000001	3.23541		-1.08036     0.2    0.2		4.1705503158		-1.0
	11430.00000001	3.29679		-1.26349     0.2    0.2		4.1705503158		-1.0
	11475.00000001	3.26254		-1.6415     0.2    0.2		4.1705503158		-1.0
	11520.00000001	3.38187		-1.56939     0.2    0.2		4.1705503158		-1.0
	11565.00000001	2.85881		-1.95671     0.2    0.2		4.1705503158		-1.0
	11610.00000001	2.75044		-2.1522     0.2    0.2		4.1705503158		-1.0
	11655.00000001	2.80657		-2.62331     0.2    0.2		4.1705503158		-1.0
	11700.00000001	2.83622		-2.91112     0.2    0.2		4.1705503158		-1.0
	11745.00000001	2.74737		2.82871     0.2    0.2		4.1705503158		-1.0
	11790.00000001	3.05193		2.58657     0.2    0.2		4.1705503158		-1.0
	11835.00000001	3.21356		2.41751     0.2    0.2		4.1705503158		-1.0
	11880.00000001	3.11226		2.28391     0.2    0.2		4.1705503158		-1.0
	11925.00000001	3.08951		2.05526     0.2    0.2		4.1705503158		-1.0
	11970.00000001	3.23287		1.72959     0.2    0.2		4.1705503158		-1.0
	12015.00000001	3.03803		1.37923     0.2    0.2		4.1705503158		-1.0
	12060.00000001	2.75555		1.3153     0.2    0.2		4.1705503158		-1.0
	12105.00000001	2.77889		1.03401     0.2    0.2		4.1705503158		-1.0
	12150.00000001	2.67177		1.22448     0.2    0.2		4.1705503158		-1.0
	12195.00000001	2.67653		1.55749     0.2    0.2		4.1705503158		-1.0
	12240.00000001	2.6749		1.69165     0.2    0.2		4.1705503158		-1.0
	12285.00000001	2.78305		1.80019     0.2    0.2		4.1705503158		-1.0
	12330.00000001	2.7537		2.19776     0.2    0.2		4.1705503158		-1.0
	12375.00000001	2.79939		2.51758     0.2    0.2		4.1705503158		-1.0
	12420.00000001	2.74657		2.61548     0.2    0.2		4.1705503158		-1.0
	12465.00000001	2.92388		3.04796     0.2    0.2		4.1705503158		-1.0
	12510.00000001	3.07482		-2.79213     0.2    0.2		4.1705503158		-1.0
	12555.00000001	3.26653		-2.34072     0.2    0.2		4.1705503158		-1.0
	12600.00000001	3.24363		-2.27259     0.2    0.2		4.1705503158		-1.0
	12645.00000001	3.22309		-1.7337     0.2    0.2		4.1705503158		-1.0
	12690.00000001	3.22896		-1.41352     0.2    0.2		4.1705503158		-1.0
	12735.00000001	3.31197		-1.21392     0.2    0.2		4.1705503158		-1.0
	12780.00000001	3.1345		0.04148     0.2    0.2		4.1705503158		-1.0
	12825.00000001	2.74543		0.18941     0.2    0.2		4.1705503158		-1.0
	12870.00000001	3.30117		0.61508     0.2    0.2		4.1705503158		-1.0
	12915.00000001	3.17501		0.24111     0.2    0.2		4.1705503158		-1.0
	12960.00000001	3.18166		0.1837     0.2    0.2		4.1705503158		-1.0
	13005.00000001	2.98629		-0.06631     0.2    0.2		4.1705503158		-1.0
	13050.00000001	3.37264		-0.58787     0.2    0.2		4.1705503158		-1.0
	13095.00000001	2.68216		-1.10441     0.2    0.2		4.1705503158		-1.0
	13140.00000001	3.28621		-0.98925     0.2    0.2		4.1705503158		-1.0
	13185.00000001	2.90058		-1.46111     0.2    0.2		4.1705503158		-1.0
	13230.00000001	2.68945		-1.51001     0.2    0.2		4.1705503158		-1.0
	13275.00000001	2.70548		-1.69461     0.2    0.2		4.1705503158		-1.0
	13320.00000001	2.74439		-1.82698     0.2    0.2		4.1705503158		-1.0
	13365.00000001	2.74774		-2.53072     0.2    0.2		4.1705503158		-1.0
	13410.00000001	2.69677		-2.4059     0.2    0.2		4.1705503158		-1.0
	13455.00000001	2.80756		-2.97755     0.2    0.2		4.1705503158		-1.0
	13500.00000001	2.7656		-2.99119     0.2    0.2		4.1705503158		-1.0
	13545.00000001	2.94442		2.60481     0.2    0.2		4.1705503158		-1.0
	13590.00000001	3.13436		2.47952     0.2    0.2		4.1705503158		-1.0
	13635.00000001	3.04729		2.06833     0.2    0.2		4.1705503158		-1.0
	13680.00000001	3.27969		2.15316     0.2    0.2		4.1705503158		-1.0
	13725.00000001	3.18486		1.67611     0.2    0.2		4.1705503158		-1.0
	13770.00000001	2.59863		1.95343     0.2    0.2		4.1705503158		-1.0
	13815.00000001	3.42888		1.81069     0.2    0.2		4.1705503158		-1.0
	13860.00000001	2.98581		1.92321     0.2    0.2		4.1705503158		-1.0
	13905.00000001	2.89493		1.8064     0.2    0.2		4.1705503158		-1.0
	13950.00000001	2.74419		2.27046     0.2    0.2		4.1705503158		-1.0
	13995.00000001	2.68533		1.88309     0.2    0.2		4.1705503158		-1.0
	14040.00000001	2.6706		2.51018     0.2    0.2		4.1705503158		-1.0
	14085.00000001	2.80041		2.42717     0.2    0.2		4.1705503158		-1.0
	14130.00000001	3.14545		2.81318     0.2    0.2		4.1705503158		-1.0
	14175.00000001	3.16891		2.93796     0.2    0.2		4.1705503158		-1.0
	14220.00000001	2.7073		-3.00131     0.2    0.2		4.1705503158		-1.0
	14265.00000000	2.6941		-2.79718     0.2    0.2		4.1705503158		-1.0
	14310.00000000	3.14759		-2.78813     0.2    0.2		4.1705503158		-1.0
	14355.00000000	3.01873		-2.64813     0.2    0.2		4.1705503158		-1.0
	14400.00000000	2.82649		-2.54494     0.2    0.2		4.1705503158		-1.0
	14445.00000000	2.99393		-2.54089     0.2    0.2		4.1705503158		-1.0
	14490.00000000	3.30086		-2.23813     0.2    0.2		4.1705503158		-1.0
	14535.00000000	2.68527		-2.34252     0.2    0.2		4.1705503158		-1.0
	14580.00000000	3.31103		-2.00491     0.2    0.2		4.1705503158		-1.0
	14625.00000000	2.88553		-1.93922     0.2    0.2		4.1705503158		-1.0
	14670.00000000	2.95172		-1.79098     0.2    0.2		4.1705503158		-1.0
	14715.00000000	2.63861		-1.719     0.2    0.2		4.1705503158		-1.0
	14760.00000000	3.4251		-1.47248     0.2    0.2		4.1705503158		-1.0
	14805.00000000	3.29584		-1.4907     0.2    0.2		4.1705503158		-1.0
	14850.00000000	3.03086		-1.53975     0.2    0.2		4.1705503158		-1.0
	14895.00000000	3.11738		-1.27455     0.2    0.2		4.1705503158		-1.0
	14940.00000000	2.8011		-1.18272     0.2    0.2		4.1705503158		-1.0
	14985.00000000	2.75842		-0.86895     0.2    0.2		4.1705503158		-1.0
	15030.00000000	3.30618		-0.75862     0.2    0.2		4.1705503158		-1.0
	15075.00000000	2.92873		0.10804     0.2    0.2		4.1705503158		-1.0
	15120.00000000	2.69663		0.61882     0.2    0.2		4.1705503158		-1.0
	15165.00000000	3.34388		0.81406     0.2    0.2		4.1705503158		-1.0
	15210.00000000	2.79069		1.36691     0.2    0.2		4.1705503158		-1.0
	15255.00000000	3.16145		1.04882     0.2    0.2		4.1705503158		-1.0
	15300.00000000	3.21963		1.28882     0.2    0.2		4.1705503158		-1.0
	15345.00000000	3.15018		1.19596     0.2    0.2		4.1705503158		-1.0
	15390.00000000	3.12998		0.98493     0.2    0.2		4.1705503158		-1.0
	15435.00000000	3.25089		0.66445     0.2    0.2		4.1705503158		-1.0
	15480.00000000	2.61091		0.33398     0.2    0.2		4.1705503158		-1.0
	15525.00000000	3.42505		0.16967     0.2    0.2		4.1705503158		-1.0
	15570.00000000	2.96565		-0.33075     0.2    0.2		4.1705503158		-1.0
	15615.00000000	3.16383		-0.06357     0.2    0.2		4.1705503158		-1.0
	15660.00000000	3.28435		-0.42261     0.2    0.2		4.1705503158		-1.0
	15705.00000000	3.16151		-0.22473     0.2    0.2		4.1705503158		-1.0
	15750.00000000	3.27819		-0.64035     0.2    0.2		4.1705503158		-1.0
	15795.00000000	3.24182		-0.87097     0.2    0.2		4.1705503158		-1.0
	15840.00000000	2.93999		-1.20224     0.2    0.2		4.1705503158		-1.0
	15885.00000000	2.71485		-1.53197     0.2    0.2		4.1705503158		-1.0
	15930.00000000	2.75382		-1.35561     0.2    0.2		4.1705503158		-1.0
	15975.00000000	2.71488		-1.52541     0.2    0.2		4.1705503158		-1.0
	16020.00000000	2.90023		-0.94122     0.2    0.2		4.1705503158		-1.0
	16065.00000000	3.14242		-0.44646     0.2    0.2		4.1705503158		-1.0
	16110.00000000	3.33314		0.7012     0.2    0.2		4.1705503158		-1.0
	16155.00000000	3.3759		1.41396     0.2    0.2		4.1705503158		-1.0
	16200.00000000	3.29313		1.88465     0.2    0.2		4.1705503158		-1.0
	16245.00000000	3.26861		2.43477     0.2    0.2		4.1705503158		-1.0
	16290.00000000	3.19474		2.80551     0.2    0.2		4.1705503158		-1.0
	16335.00000000	3.21216		2.88437     0.2    0.2		4.1705503158		-1.0
	16380.00000000	3.10959		-3.04697     0.2    0.2		4.1705503158		-1.0
	16425.00000000	3.13702		-3.04081     0.2    0.2		4.1705503158		-1.0
	16470.00000000	3.32716		-2.60607     0.2    0.2		4.1705503158		-1.0
	16515.00000000	3.28776		-2.23753     0.2    0.2		4.1705503158		-1.0
	16560.00000000	3.02028		-2.20993     0.2    0.2		4.1705503158		-1.0
	16605.00000000	3.24702		-2.00176     0.2    0.2		4.1705503158		-1.0
	16650.00000000	3.17821		-1.55771     0.2    0.2		4.1705503158		-1.0
	16695.00000000	3.37229		-1.42822     0.2    0.2		4.1705503158		-1.0
	16740.00000000	3.2887		-1.02003     0.2    0.2		4.1705503158		-1.0
	16785.00000000	2.83799		-0.87982     0.2    0.2		4.1705503158		-1.0
	16830.00000000	2.72972		-0.12839     0.2    0.2		4.1705503158		-1.0
	16875.00000000	2.73555		0.42171     0.2    0.2		4.1705503158		-1.0
	16920.00000000	2.68979		0.84776     0.2    0.2		4.1705503158		-1.0
	16965.00000000	2.70616		1.2726     0.2    0.2		4.1705503158		-1.0
	17010.00000000	2.68831		1.37526     0.2    0.2		4.1705503158		-1.0
	17055.00000000	2.67144		2.07419     0.2    0.2		4.1705503158		-1.0
	17100.00000000	2.74529		2.37338     0.2    0.2		4.1705503158		-1.0
	17145.00000000	2.70127		2.85395     0.2    0.2		4.1705503158		-1.0
	17190.00000000	2.67752		2.7917     0.2    0.2		4.1705503158		-1.0
	17235.00000000	2.7579		-2.986     0.2    0.2		4.1705503158		-1.0
	17280.00000000	2.79886		-2.81534     0.2    0.2		4.1705503158		-1.0
	17325.00000000	2.70036		-2.32411     0.2    0.2		4.1705503158		-1.0
	17370.00000000	2.67107		-2.03112     0.2    0.2		4.1705503158		-1.0
	17415.00000000	2.71991		-2.07794     0.2    0.2		4.1705503158		-1.0
	17460.00000000	2.72336		-1.72809     0.2    0.2		4.1705503158		-1.0
	17505.00000000	2.73551		-1.51431     0.2    0.2		4.1705503158		-1.0
	17550.00000000	2.69513		-1.66791     0.2    0.2		4.1705503158		-1.0
	17595.00000000	3.10819		-1.89915     0.2    0.2		4.1705503158		-1.0
	17640.00000000	3.25913		-1.62526     0.2    0.2		4.1705503158		-1.0
	17685.00000000	3.32223		-2.01197     0.2    0.2		4.1705503158		-1.0
	17730.00000000	3.38221		-2.4622     0.2    0.2		4.1705503158		-1.0
	17775.00000000	3.22675		-2.67898     0.2    0.2		4.1705503158		-1.0
	17820.00000000	3.35301		-3.06443     0.2    0.2		4.1705503158		-1.0
	17865.00000000	3.18192		3.0011     0.2    0.2		4.1705503158		-1.0
	17910.00000000	3.13157		2.41886     0.2    0.2		4.1705503158		-1.0
	17955.00000000	3.24595		2.33283     0.2    0.2		4.1705503158		-1.0
	18000.00000000	3.06806		1.90747     0.2    0.2		4.1705503158		-1.0
	18045.00000000	3.11842		2.01088     0.2    0.2		4.1705503158		-1.0
	18090.00000000	3.14203		1.74467     0.2    0.2		4.1705503158		-1.0
	18135.00000000	3.22941		1.96708     0.2    0.2		4.1705503158		-1.0
	18180.00000000	3.34653		1.74535     0.2    0.2		4.1705503158		-1.0
	18225.00000000	3.36259		1.98293     0.2    0.2		4.1705503158		-1.0
	18270.00000000	3.40825		1.97799     0.2    0.2		4.1705503158		-1.0
	18315.00000000	3.3759		2.28378     0.2    0.2		4.1705503158		-1.0
	18360.00000000	3.2531		2.46393     0.2    0.2		4.1705503158		-1.0
	18405.00000000	3.23031		2.93157     0.2    0.2		4.1705503158		-1.0
	18450.00000000	2.90674		3.13736     0.2    0.2		4.1705503158		-1.0
	18495.00000000	3.50069		-2.82205     0.2    0.2		4.1705503158		-1.0
	18540.00000000	3.40634		-2.84361     0.2    0.2		4.1705503158		-1.0
	18585.00000000	3.2954		-2.8228     0.2    0.2		4.1705503158		-1.0
	18630.00000000	3.19556		-2.60125     0.2    0.2		4.1705503158		-1.0
	18675.00000000	3.46722		-2.57034     0.2    0.2		4.1705503158		-1.0
	18720.00000000	2.88443		-2.56917     0.2    0.2		4.1705503158		-1.0
	18765.00000000	2.72134		-2.39672     0.2    0.2		4.1705503158		-1.0
	18810.00000000	2.64855		-2.41267     0.2    0.2		4.1705503158		-1.0
	18855.00000000	2.74813		-2.49903     0.2    0.2		4.1705503158		-1.0
	18900.00000000	2.69996		-2.527     0.2    0.2		4.1705503158		-1.0
	18945.00000000	2.66682		-3.01869     0.2    0.2		4.1705503158		-1.0
	18990.00000000	2.66812		2.80724     0.2    0.2		4.1705503158		-1.0
	19035.00000000	2.76242		2.43764     0.2    0.2		4.1705503158		-1.0
	19080.00000000	2.74592		1.77624     0.2    0.2		4.1705503158		-1.0
	19125.00000000	2.81509		1.60253     0.2    0.2		4.1705503158		-1.0
	19170.00000000	2.6991		1.52762     0.2    0.2		4.1705503158		-1.0
	19215.00000000	2.70521		1.50558     0.2    0.2		4.1705503158		-1.0
	19260.00000000	2.73147		0.97993     0.2    0.2		4.1705503158		-1.0
	19305.00000000	2.95671		1.04677     0.2    0.2		4.1705503158		-1.0
	19350.00000000	3.18781		0.74459     0.2    0.2		4.1705503158		-1.0
	19395.00000000	3.04408		0.13745     0.2    0.2		4.1705503158		-1.0
	19440.00000000	2.73613		0.00411     0.2    0.2		4.1705503158		-1.0
	19485.00000000	2.83177		-0.51029     0.2    0.2		4.1705503158		-1.0
	19530.00000000	2.69086		-0.5534     0.2    0.2		4.1705503158		-1.0
	19575.00000000	3.35661		-0.10133     0.2    0.2		4.1705503158		-1.0
	19620.00000000	3.3803		-0.12577     0.2    0.2		4.1705503158		-1.0
	19665.00000000	2.64614		-0.27311     0.2    0.2		4.1705503158		-1.0
	19710.00000000	2.68356		-0.17156     0.2    0.2		4.1705503158		-1.0
	19755.00000000	2.77299		-0.35146     0.2    0.2		4.1705503158		-1.0
	19800.00000000	2.85361		-0.51656     0.2    0.2		4.1705503158		-1.0
	19845.00000000	3.04035		-0.57724     0.2    0.2		4.1705503158		-1.0
	19890.00000000	3.1872		-0.47585     0.2    0.2		4.1705503158		-1.0
	19935.00000000	2.89895		-0.40613     0.2    0.2		4.1705503158		-1.0
	19980.00000000	3.43364		0.47819     0.2    0.2		4.1705503158		-1.0
	20025.00000000	2.67771		0.5391     0.2    0.2		4.1705503158		-1.0
	20070.00000000	2.8788		-0.03297     0.2    0.2		4.1705503158		-1.0
	20115.00000000	3.0046		0.39285     0.2    0.2		4.1705503158		-1.0
	20160.00000000	2.88237		0.46118     0.2    0.2		4.1705503158		-1.0
	20205.00000000	2.97086		0.22486     0.2    0.2		4.1705503158		-1.0
	20250.00000000	3.15911		-0.26565     0.2    0.2		4.1705503158		-1.0
	20295.00000000	2.94808		-1.04212     0.2    0.2		4.1705503158		-1.0
	20340.00000000	2.70089		-0.72705     0.2    0.2		4.1705503158		-1.0
	20385.00000000	2.63701		-1.26806     0.2    0.2		4.1705503158		-1.0
	20430.00000000	2.66333		-0.54844     0.2    0.2		4.1705503158		-1.0
	20475.00000000	2.66497		-1.08993     0.2    0.2		4.1705503158		-1.0
	20520.00000000	3.57589		-0.70106     0.2    0.2		4.1705503158		-1.0
	20565.00000000	3.48727		-0.37208     0.2    0.2		4.1705503158		-1.0
	20610.00000000	3.42352		-0.31453     0.2    0.2		4.1705503158		-1.0
	20655.00000000	3.29932		0.29372     0.2    0.2		4.1705503158		-1.0
	20700.00000000	3.38039		0.516     0.2    0.2		4.1705503158		-1.0
	20744.99999999	3.47255		1.05876     0.2    0.2		4.1705503158		-1.0
	20789.99999999	3.45397		1.2573     0.2    0.2		4.1705503158		-1.0
	20834.99999999	3.43499		1.59492     0.2    0.2		4.1705503158		-1.0
	20879.99999999	3.50182		1.62206     0.2    0.2		4.1705503158		-1.0
	20924.99999999	3.39556		2.1305     0.2    0.2		4.1705503158		-1.0
	20969.99999999	3.30376		2.29829     0.2    0.2		4.1705503158		-1.0
	21014.99999999	2.99988		2.60674     0.2    0.2		4.1705503158		-1.0
	21059.99999999	3.20756		2.92206     0.2    0.2		4.1705503158		-1.0
	21104.99999999	3.35273		-2.97438     0.2    0.2		4.1705503158		-1.0
	21149.99999999	3.07017		-2.81141     0.2    0.2		4.1705503158		-1.0
	21194.99999999	3.28699		-2.6866     0.2    0.2		4.1705503158		-1.0
	21239.99999999	2.6912		-2.6191     0.2    0.2		4.1705503158		-1.0
	21284.99999999	3.30245		-2.43448     0.2    0.2		4.1705503158		-1.0
	21329.99999999	3.08387		-2.12314     0.2    0.2		4.1705503158		-1.0
	21374.99999999	3.56089		-1.99601     0.2    0.2		4.1705503158		-1.0
	21419.99999999	3.34835		-1.7679     0.2    0.2		4.1705503158		-1.0
	21464.99999999	3.2385		-1.68974     0.2    0.2		4.1705503158		-1.0
	21509.99999999	3.39665		-1.12903     0.2    0.2		4.1705503158		-1.0
	21554.99999999	3.49837		-1.22039     0.2    0.2		4.1705503158		-1.0
	21599.99999999	3.41222		-0.44635     0.2    0.2		4.1705503158		-1.0
	21644.99999999	2.59054		0.73817     0.2    0.2		4.1705503158		-1.0
	21689.99999999	3.19063		0.93699     0.2    0.2		4.1705503158		-1.0
	21734.99999999	2.81321		1.27888     0.2    0.2		4.1705503158		-1.0
	21779.99999999	3.57667		1.36982     0.2    0.2		4.1705503158		-1.0
	21824.99999999	3.09819		1.49256     0.2    0.2		4.1705503158		-1.0
	21869.99999999	3.2672		1.33695     0.2    0.2		4.1705503158		-1.0
	21914.99999999	3.3719		0.76922     0.2    0.2		4.1705503158		-1.0
	21959.99999999	3.33107		0.63493     0.2    0.2		4.1705503158		-1.0
	22004.99999999	2.71773		0.40973     0.2    0.2		4.1705503158		-1.0
	22049.99999999	2.63277		-0.01723     0.2    0.2		4.1705503158		-1.0
	22094.99999999	2.71382		-0.36318     0.2    0.2		4.1705503158		-1.0
	22139.99999999	2.66581		0.3265     0.2    0.2		4.1705503158		-1.0
	22184.99999999	2.72113		0.27949     0.2    0.2		4.1705503158		-1.0
	22229.99999999	2.73382		0.10623     0.2    0.2		4.1705503158		-1.0
	22274.99999999	2.6307		-0.53164     0.2    0.2		4.1705503158		-1.0
	22319.99999999	2.73511		-0.82104     0.2    0.2		4.1705503158		-1.0
	22364.99999999	2.64354		-0.25131     0.2    0.2		4.1705503158		-1.0
	22409.99999999	2.65664		-0.60731     0.2    0.2		4.1705503158		-1.0
	22454.99999999	3.38884		-0.99358     0.2    0.2		4.1705503158		-1.0
	22499.99999999	3.17426		0.31597     0.2    0.2		4.1705503158		-1.0
	22544.99999999	3.21875		0.51824     0.2    0.2		4.1705503158		-1.0
	22589.99999999	3.30328		1.05214     0.2    0.2		4.1705503158		-1.0
	22634.99999999	3.10081		1.17667     0.2    0.2		4.1705503158		-1.0
	22679.99999999	3.18702		1.3612     0.2    0.2		4.1705503158		-1.0
	22724.99999999	3.50257		1.44932     0.2    0.2		4.1705503158		-1.0
	22769.99999999	3.16281		1.6193     0.2    0.2		4.1705503158		-1.0
	22814.99999999	2.96562		2.09968     0.2    0.2		4.1705503158		-1.0
	22859.99999999	2.72234		2.06546     0.2    0.2		4.1705503158		-1.0
	22904.99999999	3.09959		2.69924     0.2    0.2		4.1705503158		-1.0
	22949.99999999	3.20764		2.72092     0.2    0.2		4.1705503158		-1.0
	22994.99999999	3.18782		3.10374     0.2    0.2		4.1705503158		-1.0
	23039.99999999	3.30557		-3.00312     0.2    0.2		4.1705503158		-1.0
	23084.99999999	3.37082		-2.97658     0.2    0.2		4.1705503158		-1.0
	23129.99999999	2.98995		-2.89561     0.2    0.2		4.1705503158		-1.0
	23174.99999999	2.76328		-3.08019     0.2    0.2		4.1705503158		-1.0
	23219.99999999	2.66049		-3.14091     0.2    0.2		4.1705503158		-1.0
	23264.99999999	2.69038		3.10032     0.2    0.2		4.1705503158		-1.0
	23309.99999999	3.5522		2.88345     0.2    0.2		4.1705503158		-1.0
	23354.99999999	2.93921		2.96985     0.2    0.2		4.1705503158		-1.0
	23399.99999999	2.89613		2.54951     0.2    0.2		4.1705503158		-1.0
	23444.99999999	2.88462		2.44664     0.2    0.2		4.1705503158		-1.0
	23489.99999999	2.71448		2.08825     0.2    0.2		4.1705503158		-1.0
	23534.99999999	2.76067		1.76865     0.2    0.2		4.1705503158		-1.0
	23579.99999999	2.8037		1.78706     0.2    0.2		4.1705503158		-1.0
	23624.99999999	2.88905		1.46322     0.2    0.2		4.1705503158		-1.0
	23669.99999999	2.62154		1.19946     0.2    0.2		4.1705503158		-1.0
	23714.99999999	2.75563		0.78427     0.2    0.2		4.1705503158		-1.0
	23759.99999999	2.71263		0.53244     0.2    0.2		4.1705503158		-1.0
	23804.99999999	2.90224		0.50441     0.2    0.2		4.1705503158		-1.0
	23849.99999999	3.50976		-0.33796     0.2    0.2		4.1705503158		-1.0
	23894.99999999	3.18753		-0.09625     0.2    0.2		4.1705503158		-1.0
	23939.99999999	3.19755		0.26084     0.2    0.2		4.1705503158		-1.0
	23984.99999999	3.43161		-0.00359     0.2    0.2		4.1705503158		-1.0
	24029.99999999	3.46569		0.46157     0.2    0.2		4.1705503158		-1.0
	24074.99999999	3.42149		0.38528     0.2    0.2		4.1705503158		-1.0
	24119.99999999	3.28138		0.03234     0.2    0.2		4.1705503158		-1.0
	24164.99999999	3.07588		-0.28026     0.2    0.2		4.1705503158		-1.0
	24209.99999999	3.01228		-0.92684     0.2    0.2		4.1705503158		-1.0
	24254.99999999	3.26449		-0.76079     0.2    0.2		4.1705503158		-1.0
	24299.99999999	3.00965		-1.02392     0.2    0.2		4.1705503158		-1.0
	24344.99999999	2.68002		-0.84475     0.2    0.2		4.1705503158		-1.0
	24389.99999999	2.79884		-1.01663     0.2    0.2		4.1705503158		-1.0
	24434.99999999	2.83127		-0.17151     0.2    0.2		4.1705503158		-1.0
	24479.99999999	2.676		0.2138     0.2    0.2		4.1705503158		-1.0
	24524.99999999	2.68444		-0.19611     0.2    0.2		4.1705503158		-1.0
	24569.99999999	2.68901		0.11601     0.2    0.2		4.1705503158		-1.0
	24614.99999999	2.59555		0.25996     0.2    0.2		4.1705503158		-1.0
	24659.99999999	3.34342		-0.28197     0.2    0.2		4.1705503158		-1.0
	24704.99999999	3.02818		-0.00216     0.2    0.2		4.1705503158		-1.0
	24749.99999999	3.43971		0.12815     0.2    0.2		4.1705503158		-1.0
	24794.99999999	3.58721		0.23679     0.2    0.2		4.1705503158		-1.0
	24839.99999999	3.29928		0.14631     0.2    0.2		4.1705503158		-1.0
	24884.99999999	3.58186		0.53819     0.2    0.2		4.1705503158		-1.0
	24929.99999999	2.62947		0.8233     0.2    0.2		4.1705503158		-1.0
	24974.99999999	2.86519		0.96567     0.2    0.2		4.1705503158		-1.0
	25019.99999999	2.72907		1.29287     0.2    0.2		4.1705503158		-1.0
	25064.99999999	2.66659		1.65562     0.2    0.2		4.1705503158		-1.0
	25109.99999999	2.68694		1.75413     0.2    0.2		4.1705503158		-1.0
	25154.99999999	2.75142		2.4333     0.2    0.2		4.1705503158		-1.0
	25199.99999999	2.72263		2.72086     0.2    0.2		4.1705503158		-1.0
	25244.99999999	2.61236		3.04388     0.2    0.2		4.1705503158		-1.0
	25289.99999999	2.74203		-3.12082     0.2    0.2		4.1705503158		-1.0
	25334.99999999	3.42919		3.10893     0.2    0.2		4.1705503158		-1.0
	25379.99999999	3.41707		2.91967     0.2    0.2		4.1705503158		-1.0
	25424.99999999	3.33956		2.53377     0.2    0.2		4.1705503158		-1.0
	25469.99999999	3.40166		2.0954     0.2    0.2		4.1705503158		-1.0
	25514.99999999	3.39825		1.67076     0.2    0.2		4.1705503158		-1.0
	25559.99999999	3.16918		1.4976     0.2    0.2		4.1705503158		-1.0
	25604.99999999	3.24514		1.8299     0.2    0.2		4.1705503158		-1.0
	25649.99999999	2.72129		1.44233     0.2    0.2		4.1705503158		-1.0
	25694.99999999	2.64966		1.9433     0.2    0.2		4.1705503158		-1.0
	25739.99999999	2.65625		1.94542     0.2    0.2		4.1705503158		-1.0
	25784.99999999	2.66043		2.25453     0.2    0.2		4.1705503158		-1.0
	25829.99999999	2.69477		2.65702     0.2    0.2		4.1705503158		-1.0
	25874.99999999	2.71089		2.69121     0.2    0.2		4.1705503158		-1.0
	25919.99999999	2.66527		3.08101     0.2    0.2		4.1705503158		-1.0
	25964.99999999	2.70931		-2.7001     0.2    0.2		4.1705503158		-1.0
	26009.99999999	2.70389		-2.74855     0.2    0.2		4.1705503158		-1.0
	26054.99999999	2.77089		-2.1361     0.2    0.2		4.1705503158		-1.0
	26099.99999999	2.725		-2.13177     0.2    0.2		4.1705503158		-1.0
	26144.99999999	2.64118		-1.60888     0.2    0.2		4.1705503158		-1.0
	26189.99999999	3.64384		-1.52915     0.2    0.2		4.1705503158		-1.0
	26234.99999999	3.11512		-1.30947     0.2    0.2		4.1705503158		-1.0
	26279.99999999	3.21634		-0.82544     0.2    0.2		4.1705503158		-1.0
	26324.99999999	3.40422		-0.82052     0.2    0.2		4.1705503158		-1.0
	26369.99999999	3.28863		-0.3694     0.2    0.2		4.1705503158		-1.0
	26414.99999999	3.58265		-0.38503     0.2    0.2		4.1705503158		-1.0
	26459.99999999	3.46744		-0.11764     0.2    0.2		4.1705503158		-1.0
	26504.99999999	3.43493		0.23997     0.2    0.2		4.1705503158		-1.0
	26549.99999999	3.19256		0.51725     0.2    0.2		4.1705503158		-1.0
	26594.99999999	3.58542		0.91208     0.2    0.2		4.1705503158		-1.0
	26639.99999999	3.27693		1.1529     0.2    0.2		4.1705503158		-1.0
	26684.99999999	3.21815		1.35719     0.2    0.2		4.1705503158		-1.0
	26729.99999999	3.72821		1.71745     0.2    0.2		4.1705503158		-1.0
	26774.99999999	3.12742		1.77252     0.2    0.2		4.1705503158		-1.0
	26819.99999999	3.69383		2.12343     0.2    0.2		4.1705503158		-1.0
	26864.99999999	3.5167		2.32379     0.2    0.2		4.1705503158		-1.0
	26909.99999999	3.44631		2.67531     0.2    0.2		4.1705503158		-1.0
	26954.99999999	3.39042		2.92497     0.2    0.2		4.1705503158		-1.0
	26999.99999999	3.15359		-3.00336     0.2    0.2		4.1705503158		-1.0
	27044.99999999	3.51293		-2.73349     0.2    0.2		4.1705503158		-1.0
	27089.99999999	3.44596		-2.2782     0.2    0.2		4.1705503158		-1.0
	27134.99999999	3.40937		-2.08513     0.2    0.2		4.1705503158		-1.0
	27179.99999999	3.12354		-1.66706     0.2    0.2		4.1705503158		-1.0
	27224.99999998	3.51978		-1.55492     0.2    0.2		4.1705503158		-1.0
	27269.99999998	3.15753		-1.07823     0.2    0.2		4.1705503158		-1.0
	27314.99999998	3.36399		-0.97828     0.2    0.2		4.1705503158		-1.0
	27359.99999998	3.6457		-0.57935     0.2    0.2		4.1705503158		-1.0
	27404.99999998	3.66841		-0.0381     0.2    0.2		4.1705503158		-1.0
	27449.99999998	3.44146		0.59173     0.2    0.2		4.1705503158		-1.0
	27494.99999998	3.50266		0.94461     0.2    0.2		4.1705503158		-1.0
	27539.99999998	3.50975		1.20464     0.2    0.2		4.1705503158		-1.0
	27584.99999998	3.24297		1.39779     0.2    0.2		4.1705503158		-1.0
	27629.99999998	3.88557		1.95311     0.2    0.2		4.1705503158		-1.0
	27674.99999998	2.76777		2.23011     0.2    0.2		4.1705503158		-1.0
	27719.99999998	2.86894		2.53662     0.2    0.2		4.1705503158		-1.0
	27764.99999998	3.46556		2.97254     0.2    0.2		4.1705503158		-1.0
	27809.99999998	3.13952		-3.07178     0.2    0.2		4.1705503158		-1.0
	27854.99999998	3.87869		-2.70829     0.2    0.2		4.1705503158		-1.0
	27899.99999998	2.53353		-2.6855     0.2    0.2		4.1705503158		-1.0
	27944.99999998	3.75772		-2.17004     0.2    0.2		4.1705503158		-1.0
	27989.99999998	2.79613		-1.93364     0.2    0.2		4.1705503158		-1.0
	28034.99999998	3.48982		-1.81257     0.2    0.2		4.1705503158		-1.0
	28079.99999998	3.57501		-1.44105     0.2    0.2		4.1705503158		-1.0
	28124.99999998	3.21361		-1.16738     0.2    0.2		4.1705503158		-1.0
	28169.99999998	3.62015		-1.12759     0.2    0.2		4.1705503158		-1.0
	28214.99999998	3.47037		-0.70639     0.2    0.2		4.1705503158		-1.0
	28259.99999998	2.68155		-0.17241     0.2    0.2		4.1705503158		-1.0
	28304.99999998	3.58096		-0.07035     0.2    0.2		4.1705503158		-1.0
	28349.99999998	3.76699		0.63563     0.2    0.2		4.1705503158		-1.0
	28394.99999998	2.55912		0.75588     0.2    0.2		4.1705503158		-1.0
	28439.99999998	3.60139		1.00992     0.2    0.2		4.1705503158		-1.0
	28484.99999998	5.01888		1.00004     0.2    0.2		4.1705503158		-1.0
	28529.99999998	6.99868		0.99712     0.2    0.2		4.1705503158		-1.0
	28574.99999998	8.76114		1.23762     0.2    0.2		4.1705503158		-1.0
	28619.99999998	10.57943		1.45167     0.2    0.2		4.1705503158		-1.0
	28664.99999998	12.07301		1.97665     0.2    0.2		4.1705503158		-1.0
	28709.99999998	13.38732		2.41185     0.2    0.2		4.1705503158		-1.0
	28754.99999998	14.30479		2.97342     0.2    0.2		4.1705503158		-1.0
	28799.99999998	15.50206		-2.38282     0.2    0.2		4.1705503158		-1.0
	28844.99999998	16.02067		-1.03262     0.2    0.2		4.1705503158		-1.0
	28889.99999998	16.89245		-0.15979     0.2    0.2		4.1705503158		-1.0
	28934.99999998	17.13802		0.44174     0.2    0.2		4.1705503158		-1.0
	28979.99999998	17.55867		1.23479     0.2    0.2		4.1705503158		-1.0
	29024.99999998	18.08065		1.78036     0.2    0.2		4.1705503158		-1.0
	29069.99999998	18.9401		2.43568     0.2    0.2		4.1705503158		-1.0
	29114.99999998	19.59393		-1.53842     0.2    0.2		4.1705503158		-1.0
	29159.99999998	20.02909		-0.21836     0.2    0.2		4.1705503158		-1.0
	29204.99999998	20.38884		0.41232     0.2    0.2		4.1705503158		-1.0
	29249.99999998	20.57379		1.14819     0.2    0.2		4.1705503158		-1.0
	29294.99999998	21.0404		1.74353     0.2    0.2		4.1705503158		-1.0
	29339.99999998	21.53131		2.44414     0.2    0.2		4.1705503158		-1.0
	29384.99999998	21.56724		3.04426     0.2    0.2		4.1705503158		-1.0
	29429.99999998	20.77703		-2.67353     0.2    0.2		4.1705503158		-1.0
	29474.99999998	19.65921		1.73964     0.2    0.2		4.1705503158		-1.0
	29519.99999998	18.53573		0.55938     0.2    0.2		4.1705503158		-1.0
	29564.99999998	17.78874		-1.27442     0.2    0.2		4.1705503158		-1.0
	29609.99999998	17.24567		-2.44596     0.2    0.2		4.1705503158		-1.0
	29654.99999998	16.75645		-2.92325     0.2    0.2		4.1705503158		-1.0
	29699.99999998	16.10624		2.71641     0.2    0.2		4.1705503158		-1.0
	29744.99999998	15.64019		2.06461     0.2    0.2		4.1705503158		-1.0
	29789.99999998	14.74631		1.38852     0.2    0.2		4.1705503158		-1.0
	29834.99999998	14.0208		0.74199     0.2    0.2		4.1705503158		-1.0
	29879.99999998	12.95282		0.12669     0.2    0.2		4.1705503158		-1.0
	29924.99999998	12.10952		-0.61141     0.2    0.2		4.1705503158		-1.0
	29969.99999998	11.1916		-1.33153     0.2    0.2		4.1705503158		-1.0
	30014.99999998	10.44384		-2.16142     0.2    0.2		4.1705503158		-1.0
	30059.99999998	9.56251		-3.11082     0.2    0.2		4.1705503158		-1.0
	30104.99999998	8.89368		2.08265     0.2    0.2		4.1705503158		-1.0
	30149.99999998	8.2174		0.77808     0.2    0.2		4.1705503158		-1.0
	30194.99999998	7.71145		-0.25469     0.2    0.2		4.1705503158		-1.0
	30239.99999998	7.24485		-1.3136     0.2    0.2		4.1705503158		-1.0
	30284.99999998	6.72297		-2.16704     0.2    0.2		4.1705503158		-1.0
	30329.99999998	6.53938		-2.92513     0.2    0.2		4.1705503158		-1.0
	30374.99999998	6.25481		2.77788     0.2    0.2		4.1705503158		-1.0
	30419.99999998	6.4934		2.34644     0.2    0.2		4.1705503158		-1.0
	30464.99999998	7.75742		2.60249     0.2    0.2		4.1705503158		-1.0
	30509.99999998	9.63069		2.67708     0.2    0.2		4.1705503158		-1.0
	30554.99999998	11.34628		2.71221     0.2    0.2		4.1705503158		-1.0
	30599.99999998	13.19468		2.82498     0.2    0.2		4.1705503158		-1.0
	30644.99999998	14.55447		2.95019     0.2    0.2		4.1705503158		-1.0
	30689.99999998	15.89786		3.02567     0.2    0.2		4.1705503158		-1.0
	30734.99999998	17.06184		-3.05418     0.2    0.2		4.1705503158		-1.0
	30779.99999998	17.91972		-2.9278     0.2    0.2		4.1705503158		-1.0
	30824.99999998	18.48759		-1.33702     0.2    0.2		4.1705503158		-1.0
	30869.99999998	18.75783		-0.05366     0.2    0.2		4.1705503158		-1.0
	30914.99999998	18.33256		0.05561     0.2    0.2		4.1705503158		-1.0
	30959.99999998	17.33459		0.18564     0.2    0.2		4.1705503158		-1.0
	31004.99999998	16.06531		0.07181     0.2    0.2		4.1705503158		-1.0
	31049.99999998	14.55133		-0.14395     0.2    0.2		4.1705503158		-1.0
	31094.99999998	13.66476		-1.15439     0.2    0.2		4.1705503158		-1.0
	31139.99999998	13.34175		2.8605     0.2    0.2		4.1705503158		-1.0
	31184.99999998	14.05568		2.10452     0.2    0.2		4.1705503158		-1.0
	31229.99999998	15.19604		1.62975     0.2    0.2		4.1705503158		-1.0
	31274.99999998	16.76676		1.6713     0.2    0.2		4.1705503158		-1.0
	31319.99999998	18.65532		1.54274     0.2    0.2		4.1705503158		-1.0
	31364.99999998	20.17043		1.80488     0.2    0.2		4.1705503158		-1.0
	31409.99999998	22.02736		1.8425     0.2    0.2		4.1705503158		-1.0
	31454.99999998	23.41762		2.14065     0.2    0.2		4.1705503158		-1.0
	31499.99999998	22.43069		-2.01424     0.2    0.2		4.1705503158		-1.0
	31544.99999998	21.82475		-2.0183     0.2    0.2		4.1705503158		-1.0
	31589.99999998	21.13006		-2.003     0.2    0.2		4.1705503158		-1.0
	31634.99999998	20.65437		-1.8346     0.2    0.2		4.1705503158		-1.0
	31679.99999998	19.97088		-1.75154     0.2    0.2		4.1705503158		-1.0
	31724.99999998	19.54045		-1.56769     0.2    0.2		4.1705503158		-1.0
	31769.99999998	18.69779		-1.70667     0.2    0.2		4.1705503158		-1.0
	31814.99999998	17.66098		-1.5532     0.2    0.2		4.1705503158		-1.0
	31859.99999998	16.67821		-1.6826     0.2    0.2		4.1705503158		-1.0
	31904.99999998	15.495		-1.59997     0.2    0.2		4.1705503158		-1.0
	31949.99999998	14.38077		-1.45358     0.2    0.2		4.1705503158		-1.0
	31994.99999998	13.13335		-1.2138     0.2    0.2		4.1705503158		-1.0
	32039.99999998	11.99262		-1.10984     0.2    0.2		4.1705503158		-1.0
	32084.99999998	10.58385		-0.93456     0.2    0.2		4.1705503158		-1.0
	32129.99999998	9.32964		-0.73755     0.2    0.2		4.1705503158		-1.0
	32174.99999998	7.90953		-0.56522     0.2    0.2		4.1705503158		-1.0
	32219.99999998	6.72498		-0.43778     0.2    0.2		4.1705503158		-1.0
	32264.99999998	5.88354		-0.48545     0.2    0.2		4.1705503158		-1.0
	32309.99999998	5.77236		-0.67968     0.2    0.2		4.1705503158		-1.0
	32354.99999998	6.73608		-1.26891     0.2    0.2		4.1705503158		-1.0
	32399.99999998	8.0012		-1.67116     0.2    0.2		4.1705503158		-1.0
	32444.99999998	9.65841		-1.93027     0.2    0.2		4.1705503158		-1.0
	32489.99999998	10.98548		-2.06227     0.2    0.2		4.1705503158		-1.0
	32534.99999998	11.72411		-1.94613     0.2    0.2		4.1705503158		-1.0
	32579.99999998	12.33547		-1.76481     0.2    0.2		4.1705503158		-1.0
	32624.99999998	13.11505		-1.93019     0.2    0.2		4.1705503158		-1.0
	32669.99999998	14.03827		-2.25985     0.2    0.2		4.1705503158		-1.0
	32714.99999998	15.11742		2.38737     0.2    0.2		4.1705503158		-1.0
	32759.99999998	16.10141		2.26432     0.2    0.2		4.1705503158		-1.0
	32804.99999998	17.36196		2.45794     0.2    0.2		4.1705503158		-1.0
	32849.99999998	18.53379		2.81012     0.2    0.2		4.1705503158		-1.0
	32894.99999998	19.47539		-2.48182     0.2    0.2		4.1705503158		-1.0
	32939.99999998	20.2145		-1.59915     0.2    0.2		4.1705503158		-1.0
	32984.99999998	20.87163		-0.90565     0.2    0.2		4.1705503158		-1.0
	33029.99999998	21.24188		-0.47016     0.2    0.2		4.1705503158		-1.0
	33074.99999998	21.53648		-0.21536     0.2    0.2		4.1705503158		-1.0
	33119.99999998	22.16736		-0.06798     0.2    0.2		4.1705503158		-1.0
	33164.99999998	23.28182		-0.00023     0.2    0.2		4.1705503158		-1.0
	33209.99999998	24.50598		0.05678     0.2    0.2		4.1705503158		-1.0
	33254.99999998	26.04522		0.09026     0.2    0.2		4.1705503158		-1.0
	33299.99999998	27.74242		0.11852     0.2    0.2		4.1705503158		-1.0
	33344.99999998	29.39408		0.05594     0.2    0.2		4.1705503158		-1.0
	33389.99999998	30.51304		0.03883     0.2    0.2		4.1705503158		-1.0
	33434.99999998	30.82318		-0.09896     0.2    0.2		4.1705503158		-1.0
	33479.99999998	29.35497		0.84015     0.2    0.2		4.1705503158		-1.0
	33524.99999998	28.19547		1.04484     0.2    0.2		4.1705503158		-1.0
	33569.99999998	26.96506		2.00658     0.2    0.2		4.1705503158		-1.0
	33614.99999998	26.08537		2.6179     0.2    0.2		4.1705503158		-1.0
	33659.99999998	25.22641		-3.13187     0.2    0.2		4.1705503158		-1.0
	33704.99999998	24.69889		-2.80911     0.2    0.2		4.1705503158		-1.0
	33749.99999997	23.96556		-2.48564     0.2    0.2		4.1705503158		-1.0
	33794.99999997	23.03894		-2.38699     0.2    0.2		4.1705503158		-1.0
	33839.99999997	22.00071		-2.30218     0.2    0.2		4.1705503158		-1.0
	33884.99999997	20.76758		-2.32663     0.2    0.2		4.1705503158		-1.0
	33929.99999997	19.42453		-2.44682     0.2    0.2		4.1705503158		-1.0
	33974.99999997	17.93206		-2.60788     0.2    0.2		4.1705503158		-1.0
	34019.99999997	16.64986		-2.7959     0.2    0.2		4.1705503158		-1.0
	34064.99999997	15.32457		-2.89357     0.2    0.2		4.1705503158		-1.0
	34109.99999997	14.04246		-2.92718     0.2    0.2		4.1705503158		-1.0
	34154.99999997	12.71031		-2.93443     0.2    0.2		4.1705503158		-1.0
	34199.99999997	11.32244		-2.91626     0.2    0.2		4.1705503158		-1.0
	34244.99999997	9.9529		-2.91822     0.2    0.2		4.1705503158		-1.0
	34289.99999997	8.6305		-2.69222     0.2    0.2		4.1705503158		-1.0
	34334.99999997	7.4827		-2.43182     0.2    0.2		4.1705503158		-1.0
	34379.99999997	6.36218		-2.41202     0.2    0.2		4.1705503158		-1.0
	34424.99999997	5.6813		-2.4452     0.2    0.2		4.1705503158		-1.0
	34469.99999997	5.88354		2.85721     0.2    0.2		4.1705503158		-1.0
	34514.99999997	6.97507		2.09337     0.2    0.2		4.1705503158		-1.0
	34559.99999997	8.50529		1.82184     0.2    0.2		4.1705503158		-1.0
	34604.99999997	10.00688		1.62453     0.2    0.2		4.1705503158		-1.0
	34649.99999997	11.87452		1.40457     0.2    0.2		4.1705503158		-1.0
	34694.99999997	13.46493		1.20088     0.2    0.2		4.1705503158		-1.0
	34739.99999997	14.99297		1.05712     0.2    0.2		4.1705503158		-1.0
	34784.99999997	16.24763		0.84464     0.2    0.2		4.1705503158		-1.0
	34829.99999997	17.40921		0.67956     0.2    0.2		4.1705503158		-1.0
	34874.99999997	18.33819		0.58562     0.2    0.2		4.1705503158		-1.0
	34919.99999997	18.95923		1.17079     0.2    0.2		4.1705503158		-1.0
	34964.99999997	19.20212		1.67904     0.2    0.2		4.1705503158		-1.0
	35009.99999997	19.13688		0.65536     0.2    0.2		4.1705503158		-1.0
	35054.99999997	19.08907		0.49212     0.2    0.2		4.1705503158		-1.0
	35099.99999997	19.02956		0.09045     0.2    0.2		4.1705503158		-1.0
	35144.99999997	19.43622		-0.3636     0.2    0.2		4.1705503158		-1.0
	35189.99999997	20.20085		-0.4749     0.2    0.2		4.1705503158		-1.0
	35234.99999997	21.281		-0.89321     0.2    0.2		4.1705503158		-1.0
	35279.99999997	21.98011		-0.95082     0.2    0.2		4.1705503158		-1.0
	35324.99999997	21.07038		1.66854     0.2    0.2		4.1705503158		-1.0
	35369.99999997	19.89625		1.86871     0.2    0.2		4.1705503158		-1.0
	35414.99999997	19.08197		2.14729     0.2    0.2		4.1705503158		-1.0
	35459.99999997	18.19244		2.34474     0.2    0.2		4.1705503158		-1.0
	35504.99999997	17.39945		2.44706     0.2    0.2		4.1705503158		-1.0
	35549.99999997	16.42325		2.43035     0.2    0.2		4.1705503158		-1.0
	35594.99999997	15.63524		2.52771     0.2    0.2		4.1705503158		-1.0
	35639.99999997	15.07843		2.71198     0.2    0.2		4.1705503158		-1.0
	35684.99999997	14.0647		2.93293     0.2    0.2		4.1705503158		-1.0
	35729.99999997	13.57956		2.98173     0.2    0.2		4.1705503158		-1.0
	35774.99999997	13.13083		-3.07076     0.2    0.2		4.1705503158		-1.0
	35819.99999997	13.65953		-2.65351     0.2    0.2		4.1705503158		-1.0
	35864.99999997	13.35451		-2.35793     0.2    0.2		4.1705503158		-1.0
	35909.99999997	13.34708		-1.8422     0.2    0.2		4.1705503158		-1.0
	35954.99999997	13.58189		-1.81333     0.2    0.2		4.1705503158		-1.0
	35999.99999997	14.57536		-1.86863     0.2    0.2		4.1705503158		-1.0
	36044.99999997	15.47806		-2.22029     0.2    0.2		4.1705503158		-1.0
	36089.99999997	16.48937		-2.34948     0.2    0.2		4.1705503158		-1.0
	36134.99999997	17.12123		-2.10009     0.2    0.2		4.1705503158		-1.0
	36179.99999997	17.75062		-1.73264     0.2    0.2		4.1705503158		-1.0
	36224.99999997	18.14875		-1.61317     0.2    0.2		4.1705503158		-1.0
	36269.99999997	18.67293		-1.15583     0.2    0.2		4.1705503158		-1.0
	36314.99999997	18.92092		-0.68648     0.2    0.2		4.1705503158		-1.0
	36359.99999997	19.11875		-0.10682     0.2    0.2		4.1705503158		-1.0
	36404.99999997	19.63326		0.10229     0.2    0.2		4.1705503158		-1.0
	36449.99999997	20.22463		0.4473     0.2    0.2		4.1705503158		-1.0
	36494.99999997	20.81428		0.70828     0.2    0.2		4.1705503158		-1.0
	36539.99999997	21.65474		1.0911     0.2    0.2		4.1705503158		-1.0
	36584.99999997	22.3969		1.43487     0.2    0.2		4.1705503158		-1.0
	36629.99999997	21.19655		-1.75988     0.2    0.2		4.1705503158		-1.0
	36674.99999997	19.99197		-2.01768     0.2    0.2		4.1705503158		-1.0
	36719.99999997	18.69403		-2.3544     0.2    0.2		4.1705503158		-1.0
	36764.99999997	17.39151		-2.50667     0.2    0.2		4.1705503158		-1.0
	36809.99999997	16.17045		-2.54752     0.2    0.2		4.1705503158		-1.0
	36854.99999997	14.73398		-2.57192     0.2    0.2		4.1705503158		-1.0
	36899.99999997	13.47589		-2.81667     0.2    0.2		4.1705503158		-1.0
	36944.99999997	11.91856		-2.84759     0.2    0.2		4.1705503158		-1.0
	36989.99999997	10.72836		-3.06035     0.2    0.2		4.1705503158		-1.0
	37034.99999997	9.30273		-3.01055     0.2    0.2		4.1705503158		-1.0
	37079.99999997	7.62511		2.92314     0.2    0.2		4.1705503158		-1.0
	37124.99999997	5.9969		2.70676     0.2    0.2		4.1705503158		-1.0
	37169.99999997	5.19866		2.44203     0.2    0.2		4.1705503158		-1.0
	37214.99999997	6.31285		2.52008     0.2    0.2		4.1705503158		-1.0
	37259.99999997	7.97765		2.48783     0.2    0.2		4.1705503158		-1.0
	37304.99999997	9.60459		2.47021     0.2    0.2		4.1705503158		-1.0
	37349.99999997	10.69314		2.48381     0.2    0.2		4.1705503158		-1.0
	37394.99999997	11.56044		2.42987     0.2    0.2		4.1705503158		-1.0
	37439.99999997	12.25715		2.16183     0.2    0.2		4.1705503158		-1.0
	37484.99999997	13.05903		2.1331     0.2    0.2		4.1705503158		-1.0
	37529.99999997	14.01431		1.8725     0.2    0.2		4.1705503158		-1.0
	37574.99999997	14.69972		1.4357     0.2    0.2		4.1705503158		-1.0
	37619.99999997	15.6328		0.55002     0.2    0.2		4.1705503158		-1.0
	37664.99999997	16.67709		-0.1807     0.2    0.2		4.1705503158		-1.0
	37709.99999997	17.48569		-1.08749     0.2    0.2		4.1705503158		-1.0
	37754.99999997	17.80569		-1.96297     0.2    0.2		4.1705503158		-1.0
	37799.99999997	17.50609		-2.84559     0.2    0.2		4.1705503158		-1.0
	37844.99999997	16.96709		2.74033     0.2    0.2		4.1705503158		-1.0
	37889.99999997	16.17907		2.57703     0.2    0.2		4.1705503158		-1.0
	37934.99999997	15.51216		2.70894     0.2    0.2		4.1705503158		-1.0
	37979.99999997	14.98348		2.92158     0.2    0.2		4.1705503158		-1.0
	38024.99999997	14.86932		2.70787     0.2    0.2		4.1705503158		-1.0
	38069.99999997	14.09134		2.2379     0.2    0.2		4.1705503158		-1.0
	38114.99999997	13.22744		2.01208     0.2    0.2		4.1705503158		-1.0
	38159.99999997	12.10846		1.53001     0.2    0.2		4.1705503158		-1.0
	38204.99999997	11.14628		1.00152     0.2    0.2		4.1705503158		-1.0
	38249.99999997	10.29566		-0.23706     0.2    0.2		4.1705503158		-1.0
	38294.99999997	10.14257		-2.40588     0.2    0.2		4.1705503158		-1.0
	38339.99999997	9.52639		-2.68898     0.2    0.2		4.1705503158		-1.0
	38384.99999997	9.21323		-2.50902     0.2    0.2		4.1705503158		-1.0
	38429.99999997	8.69608		-2.26439     0.2    0.2		4.1705503158		-1.0
	38474.99999997	8.4319		-1.80932     0.2    0.2		4.1705503158		-1.0
	38519.99999997	8.91651		-1.71304     0.2    0.2		4.1705503158		-1.0
	38564.99999997	9.94354		-1.53591     0.2    0.2		4.1705503158		-1.0
	38609.99999997	11.00247		-2.018     0.2    0.2		4.1705503158		-1.0
	38654.99999997	11.40246		-2.52685     0.2    0.2		4.1705503158		-1.0
	38699.99999997	11.82149		-3.00231     0.2    0.2		4.1705503158		-1.0
	38744.99999997	11.69366		3.06145     0.2    0.2		4.1705503158		-1.0
	38789.99999997	11.69774		2.76172     0.2    0.2		4.1705503158		-1.0
	38834.99999997	12.15614		2.39849     0.2    0.2		4.1705503158		-1.0
	38879.99999997	12.7727		2.79364     0.2    0.2		4.1705503158		-1.0
	38924.99999997	13.65327		2.53106     0.2    0.2		4.1705503158		-1.0
	38969.99999997	14.55221		2.08729     0.2    0.2		4.1705503158		-1.0
	39014.99999997	15.56013		1.64583     0.2    0.2		4.1705503158		-1.0
	39059.99999997	16.29686		1.07111     0.2    0.2		4.1705503158		-1.0
	39104.99999997	16.85716		0.59462     0.2    0.2		4.1705503158		-1.0
	39149.99999997	16.92602		0.33441     0.2    0.2		4.1705503158		-1.0
	39194.99999997	17.38203		-0.42176     0.2    0.2		4.1705503158		-1.0
	39239.99999997	17.72062		-2.39035     0.2    0.2		4.1705503158		-1.0
	39284.99999997	19.31263		-2.94108     0.2    0.2		4.1705503158		-1.0
	39329.99999997	20.75283		-3.07348     0.2    0.2		4.1705503158		-1.0
	39374.99999997	22.26093		2.87884     0.2    0.2		4.1705503158		-1.0
	39419.99999997	23.64782		2.59534     0.2    0.2		4.1705503158		-1.0
	39464.99999997	24.58658		2.34837     0.2    0.2		4.1705503158		-1.0
	39509.99999997	25.56247		2.11066     0.2    0.2		4.1705503158		-1.0
	39554.99999997	25.23442		2.19902     0.2    0.2		4.1705503158		-1.0
	39599.99999997	24.32848		-2.45882     0.2    0.2		4.1705503158		-1.0
	39644.99999997	23.9721		-2.66056     0.2    0.2		4.1705503158		-1.0
	39689.99999997	23.04533		-2.67017     0.2    0.2		4.1705503158		-1.0
	39734.99999997	22.17842		-3.02229     0.2    0.2		4.1705503158		-1.0
	39779.99999997	20.85419		3.10779     0.2    0.2		4.1705503158		-1.0
	39824.99999997	20.03497		2.76597     0.2    0.2		4.1705503158		-1.0
	39869.99999997	18.94818		2.48425     0.2    0.2		4.1705503158		-1.0
	39914.99999997	18.11467		1.90707     0.2    0.2		4.1705503158		-1.0
	39959.99999997	17.26935		1.54915     0.2    0.2		4.1705503158		-1.0
	40004.99999997	16.68005		1.14679     0.2    0.2		4.1705503158		-1.0
	40049.99999997	15.61495		1.66311     0.2    0.2		4.1705503158		-1.0
	40094.99999997	15.12907		1.43061     0.2    0.2		4.1705503158		-1.0
	40139.99999997	14.49979		0.74113     0.2    0.2		4.1705503158		-1.0
	40184.99999997	14.42201		0.58708     0.2    0.2		4.1705503158		-1.0
	40229.99999996	14.20723		-0.27793     0.2    0.2		4.1705503158		-1.0
	40274.99999996	14.02113		-0.5831     0.2    0.2		4.1705503158		-1.0
	40319.99999996	13.90261		-1.481     0.2    0.2		4.1705503158		-1.0
	40364.99999996	14.19072		-1.86012     0.2    0.2		4.1705503158		-1.0
	40409.99999996	14.51962		-2.99136     0.2    0.2		4.1705503158		-1.0
	40454.99999996	14.889		2.66097     0.2    0.2		4.1705503158		-1.0
	40499.99999996	14.95622		1.61008     0.2    0.2		4.1705503158		-1.0
	40544.99999996	14.01313		1.40386     0.2    0.2		4.1705503158		-1.0
	40589.99999996	13.23758		1.06813     0.2    0.2		4.1705503158		-1.0
	40634.99999996	11.89787		1.07326     0.2    0.2		4.1705503158		-1.0
	40679.99999996	10.5442		0.8317     0.2    0.2		4.1705503158		-1.0
	40724.99999996	9.13787		0.98867     0.2    0.2		4.1705503158		-1.0
	40769.99999996	7.90397		1.21824     0.2    0.2		4.1705503158		-1.0
	40814.99999996	7.18845		2.15073     0.2    0.2		4.1705503158		-1.0
	40859.99999996	6.56135		2.25007     0.2    0.2		4.1705503158		-1.0
	40904.99999996	6.7332		1.73383     0.2    0.2		4.1705503158		-1.0
	40949.99999996	7.04501		1.04479     0.2    0.2		4.1705503158		-1.0
	40994.99999996	8.0042		0.28842     0.2    0.2		4.1705503158		-1.0
	41039.99999996	8.86333		-0.10518     0.2    0.2		4.1705503158		-1.0
	41084.99999996	9.9886		-0.74335     0.2    0.2		4.1705503158		-1.0
	41129.99999996	10.98072		-0.76607     0.2    0.2		4.1705503158		-1.0
	41174.99999996	12.11761		-0.80919     0.2    0.2		4.1705503158		-1.0
	41219.99999996	13.54909		-0.38353     0.2    0.2		4.1705503158		-1.0
	41264.99999996	15.0483		-0.16664     0.2    0.2		4.1705503158		-1.0
	41309.99999996	16.93484		0.25541     0.2    0.2		4.1705503158		-1.0
	41354.99999996	18.24129		0.38383     0.2    0.2		4.1705503158		-1.0
	41399.99999996	19.80022		0.42518     0.2    0.2		4.1705503158		-1.0
	41444.99999996	20.79453		0.75128     0.2    0.2		4.1705503158		-1.0
	41489.99999996	21.79787		1.89578     0.2    0.2		4.1705503158		-1.0
	41534.99999996	21.99231		2.73609     0.2    0.2		4.1705503158		-1.0
	41579.99999996	22.35331		-3.06071     0.2    0.2		4.1705503158		-1.0
	41624.99999996	22.63968		-2.54865     0.2    0.2		4.1705503158		-1.0
	41669.99999996	23.43545		-1.9482     0.2    0.2		4.1705503158		-1.0
	41714.99999996	24.20798		-1.36488     0.2    0.2		4.1705503158		-1.0
	41759.99999996	25.00871		-1.53638     0.2    0.2		4.1705503158		-1.0
	41804.99999996	25.63387		-2.66268     0.2    0.2		4.1705503158		-1.0
	41849.99999996	26.1981		-2.40434     0.2    0.2		4.1705503158		-1.0
	41894.99999996	26.72838		-1.99781     0.2    0.2		4.1705503158		-1.0
	41939.99999996	27.5356		-1.44883     0.2    0.2		4.1705503158		-1.0
	41984.99999996	28.42408		-0.78342     0.2    0.2		4.1705503158		-1.0
	42029.99999996	29.24162		-0.16029     0.2    0.2		4.1705503158		-1.0
	42074.99999996	28.70159		0.35588     0.2    0.2		4.1705503158		-1.0
	42119.99999996	28.34926		1.05746     0.2    0.2		4.1705503158		-1.0
	42164.99999996	28.42585		1.83768     0.2    0.2		4.1705503158		-1.0
	42209.99999996	28.95256		2.18543     0.2    0.2		4.1705503158		-1.0
	42254.99999996	28.89287		2.29323     0.2    0.2		4.1705503158		-1.0
	42299.99999996	28.30859		2.44277     0.2    0.2		4.1705503158		-1.0
	42344.99999996	26.98499		2.40667     0.2    0.2		4.1705503158		-1.0
	42389.99999996	25.67902		2.4621     0.2    0.2		4.1705503158		-1.0
	42434.99999996	24.44712		1.83778     0.2    0.2		4.1705503158		-1.0
	42479.99999996	23.85584		0.7382     0.2    0.2		4.1705503158		-1.0
	42524.99999996	23.45142		0.92988     0.2    0.2		4.1705503158		-1.0
	42569.99999996	23.25816		1.90982     0.2    0.2		4.1705503158		-1.0
	42614.99999996	23.20747		-2.73221     0.2    0.2		4.1705503158		-1.0
	42659.99999996	23.70965		-2.18624     0.2    0.2		4.1705503158		-1.0
	42704.99999996	24.43169		-1.92225     0.2    0.2		4.1705503158		-1.0
	42749.99999996	25.18793		-1.69751     0.2    0.2		4.1705503158		-1.0
	42794.99999996	25.80569		-1.9353     0.2    0.2		4.1705503158		-1.0
	42839.99999996	26.54364		-2.35523     0.2    0.2		4.1705503158		-1.0
	42884.99999996	27.47875		-2.53186     0.2    0.2		4.1705503158		-1.0
	42929.99999996	28.53215		-2.45817     0.2    0.2		4.1705503158		-1.0
	42974.99999996	28.24861		-2.40537     0.2    0.2		4.1705503158		-1.0
	43019.99999996	27.34809		2.93175     0.2    0.2		4.1705503158		-1.0
	43064.99999996	26.2961		2.66488     0.2    0.2		4.1705503158		-1.0
	43109.99999996	25.10768		2.48392     0.2    0.2		4.1705503158		-1.0
	43154.99999996	23.62537		2.28887     0.2    0.2		4.1705503158		-1.0
	43199.99999996	22.32296		2.17314     0.2    0.2		4.1705503158		-1.0
	43244.99999996	21.266		1.97022     0.2    0.2		4.1705503158		-1.0
	43289.99999996	20.17172		2.06977     0.2    0.2		4.1705503158		-1.0
	43334.99999996	19.4145		-3.092     0.2    0.2		4.1705503158		-1.0
	43379.99999996	18.92219		-1.8913     0.2    0.2		4.1705503158		-1.0
	43424.99999996	19.1403		-1.57653     0.2    0.2		4.1705503158		-1.0
	43469.99999996	19.65848		-1.19354     0.2    0.2		4.1705503158		-1.0
	43514.99999996	20.55343		-0.74567     0.2    0.2		4.1705503158		-1.0
	43559.99999996	21.01592		0.24557     0.2    0.2		4.1705503158		-1.0
	43604.99999996	21.74443		0.90242     0.2    0.2		4.1705503158		-1.0
	43649.99999996	22.38088		1.29471     0.2    0.2		4.1705503158		-1.0
	43694.99999996	23.84565		1.32246     0.2    0.2		4.1705503158		-1.0
	43739.99999996	25.12323		1.32145     0.2    0.2		4.1705503158		-1.0
	43784.99999996	26.62697		1.04111     0.2    0.2		4.1705503158		-1.0
	43829.99999996	27.74247		0.76368     0.2    0.2		4.1705503158		-1.0
	43874.99999996	28.65155		0.24006     0.2    0.2		4.1705503158		-1.0
	43919.99999996	28.72677		-1.61599     0.2    0.2		4.1705503158		-1.0
	43964.99999996	28.32542		-2.36603     0.2    0.2		4.1705503158		-1.0
	44009.99999996	27.57909		-2.68324     0.2    0.2		4.1705503158		-1.0
	44054.99999996	26.37066		-2.5784     0.2    0.2		4.1705503158		-1.0
	44099.99999996	25.10614		-2.41442     0.2    0.2		4.1705503158		-1.0
	44144.99999996	24.4927		-2.2524     0.2    0.2		4.1705503158		-1.0
	44189.99999996	24.77444		-2.07453     0.2    0.2		4.1705503158		-1.0
	44234.99999996	26.17544		1.89513     0.2    0.2		4.1705503158		-1.0
	44279.99999996	27.31943		-3.07918     0.2    0.2		4.1705503158		-1.0
	44324.99999996	27.84259		-3.06524     0.2    0.2		4.1705503158		-1.0
	44369.99999996	27.91504		2.96219     0.2    0.2		4.1705503158		-1.0
	44414.99999996	27.71551		2.39856     0.2    0.2		4.1705503158		-1.0
	44459.99999996	27.48		-1.95752     0.2    0.2		4.1705503158		-1.0
	44504.99999996	26.90264		1.01615     0.2    0.2		4.1705503158		-1.0
	44549.99999996	26.66967		0.1387     0.2    0.2		4.1705503158		-1.0
	44594.99999996	26.60583		-1.17082     0.2    0.2		4.1705503158		-1.0
	44639.99999996	26.75091		-2.94227     0.2    0.2		4.1705503158		-1.0
	44684.99999996	27.31542		1.99731     0.2    0.2		4.1705503158		-1.0
	44729.99999996	28.26079		0.82485     0.2    0.2		4.1705503158		-1.0
	44774.99999996	29.072		-0.18455     0.2    0.2		4.1705503158		-1.0
	44819.99999996	29.56003		-1.25148     0.2    0.2		4.1705503158		-1.0
	44864.99999996	30.05152		-1.93477     0.2    0.2		4.1705503158		-1.0
	44909.99999996	30.3233		-2.57739     0.2    0.2		4.1705503158		-1.0
	44954.99999996	30.4063		3.11092     0.2    0.2		4.1705503158		-1.0
	44999.99999996	30.14621		2.77861     0.2    0.2		4.1705503158		-1.0
	45044.99999996	29.65389		2.67815     0.2    0.2		4.1705503158		-1.0
	45089.99999996	29.53054		-2.57248     0.2    0.2		4.1705503158		-1.0
	45134.99999996	30.08594		-2.75661     0.2    0.2		4.1705503158		-1.0
	45179.99999996	31.01041		3.05185     0.2    0.2		4.1705503158		-1.0
	45224.99999996	30.69458		2.30694     0.2    0.2		4.1705503158		-1.0
	45269.99999996	29.20214		1.57981     0.2    0.2		4.1705503158		-1.0
	45314.99999996	28.81256		1.08017     0.2    0.2		4.1705503158		-1.0
	45359.99999996	29.63914		1.69748     0.2    0.2		4.1705503158		-1.0
	45404.99999996	30.47147		2.00729     0.2    0.2		4.1705503158		-1.0
	45449.99999996	30.79301		1.77681     0.2    0.2		4.1705503158		-1.0
	45494.99999996	30.16138		0.98977     0.2    0.2		4.1705503158		-1.0
	45539.99999996	29.56977		0.11457     0.2    0.2		4.1705503158		-1.0
	45584.99999996	30.31683		-0.22299     0.2    0.2		4.1705503158		-1.0
	45629.99999996	31.86468		-0.4982     0.2    0.2		4.1705503158		-1.0
	45674.99999996	33.11548		-0.21677     0.2    0.2		4.1705503158		-1.0
	45719.99999996	32.47908		-0.66442     0.2    0.2		4.1705503158		-1.0
	45764.99999996	31.77323		-1.58814     0.2    0.2		4.1705503158		-1.0
	45809.99999996	31.48896		3.14155     0.2    0.2		4.1705503158		-1.0
	45854.99999996	31.36985		-2.67176     0.2    0.2		4.1705503158		-1.0
	45899.99999996	30.87216		2.92728     0.2    0.2		4.1705503158		-1.0
	45944.99999996	29.44693		2.08668     0.2    0.2		4.1705503158		-1.0
	45989.99999996	27.54194		1.8849     0.2    0.2		4.1705503158		-1.0
	46034.99999996	26.146		2.01081     0.2    0.2		4.1705503158		-1.0
	46079.99999996	25.63809		2.07897     0.2    0.2		4.1705503158		-1.0
	46124.99999996	25.40408		2.11798     0.2    0.2		4.1705503158		-1.0
	46169.99999996	25.17896		1.42867     0.2    0.2		4.1705503158		-1.0
	46214.99999996	24.74722		0.80178     0.2    0.2		4.1705503158		-1.0
	46259.99999996	24.63969		0.04269     0.2    0.2		4.1705503158		-1.0
	46304.99999996	24.93487		-0.72776     0.2    0.2		4.1705503158		-1.0
	46349.99999996	25.24606		-1.52258     0.2    0.2		4.1705503158		-1.0
	46394.99999996	25.97409		-2.09923     0.2    0.2		4.1705503158		-1.0
	46439.99999996	26.77337		-2.56252     0.2    0.2		4.1705503158		-1.0
	46484.99999996	27.58968		-2.92435     0.2    0.2		4.1705503158		-1.0
	46529.99999996	28.29117		2.98144     0.2    0.2		4.1705503158		-1.0
	46574.99999996	29.06124		2.45275     0.2    0.2		4.1705503158		-1.0
	46619.99999996	29.26153		2.21764     0.2    0.2		4.1705503158		-1.0
	46664.99999996	28.8857		1.67195     0.2    0.2		4.1705503158		-1.0
	46709.99999996	28.15653		1.1221     0.2    0.2		4.1705503158		-1.0
	46754.99999995	27.01595		1.08304     0.2    0.2		4.1705503158		-1.0
	46799.99999995	26.51532		0.06081     0.2    0.2		4.1705503158		-1.0
	46844.99999995	26.31426		-0.42803     0.2    0.2		4.1705503158		-1.0
	46889.99999995	25.84363		-0.59898     0.2    0.2		4.1705503158		-1.0
	46934.99999995	25.50785		-0.66638     0.2    0.2		4.1705503158		-1.0
	46979.99999995	25.11754		0.20701     0.2    0.2		4.1705503158		-1.0
	47024.99999995	25.29279		0.79277     0.2    0.2		4.1705503158		-1.0
	47069.99999995	25.50172		0.65599     0.2    0.2		4.1705503158		-1.0
	47114.99999995	25.88209		0.58142     0.2    0.2		4.1705503158		-1.0
	47159.99999995	26.42799		0.36374     0.2    0.2		4.1705503158		-1.0
	47204.99999995	26.03297		0.43883     0.2    0.2		4.1705503158		-1.0
	47249.99999995	25.77935		0.5166     0.2    0.2		4.1705503158		-1.0
	47294.99999995	25.31038		-0.2427     0.2    0.2		4.1705503158		-1.0
	47339.99999995	24.41395		-0.73845     0.2    0.2		4.1705503158		-1.0
	47384.99999995	23.01505		-0.6872     0.2    0.2		4.1705503158		-1.0
	47429.99999995	21.71817		-0.8312     0.2    0.2		4.1705503158		-1.0
	47474.99999995	20.6133		-0.79054     0.2    0.2		4.1705503158		-1.0
	47519.99999995	19.10775		-0.90462     0.2    0.2		4.1705503158		-1.0
	47564.99999995	17.8484		-0.83701     0.2    0.2		4.1705503158		-1.0
	47609.99999995	16.68854		-0.64584     0.2    0.2		4.1705503158		-1.0
	47654.99999995	15.3094		-0.63481     0.2    0.2		4.1705503158		-1.0
	47699.99999995	14.05776		-0.72134     0.2    0.2		4.1705503158		-1.0
	47744.99999995	12.85144		-0.99805     0.2    0.2		4.1705503158		-1.0
	47789.99999995	11.74831		-1.30505     0.2    0.2		4.1705503158		-1.0
	47834.99999995	10.71637		-1.73434     0.2    0.2		4.1705503158		-1.0
	47879.99999995	9.63691		-1.99918     0.2    0.2		4.1705503158		-1.0
	47924.99999995	8.70159		-2.40784     0.2    0.2		4.1705503158		-1.0
	47969.99999995	7.59714		-2.69283     0.2    0.2		4.1705503158		-1.0
	48014.99999995	6.63001		-3.06744     0.2    0.2		4.1705503158		-1.0
	48059.99999995	5.96412		2.86108     0.2    0.2		4.1705503158		-1.0
	48104.99999995	6.52362		2.59863     0.2    0.2		4.1705503158		-1.0
	48149.99999995	8.12702		2.35169     0.2    0.2		4.1705503158		-1.0
	48194.99999995	9.7318		2.37459     0.2    0.2		4.1705503158		-1.0
	48239.99999995	10.8222		1.79055     0.2    0.2		4.1705503158		-1.0
	48284.99999995	11.64336		0.91985     0.2    0.2		4.1705503158		-1.0
	48329.99999995	12.02406		0.74851     0.2    0.2		4.1705503158		-1.0
	48374.99999995	12.64862		0.69564     0.2    0.2		4.1705503158		-1.0
	48419.99999995	13.16862		0.43993     0.2    0.2		4.1705503158		-1.0
	48464.99999995	13.96846		0.28213     0.2    0.2		4.1705503158		-1.0
	48509.99999995	14.41173		-0.07207     0.2    0.2		4.1705503158		-1.0
	48554.99999995	15.12036		-0.24865     0.2    0.2		4.1705503158		-1.0
	48599.99999995	16.04022		-0.51601     0.2    0.2		4.1705503158		-1.0
	48644.99999995	17.14378		-0.87652     0.2    0.2		4.1705503158		-1.0
	48689.99999995	18.05335		-1.2241     0.2    0.2		4.1705503158		-1.0
	48734.99999995	19.11332		-1.40083     0.2    0.2		4.1705503158		-1.0
	48779.99999995	20.25673		-1.46794     0.2    0.2		4.1705503158		-1.0
	48824.99999995	21.5012		-1.36367     0.2    0.2		4.1705503158		-1.0
	48869.99999995	22.73234		-1.28618     0.2    0.2		4.1705503158		-1.0
	48914.99999995	24.16055		2.08907     0.2    0.2		4.1705503158		-1.0
	48959.99999995	24.47949		2.19982     0.2    0.2		4.1705503158		-1.0
	49004.99999995	23.60473		1.98945     0.2    0.2		4.1705503158		-1.0
	49049.99999995	22.45909		1.18389     0.2    0.2		4.1705503158		-1.0
	49094.99999995	21.38415		-0.18827     0.2    0.2		4.1705503158		-1.0
	49139.99999995	20.3635		-0.30785     0.2    0.2		4.1705503158		-1.0
	49184.99999995	19.62841		0.31394     0.2    0.2		4.1705503158		-1.0
	49229.99999995	19.05033		1.03527     0.2    0.2		4.1705503158		-1.0
	49274.99999995	18.7826		1.78808     0.2    0.2		4.1705503158		-1.0
	49319.99999995	18.3888		2.41223     0.2    0.2		4.1705503158		-1.0
	49364.99999995	17.74695		2.99001     0.2    0.2		4.1705503158		-1.0
	49409.99999995	17.04686		-2.85537     0.2    0.2		4.1705503158		-1.0
	49454.99999995	16.63046		-2.55897     0.2    0.2		4.1705503158		-1.0
	49499.99999995	16.18672		-2.98086     0.2    0.2		4.1705503158		-1.0
	49544.99999995	15.60994		2.44634     0.2    0.2		4.1705503158		-1.0
	49589.99999995	14.43418		1.64621     0.2    0.2		4.1705503158		-1.0
	49634.99999995	13.6613		1.09555     0.2    0.2		4.1705503158		-1.0
	49679.99999995	12.62276		0.97211     0.2    0.2		4.1705503158		-1.0
	49724.99999995	11.87989		0.04472     0.2    0.2		4.1705503158		-1.0
	49769.99999995	10.86014		-0.21251     0.2    0.2		4.1705503158		-1.0
	49814.99999995	10.298		-0.39881     0.2    0.2		4.1705503158		-1.0
	49859.99999995	9.651		-0.26771     0.2    0.2		4.1705503158		-1.0
	49904.99999995	8.81119		-0.0081     0.2    0.2		4.1705503158		-1.0
	49949.99999995	8.23855		0.43561     0.2    0.2		4.1705503158		-1.0
	49994.99999995	7.61875		0.80973     0.2    0.2		4.1705503158		-1.0
