	45.00000000	2.87864		2.28635  0.2  0.2		0.0		-1.0
	90.00000000	2.89643		1.91078  0.2  0.2		0.0		-1.0
	135.00000000	2.90332		2.08343  0.2  0.2		0.0		-1.0
	180.00000000	3.02732		1.85463  0.2  0.2		0.0		-1.0
	225.00000000	2.81463		2.04324  0.2  0.2		0.0		-1.0
	270.00000000	2.84067		2.22563  0.2  0.2		0.0		-1.0
	315.00000000	2.9452		2.48222  0.2  0.2		0.0		-1.0
	360.00000000	3.09907		2.60919  0.2  0.2		0.0		-1.0
	405.00000000	2.91522		2.89672  0.2  0.2		0.0		-1.0
	450.00000000	2.89018		3.08915  0.2  0.2		0.0		-1.0
	495.00000000	2.93233		-2.80516  0.2  0.2		0.0		-1.0
	540.00000000	2.91929		-2.58961  0.2  0.2		0.0		-1.0
	585.00000000	2.94156		-2.144  0.2  0.2		0.0		-1.0
	630.00000000	2.83339		-2.01171  0.2  0.2		0.0		-1.0
	675.00000000	2.95479		-1.39998  0.2  0.2		0.0		-1.0
	720.00000000	3.06783		-1.2212  0.2  0.2		0.0		-1.0
	765.00000000	2.8839		-0.67579  0.2  0.2		0.0		-1.0
	810.00000000	2.82421		-0.25409  0.2  0.2		0.0		-1.0
	855.00000000	2.99897		0.49473  0.2  0.2		0.0		-1.0
	900.00000000	2.95296		1.12026  0.2  0.2		0.0		-1.0
	945.00000000	2.87553		1.16724  0.2  0.2		0.0		-1.0
	990.00000000	2.91628		1.48466  0.2  0.2		0.0		-1.0
	1035.00000000	2.93165		1.6199  0.2  0.2		0.0		-1.0
	1080.00000000	2.86158		2.0363  0.2  0.2		0.0		-1.0
	1125.00000000	2.78851		2.51877  0.2  0.2		0.0		-1.0
	1170.00000000	2.87841		3.14007  0.2  0.2		0.0		-1.0
	1215.00000000	2.91956		-2.97309  0.2  0.2		0.0		-1.0
	1260.00000000	2.96134		-2.29104  0.2  0.2		0.0		-1.0
	1305.00000000	2.97882		-2.23587  0.2  0.2		0.0		-1.0
	1350.00000000	2.84692		-1.74091  0.2  0.2		0.0		-1.0
	1395.00000000	2.94665		-1.66276  0.2  0.2		0.0		-1.0
	1440.00000000	2.8855		-1.04406  0.2  0.2		0.0		-1.0
	1485.00000000	3.0164		-1.07169  0.2  0.2		0.0		-1.0
	1530.00000000	2.88962		-0.3726  0.2  0.2		0.0		-1.0
	1575.00000000	2.92706		0.35821  0.2  0.2		0.0		-1.0
	1620.00000000	2.8753		0.67401  0.2  0.2		0.0		-1.0
	1665.00000000	3.06912		1.28489  0.2  0.2		0.0		-1.0
	1710.00000000	2.94365		1.51551  0.2  0.2		0.0		-1.0
	1755.00000000	2.90099		0.97595  0.2  0.2		0.0		-1.0
	1800.00000000	2.85587		0.67114  0.2  0.2		0.0		-1.0
	1845.00000000	2.81353		1.1919  0.2  0.2		0.0		-1.0
	1890.00000000	2.84824		0.48478  0.2  0.2		0.0		-1.0
	1935.00000000	2.93064		-0.01786  0.2  0.2		0.0		-1.0
	1980.00000000	2.97075		0.1312  0.2  0.2		0.0		-1.0
	2025.00000000	3.02634		-0.32764  0.2  0.2		0.0		-1.0
	2070.00000000	2.88512		-0.20069  0.2  0.2		0.0		-1.0
	2115.00000000	2.76989		-0.1589  0.2  0.2		0.0		-1.0
	2160.00000000	2.94908		-0.75069  0.2  0.2		0.0		-1.0
	2205.00000000	3.07666		-0.44085  0.2  0.2		0.0		-1.0
	2250.00000000	3.11842		0.24565  0.2  0.2		0.0		-1.0
	2295.00000000	3.12861		0.63409  0.2  0.2		0.0		-1.0
	2340.00000000	2.97526		0.75847  0.2  0.2		0.0		-1.0
	2385.00000000	2.99732		1.05887  0.2  0.2		0.0		-1.0
	2430.00000000	2.91195		1.50795  0.2  0.2		0.0		-1.0
	2475.00000000	3.08151		1.37948  0.2  0.2		0.0		-1.0
	2520.00000000	2.8713		2.02494  0.2  0.2		0.0		-1.0
	2565.00000000	3.08694		2.19118  0.2  0.2		0.0		-1.0
	2610.00000000	2.8427		2.56595  0.2  0.2		0.0		-1.0
	2655.00000000	2.854		3.04796  0.2  0.2		0.0		-1.0
	2700.00000000	2.85114		-2.80048  0.2  0.2		0.0		-1.0
	2745.00000000	2.95943		-2.299  0.2  0.2		0.0		-1.0
	2790.00000000	2.96535		-2.07777  0.2  0.2		0.0		-1.0
	2835.00000000	2.93779		-1.64216  0.2  0.2		0.0		-1.0
	2880.00000000	2.90242		-1.84557  0.2  0.2		0.0		-1.0
	2925.00000000	2.898		-1.71368  0.2  0.2		0.0		-1.0
	2970.00000000	3.06048		-1.86172  0.2  0.2		0.0		-1.0
	3015.00000000	3.02941		-1.975  0.2  0.2		0.0		-1.0
	3060.00000000	3.17121		-2.33643  0.2  0.2		0.0		-1.0
	3105.00000000	3.09584		-2.62044  0.2  0.2		0.0		-1.0
	3150.00000000	2.99683		-2.47668  0.2  0.2		0.0		-1.0
	3195.00000000	3.00137		-2.64884  0.2  0.2		0.0		-1.0
	3240.00000000	2.96656		-2.68789  0.2  0.2		0.0		-1.0
	3285.00000000	2.7963		-2.82905  0.2  0.2		0.0		-1.0
	3330.00000000	2.92578		-2.7721  0.2  0.2		0.0		-1.0
	3375.00000000	2.83608		2.98816  0.2  0.2		0.0		-1.0
	3420.00000000	2.87292		2.76281  0.2  0.2		0.0		-1.0
	3465.00000000	2.86288		2.37786  0.2  0.2		0.0		-1.0
	3510.00000000	2.9385		2.02167  0.2  0.2		0.0		-1.0
	3555.00000000	2.9929		1.63645  0.2  0.2		0.0		-1.0
	3600.00000000	3.0215		1.4065  0.2  0.2		0.0		-1.0
	3645.00000000	2.96548		0.73364  0.2  0.2		0.0		-1.0
	3690.00000000	3.00451		-0.15916  0.2  0.2		0.0		-1.0
	3735.00000000	2.89897		-0.79699  0.2  0.2		0.0		-1.0
	3780.00000000	2.93377		-1.23123  0.2  0.2		0.0		-1.0
	3825.00000000	2.85479		-1.46732  0.2  0.2		0.0		-1.0
	3870.00000000	3.03745		-1.96911  0.2  0.2		0.0		-1.0
	3915.00000000	3.00606		-2.17937  0.2  0.2		0.0		-1.0
	3960.00000000	2.75319		-2.50607  0.2  0.2		0.0		-1.0
	4005.00000000	2.75163		-2.38532  0.2  0.2		0.0		-1.0
	4050.00000000	2.88125		-2.35779  0.2  0.2		0.0		-1.0
	4095.00000000	2.87842		-2.06737  0.2  0.2		0.0		-1.0
	4140.00000000	2.8184		-1.94778  0.2  0.2		0.0		-1.0
	4185.00000000	3.00188		-1.81479  0.2  0.2		0.0		-1.0
	4230.00000000	2.7733		-1.31089  0.2  0.2		0.0		-1.0
	4275.00000000	2.83364		-1.43898  0.2  0.2		0.0		-1.0
	4320.00000000	2.76756		-0.81223  0.2  0.2		0.0		-1.0
	4365.00000000	2.83671		0.03184  0.2  0.2		0.0		-1.0
	4410.00000000	2.8469		0.61183  0.2  0.2		0.0		-1.0
	4455.00000000	2.83062		0.94009  0.2  0.2		0.0		-1.0
	4500.00000000	2.98328		0.97858  0.2  0.2		0.0		-1.0
	4545.00000000	2.85792		1.27977  0.2  0.2		0.0		-1.0
	4590.00000000	3.11329		1.21735  0.2  0.2		0.0		-1.0
	4635.00000000	2.99091		1.10781  0.2  0.2		0.0		-1.0
	4680.00000000	3.07356		1.57781  0.2  0.2		0.0		-1.0
	4725.00000000	2.72357		1.26393  0.2  0.2		0.0		-1.0
	4770.00000000	2.80169		1.51515  0.2  0.2		0.0		-1.0
	4815.00000000	2.92163		1.77582  0.2  0.2		0.0		-1.0
	4860.00000000	2.99137		2.11132  0.2  0.2		0.0		-1.0
	4905.00000000	2.91783		2.61676  0.2  0.2		0.0		-1.0
	4950.00000000	3.09054		3.09548  0.2  0.2		0.0		-1.0
	4995.00000000	3.0425		-2.98555  0.2  0.2		0.0		-1.0
	5040.00000000	2.82468		-2.8942  0.2  0.2		0.0		-1.0
	5085.00000000	3.08202		-2.68942  0.2  0.2		0.0		-1.0
	5130.00000000	3.06501		-2.59789  0.2  0.2		0.0		-1.0
	5175.00000000	2.95973		-2.14809  0.2  0.2		0.0		-1.0
	5220.00000000	2.78913		-2.23523  0.2  0.2		0.0		-1.0
	5265.00000000	3.28121		-1.45729  0.2  0.2		0.0		-1.0
	5310.00000000	3.01681		-1.28413  0.2  0.2		0.0		-1.0
	5355.00000000	2.90061		-0.8017  0.2  0.2		0.0		-1.0
	5400.00000000	2.8469		0.12065  0.2  0.2		0.0		-1.0
	5445.00000000	2.82331		0.76511  0.2  0.2		0.0		-1.0
	5490.00000000	2.98114		1.08286  0.2  0.2		0.0		-1.0
	5535.00000000	3.25701		0.95089  0.2  0.2		0.0		-1.0
	5580.00000000	3.08043		0.89345  0.2  0.2		0.0		-1.0
	5625.00000000	2.77431		0.34285  0.2  0.2		0.0		-1.0
	5670.00000000	2.83007		-0.78797  0.2  0.2		0.0		-1.0
	5715.00000000	2.9165		-0.66423  0.2  0.2		0.0		-1.0
	5760.00000000	3.05801		-0.25572  0.2  0.2		0.0		-1.0
	5805.00000000	2.93934		0.25137  0.2  0.2		0.0		-1.0
	5850.00000000	2.92734		0.4994  0.2  0.2		0.0		-1.0
	5895.00000000	2.82672		1.02848  0.2  0.2		0.0		-1.0
	5940.00000000	2.91996		0.34129  0.2  0.2		0.0		-1.0
	5985.00000000	2.89021		0.61924  0.2  0.2		0.0		-1.0
	6030.00000000	2.76484		0.78323  0.2  0.2		0.0		-1.0
	6075.00000000	3.09933		-0.34443  0.2  0.2		0.0		-1.0
	6120.00000000	3.07384		-0.93517  0.2  0.2		0.0		-1.0
	6165.00000000	2.89559		-1.0996  0.2  0.2		0.0		-1.0
	6210.00000000	3.04562		-1.38806  0.2  0.2		0.0		-1.0
	6255.00000000	2.76277		-1.70469  0.2  0.2		0.0		-1.0
	6300.00000000	3.20626		-1.91417  0.2  0.2		0.0		-1.0
	6345.00000000	3.24236		-2.14846  0.2  0.2		0.0		-1.0
	6390.00000000	2.84415		-2.4661  0.2  0.2		0.0		-1.0
	6435.00000000	2.86648		-2.8148  0.2  0.2		0.0		-1.0
	6480.00000000	3.11464		-3.01  0.2  0.2		0.0		-1.0
	6525.00000000	3.12578		-3.10113  0.2  0.2		0.0		-1.0
	6570.00000000	3.09828		2.84509  0.2  0.2		0.0		-1.0
	6615.00000000	3.12051		2.36191  0.2  0.2		0.0		-1.0
	6660.00000000	2.80694		2.007  0.2  0.2		0.0		-1.0
	6705.00000000	2.63728		1.55213  0.2  0.2		0.0		-1.0
	6750.00000000	3.20156		1.26496  0.2  0.2		0.0		-1.0
	6795.00000000	3.24532		1.14032  0.2  0.2		0.0		-1.0
	6840.00000000	3.09696		0.96993  0.2  0.2		0.0		-1.0
	6885.00000000	3.13981		0.56304  0.2  0.2		0.0		-1.0
	6930.00000000	2.96302		0.00176  0.2  0.2		0.0		-1.0
	6975.00000000	2.82211		-0.57064  0.2  0.2		0.0		-1.0
	7020.00000000	3.14603		-0.93737  0.2  0.2		0.0		-1.0
	7065.00000000	2.81664		-1.35058  0.2  0.2		0.0		-1.0
	7110.00000000	2.74417		-1.61455  0.2  0.2		0.0		-1.0
	7155.00000000	3.02195		-1.75837  0.2  0.2		0.0		-1.0
	7200.00000000	2.78331		-1.9354  0.2  0.2		0.0		-1.0
	7245.00000000	2.78944		-2.37773  0.2  0.2		0.0		-1.0
	7290.00000000	2.80215		-2.43254  0.2  0.2		0.0		-1.0
	7335.00000000	2.77268		-2.79376  0.2  0.2		0.0		-1.0
	7380.00000000	3.07062		3.12615  0.2  0.2		0.0		-1.0
	7425.00000000	3.01334		2.67127  0.2  0.2		0.0		-1.0
	7470.00000000	2.84263		2.36831  0.2  0.2		0.0		-1.0
	7515.00000000	2.8516		1.90395  0.2  0.2		0.0		-1.0
	7560.00000000	3.2189		1.72444  0.2  0.2		0.0		-1.0
	7605.00000000	2.72145		1.60103  0.2  0.2		0.0		-1.0
	7650.00000000	2.8343		1.75323  0.2  0.2		0.0		-1.0
	7695.00000000	2.93331		1.77555  0.2  0.2		0.0		-1.0
	7740.00000000	3.01035		2.26057  0.2  0.2		0.0		-1.0
	7785.00000000	3.1339		2.45449  0.2  0.2		0.0		-1.0
	7830.00000000	2.92961		2.65738  0.2  0.2		0.0		-1.0
	7875.00000000	2.87839		2.91837  0.2  0.2		0.0		-1.0
	7920.00000000	2.9432		3.04536  0.2  0.2		0.0		-1.0
	7965.00000000	3.0109		3.01027  0.2  0.2		0.0		-1.0
	8010.00000000	2.7681		3.0778  0.2  0.2		0.0		-1.0
	8055.00000000	2.8523		2.61684  0.2  0.2		0.0		-1.0
	8100.00000000	3.18994		2.4441  0.2  0.2		0.0		-1.0
	8145.00000000	3.19385		2.0914  0.2  0.2		0.0		-1.0
	8190.00000000	3.19839		1.93417  0.2  0.2		0.0		-1.0
	8235.00000000	3.21301		1.81348  0.2  0.2		0.0		-1.0
	8280.00000000	3.22228		1.48274  0.2  0.2		0.0		-1.0
	8325.00000000	2.70957		1.73535  0.2  0.2		0.0		-1.0
	8370.00000000	2.7726		1.47343  0.2  0.2		0.0		-1.0
	8415.00000000	2.94186		1.87418  0.2  0.2		0.0		-1.0
	8460.00000000	2.71924		2.00922  0.2  0.2		0.0		-1.0
	8505.00000000	3.23158		1.89666  0.2  0.2		0.0		-1.0
	8550.00000000	2.99269		1.95496  0.2  0.2		0.0		-1.0
	8595.00000000	3.05387		2.34926  0.2  0.2		0.0		-1.0
	8640.00000000	2.74652		2.52671  0.2  0.2		0.0		-1.0
	8685.00000000	3.2263		2.547  0.2  0.2		0.0		-1.0
	8730.00000000	3.051		2.35425  0.2  0.2		0.0		-1.0
	8775.00000000	3.21499		2.86358  0.2  0.2		0.0		-1.0
	8820.00000000	3.25738		2.65908  0.2  0.2		0.0		-1.0
	8865.00000000	3.34233		2.89831  0.2  0.2		0.0		-1.0
	8910.00000000	3.20147		2.97348  0.2  0.2		0.0		-1.0
	8955.00000000	2.76966		2.87333  0.2  0.2		0.0		-1.0
	9000.00000000	2.82839		2.85871  0.2  0.2		0.0		-1.0
	9045.00000000	2.90284		2.79368  0.2  0.2		0.0		-1.0
	9090.00000000	2.95083		2.43677  0.2  0.2		0.0		-1.0
	9135.00000000	2.78592		2.39822  0.2  0.2		0.0		-1.0
	9180.00000000	2.67453		2.00145  0.2  0.2		0.0		-1.0
	9225.00000000	2.72377		1.80674  0.2  0.2		0.0		-1.0
	9270.00000000	3.34555		1.42328  0.2  0.2		0.0		-1.0
	9315.00000000	3.0395		1.03651  0.2  0.2		0.0		-1.0
	9360.00000000	3.08867		0.58328  0.2  0.2		0.0		-1.0
	9405.00000000	2.71326		-0.20444  0.2  0.2		0.0		-1.0
	9450.00000000	2.93882		-0.63425  0.2  0.2		0.0		-1.0
	9495.00000000	2.8986		-0.93998  0.2  0.2		0.0		-1.0
	9540.00000000	3.04375		-0.63921  0.2  0.2		0.0		-1.0
	9585.00000000	2.85782		-0.59623  0.2  0.2		0.0		-1.0
	9630.00000000	2.71116		0.14261  0.2  0.2		0.0		-1.0
	9675.00000000	3.0926		0.28464  0.2  0.2		0.0		-1.0
	9720.00000000	3.04593		-0.07929  0.2  0.2		0.0		-1.0
	9765.00000000	2.7537		-0.70701  0.2  0.2		0.0		-1.0
	9810.00000000	2.96261		-1.09774  0.2  0.2		0.0		-1.0
	9855.00000000	3.06416		-0.70257  0.2  0.2		0.0		-1.0
	9900.00000000	3.28188		-0.46872  0.2  0.2		0.0		-1.0
	9945.00000000	2.75235		0.32779  0.2  0.2		0.0		-1.0
	9990.00000000	3.28679		0.1437  0.2  0.2		0.0		-1.0
	10035.00000000	2.95787		0.5033  0.2  0.2		0.0		-1.0
	10080.00000000	2.80275		0.00067  0.2  0.2		0.0		-1.0
	10125.00000000	3.04799		-0.15813  0.2  0.2		0.0		-1.0
	10170.00000000	3.27771		-0.80374  0.2  0.2		0.0		-1.0
	10215.00000000	2.66306		-0.19472  0.2  0.2		0.0		-1.0
	10260.00000000	2.99461		0.16313  0.2  0.2		0.0		-1.0
	10305.00000000	2.80187		0.93057  0.2  0.2		0.0		-1.0
	10350.00000000	2.7863		0.34632  0.2  0.2		0.0		-1.0
	10395.00000000	2.9811		-0.06544  0.2  0.2		0.0		-1.0
	10440.00000000	3.2205		-0.69621  0.2  0.2		0.0		-1.0
	10485.00000000	2.7704		-0.80993  0.2  0.2		0.0		-1.0
	10530.00000000	3.16951		-1.18551  0.2  0.2		0.0		-1.0
	10575.00000000	3.17187		-1.48216  0.2  0.2		0.0		-1.0
	10620.00000000	2.79949		-2.10422  0.2  0.2		0.0		-1.0
	10665.00000000	3.2225		-2.39183  0.2  0.2		0.0		-1.0
	10710.00000000	3.26949		-2.77193  0.2  0.2		0.0		-1.0
	10755.00000000	3.21378		3.13162  0.2  0.2		0.0		-1.0
	10800.00000000	3.24648		3.08025  0.2  0.2		0.0		-1.0
	10845.00000001	3.06305		2.6918  0.2  0.2		0.0		-1.0
	10890.00000001	2.84722		2.68998  0.2  0.2		0.0		-1.0
	10935.00000001	2.69221		2.24324  0.2  0.2		0.0		-1.0
	10980.00000001	2.67505		2.22209  0.2  0.2		0.0		-1.0
	11025.00000001	3.44477		2.05207  0.2  0.2		0.0		-1.0
	11070.00000001	3.3621		1.96497  0.2  0.2		0.0		-1.0
	11115.00000001	3.22553		1.8257  0.2  0.2		0.0		-1.0
	11160.00000001	3.27819		1.57076  0.2  0.2		0.0		-1.0
	11205.00000001	3.07451		1.46005  0.2  0.2		0.0		-1.0
	11250.00000001	3.05368		1.30016  0.2  0.2		0.0		-1.0
	11295.00000001	3.34361		0.74362  0.2  0.2		0.0		-1.0
	11340.00000001	3.21237		0.46062  0.2  0.2		0.0		-1.0
	11385.00000001	2.84498		-0.31642  0.2  0.2		0.0		-1.0
	11430.00000001	3.26532		-0.55682  0.2  0.2		0.0		-1.0
	11475.00000001	2.90054		-1.12755  0.2  0.2		0.0		-1.0
	11520.00000001	2.7464		-1.12484  0.2  0.2		0.0		-1.0
	11565.00000001	2.92039		-1.64451  0.2  0.2		0.0		-1.0
	11610.00000001	2.96662		-1.54843  0.2  0.2		0.0		-1.0
	11655.00000001	3.19856		-2.04253  0.2  0.2		0.0		-1.0
	11700.00000001	3.22538		-2.15961  0.2  0.2		0.0		-1.0
	11745.00000001	2.98469		-2.4043  0.2  0.2		0.0		-1.0
	11790.00000001	3.41516		-2.57516  0.2  0.2		0.0		-1.0
	11835.00000001	2.90844		-2.78931  0.2  0.2		0.0		-1.0
	11880.00000001	2.7843		-2.79396  0.2  0.2		0.0		-1.0
	11925.00000001	3.04582		3.13019  0.2  0.2		0.0		-1.0
	11970.00000001	3.49989		-3.11813  0.2  0.2		0.0		-1.0
	12015.00000001	2.97712		-3.08342  0.2  0.2		0.0		-1.0
	12060.00000001	3.09617		-2.88397  0.2  0.2		0.0		-1.0
	12105.00000001	3.04139		-2.5656  0.2  0.2		0.0		-1.0
	12150.00000001	2.65451		-2.48337  0.2  0.2		0.0		-1.0
	12195.00000001	2.70053		-2.06979  0.2  0.2		0.0		-1.0
	12240.00000001	2.77268		-2.02731  0.2  0.2		0.0		-1.0
	12285.00000001	2.83508		-1.45908  0.2  0.2		0.0		-1.0
	12330.00000001	3.12854		-1.38616  0.2  0.2		0.0		-1.0
	12375.00000001	2.7824		-1.30919  0.2  0.2		0.0		-1.0
	12420.00000001	2.72011		-1.0687  0.2  0.2		0.0		-1.0
	12465.00000001	3.27393		-0.84554  0.2  0.2		0.0		-1.0
	12510.00000001	2.93485		-0.61596  0.2  0.2		0.0		-1.0
	12555.00000001	2.83956		0.25427  0.2  0.2		0.0		-1.0
	12600.00000001	2.7419		0.88906  0.2  0.2		0.0		-1.0
	12645.00000001	2.72367		1.19486  0.2  0.2		0.0		-1.0
	12690.00000001	2.7287		1.47477  0.2  0.2		0.0		-1.0
	12735.00000001	2.79999		1.86012  0.2  0.2		0.0		-1.0
	12780.00000001	2.73477		2.00347  0.2  0.2		0.0		-1.0
	12825.00000001	2.83012		2.35083  0.2  0.2		0.0		-1.0
	12870.00000001	3.06183		2.63082  0.2  0.2		0.0		-1.0
	12915.00000001	3.21881		2.58906  0.2  0.2		0.0		-1.0
	12960.00000001	3.24559		2.84221  0.2  0.2		0.0		-1.0
	13005.00000001	3.33944		2.73462  0.2  0.2		0.0		-1.0
	13050.00000001	3.22801		2.54088  0.2  0.2		0.0		-1.0
	13095.00000001	3.08422		2.16572  0.2  0.2		0.0		-1.0
	13140.00000001	3.09846		2.20271  0.2  0.2		0.0		-1.0
	13185.00000001	2.86905		1.63749  0.2  0.2		0.0		-1.0
	13230.00000001	3.2224		1.39448  0.2  0.2		0.0		-1.0
	13275.00000001	3.04718		1.0436  0.2  0.2		0.0		-1.0
	13320.00000001	2.99421		0.34544  0.2  0.2		0.0		-1.0
	13365.00000001	2.98608		0.0217  0.2  0.2		0.0		-1.0
	13410.00000001	2.6755		-0.52879  0.2  0.2		0.0		-1.0
	13455.00000001	3.10152		-0.27605  0.2  0.2		0.0		-1.0
	13500.00000001	3.23382		0.05397  0.2  0.2		0.0		-1.0
	13545.00000001	3.23443		0.83079  0.2  0.2		0.0		-1.0
	13590.00000001	3.17746		0.23409  0.2  0.2		0.0		-1.0
	13635.00000001	3.11392		-0.11658  0.2  0.2		0.0		-1.0
	13680.00000001	2.92964		-1.18067  0.2  0.2		0.0		-1.0
	13725.00000001	2.55582		-0.99915  0.2  0.2		0.0		-1.0
	13770.00000001	3.04567		-1.08961  0.2  0.2		0.0		-1.0
	13815.00000001	3.26432		-0.81473  0.2  0.2		0.0		-1.0
	13860.00000001	3.03514		-1.11771  0.2  0.2		0.0		-1.0
	13905.00000001	3.14313		-0.54834  0.2  0.2		0.0		-1.0
	13950.00000001	3.33015		-0.26798  0.2  0.2		0.0		-1.0
	13995.00000001	3.21931		0.62342  0.2  0.2		0.0		-1.0
	14040.00000001	3.28612		0.7236  0.2  0.2		0.0		-1.0
	14085.00000001	3.33266		1.23036  0.2  0.2		0.0		-1.0
	14130.00000001	2.83661		1.49057  0.2  0.2		0.0		-1.0
	14175.00000001	2.71243		1.65621  0.2  0.2		0.0		-1.0
	14220.00000001	2.69143		1.66938  0.2  0.2		0.0		-1.0
	14265.00000000	3.1476		1.87993  0.2  0.2		0.0		-1.0
	14310.00000000	3.31833		1.60125  0.2  0.2		0.0		-1.0
	14355.00000000	2.73354		1.78202  0.2  0.2		0.0		-1.0
	14400.00000000	2.72856		1.47824  0.2  0.2		0.0		-1.0
	14445.00000000	3.29811		1.47512  0.2  0.2		0.0		-1.0
	14490.00000000	3.03705		1.45965  0.2  0.2		0.0		-1.0
	14535.00000000	2.89482		1.15999  0.2  0.2		0.0		-1.0
	14580.00000000	2.68712		0.63026  0.2  0.2		0.0		-1.0
	14625.00000000	2.71773		0.635  0.2  0.2		0.0		-1.0
	14670.00000000	2.84745		-0.46949  0.2  0.2		0.0		-1.0
	14715.00000000	2.84588		-0.63768  0.2  0.2		0.0		-1.0
	14760.00000000	2.72274		-1.00712  0.2  0.2		0.0		-1.0
	14805.00000000	2.7178		-0.11444  0.2  0.2		0.0		-1.0
	14850.00000000	2.73187		0.41479  0.2  0.2		0.0		-1.0
	14895.00000000	2.69466		0.31037  0.2  0.2		0.0		-1.0
	14940.00000000	2.77172		-0.31433  0.2  0.2		0.0		-1.0
	14985.00000000	2.75893		-0.48089  0.2  0.2		0.0		-1.0
	15030.00000000	2.79411		-0.06368  0.2  0.2		0.0		-1.0
	15075.00000000	2.61014		0.70189  0.2  0.2		0.0		-1.0
	15120.00000000	2.74448		1.02774  0.2  0.2		0.0		-1.0
	15165.00000000	2.74725		1.19002  0.2  0.2		0.0		-1.0
	15210.00000000	2.99987		1.499  0.2  0.2		0.0		-1.0
	15255.00000000	3.32359		1.1651  0.2  0.2		0.0		-1.0
	15300.00000000	3.41186		0.91226  0.2  0.2		0.0		-1.0
	15345.00000000	2.65171		0.73652  0.2  0.2		0.0		-1.0
	15390.00000000	3.36991		0.35371  0.2  0.2		0.0		-1.0
	15435.00000000	3.31062		-0.31559  0.2  0.2		0.0		-1.0
	15480.00000000	3.37361		-0.99496  0.2  0.2		0.0		-1.0
	15525.00000000	3.30347		-1.36571  0.2  0.2		0.0		-1.0
	15570.00000000	3.23373		-1.66133  0.2  0.2		0.0		-1.0
	15615.00000000	3.24175		-1.83018  0.2  0.2		0.0		-1.0
	15660.00000000	3.21329		-2.44717  0.2  0.2		0.0		-1.0
	15705.00000000	3.28935		-2.33943  0.2  0.2		0.0		-1.0
	15750.00000000	3.31		-2.1592  0.2  0.2		0.0		-1.0
	15795.00000000	3.37366		-2.70966  0.2  0.2		0.0		-1.0
	15840.00000000	2.66397		-2.66324  0.2  0.2		0.0		-1.0
	15885.00000000	3.05588		-2.98974  0.2  0.2		0.0		-1.0
	15930.00000000	3.16912		-2.71915  0.2  0.2		0.0		-1.0
	15975.00000000	3.18214		-2.91182  0.2  0.2		0.0		-1.0
	16020.00000000	3.35073		-2.77186  0.2  0.2		0.0		-1.0
	16065.00000000	3.18765		-2.63624  0.2  0.2		0.0		-1.0
	16110.00000000	3.10232		-2.26472  0.2  0.2		0.0		-1.0
	16155.00000000	3.35793		-2.35223  0.2  0.2		0.0		-1.0
	16200.00000000	2.83613		-1.96125  0.2  0.2		0.0		-1.0
	16245.00000000	2.66615		-1.76726  0.2  0.2		0.0		-1.0
	16290.00000000	2.87597		-1.35504  0.2  0.2		0.0		-1.0
	16335.00000000	2.77532		-1.46144  0.2  0.2		0.0		-1.0
	16380.00000000	2.74408		-0.88381  0.2  0.2		0.0		-1.0
	16425.00000000	2.63148		-0.64433  0.2  0.2		0.0		-1.0
	16470.00000000	3.24749		-0.061  0.2  0.2		0.0		-1.0
	16515.00000000	3.38983		0.49195  0.2  0.2		0.0		-1.0
	16560.00000000	3.11483		0.70559  0.2  0.2		0.0		-1.0
	16605.00000000	3.25386		0.7153  0.2  0.2		0.0		-1.0
	16650.00000000	3.43001		1.212  0.2  0.2		0.0		-1.0
	16695.00000000	3.02343		0.7575  0.2  0.2		0.0		-1.0
	16740.00000000	2.77427		0.75953  0.2  0.2		0.0		-1.0
	16785.00000000	2.73613		1.2211  0.2  0.2		0.0		-1.0
	16830.00000000	2.66117		0.43557  0.2  0.2		0.0		-1.0
	16875.00000000	2.84398		-0.27897  0.2  0.2		0.0		-1.0
	16920.00000000	2.7705		-0.82135  0.2  0.2		0.0		-1.0
	16965.00000000	2.70428		-0.84115  0.2  0.2		0.0		-1.0
	17010.00000000	2.70602		0.36163  0.2  0.2		0.0		-1.0
	17055.00000000	2.81808		0.59271  0.2  0.2		0.0		-1.0
	17100.00000000	3.11441		0.95092  0.2  0.2		0.0		-1.0
	17145.00000000	3.46221		0.44271  0.2  0.2		0.0		-1.0
	17190.00000000	3.4255		-0.06127  0.2  0.2		0.0		-1.0
	17235.00000000	3.40711		-0.47996  0.2  0.2		0.0		-1.0
	17280.00000000	3.34943		-0.69339  0.2  0.2		0.0		-1.0
	17325.00000000	3.46137		-1.36861  0.2  0.2		0.0		-1.0
	17370.00000000	3.38987		-1.82774  0.2  0.2		0.0		-1.0
	17415.00000000	3.25008		-2.04315  0.2  0.2		0.0		-1.0
	17460.00000000	2.62395		-2.39719  0.2  0.2		0.0		-1.0
	17505.00000000	2.73241		-2.10793  0.2  0.2		0.0		-1.0
	17550.00000000	2.86204		-2.95639  0.2  0.2		0.0		-1.0
	17595.00000000	2.77473		-2.69067  0.2  0.2		0.0		-1.0
	17640.00000000	2.72839		3.1032  0.2  0.2		0.0		-1.0
	17685.00000000	2.72225		3.12221  0.2  0.2		0.0		-1.0
	17730.00000000	2.76937		2.713  0.2  0.2		0.0		-1.0
	17775.00000000	2.73637		2.35573  0.2  0.2		0.0		-1.0
	17820.00000000	2.63745		2.3379  0.2  0.2		0.0		-1.0
	17865.00000000	3.14143		1.94756  0.2  0.2		0.0		-1.0
	17910.00000000	2.7381		2.01878  0.2  0.2		0.0		-1.0
	17955.00000000	2.74524		2.23099  0.2  0.2		0.0		-1.0
	18000.00000000	3.32851		2.26378  0.2  0.2		0.0		-1.0
	18045.00000000	2.71905		2.57711  0.2  0.2		0.0		-1.0
	18090.00000000	2.66058		2.91778  0.2  0.2		0.0		-1.0
	18135.00000000	2.70027		-2.9132  0.2  0.2		0.0		-1.0
	18180.00000000	2.67492		-2.33859  0.2  0.2		0.0		-1.0
	18225.00000000	2.77319		-2.06093  0.2  0.2		0.0		-1.0
	18270.00000000	2.79409		-1.73283  0.2  0.2		0.0		-1.0
	18315.00000000	2.69159		-1.44767  0.2  0.2		0.0		-1.0
	18360.00000000	2.71613		-1.58819  0.2  0.2		0.0		-1.0
	18405.00000000	3.4306		-1.49135  0.2  0.2		0.0		-1.0
	18450.00000000	3.46005		-1.5765  0.2  0.2		0.0		-1.0
	18495.00000000	3.1783		-1.75658  0.2  0.2		0.0		-1.0
	18540.00000000	3.01911		-1.84763  0.2  0.2		0.0		-1.0
	18585.00000000	3.27863		-1.89443  0.2  0.2		0.0		-1.0
	18630.00000000	3.3947		-1.6328  0.2  0.2		0.0		-1.0
	18675.00000000	3.1705		-1.58348  0.2  0.2		0.0		-1.0
	18720.00000000	3.2016		-1.34537  0.2  0.2		0.0		-1.0
	18765.00000000	2.98658		-0.9915  0.2  0.2		0.0		-1.0
	18810.00000000	2.68951		-1.14466  0.2  0.2		0.0		-1.0
	18855.00000000	2.65455		0.31612  0.2  0.2		0.0		-1.0
	18900.00000000	3.34633		0.33668  0.2  0.2		0.0		-1.0
	18945.00000000	3.31904		0.07624  0.2  0.2		0.0		-1.0
	18990.00000000	2.7099		0.02022  0.2  0.2		0.0		-1.0
	19035.00000000	2.7419		-0.34057  0.2  0.2		0.0		-1.0
	19080.00000000	3.43221		-0.3886  0.2  0.2		0.0		-1.0
	19125.00000000	3.09401		0.25022  0.2  0.2		0.0		-1.0
	19170.00000000	3.25584		0.4335  0.2  0.2		0.0		-1.0
	19215.00000000	3.20424		-0.02169  0.2  0.2		0.0		-1.0
	19260.00000000	3.29784		-0.14855  0.2  0.2		0.0		-1.0
	19305.00000000	3.08914		-0.46933  0.2  0.2		0.0		-1.0
	19350.00000000	3.24528		-0.50668  0.2  0.2		0.0		-1.0
	19395.00000000	3.46801		-0.89961  0.2  0.2		0.0		-1.0
	19440.00000000	3.34985		-0.95228  0.2  0.2		0.0		-1.0
	19485.00000000	3.2709		-1.24169  0.2  0.2		0.0		-1.0
	19530.00000000	3.32831		-1.17466  0.2  0.2		0.0		-1.0
	19575.00000000	3.32248		-1.26365  0.2  0.2		0.0		-1.0
	19620.00000000	2.84478		-1.41607  0.2  0.2		0.0		-1.0
	19665.00000000	2.63674		-1.59411  0.2  0.2		0.0		-1.0
	19710.00000000	3.42748		-1.69317  0.2  0.2		0.0		-1.0
	19755.00000000	3.2292		-1.78996  0.2  0.2		0.0		-1.0
	19800.00000000	2.84037		-1.98617  0.2  0.2		0.0		-1.0
	19845.00000000	3.27558		-2.39246  0.2  0.2		0.0		-1.0
	19890.00000000	3.38413		-2.34535  0.2  0.2		0.0		-1.0
	19935.00000000	2.71379		-2.87219  0.2  0.2		0.0		-1.0
	19980.00000000	2.78088		-2.88238  0.2  0.2		0.0		-1.0
	20025.00000000	3.26613		-3.0912  0.2  0.2		0.0		-1.0
	20070.00000000	3.15106		3.03547  0.2  0.2		0.0		-1.0
	20115.00000000	3.31061		2.76832  0.2  0.2		0.0		-1.0
	20160.00000000	3.39917		2.26618  0.2  0.2		0.0		-1.0
	20205.00000000	3.38811		2.28538  0.2  0.2		0.0		-1.0
	20250.00000000	3.42409		1.91334  0.2  0.2		0.0		-1.0
	20295.00000000	3.18255		1.78465  0.2  0.2		0.0		-1.0
	20340.00000000	3.35428		1.6302  0.2  0.2		0.0		-1.0
	20385.00000000	3.35033		1.99118  0.2  0.2		0.0		-1.0
	20430.00000000	3.0665		2.00893  0.2  0.2		0.0		-1.0
	20475.00000000	3.48292		2.30847  0.2  0.2		0.0		-1.0
	20520.00000000	3.5086		2.45931  0.2  0.2		0.0		-1.0
	20565.00000000	3.11811		2.49651  0.2  0.2		0.0		-1.0
	20610.00000000	3.45915		2.4715  0.2  0.2		0.0		-1.0
	20655.00000000	3.28899		2.60314  0.2  0.2		0.0		-1.0
	20700.00000000	3.0141		2.60885  0.2  0.2		0.0		-1.0
	20744.99999999	2.60059		2.78376  0.2  0.2		0.0		-1.0
	20789.99999999	2.6358		2.8711  0.2  0.2		0.0		-1.0
	20834.99999999	2.8608		2.92367  0.2  0.2		0.0		-1.0
	20879.99999999	3.05468		2.91655  0.2  0.2		0.0		-1.0
	20924.99999999	3.21457		3.07995  0.2  0.2		0.0		-1.0
	20969.99999999	3.26513		3.09704  0.2  0.2		0.0		-1.0
	21014.99999999	3.16712		-2.7485  0.2  0.2		0.0		-1.0
	21059.99999999	3.25612		-2.82911  0.2  0.2		0.0		-1.0
	21104.99999999	2.74497		-2.47905  0.2  0.2		0.0		-1.0
	21149.99999999	3.24621		-2.43119  0.2  0.2		0.0		-1.0
	21194.99999999	3.25492		-1.96721  0.2  0.2		0.0		-1.0
	21239.99999999	2.82699		-2.15437  0.2  0.2		0.0		-1.0
	21284.99999999	2.83221		-1.67893  0.2  0.2		0.0		-1.0
	21329.99999999	2.63009		-1.80378  0.2  0.2		0.0		-1.0
	21374.99999999	2.87113		-1.57499  0.2  0.2		0.0		-1.0
	21419.99999999	3.15718		-1.75246  0.2  0.2		0.0		-1.0
	21464.99999999	3.34314		-1.56536  0.2  0.2		0.0		-1.0
	21509.99999999	2.6542		-1.84813  0.2  0.2		0.0		-1.0
	21554.99999999	2.61103		-1.92549  0.2  0.2		0.0		-1.0
	21599.99999999	2.74889		-2.0424  0.2  0.2		0.0		-1.0
	21644.99999999	2.74192		-2.52774  0.2  0.2		0.0		-1.0
	21689.99999999	2.66261		-2.54037  0.2  0.2		0.0		-1.0
	21734.99999999	2.66086		-2.9887  0.2  0.2		0.0		-1.0
	21779.99999999	2.74031		3.02987  0.2  0.2		0.0		-1.0
	21824.99999999	2.62866		2.59206  0.2  0.2		0.0		-1.0
	21869.99999999	2.67809		2.29382  0.2  0.2		0.0		-1.0
	21914.99999999	2.7442		1.94226  0.2  0.2		0.0		-1.0
	21959.99999999	2.67044		1.56023  0.2  0.2		0.0		-1.0
	22004.99999999	2.70906		1.17626  0.2  0.2		0.0		-1.0
	22049.99999999	2.70041		0.68146  0.2  0.2		0.0		-1.0
	22094.99999999	2.71533		-0.30779  0.2  0.2		0.0		-1.0
	22139.99999999	2.78369		-0.87702  0.2  0.2		0.0		-1.0
	22184.99999999	3.48707		-0.99128  0.2  0.2		0.0		-1.0
	22229.99999999	3.33126		-0.89263  0.2  0.2		0.0		-1.0
	22274.99999999	2.78868		-1.43998  0.2  0.2		0.0		-1.0
	22319.99999999	2.69606		-1.05824  0.2  0.2		0.0		-1.0
	22364.99999999	2.67532		-0.94069  0.2  0.2		0.0		-1.0
	22409.99999999	3.46662		-0.19517  0.2  0.2		0.0		-1.0
	22454.99999999	2.59717		0.07624  0.2  0.2		0.0		-1.0
	22499.99999999	3.37849		0.51533  0.2  0.2		0.0		-1.0
	22544.99999999	3.57168		1.01609  0.2  0.2		0.0		-1.0
	22589.99999999	3.2093		1.18318  0.2  0.2		0.0		-1.0
	22634.99999999	3.32496		1.44951  0.2  0.2		0.0		-1.0
	22679.99999999	3.39049		1.5316  0.2  0.2		0.0		-1.0
	22724.99999999	3.5249		1.76815  0.2  0.2		0.0		-1.0
	22769.99999999	3.13487		1.76575  0.2  0.2		0.0		-1.0
	22814.99999999	3.35111		2.22936  0.2  0.2		0.0		-1.0
	22859.99999999	2.83613		2.24435  0.2  0.2		0.0		-1.0
	22904.99999999	2.63113		2.50964  0.2  0.2		0.0		-1.0
	22949.99999999	2.82474		2.374  0.2  0.2		0.0		-1.0
	22994.99999999	2.66447		2.73071  0.2  0.2		0.0		-1.0
	23039.99999999	2.77504		2.79105  0.2  0.2		0.0		-1.0
	23084.99999999	2.65635		3.12613  0.2  0.2		0.0		-1.0
	23129.99999999	2.69931		-2.85175  0.2  0.2		0.0		-1.0
	23174.99999999	2.67763		-2.27089  0.2  0.2		0.0		-1.0
	23219.99999999	2.66899		-1.8953  0.2  0.2		0.0		-1.0
	23264.99999999	2.63282		-1.25529  0.2  0.2		0.0		-1.0
	23309.99999999	2.64421		-0.71501  0.2  0.2		0.0		-1.0
	23354.99999999	2.66239		0.42905  0.2  0.2		0.0		-1.0
	23399.99999999	2.79177		0.93566  0.2  0.2		0.0		-1.0
	23444.99999999	2.6893		1.07605  0.2  0.2		0.0		-1.0
	23489.99999999	2.66809		1.17057  0.2  0.2		0.0		-1.0
	23534.99999999	2.63389		1.33989  0.2  0.2		0.0		-1.0
	23579.99999999	3.16978		1.72154  0.2  0.2		0.0		-1.0
	23624.99999999	3.31521		1.58301  0.2  0.2		0.0		-1.0
	23669.99999999	2.72348		2.06327  0.2  0.2		0.0		-1.0
	23714.99999999	3.25202		2.20256  0.2  0.2		0.0		-1.0
	23759.99999999	2.73042		2.58422  0.2  0.2		0.0		-1.0
	23804.99999999	2.75843		2.61044  0.2  0.2		0.0		-1.0
	23849.99999999	2.61814		2.21978  0.2  0.2		0.0		-1.0
	23894.99999999	2.74509		2.06003  0.2  0.2		0.0		-1.0
	23939.99999999	2.66615		1.65542  0.2  0.2		0.0		-1.0
	23984.99999999	2.80821		1.72673  0.2  0.2		0.0		-1.0
	24029.99999999	3.23013		0.81079  0.2  0.2		0.0		-1.0
	24074.99999999	2.783		0.77872  0.2  0.2		0.0		-1.0
	24119.99999999	2.694		0.83663  0.2  0.2		0.0		-1.0
	24164.99999999	2.69416		-0.22686  0.2  0.2		0.0		-1.0
	24209.99999999	2.85913		-0.57468  0.2  0.2		0.0		-1.0
	24254.99999999	3.31454		-0.59162  0.2  0.2		0.0		-1.0
	24299.99999999	2.70827		-0.28834  0.2  0.2		0.0		-1.0
	24344.99999999	3.10106		0.27633  0.2  0.2		0.0		-1.0
	24389.99999999	3.29622		0.52127  0.2  0.2		0.0		-1.0
	24434.99999999	3.43503		0.87607  0.2  0.2		0.0		-1.0
	24479.99999999	2.77507		1.25807  0.2  0.2		0.0		-1.0
	24524.99999999	2.62698		1.38636  0.2  0.2		0.0		-1.0
	24569.99999999	2.7198		1.17623  0.2  0.2		0.0		-1.0
	24614.99999999	2.71714		1.44641  0.2  0.2		0.0		-1.0
	24659.99999999	2.85385		1.30062  0.2  0.2		0.0		-1.0
	24704.99999999	3.59946		1.39107  0.2  0.2		0.0		-1.0
	24749.99999999	3.43698		1.03733  0.2  0.2		0.0		-1.0
	24794.99999999	3.21416		1.29702  0.2  0.2		0.0		-1.0
	24839.99999999	3.44015		0.84592  0.2  0.2		0.0		-1.0
	24884.99999999	2.93213		0.80385  0.2  0.2		0.0		-1.0
	24929.99999999	3.33859		-0.00153  0.2  0.2		0.0		-1.0
	24974.99999999	3.06359		-0.57928  0.2  0.2		0.0		-1.0
	25019.99999999	3.1133		-1.06229  0.2  0.2		0.0		-1.0
	25064.99999999	2.73928		-1.35131  0.2  0.2		0.0		-1.0
	25109.99999999	2.66272		-1.5936  0.2  0.2		0.0		-1.0
	25154.99999999	3.11774		-1.52016  0.2  0.2		0.0		-1.0
	25199.99999999	3.42519		-1.69286  0.2  0.2		0.0		-1.0
	25244.99999999	3.24252		-1.82622  0.2  0.2		0.0		-1.0
	25289.99999999	3.17292		-2.25462  0.2  0.2		0.0		-1.0
	25334.99999999	2.63137		-2.24272  0.2  0.2		0.0		-1.0
	25379.99999999	3.24379		-2.76548  0.2  0.2		0.0		-1.0
	25424.99999999	3.15639		-2.85332  0.2  0.2		0.0		-1.0
	25469.99999999	3.42655		2.96556  0.2  0.2		0.0		-1.0
	25514.99999999	3.42357		2.55776  0.2  0.2		0.0		-1.0
	25559.99999999	3.31551		2.41496  0.2  0.2		0.0		-1.0
	25604.99999999	3.32037		1.88778  0.2  0.2		0.0		-1.0
	25649.99999999	3.36289		1.86373  0.2  0.2		0.0		-1.0
	25694.99999999	3.53717		1.39019  0.2  0.2		0.0		-1.0
	25739.99999999	3.73794		1.19955  0.2  0.2		0.0		-1.0
	25784.99999999	3.03348		0.91063  0.2  0.2		0.0		-1.0
	25829.99999999	3.64031		0.42124  0.2  0.2		0.0		-1.0
	25874.99999999	2.57009		-0.28107  0.2  0.2		0.0		-1.0
	25919.99999999	3.62185		-0.58577  0.2  0.2		0.0		-1.0
	25964.99999999	3.14062		-0.82431  0.2  0.2		0.0		-1.0
	26009.99999999	3.35726		-1.00759  0.2  0.2		0.0		-1.0
	26054.99999999	3.41057		-1.27144  0.2  0.2		0.0		-1.0
	26099.99999999	3.10548		-1.3679  0.2  0.2		0.0		-1.0
	26144.99999999	2.6878		-1.39334  0.2  0.2		0.0		-1.0
	26189.99999999	2.63799		-1.62427  0.2  0.2		0.0		-1.0
	26234.99999999	2.86535		-1.7143  0.2  0.2		0.0		-1.0
	26279.99999999	3.60381		-1.98707  0.2  0.2		0.0		-1.0
	26324.99999999	3.33862		-2.32829  0.2  0.2		0.0		-1.0
	26369.99999999	2.92151		-2.32471  0.2  0.2		0.0		-1.0
	26414.99999999	2.6517		-2.91851  0.2  0.2		0.0		-1.0
	26459.99999999	2.70477		-2.96624  0.2  0.2		0.0		-1.0
	26504.99999999	2.67887		3.05725  0.2  0.2		0.0		-1.0
	26549.99999999	2.7034		2.96349  0.2  0.2		0.0		-1.0
	26594.99999999	3.21466		2.15959  0.2  0.2		0.0		-1.0
	26639.99999999	3.52599		2.33505  0.2  0.2		0.0		-1.0
	26684.99999999	3.58007		1.66038  0.2  0.2		0.0		-1.0
	26729.99999999	3.61429		1.80358  0.2  0.2		0.0		-1.0
	26774.99999999	3.85563		1.4792  0.2  0.2		0.0		-1.0
	26819.99999999	2.72529		1.63526  0.2  0.2		0.0		-1.0
	26864.99999999	3.1849		1.71894  0.2  0.2		0.0		-1.0
	26909.99999999	3.25029		2.08826  0.2  0.2		0.0		-1.0
	26954.99999999	3.02141		2.25844  0.2  0.2		0.0		-1.0
	26999.99999999	3.77606		2.52025  0.2  0.2		0.0		-1.0
	27044.99999999	3.1463		2.43079  0.2  0.2		0.0		-1.0
	27089.99999999	3.36187		2.93095  0.2  0.2		0.0		-1.0
	27134.99999999	3.49942		2.90004  0.2  0.2		0.0		-1.0
	27179.99999999	3.51289		-2.83544  0.2  0.2		0.0		-1.0
	27224.99999998	3.47037		-2.62883  0.2  0.2		0.0		-1.0
	27269.99999998	3.47171		-2.0963  0.2  0.2		0.0		-1.0
	27314.99999998	2.98963		-1.86657  0.2  0.2		0.0		-1.0
	27359.99999998	2.67431		-1.70897  0.2  0.2		0.0		-1.0
	27404.99999998	2.67023		-1.37492  0.2  0.2		0.0		-1.0
	27449.99999998	3.61625		-1.16747  0.2  0.2		0.0		-1.0
	27494.99999998	3.13645		-1.23638  0.2  0.2		0.0		-1.0
	27539.99999998	2.91788		-0.83425  0.2  0.2		0.0		-1.0
	27584.99999998	2.866		-0.14667  0.2  0.2		0.0		-1.0
	27629.99999998	3.12025		0.301  0.2  0.2		0.0		-1.0
	27674.99999998	3.70438		0.51912  0.2  0.2		0.0		-1.0
	27719.99999998	3.13188		0.79912  0.2  0.2		0.0		-1.0
	27764.99999998	3.67247		1.12387  0.2  0.2		0.0		-1.0
	27809.99999998	3.17052		1.08063  0.2  0.2		0.0		-1.0
	27854.99999998	3.35051		0.94007  0.2  0.2		0.0		-1.0
	27899.99999998	3.48166		1.2722  0.2  0.2		0.0		-1.0
	27944.99999998	3.13527		1.24421  0.2  0.2		0.0		-1.0
	27989.99999998	3.01354		1.20617  0.2  0.2		0.0		-1.0
	28034.99999998	3.33947		1.2985  0.2  0.2		0.0		-1.0
	28079.99999998	3.03742		1.41634  0.2  0.2		0.0		-1.0
	28124.99999998	3.6998		1.21693  0.2  0.2		0.0		-1.0
	28169.99999998	3.57889		0.98434  0.2  0.2		0.0		-1.0
	28214.99999998	3.68047		0.74148  0.2  0.2		0.0		-1.0
	28259.99999998	2.55815		0.49323  0.2  0.2		0.0		-1.0
	28304.99999998	3.49492		-0.44914  0.2  0.2		0.0		-1.0
	28349.99999998	2.95418		-0.57152  0.2  0.2		0.0		-1.0
	28394.99999998	3.43662		-0.8001  0.2  0.2		0.0		-1.0
	28439.99999998	3.53187		-0.61232  0.2  0.2		0.0		-1.0
	28484.99999998	2.96382		-0.63371  0.2  0.2		0.0		-1.0
	28529.99999998	3.37781		-0.10194  0.2  0.2		0.0		-1.0
	28574.99999998	2.77524		0.57799  0.2  0.2		0.0		-1.0
	28619.99999998	3.57795		0.66504  0.2  0.2		0.0		-1.0
	28664.99999998	2.8909		0.87922  0.2  0.2		0.0		-1.0
	28709.99999998	3.54955		0.7162  0.2  0.2		0.0		-1.0
	28754.99999998	2.94668		0.13549  0.2  0.2		0.0		-1.0
	28799.99999998	2.77666		0.18304  0.2  0.2		0.0		-1.0
	28844.99999998	3.42552		-0.59806  0.2  0.2		0.0		-1.0
	28889.99999998	3.36999		-1.10779  0.2  0.2		0.0		-1.0
	28934.99999998	2.7572		-0.83367  0.2  0.2		0.0		-1.0
	28979.99999998	2.71634		-1.40352  0.2  0.2		0.0		-1.0
	29024.99999998	2.63224		-1.00255  0.2  0.2		0.0		-1.0
	29069.99999998	3.19875		-1.03851  0.2  0.2		0.0		-1.0
	29114.99999998	3.20596		-0.55646  0.2  0.2		0.0		-1.0
	29159.99999998	2.99323		0.34396  0.2  0.2		0.0		-1.0
	29204.99999998	3.38819		0.28639  0.2  0.2		0.0		-1.0
	29249.99999998	3.21943		-0.28316  0.2  0.2		0.0		-1.0
	29294.99999998	2.65916		-0.12137  0.2  0.2		0.0		-1.0
	29339.99999998	2.6809		0.16788  0.2  0.2		0.0		-1.0
	29384.99999998	2.84078		-0.01557  0.2  0.2		0.0		-1.0
	29429.99999998	2.76929		-0.30028  0.2  0.2		0.0		-1.0
	29474.99999998	2.60152		-0.41507  0.2  0.2		0.0		-1.0
	29519.99999998	3.67856		-0.58994  0.2  0.2		0.0		-1.0
	29564.99999998	2.73324		-0.57774  0.2  0.2		0.0		-1.0
	29609.99999998	3.29178		0.21166  0.2  0.2		0.0		-1.0
	29654.99999998	3.14429		0.34248  0.2  0.2		0.0		-1.0
	29699.99999998	3.17578		0.49974  0.2  0.2		0.0		-1.0
	29744.99999998	2.80917		0.26938  0.2  0.2		0.0		-1.0
	29789.99999998	2.71081		-0.03696  0.2  0.2		0.0		-1.0
	29834.99999998	2.78829		0.01194  0.2  0.2		0.0		-1.0
	29879.99999998	2.60234		0.49704  0.2  0.2		0.0		-1.0
	29924.99999998	2.63289		0.19215  0.2  0.2		0.0		-1.0
	29969.99999998	3.00064		0.78233  0.2  0.2		0.0		-1.0
	30014.99999998	3.6372		0.64683  0.2  0.2		0.0		-1.0
	30059.99999998	2.62997		0.50839  0.2  0.2		0.0		-1.0
	30104.99999998	3.50217		0.18089  0.2  0.2		0.0		-1.0
	30149.99999998	3.65482		-0.15613  0.2  0.2		0.0		-1.0
	30194.99999998	3.43973		-0.38916  0.2  0.2		0.0		-1.0
	30239.99999998	3.43301		-0.22255  0.2  0.2		0.0		-1.0
	30284.99999998	3.25643		-0.32788  0.2  0.2		0.0		-1.0
	30329.99999998	3.29237		0.359  0.2  0.2		0.0		-1.0
	30374.99999998	2.84629		0.13096  0.2  0.2		0.0		-1.0
	30419.99999998	3.54272		-0.06304  0.2  0.2		0.0		-1.0
	30464.99999998	2.57695		-0.55208  0.2  0.2		0.0		-1.0
	30509.99999998	3.01495		-0.24341  0.2  0.2		0.0		-1.0
	30554.99999998	3.51926		0.05436  0.2  0.2		0.0		-1.0
	30599.99999998	2.59906		0.75814  0.2  0.2		0.0		-1.0
	30644.99999998	2.63172		1.19764  0.2  0.2		0.0		-1.0
	30689.99999998	2.69742		1.14565  0.2  0.2		0.0		-1.0
	30734.99999998	2.82942		1.73216  0.2  0.2		0.0		-1.0
	30779.99999998	3.16783		1.67614  0.2  0.2		0.0		-1.0
	30824.99999998	2.7447		2.03796  0.2  0.2		0.0		-1.0
	30869.99999998	3.30053		2.24707  0.2  0.2		0.0		-1.0
	30914.99999998	3.19875		2.60826  0.2  0.2		0.0		-1.0
	30959.99999998	3.43307		3.03312  0.2  0.2		0.0		-1.0
	31004.99999998	3.25946		-3.09124  0.2  0.2		0.0		-1.0
	31049.99999998	3.42727		-2.66322  0.2  0.2		0.0		-1.0
	31094.99999998	3.37228		-2.46327  0.2  0.2		0.0		-1.0
	31139.99999998	3.45394		-1.92771  0.2  0.2		0.0		-1.0
	31184.99999998	3.22912		-1.99564  0.2  0.2		0.0		-1.0
	31229.99999998	3.73407		-1.46699  0.2  0.2		0.0		-1.0
	31274.99999998	3.26038		-1.52484  0.2  0.2		0.0		-1.0
	31319.99999998	3.44974		-1.25044  0.2  0.2		0.0		-1.0
	31364.99999998	3.33218		-1.39255  0.2  0.2		0.0		-1.0
	31409.99999998	3.58112		-0.7784  0.2  0.2		0.0		-1.0
	31454.99999998	2.88622		-0.9626  0.2  0.2		0.0		-1.0
	31499.99999998	2.58566		-0.24388  0.2  0.2		0.0		-1.0
	31544.99999998	2.77348		0.22277  0.2  0.2		0.0		-1.0
	31589.99999998	3.0738		0.34208  0.2  0.2		0.0		-1.0
	31634.99999998	3.36115		0.20055  0.2  0.2		0.0		-1.0
	31679.99999998	3.21801		0.07648  0.2  0.2		0.0		-1.0
	31724.99999998	3.00084		-0.593  0.2  0.2		0.0		-1.0
	31769.99999998	3.18268		-0.77861  0.2  0.2		0.0		-1.0
	31814.99999998	3.30496		-0.85332  0.2  0.2		0.0		-1.0
	31859.99999998	2.85085		-1.10814  0.2  0.2		0.0		-1.0
	31904.99999998	3.06376		-0.99497  0.2  0.2		0.0		-1.0
	31949.99999998	3.76292		-0.8799  0.2  0.2		0.0		-1.0
	31994.99999998	2.63222		-0.37436  0.2  0.2		0.0		-1.0
	32039.99999998	2.93334		-0.11885  0.2  0.2		0.0		-1.0
	32084.99999998	3.43597		0.15007  0.2  0.2		0.0		-1.0
	32129.99999998	3.25024		-0.05858  0.2  0.2		0.0		-1.0
	32174.99999998	2.54053		-0.6276  0.2  0.2		0.0		-1.0
	32219.99999998	2.6687		-1.07441  0.2  0.2		0.0		-1.0
	32264.99999998	3.54204		-1.6524  0.2  0.2		0.0		-1.0
	32309.99999998	3.18014		-2.09657  0.2  0.2		0.0		-1.0
	32354.99999998	3.61906		-2.22137  0.2  0.2		0.0		-1.0
	32399.99999998	3.67017		-2.6293  0.2  0.2		0.0		-1.0
	32444.99999998	3.34903		-2.92089  0.2  0.2		0.0		-1.0
	32489.99999998	3.4484		2.89749  0.2  0.2		0.0		-1.0
	32534.99999998	3.61751		2.48283  0.2  0.2		0.0		-1.0
	32579.99999998	3.64995		2.28672  0.2  0.2		0.0		-1.0
	32624.99999998	3.52973		1.96993  0.2  0.2		0.0		-1.0
	32669.99999998	4.6881		1.7887  0.2  0.2		0.0		-1.0
	32714.99999998	7.15994		1.43811  0.2  0.2		0.0		-1.0
	32759.99999998	9.16699		1.46079  0.2  0.2		0.0		-1.0
	32804.99999998	10.90454		1.39917  0.2  0.2		0.0		-1.0
	32849.99999998	12.03718		1.29706  0.2  0.2		0.0		-1.0
	32894.99999998	12.82608		0.98763  0.2  0.2		0.0		-1.0
	32939.99999998	13.54694		0.78704  0.2  0.2		0.0		-1.0
	32984.99999998	14.44798		0.76532  0.2  0.2		0.0		-1.0
	33029.99999998	15.50587		0.82811  0.2  0.2		0.0		-1.0
	33074.99999998	16.51164		0.82737  0.2  0.2		0.0		-1.0
	33119.99999998	17.67407		0.91298  0.2  0.2		0.0		-1.0
	33164.99999998	18.88545		1.08114  0.2  0.2		0.0		-1.0
	33209.99999998	20.03106		1.05001  0.2  0.2		0.0		-1.0
	33254.99999998	21.14952		1.00985  0.2  0.2		0.0		-1.0
	33299.99999998	22.21459		0.83772  0.2  0.2		0.0		-1.0
	33344.99999998	23.03641		-2.39999  0.2  0.2		0.0		-1.0
	33389.99999998	23.77739		-2.20238  0.2  0.2		0.0		-1.0
	33434.99999998	24.498		-2.25735  0.2  0.2		0.0		-1.0
	33479.99999998	25.44734		-2.21349  0.2  0.2		0.0		-1.0
	33524.99999998	26.40117		-2.27569  0.2  0.2		0.0		-1.0
	33569.99999998	27.5213		-2.28583  0.2  0.2		0.0		-1.0
	33614.99999998	28.81348		-2.28775  0.2  0.2		0.0		-1.0
	33659.99999998	30.15375		-2.30378  0.2  0.2		0.0		-1.0
	33704.99999998	31.44744		-2.27999  0.2  0.2		0.0		-1.0
	33749.99999997	32.40354		-2.34585  0.2  0.2		0.0		-1.0
	33794.99999997	32.06069		2.61997  0.2  0.2		0.0		-1.0
	33839.99999997	31.24835		2.79689  0.2  0.2		0.0		-1.0
	33884.99999997	30.19559		2.83168  0.2  0.2		0.0		-1.0
	33929.99999997	29.18025		2.98962  0.2  0.2		0.0		-1.0
	33974.99999997	27.89435		3.07757  0.2  0.2		0.0		-1.0
	34019.99999997	26.69631		-3.04975  0.2  0.2		0.0		-1.0
	34064.99999997	25.43911		-3.00946  0.2  0.2		0.0		-1.0
	34109.99999997	24.16013		-2.78347  0.2  0.2		0.0		-1.0
	34154.99999997	22.98135		-2.69582  0.2  0.2		0.0		-1.0
	34199.99999997	21.70598		-2.14067  0.2  0.2		0.0		-1.0
	34244.99999997	20.69759		-0.68972  0.2  0.2		0.0		-1.0
	34289.99999997	19.67492		0.10257  0.2  0.2		0.0		-1.0
	34334.99999997	18.83541		0.39971  0.2  0.2		0.0		-1.0
	34379.99999997	17.86402		0.56872  0.2  0.2		0.0		-1.0
	34424.99999997	16.96316		0.67599  0.2  0.2		0.0		-1.0
	34469.99999997	15.92164		0.64816  0.2  0.2		0.0		-1.0
	34514.99999997	15.01915		0.40741  0.2  0.2		0.0		-1.0
	34559.99999997	14.32453		0.16586  0.2  0.2		0.0		-1.0
	34604.99999997	13.50502		-0.16377  0.2  0.2		0.0		-1.0
	34649.99999997	12.57006		-0.26905  0.2  0.2		0.0		-1.0
	34694.99999997	11.65014		-0.40795  0.2  0.2		0.0		-1.0
	34739.99999997	10.63764		-0.62581  0.2  0.2		0.0		-1.0
	34784.99999997	9.62931		-0.59194  0.2  0.2		0.0		-1.0
	34829.99999997	8.47045		-0.84994  0.2  0.2		0.0		-1.0
	34874.99999997	7.35752		-1.39934  0.2  0.2		0.0		-1.0
	34919.99999997	6.20299		-2.09521  0.2  0.2		0.0		-1.0
	34964.99999997	5.74947		-2.35437  0.2  0.2		0.0		-1.0
	35009.99999997	6.46908		-1.82683  0.2  0.2		0.0		-1.0
	35054.99999997	8.03555		-1.66145  0.2  0.2		0.0		-1.0
	35099.99999997	9.45772		-1.27256  0.2  0.2		0.0		-1.0
	35144.99999997	10.28605		-1.1795  0.2  0.2		0.0		-1.0
	35189.99999997	11.12214		-1.23955  0.2  0.2		0.0		-1.0
	35234.99999997	11.6694		-1.33155  0.2  0.2		0.0		-1.0
	35279.99999997	12.51214		-1.61147  0.2  0.2		0.0		-1.0
	35324.99999997	13.3875		-1.61983  0.2  0.2		0.0		-1.0
	35369.99999997	14.55149		-1.89872  0.2  0.2		0.0		-1.0
	35414.99999997	15.59734		-1.89008  0.2  0.2		0.0		-1.0
	35459.99999997	16.72163		-2.09992  0.2  0.2		0.0		-1.0
	35504.99999997	17.96448		-2.04725  0.2  0.2		0.0		-1.0
	35549.99999997	18.97049		-2.29279  0.2  0.2		0.0		-1.0
	35594.99999997	19.85899		-0.10328  0.2  0.2		0.0		-1.0
	35639.99999997	20.85128		-0.0205  0.2  0.2		0.0		-1.0
	35684.99999997	21.8011		0.27485  0.2  0.2		0.0		-1.0
	35729.99999997	22.58776		0.51231  0.2  0.2		0.0		-1.0
	35774.99999997	23.43469		0.57034  0.2  0.2		0.0		-1.0
	35819.99999997	24.4962		0.78172  0.2  0.2		0.0		-1.0
	35864.99999997	25.3769		0.72906  0.2  0.2		0.0		-1.0
	35909.99999997	25.0888		0.9649  0.2  0.2		0.0		-1.0
	35954.99999997	24.96201		-1.60424  0.2  0.2		0.0		-1.0
	35999.99999997	24.41397		-1.81932  0.2  0.2		0.0		-1.0
	36044.99999997	23.99461		-1.84267  0.2  0.2		0.0		-1.0
	36089.99999997	23.01467		-1.93939  0.2  0.2		0.0		-1.0
	36134.99999997	22.14741		-1.76022  0.2  0.2		0.0		-1.0
	36179.99999997	20.99388		-1.57564  0.2  0.2		0.0		-1.0
	36224.99999997	19.94966		-1.27567  0.2  0.2		0.0		-1.0
	36269.99999997	18.78767		-0.92689  0.2  0.2		0.0		-1.0
	36314.99999997	17.84918		-0.41239  0.2  0.2		0.0		-1.0
	36359.99999997	16.74777		-0.31637  0.2  0.2		0.0		-1.0
	36404.99999997	15.86341		0.01585  0.2  0.2		0.0		-1.0
	36449.99999997	14.65944		0.04046  0.2  0.2		0.0		-1.0
	36494.99999997	13.98905		0.33209  0.2  0.2		0.0		-1.0
	36539.99999997	12.93251		0.57444  0.2  0.2		0.0		-1.0
	36584.99999997	12.40815		0.77645  0.2  0.2		0.0		-1.0
	36629.99999997	11.53115		0.85792  0.2  0.2		0.0		-1.0
	36674.99999997	10.94027		0.70947  0.2  0.2		0.0		-1.0
	36719.99999997	10.18491		-0.96778  0.2  0.2		0.0		-1.0
	36764.99999997	9.56698		1.45473  0.2  0.2		0.0		-1.0
	36809.99999997	9.25252		0.44074  0.2  0.2		0.0		-1.0
	36854.99999997	8.90436		0.7474  0.2  0.2		0.0		-1.0
	36899.99999997	8.65757		0.23349  0.2  0.2		0.0		-1.0
	36944.99999997	8.01314		0.28322  0.2  0.2		0.0		-1.0
	36989.99999997	7.56302		-0.04253  0.2  0.2		0.0		-1.0
	37034.99999997	6.76744		-0.12442  0.2  0.2		0.0		-1.0
	37079.99999997	6.07226		-0.28822  0.2  0.2		0.0		-1.0
	37124.99999997	5.79117		-0.28101  0.2  0.2		0.0		-1.0
	37169.99999997	5.78191		-0.5412  0.2  0.2		0.0		-1.0
	37214.99999997	7.10187		-0.77374  0.2  0.2		0.0		-1.0
	37259.99999997	8.6879		-0.78169  0.2  0.2		0.0		-1.0
	37304.99999997	10.31086		-0.49779  0.2  0.2		0.0		-1.0
	37349.99999997	11.48003		0.092  0.2  0.2		0.0		-1.0
	37394.99999997	12.02908		0.74642  0.2  0.2		0.0		-1.0
	37439.99999997	12.21683		1.41247  0.2  0.2		0.0		-1.0
	37484.99999997	13.09406		2.11113  0.2  0.2		0.0		-1.0
	37529.99999997	14.22843		3.11263  0.2  0.2		0.0		-1.0
	37574.99999997	15.39823		-2.04062  0.2  0.2		0.0		-1.0
	37619.99999997	16.9305		-1.32913  0.2  0.2		0.0		-1.0
	37664.99999997	18.50576		-0.95006  0.2  0.2		0.0		-1.0
	37709.99999997	19.66789		-0.66786  0.2  0.2		0.0		-1.0
	37754.99999997	20.71851		-0.36302  0.2  0.2		0.0		-1.0
	37799.99999997	21.36761		-0.12204  0.2  0.2		0.0		-1.0
	37844.99999997	22.24445		0.12754  0.2  0.2		0.0		-1.0
	37889.99999997	23.09978		-0.28825  0.2  0.2		0.0		-1.0
	37934.99999997	22.27546		-0.35051  0.2  0.2		0.0		-1.0
	37979.99999997	21.21565		-0.78493  0.2  0.2		0.0		-1.0
	38024.99999997	20.0764		2.02723  0.2  0.2		0.0		-1.0
	38069.99999997	19.02936		2.27759  0.2  0.2		0.0		-1.0
	38114.99999997	17.97812		2.51641  0.2  0.2		0.0		-1.0
	38159.99999997	16.83934		2.97747  0.2  0.2		0.0		-1.0
	38204.99999997	15.61573		-2.87737  0.2  0.2		0.0		-1.0
	38249.99999997	14.56374		-2.42367  0.2  0.2		0.0		-1.0
	38294.99999997	13.72191		-2.01406  0.2  0.2		0.0		-1.0
	38339.99999997	12.87278		-1.50096  0.2  0.2		0.0		-1.0
	38384.99999997	12.06495		-1.0731  0.2  0.2		0.0		-1.0
	38429.99999997	11.2496		-0.65186  0.2  0.2		0.0		-1.0
	38474.99999997	10.73023		-0.4474  0.2  0.2		0.0		-1.0
	38519.99999997	9.89556		-0.1477  0.2  0.2		0.0		-1.0
	38564.99999997	9.0714		0.16248  0.2  0.2		0.0		-1.0
	38609.99999997	7.84203		0.523  0.2  0.2		0.0		-1.0
	38654.99999997	6.93486		0.97827  0.2  0.2		0.0		-1.0
	38699.99999997	6.09112		1.49311  0.2  0.2		0.0		-1.0
	38744.99999997	6.44672		1.97059  0.2  0.2		0.0		-1.0
	38789.99999997	7.50189		2.39337  0.2  0.2		0.0		-1.0
	38834.99999997	8.81054		2.69342  0.2  0.2		0.0		-1.0
	38879.99999997	10.02599		2.86321  0.2  0.2		0.0		-1.0
	38924.99999997	11.64272		2.76596  0.2  0.2		0.0		-1.0
	38969.99999997	12.88918		2.63453  0.2  0.2		0.0		-1.0
	39014.99999997	14.40465		2.27986  0.2  0.2		0.0		-1.0
	39059.99999997	15.57794		1.91186  0.2  0.2		0.0		-1.0
	39104.99999997	16.97096		1.48908  0.2  0.2		0.0		-1.0
	39149.99999997	17.61658		1.03734  0.2  0.2		0.0		-1.0
	39194.99999997	18.60229		0.51908  0.2  0.2		0.0		-1.0
	39239.99999997	19.01216		-0.15964  0.2  0.2		0.0		-1.0
	39284.99999997	19.36139		-0.90217  0.2  0.2		0.0		-1.0
	39329.99999997	18.95342		-1.21775  0.2  0.2		0.0		-1.0
	39374.99999997	18.83882		-1.51749  0.2  0.2		0.0		-1.0
	39419.99999997	18.59291		-2.1266  0.2  0.2		0.0		-1.0
	39464.99999997	18.97173		-2.08855  0.2  0.2		0.0		-1.0
	39509.99999997	19.73738		-1.26076  0.2  0.2		0.0		-1.0
	39554.99999997	20.83985		-0.95616  0.2  0.2		0.0		-1.0
	39599.99999997	21.90729		-0.53985  0.2  0.2		0.0		-1.0
	39644.99999997	23.12356		-0.61423  0.2  0.2		0.0		-1.0
	39689.99999997	24.01471		-0.97654  0.2  0.2		0.0		-1.0
	39734.99999997	24.85224		-1.38794  0.2  0.2		0.0		-1.0
	39779.99999997	25.79849		-2.19087  0.2  0.2		0.0		-1.0
	39824.99999997	26.53273		-2.68656  0.2  0.2		0.0		-1.0
	39869.99999997	27.70858		2.95174  0.2  0.2		0.0		-1.0
	39914.99999997	29.11138		2.3784  0.2  0.2		0.0		-1.0
	39959.99999997	30.67522		1.29546  0.2  0.2		0.0		-1.0
	40004.99999997	32.10429		1.37475  0.2  0.2		0.0		-1.0
	40049.99999997	31.36839		1.79684  0.2  0.2		0.0		-1.0
	40094.99999997	30.46002		2.4984  0.2  0.2		0.0		-1.0
	40139.99999997	29.68743		2.9608  0.2  0.2		0.0		-1.0
	40184.99999997	29.337		-2.74953  0.2  0.2		0.0		-1.0
	40229.99999996	29.1676		-2.08202  0.2  0.2		0.0		-1.0
	40274.99999996	29.58313		-1.52127  0.2  0.2		0.0		-1.0
	40319.99999996	30.29924		-1.13841  0.2  0.2		0.0		-1.0
	40364.99999996	30.85821		-1.40629  0.2  0.2		0.0		-1.0
	40409.99999996	31.48627		-2.08937  0.2  0.2		0.0		-1.0
	40454.99999996	31.75777		-2.25586  0.2  0.2		0.0		-1.0
	40499.99999996	31.72555		2.75333  0.2  0.2		0.0		-1.0
	40544.99999996	31.67477		-3.11105  0.2  0.2		0.0		-1.0
	40589.99999996	31.63245		-2.66564  0.2  0.2		0.0		-1.0
	40634.99999996	31.18991		-1.3888  0.2  0.2		0.0		-1.0
	40679.99999996	30.60656		-0.52792  0.2  0.2		0.0		-1.0
	40724.99999996	30.14217		-1.3252  0.2  0.2		0.0		-1.0
	40769.99999996	29.86641		-0.61125  0.2  0.2		0.0		-1.0
	40814.99999996	29.84026		-0.28231  0.2  0.2		0.0		-1.0
	40859.99999996	29.6813		0.14461  0.2  0.2		0.0		-1.0
	40904.99999996	29.8528		0.53051  0.2  0.2		0.0		-1.0
	40949.99999996	30.27151		-1.08898  0.2  0.2		0.0		-1.0
	40994.99999996	29.85902		-0.63924  0.2  0.2		0.0		-1.0
	41039.99999996	29.32155		-0.23716  0.2  0.2		0.0		-1.0
	41084.99999996	28.57956		0.71154  0.2  0.2		0.0		-1.0
	41129.99999996	28.0087		1.6898  0.2  0.2		0.0		-1.0
	41174.99999996	27.63882		2.3882  0.2  0.2		0.0		-1.0
	41219.99999996	26.39616		2.97951  0.2  0.2		0.0		-1.0
	41264.99999996	25.45759		-2.66428  0.2  0.2		0.0		-1.0
	41309.99999996	24.83838		-2.02874  0.2  0.2		0.0		-1.0
	41354.99999996	24.52364		-1.66924  0.2  0.2		0.0		-1.0
	41399.99999996	24.29456		-1.12109  0.2  0.2		0.0		-1.0
	41444.99999996	23.85315		-0.88893  0.2  0.2		0.0		-1.0
	41489.99999996	23.53038		-0.058  0.2  0.2		0.0		-1.0
	41534.99999996	23.51717		1.5852  0.2  0.2		0.0		-1.0
	41579.99999996	23.92121		2.55701  0.2  0.2		0.0		-1.0
	41624.99999996	24.33386		3.09029  0.2  0.2		0.0		-1.0
	41669.99999996	25.25807		-2.61022  0.2  0.2		0.0		-1.0
	41714.99999996	25.52262		-2.49013  0.2  0.2		0.0		-1.0
	41759.99999996	26.10396		-2.28379  0.2  0.2		0.0		-1.0
	41804.99999996	27.1369		-2.23503  0.2  0.2		0.0		-1.0
	41849.99999996	27.29379		-1.95252  0.2  0.2		0.0		-1.0
	41894.99999996	27.01211		-1.61706  0.2  0.2		0.0		-1.0
	41939.99999996	25.97531		-1.07514  0.2  0.2		0.0		-1.0
	41984.99999996	24.72612		-0.80533  0.2  0.2		0.0		-1.0
	42029.99999996	23.29241		-0.3895  0.2  0.2		0.0		-1.0
	42074.99999996	21.97137		0.0937  0.2  0.2		0.0		-1.0
	42119.99999996	20.73416		0.62616  0.2  0.2		0.0		-1.0
	42164.99999996	19.9554		1.08485  0.2  0.2		0.0		-1.0
	42209.99999996	18.78641		1.37107  0.2  0.2		0.0		-1.0
	42254.99999996	18.30174		1.88252  0.2  0.2		0.0		-1.0
	42299.99999996	17.37044		2.20039  0.2  0.2		0.0		-1.0
	42344.99999996	17.37927		2.66086  0.2  0.2		0.0		-1.0
	42389.99999996	17.0948		-3.02982  0.2  0.2		0.0		-1.0
	42434.99999996	17.92838		-2.32768  0.2  0.2		0.0		-1.0
	42479.99999996	18.61317		-1.67814  0.2  0.2		0.0		-1.0
	42524.99999996	19.84396		-1.07192  0.2  0.2		0.0		-1.0
	42569.99999996	20.68106		-0.09853  0.2  0.2		0.0		-1.0
	42614.99999996	20.99971		0.18029  0.2  0.2		0.0		-1.0
	42659.99999996	21.41493		0.71656  0.2  0.2		0.0		-1.0
	42704.99999996	21.914		1.06417  0.2  0.2		0.0		-1.0
	42749.99999996	22.27654		1.61302  0.2  0.2		0.0		-1.0
	42794.99999996	22.45434		1.96513  0.2  0.2		0.0		-1.0
	42839.99999996	22.4485		2.39853  0.2  0.2		0.0		-1.0
	42884.99999996	22.3646		2.88293  0.2  0.2		0.0		-1.0
	42929.99999996	22.27877		-3.00068  0.2  0.2		0.0		-1.0
	42974.99999996	21.89179		-2.80189  0.2  0.2		0.0		-1.0
	43019.99999996	21.1902		-2.72629  0.2  0.2		0.0		-1.0
	43064.99999996	20.23701		-2.75272  0.2  0.2		0.0		-1.0
	43109.99999996	18.99298		-2.74308  0.2  0.2		0.0		-1.0
	43154.99999996	17.54711		-2.69132  0.2  0.2		0.0		-1.0
	43199.99999996	16.25764		-2.11448  0.2  0.2		0.0		-1.0
	43244.99999996	16.09184		0.57671  0.2  0.2		0.0		-1.0
	43289.99999996	16.54183		1.00593  0.2  0.2		0.0		-1.0
	43334.99999996	17.41762		1.48408  0.2  0.2		0.0		-1.0
	43379.99999996	18.54649		1.74192  0.2  0.2		0.0		-1.0
	43424.99999996	19.71722		1.98517  0.2  0.2		0.0		-1.0
	43469.99999996	20.80648		1.46082  0.2  0.2		0.0		-1.0
	43514.99999996	21.38498		0.41879  0.2  0.2		0.0		-1.0
	43559.99999996	22.05812		0.76072  0.2  0.2		0.0		-1.0
	43604.99999996	22.73324		0.8857  0.2  0.2		0.0		-1.0
	43649.99999996	23.52865		1.21407  0.2  0.2		0.0		-1.0
	43694.99999996	24.30743		2.89445  0.2  0.2		0.0		-1.0
	43739.99999996	24.91787		-2.28763  0.2  0.2		0.0		-1.0
	43784.99999996	25.6433		-1.2754  0.2  0.2		0.0		-1.0
	43829.99999996	24.94651		-0.71206  0.2  0.2		0.0		-1.0
	43874.99999996	24.52984		0.03493  0.2  0.2		0.0		-1.0
	43919.99999996	24.62571		0.33292  0.2  0.2		0.0		-1.0
	43964.99999996	23.91049		0.72087  0.2  0.2		0.0		-1.0
	44009.99999996	23.48093		0.80014  0.2  0.2		0.0		-1.0
	44054.99999996	24.30818		1.10438  0.2  0.2		0.0		-1.0
	44099.99999996	25.57528		1.29324  0.2  0.2		0.0		-1.0
	44144.99999996	26.90712		1.41702  0.2  0.2		0.0		-1.0
	44189.99999996	28.11696		1.38159  0.2  0.2		0.0		-1.0
	44234.99999996	28.30622		-1.74479  0.2  0.2		0.0		-1.0
	44279.99999996	28.39619		-2.56167  0.2  0.2		0.0		-1.0
	44324.99999996	28.97182		-2.37991  0.2  0.2		0.0		-1.0
	44369.99999996	28.24993		2.77613  0.2  0.2		0.0		-1.0
	44414.99999996	27.61699		1.66593  0.2  0.2		0.0		-1.0
	44459.99999996	26.58572		0.77357  0.2  0.2		0.0		-1.0
	44504.99999996	25.36172		-0.07573  0.2  0.2		0.0		-1.0
	44549.99999996	24.12448		-0.63553  0.2  0.2		0.0		-1.0
	44594.99999996	23.28832		-0.77181  0.2  0.2		0.0		-1.0
	44639.99999996	22.77031		2.48577  0.2  0.2		0.0		-1.0
	44684.99999996	22.64022		-2.62511  0.2  0.2		0.0		-1.0
	44729.99999996	22.47699		-2.04512  0.2  0.2		0.0		-1.0
	44774.99999996	22.40476		-1.65802  0.2  0.2		0.0		-1.0
	44819.99999996	22.44206		-1.41893  0.2  0.2		0.0		-1.0
	44864.99999996	23.07066		-1.36806  0.2  0.2		0.0		-1.0
	44909.99999996	23.89395		-1.08385  0.2  0.2		0.0		-1.0
	44954.99999996	24.02368		-1.32807  0.2  0.2		0.0		-1.0
	44999.99999996	24.27516		-2.52233  0.2  0.2		0.0		-1.0
	45044.99999996	24.60112		2.75173  0.2  0.2		0.0		-1.0
	45089.99999996	24.2749		1.87705  0.2  0.2		0.0		-1.0
	45134.99999996	24.15426		1.6717  0.2  0.2		0.0		-1.0
	45179.99999996	24.5699		1.38595  0.2  0.2		0.0		-1.0
	45224.99999996	25.51416		1.38474  0.2  0.2		0.0		-1.0
	45269.99999996	26.92012		1.30176  0.2  0.2		0.0		-1.0
	45314.99999996	25.59242		1.20408  0.2  0.2		0.0		-1.0
	45359.99999996	24.18571		0.78697  0.2  0.2		0.0		-1.0
	45404.99999996	22.84537		-0.26731  0.2  0.2		0.0		-1.0
	45449.99999996	21.97983		-1.23292  0.2  0.2		0.0		-1.0
	45494.99999996	21.24572		-1.68904  0.2  0.2		0.0		-1.0
	45539.99999996	20.58371		-2.06041  0.2  0.2		0.0		-1.0
	45584.99999996	20.07019		-2.49625  0.2  0.2		0.0		-1.0
	45629.99999996	19.2153		-2.8612  0.2  0.2		0.0		-1.0
	45674.99999996	18.73138		2.76345  0.2  0.2		0.0		-1.0
	45719.99999996	18.18752		2.17505  0.2  0.2		0.0		-1.0
	45764.99999996	17.88472		1.52521  0.2  0.2		0.0		-1.0
	45809.99999996	17.8149		1.02339  0.2  0.2		0.0		-1.0
	45854.99999996	18.76237		0.75677  0.2  0.2		0.0		-1.0
	45899.99999996	20.07878		0.65369  0.2  0.2		0.0		-1.0
	45944.99999996	21.33086		0.25467  0.2  0.2		0.0		-1.0
	45989.99999996	22.20557		-0.8247  0.2  0.2		0.0		-1.0
	46034.99999996	22.75501		-1.78457  0.2  0.2		0.0		-1.0
	46079.99999996	23.02074		-2.30115  0.2  0.2		0.0		-1.0
	46124.99999996	23.56169		-2.45283  0.2  0.2		0.0		-1.0
	46169.99999996	23.38948		-2.82452  0.2  0.2		0.0		-1.0
	46214.99999996	23.7283		3.0116  0.2  0.2		0.0		-1.0
	46259.99999996	23.37998		2.51437  0.2  0.2		0.0		-1.0
	46304.99999996	22.94519		2.2911  0.2  0.2		0.0		-1.0
	46349.99999996	22.55549		1.91089  0.2  0.2		0.0		-1.0
	46394.99999996	22.28677		1.54366  0.2  0.2		0.0		-1.0
	46439.99999996	21.8666		1.04241  0.2  0.2		0.0		-1.0
	46484.99999996	21.77374		0.66897  0.2  0.2		0.0		-1.0
	46529.99999996	21.38507		0.12664  0.2  0.2		0.0		-1.0
	46574.99999996	22.14501		-0.29718  0.2  0.2		0.0		-1.0
	46619.99999996	22.91894		-0.88802  0.2  0.2		0.0		-1.0
	46664.99999996	24.28623		-1.6124  0.2  0.2		0.0		-1.0
	46709.99999996	24.86522		-2.20498  0.2  0.2		0.0		-1.0
	46754.99999995	25.14821		-3.02142  0.2  0.2		0.0		-1.0
	46799.99999995	25.00938		-2.96453  0.2  0.2		0.0		-1.0
	46844.99999995	24.17479		-2.91878  0.2  0.2		0.0		-1.0
	46889.99999995	23.45829		-2.71967  0.2  0.2		0.0		-1.0
	46934.99999995	23.10324		-2.4345  0.2  0.2		0.0		-1.0
	46979.99999995	22.83111		-3.01592  0.2  0.2		0.0		-1.0
	47024.99999995	22.39376		1.92677  0.2  0.2		0.0		-1.0
	47069.99999995	20.88619		1.03673  0.2  0.2		0.0		-1.0
	47114.99999995	19.50924		0.62891  0.2  0.2		0.0		-1.0
	47159.99999995	18.03433		-0.02309  0.2  0.2		0.0		-1.0
	47204.99999995	17.00347		-0.55942  0.2  0.2		0.0		-1.0
	47249.99999995	16.07174		-1.97763  0.2  0.2		0.0		-1.0
	47294.99999995	15.42949		-2.56033  0.2  0.2		0.0		-1.0
	47339.99999995	14.75763		2.6614  0.2  0.2		0.0		-1.0
	47384.99999995	14.31055		-1.23722  0.2  0.2		0.0		-1.0
	47429.99999995	13.87505		-0.78306  0.2  0.2		0.0		-1.0
	47474.99999995	13.81617		-1.39494  0.2  0.2		0.0		-1.0
	47519.99999995	13.88332		-1.76783  0.2  0.2		0.0		-1.0
	47564.99999995	14.29958		-2.34907  0.2  0.2		0.0		-1.0
	47609.99999995	14.51107		-3.04377  0.2  0.2		0.0		-1.0
	47654.99999995	14.80277		2.359  0.2  0.2		0.0		-1.0
	47699.99999995	14.80503		1.99997  0.2  0.2		0.0		-1.0
	47744.99999995	14.98705		1.74603  0.2  0.2		0.0		-1.0
	47789.99999995	15.73017		1.76318  0.2  0.2		0.0		-1.0
	47834.99999995	16.40366		1.60316  0.2  0.2		0.0		-1.0
	47879.99999995	17.18499		1.48737  0.2  0.2		0.0		-1.0
	47924.99999995	18.16634		1.30394  0.2  0.2		0.0		-1.0
	47969.99999995	19.25203		1.13908  0.2  0.2		0.0		-1.0
	48014.99999995	20.12714		-0.23849  0.2  0.2		0.0		-1.0
	48059.99999995	20.619		-1.96544  0.2  0.2		0.0		-1.0
	48104.99999995	20.72406		-2.52037  0.2  0.2		0.0		-1.0
	48149.99999995	20.83297		3.11786  0.2  0.2		0.0		-1.0
	48194.99999995	20.56272		2.50613  0.2  0.2		0.0		-1.0
	48239.99999995	20.31204		1.93034  0.2  0.2		0.0		-1.0
	48284.99999995	20.40229		1.35015  0.2  0.2		0.0		-1.0
	48329.99999995	20.53265		0.63511  0.2  0.2		0.0		-1.0
	48374.99999995	20.32098		0.05503  0.2  0.2		0.0		-1.0
	48419.99999995	19.82967		-0.54309  0.2  0.2		0.0		-1.0
	48464.99999995	19.5449		-1.24714  0.2  0.2		0.0		-1.0
	48509.99999995	19.21438		-1.32719  0.2  0.2		0.0		-1.0
	48554.99999995	19.16778		-1.86124  0.2  0.2		0.0		-1.0
	48599.99999995	19.75517		-2.3271  0.2  0.2		0.0		-1.0
	48644.99999995	20.95058		-2.53887  0.2  0.2		0.0		-1.0
	48689.99999995	22.35364		-2.37657  0.2  0.2		0.0		-1.0
	48734.99999995	23.54025		-2.51948  0.2  0.2		0.0		-1.0
	48779.99999995	24.83103		-2.52264  0.2  0.2		0.0		-1.0
	48824.99999995	26.23298		2.9953  0.2  0.2		0.0		-1.0
	48869.99999995	27.2892		1.55013  0.2  0.2		0.0		-1.0
	48914.99999995	27.98827		0.91161  0.2  0.2		0.0		-1.0
	48959.99999995	28.51345		0.44965  0.2  0.2		0.0		-1.0
	49004.99999995	28.40199		-0.23995  0.2  0.2		0.0		-1.0
	49049.99999995	27.86818		-0.92834  0.2  0.2		0.0		-1.0
	49094.99999995	26.68074		-1.60482  0.2  0.2		0.0		-1.0
	49139.99999995	25.21363		-1.91618  0.2  0.2		0.0		-1.0
	49184.99999995	23.86435		-2.15356  0.2  0.2		0.0		-1.0
	49229.99999995	22.70488		-1.89684  0.2  0.2		0.0		-1.0
	49274.99999995	22.05955		-1.24604  0.2  0.2		0.0		-1.0
	49319.99999995	21.51504		0.01424  0.2  0.2		0.0		-1.0
	49364.99999995	21.46589		1.27432  0.2  0.2		0.0		-1.0
	49409.99999995	21.70699		1.94346  0.2  0.2		0.0		-1.0
	49454.99999995	22.51682		2.11844  0.2  0.2		0.0		-1.0
	49499.99999995	23.6338		2.24199  0.2  0.2		0.0		-1.0
	49544.99999995	25.21727		2.26537  0.2  0.2		0.0		-1.0
	49589.99999995	26.66197		2.17748  0.2  0.2		0.0		-1.0
	49634.99999995	27.62867		2.0449  0.2  0.2		0.0		-1.0
	49679.99999995	28.14634		2.29485  0.2  0.2		0.0		-1.0
	49724.99999995	28.65728		2.76123  0.2  0.2		0.0		-1.0
	49769.99999995	28.52144		-2.98857  0.2  0.2		0.0		-1.0
	49814.99999995	27.86825		-2.66475  0.2  0.2		0.0		-1.0
	49859.99999995	26.72347		-2.35673  0.2  0.2		0.0		-1.0
	49904.99999995	25.29739		-1.84553  0.2  0.2		0.0		-1.0
	49949.99999995	24.24519		-0.93108  0.2  0.2		0.0		-1.0
	49994.99999995	24.58654		-0.02376  0.2  0.2		0.0		-1.0
