	45.00000000	4.42351		1.69346  0.2  0.2		0.0		-1.0
	90.00000000	4.95789		1.28676  0.2  0.2		0.0		-1.0
	135.00000000	4.86491		1.61627  0.2  0.2		0.0		-1.0
	180.00000000	4.9916		1.48763  0.2  0.2		0.0		-1.0
	225.00000000	4.87211		1.46463  0.2  0.2		0.0		-1.0
	270.00000000	5.00625		1.49262  0.2  0.2		0.20983900960000001		-1.0
	315.00000000	4.94426		1.8704  0.2  0.2		0.0		-1.0
	360.00000000	5.01983		1.95103  0.2  0.2		2.0721602197999998		-1.0
	405.00000000	4.93793		1.83595  0.2  0.2		0.0		-1.0
	450.00000000	4.88164		1.69112  0.2  0.2		0.0		-1.0
	495.00000000	4.69329		1.74215  0.2  0.2		0.0		-1.0
	540.00000000	4.83048		1.88711  0.2  0.2		0.0		-1.0
	585.00000000	4.98777		1.98288  0.2  0.2		0.0		-1.0
	630.00000000	4.89337		2.0876  0.2  0.2		0.0		-1.0
	675.00000000	4.94566		2.16301  0.2  0.2		0.0		-1.0
	720.00000000	4.94563		2.44832  0.2  0.2		0.0		-1.0
	765.00000000	5.00227		2.35792  0.2  0.2		0.026229876200000002		-1.0
	810.00000000	4.9297		2.58726  0.2  0.2		0.0		-1.0
	855.00000000	4.83019		2.63449  0.2  0.2		0.0		-1.0
	900.00000000	4.91413		2.6251  0.2  0.2		0.0		-1.0
	945.00000000	4.99079		2.28405  0.2  0.2		0.0		-1.0
	990.00000000	4.72909		2.42835  0.2  0.2		0.0		-1.0
	1035.00000000	4.99054		2.10058  0.2  0.2		0.0		-1.0
	1080.00000000	4.80993		2.16329  0.2  0.2		0.0		-1.0
	1125.00000000	4.99439		1.56167  0.2  0.2		0.0		-1.0
	1170.00000000	4.98065		1.3365  0.2  0.2		0.0		-1.0
	1215.00000000	4.98907		1.0898  0.2  0.2		0.0		-1.0
	1260.00000000	4.96171		0.90221  0.2  0.2		0.0		-1.0
	1305.00000000	5.0073		0.5396  0.2  0.2		0.2885286382		-1.0
	1350.00000000	4.96866		0.19124  0.2  0.2		0.0		-1.0
	1395.00000000	4.92723		-0.01546  0.2  0.2		0.0		-1.0
	1440.00000000	4.95936		-0.3965  0.2  0.2		0.0		-1.0
	1485.00000000	4.92963		-0.6092  0.2  0.2		0.0		-1.0
	1530.00000000	4.93381		-0.79591  0.2  0.2		0.0		-1.0
	1575.00000000	5.00006		-0.9868  0.2  0.2		0.0		-1.0
	1620.00000000	4.91605		-1.26483  0.2  0.2		0.0		-1.0
	1665.00000000	4.8457		-1.58816  0.2  0.2		0.0		-1.0
	1710.00000000	4.93113		-1.63709  0.2  0.2		0.0		-1.0
	1755.00000000	4.97227		-1.84809  0.2  0.2		0.0		-1.0
	1800.00000000	5.02962		-1.85584  0.2  0.2		4.590228335		-1.0
	1845.00000000	5.00234		-2.0564  0.2  0.2		0.026229876200000002		-1.0
	1890.00000000	5.02101		-1.99992  0.2  0.2		2.3082291056		-1.0
	1935.00000000	4.99973		-2.11699  0.2  0.2		0.0		-1.0
	1980.00000000	4.96795		-1.7115  0.2  0.2		0.0		-1.0
	2025.00000000	4.96128		-2.14886  0.2  0.2		0.0		-1.0
	2070.00000000	4.94718		-1.81909  0.2  0.2		0.0		-1.0
	2115.00000000	4.76323		-2.12231  0.2  0.2		0.0		-1.0
	2160.00000000	4.98266		-2.01317  0.2  0.2		0.0		-1.0
	2205.00000000	5.03334		-2.00399  0.2  0.2		5.8230325164000005		-1.0
	2250.00000000	4.93515		-1.98551  0.2  0.2		0.0		-1.0
	2295.00000000	4.99243		-1.70822  0.2  0.2		0.0		-1.0
	2340.00000000	4.94588		-1.51845  0.2  0.2		0.0		-1.0
	2385.00000000	5.01639		-1.33274  0.2  0.2		1.4164133148		-1.0
	2430.00000000	4.86561		-1.22022  0.2  0.2		0.0		-1.0
	2475.00000000	5.0114		-0.9939  0.2  0.2		0.6819767811999999		-1.0
	2520.00000000	4.96339		-1.05991  0.2  0.2		0.0		-1.0
	2565.00000000	4.91987		-0.61862  0.2  0.2		0.0		-1.0
	2610.00000000	4.96751		-0.7019  0.2  0.2		0.0		-1.0
	2655.00000000	5.01065		0.04596  0.2  0.2		0.6032871526		-1.0
	2700.00000000	4.72901		0.14902  0.2  0.2		0.0		-1.0
	2745.00000000	4.94965		0.54644  0.2  0.2		0.0		-1.0
	2790.00000000	4.98906		0.73768  0.2  0.2		0.0		-1.0
	2835.00000000	4.96325		0.94212  0.2  0.2		0.0		-1.0
	2880.00000000	4.97742		1.32575  0.2  0.2		0.0		-1.0
	2925.00000000	5.01567		1.30432  0.2  0.2		1.2852639337999998		-1.0
	2970.00000000	4.92847		1.37946  0.2  0.2		0.0		-1.0
	3015.00000000	4.81013		1.54074  0.2  0.2		0.0		-1.0
	3060.00000000	5.01809		1.64507  0.2  0.2		1.7049419529999998		-1.0
	3105.00000000	4.87195		1.95914  0.2  0.2		0.0		-1.0
	3150.00000000	4.94487		1.99949  0.2  0.2		0.0		-1.0
	3195.00000000	4.93864		2.1986  0.2  0.2		0.0		-1.0
	3240.00000000	4.96779		2.21972  0.2  0.2		0.0		-1.0
	3285.00000000	4.93826		2.29281  0.2  0.2		0.0		-1.0
	3330.00000000	4.89394		2.37715  0.2  0.2		0.0		-1.0
	3375.00000000	4.94775		2.48095  0.2  0.2		0.0		-1.0
	3420.00000000	5.0142		2.13261  0.2  0.2		1.049195048		-1.0
	3465.00000000	5.02947		2.21939  0.2  0.2		4.5639984587999995		-1.0
	3510.00000000	4.90737		1.86943  0.2  0.2		0.0		-1.0
	3555.00000000	4.96257		2.05764  0.2  0.2		0.0		-1.0
	3600.00000000	4.91346		1.68787  0.2  0.2		0.0		-1.0
	3645.00000000	4.89736		1.66792  0.2  0.2		0.0		-1.0
	3690.00000000	4.92374		1.55021  0.2  0.2		0.0		-1.0
	3735.00000000	4.99259		1.64458  0.2  0.2		0.0		-1.0
	3780.00000000	4.99407		1.25537  0.2  0.2		0.0		-1.0
	3825.00000000	4.96187		1.20992  0.2  0.2		0.0		-1.0
	3870.00000000	4.95476		1.07666  0.2  0.2		0.0		-1.0
	3915.00000000	4.93518		0.85769  0.2  0.2		0.0		-1.0
	3960.00000000	5.00183		0.54343  0.2  0.2		0.026229876200000002		-1.0
	4005.00000000	4.99529		0.46105  0.2  0.2		0.0		-1.0
	4050.00000000	5.00807		0.07065  0.2  0.2		0.34098839059999997		-1.0
	4095.00000000	4.94246		-0.40249  0.2  0.2		0.0		-1.0
	4140.00000000	5.01307		-0.77137  0.2  0.2		0.8918157908000001		-1.0
	4185.00000000	4.96613		-0.84778  0.2  0.2		0.0		-1.0
	4230.00000000	4.78464		-1.05787  0.2  0.2		0.0		-1.0
	4275.00000000	4.88723		-1.08604  0.2  0.2		0.0		-1.0
	4320.00000000	4.77478		-1.2646  0.2  0.2		0.0		-1.0
	4365.00000000	4.85504		-1.62121  0.2  0.2		0.0		-1.0
	4410.00000000	4.85053		-1.78157  0.2  0.2		0.0		-1.0
	4455.00000000	4.86213		-2.04222  0.2  0.2		0.0		-1.0
	4500.00000000	4.88399		-2.13741  0.2  0.2		0.0		-1.0
	4545.00000000	4.97715		-2.10001  0.2  0.2		0.0		-1.0
	4590.00000000	5.01074		-2.18345  0.2  0.2		0.6032871526		-1.0
	4635.00000000	5.00674		-1.97391  0.2  0.2		0.23606888580000002		-1.0
	4680.00000000	4.96435		-2.09895  0.2  0.2		0.0		-1.0
	4725.00000000	4.99091		-1.85145  0.2  0.2		0.0		-1.0
	4770.00000000	5.00278		-1.86487  0.2  0.2		0.052459752400000004		-1.0
	4815.00000000	4.99621		-1.81118  0.2  0.2		0.0		-1.0
	4860.00000000	5.00794		-1.79795  0.2  0.2		0.34098839059999997		-1.0
	4905.00000000	4.99704		-1.72585  0.2  0.2		0.0		-1.0
	4950.00000000	4.96701		-1.7465  0.2  0.2		0.0		-1.0
	4995.00000000	4.98036		-1.65758  0.2  0.2		0.0		-1.0
	5040.00000000	5.01086		-1.61905  0.2  0.2		0.6295170287999999		-1.0
	5085.00000000	4.89592		-1.21871  0.2  0.2		0.0		-1.0
	5130.00000000	4.83373		-1.06493  0.2  0.2		0.0		-1.0
	5175.00000000	4.92227		-0.82975  0.2  0.2		0.0		-1.0
	5220.00000000	4.88776		-0.56405  0.2  0.2		0.0		-1.0
	5265.00000000	5.01326		-0.41956  0.2  0.2		0.9180456669999999		-1.0
	5310.00000000	4.94425		0.0955  0.2  0.2		0.0		-1.0
	5355.00000000	5.01088		0.25908  0.2  0.2		0.6295170287999999		-1.0
	5400.00000000	5.0287		0.88499  0.2  0.2		4.327929573		-1.0
	5445.00000000	4.92591		0.68804  0.2  0.2		0.0		-1.0
	5490.00000000	4.99131		0.96906  0.2  0.2		0.0		-1.0
	5535.00000000	5.00661		1.04118  0.2  0.2		0.23606888580000002		-1.0
	5580.00000000	4.97931		1.60893  0.2  0.2		0.0		-1.0
	5625.00000000	5.00965		1.27215  0.2  0.2		0.4983676478		-1.0
	5670.00000000	4.99279		1.44134  0.2  0.2		0.0		-1.0
	5715.00000000	4.96769		1.50077  0.2  0.2		0.0		-1.0
	5760.00000000	4.95498		1.58909  0.2  0.2		0.0		-1.0
	5805.00000000	4.99073		1.6282  0.2  0.2		0.0		-1.0
	5850.00000000	4.9903		1.75774  0.2  0.2		0.0		-1.0
	5895.00000000	4.96853		1.94791  0.2  0.2		0.0		-1.0
	5940.00000000	5.01306		2.12847  0.2  0.2		0.8918157908000001		-1.0
	5985.00000000	5.01057		1.92814  0.2  0.2		0.5770572764		-1.0
	6030.00000000	4.92106		1.86094  0.2  0.2		0.0		-1.0
	6075.00000000	4.98259		1.81508  0.2  0.2		0.0		-1.0
	6120.00000000	4.95663		1.90882  0.2  0.2		0.0		-1.0
	6165.00000000	4.94404		1.92968  0.2  0.2		0.0		-1.0
	6210.00000000	5.01151		1.81718  0.2  0.2		0.6819767811999999		-1.0
	6255.00000000	5.03115		1.8286  0.2  0.2		5.0885959828		-1.0
	6300.00000000	4.9969		1.85863  0.2  0.2		0.0		-1.0
	6345.00000000	4.98923		1.49173  0.2  0.2		0.0		-1.0
	6390.00000000	4.88458		1.72481  0.2  0.2		0.0		-1.0
	6435.00000000	5.03568		1.83818  0.2  0.2		6.688618431		-1.0
	6480.00000000	4.8952		1.81859  0.2  0.2		0.0		-1.0
	6525.00000000	4.86835		1.4497  0.2  0.2		0.0		-1.0
	6570.00000000	4.92335		1.53462  0.2  0.2		0.0		-1.0
	6615.00000000	4.92345		1.42829  0.2  0.2		0.0		-1.0
	6660.00000000	5.01364		1.50974  0.2  0.2		0.9705054193999999		-1.0
	6705.00000000	5.01714		1.55466  0.2  0.2		1.5475626958		-1.0
	6750.00000000	4.96532		1.7052  0.2  0.2		0.0		-1.0
	6795.00000000	4.9393		1.63921  0.2  0.2		0.0		-1.0
	6840.00000000	4.88965		1.58026  0.2  0.2		0.0		-1.0
	6885.00000000	4.79655		1.63642  0.2  0.2		0.0		-1.0
	6930.00000000	4.96223		1.86284  0.2  0.2		0.0		-1.0
	6975.00000000	4.90132		1.76522  0.2  0.2		0.0		-1.0
	7020.00000000	4.88182		1.73113  0.2  0.2		0.0		-1.0
	7065.00000000	4.94809		1.74935  0.2  0.2		0.0		-1.0
	7110.00000000	5.03208		1.80918  0.2  0.2		5.4033544972000005		-1.0
	7155.00000000	4.89801		1.9063  0.2  0.2		0.0		-1.0
	7200.00000000	4.94237		1.97148  0.2  0.2		0.0		-1.0
	7245.00000000	4.98141		2.10575  0.2  0.2		0.0		-1.0
	7290.00000000	4.93006		2.00843  0.2  0.2		0.0		-1.0
	7335.00000000	4.8939		2.04601  0.2  0.2		0.0		-1.0
	7380.00000000	4.90756		2.07903  0.2  0.2		0.0		-1.0
	7425.00000000	4.81945		2.04564  0.2  0.2		0.0		-1.0
	7470.00000000	4.99593		1.79507  0.2  0.2		0.0		-1.0
	7515.00000000	4.98962		1.88275  0.2  0.2		0.0		-1.0
	7560.00000000	5.01447		1.84236  0.2  0.2		1.1016548004		-1.0
	7605.00000000	4.96986		1.7034  0.2  0.2		0.0		-1.0
	7650.00000000	4.92191		1.87257  0.2  0.2		0.0		-1.0
	7695.00000000	5.00437		1.94777  0.2  0.2		0.10491950480000001		-1.0
	7740.00000000	5.00866		1.94574  0.2  0.2		0.393448143		-1.0
	7785.00000000	4.9791		1.59011  0.2  0.2		0.0		-1.0
	7830.00000000	5.01057		1.55799  0.2  0.2		0.5770572764		-1.0
	7875.00000000	4.95353		1.63804  0.2  0.2		0.0		-1.0
	7920.00000000	4.93552		1.57752  0.2  0.2		0.0		-1.0
	7965.00000000	4.96908		1.55882  0.2  0.2		0.0		-1.0
	8010.00000000	4.81893		1.72131  0.2  0.2		0.0		-1.0
	8055.00000000	4.86092		1.63727  0.2  0.2		0.0		-1.0
	8100.00000000	4.942		1.58735  0.2  0.2		0.0		-1.0
	8145.00000000	4.90411		1.64323  0.2  0.2		0.0		-1.0
	8190.00000000	4.96165		1.64505  0.2  0.2		0.0		-1.0
	8235.00000000	4.99092		1.5715  0.2  0.2		0.0		-1.0
	8280.00000000	4.97484		1.48135  0.2  0.2		0.0		-1.0
	8325.00000000	4.99618		1.38057  0.2  0.2		0.0		-1.0
	8370.00000000	4.99101		1.24505  0.2  0.2		0.0		-1.0
	8415.00000000	5.01095		1.13789  0.2  0.2		0.6295170287999999		-1.0
	8460.00000000	5.00007		1.10224  0.2  0.2		0.0		-1.0
	8505.00000000	5.01064		0.74309  0.2  0.2		0.6032871526		-1.0
	8550.00000000	5.00522		0.77776  0.2  0.2		0.131149381		-1.0
	8595.00000000	5.00029		0.79587  0.2  0.2		0.0		-1.0
	8640.00000000	4.9356		0.50826  0.2  0.2		0.0		-1.0
	8685.00000000	5.01609		0.40738  0.2  0.2		1.3639535623999999		-1.0
	8730.00000000	4.89937		0.26715  0.2  0.2		0.0		-1.0
	8775.00000000	5.01204		0.11659  0.2  0.2		0.7606664098		-1.0
	8820.00000000	4.9095		-0.13206  0.2  0.2		0.0		-1.0
	8865.00000000	4.91172		-0.1299  0.2  0.2		0.0		-1.0
	8910.00000000	4.84169		-0.37761  0.2  0.2		0.0		-1.0
	8955.00000000	4.97942		-0.33917  0.2  0.2		0.0		-1.0
	9000.00000000	5.00675		-0.50871  0.2  0.2		0.23606888580000002		-1.0
	9045.00000000	4.99244		-0.54066  0.2  0.2		0.0		-1.0
	9090.00000000	5.00214		-0.58792  0.2  0.2		0.026229876200000002		-1.0
	9135.00000000	5.00639		-0.67218  0.2  0.2		0.20983900960000001		-1.0
	9180.00000000	4.97362		-0.6924  0.2  0.2		0.0		-1.0
	9225.00000000	4.96961		-0.73749  0.2  0.2		0.0		-1.0
	9270.00000000	5.00497		-0.73631  0.2  0.2		0.131149381		-1.0
	9315.00000000	4.98469		-0.69875  0.2  0.2		0.0		-1.0
	9360.00000000	4.99397		-0.39606  0.2  0.2		0.0		-1.0
	9405.00000000	4.98942		-0.44129  0.2  0.2		0.0		-1.0
	9450.00000000	4.72802		-0.27623  0.2  0.2		0.0		-1.0
	9495.00000000	4.8356		-0.32833  0.2  0.2		0.0		-1.0
	9540.00000000	4.89852		-0.15338  0.2  0.2		0.0		-1.0
	9585.00000000	5.03282		-0.2035  0.2  0.2		5.639423383		-1.0
	9630.00000000	5.00235		-0.05226  0.2  0.2		0.026229876200000002		-1.0
	9675.00000000	4.97261		0.2986  0.2  0.2		0.0		-1.0
	9720.00000000	4.95125		0.36742  0.2  0.2		0.0		-1.0
	9765.00000000	4.64959		0.47392  0.2  0.2		0.0		-1.0
	9810.00000000	4.56498		0.46121  0.2  0.2		0.0		-1.0
	9855.00000000	4.92043		0.47265  0.2  0.2		0.0		-1.0
	9900.00000000	4.95755		0.30155  0.2  0.2		0.0		-1.0
	9945.00000000	4.99586		0.16175  0.2  0.2		0.0		-1.0
	9990.00000000	4.96018		0.11301  0.2  0.2		0.0		-1.0
	10035.00000000	4.75929		-0.12043  0.2  0.2		0.0		-1.0
	10080.00000000	4.704		-0.2941  0.2  0.2		0.0		-1.0
	10125.00000000	4.67767		-0.2925  0.2  0.2		0.0		-1.0
	10170.00000000	4.96805		-0.45352  0.2  0.2		0.0		-1.0
	10215.00000000	4.93622		-0.43967  0.2  0.2		0.0		-1.0
	10260.00000000	4.99185		-0.65283  0.2  0.2		0.0		-1.0
	10305.00000000	4.97067		-0.39461  0.2  0.2		0.0		-1.0
	10350.00000000	5.01875		-0.66299  0.2  0.2		1.8360913339999998		-1.0
	10395.00000000	5.01949		-0.33743  0.2  0.2		1.9934705912		-1.0
	10440.00000000	5.00834		-0.47986  0.2  0.2		0.36721826679999997		-1.0
	10485.00000000	4.97241		-0.26953  0.2  0.2		0.0		-1.0
	10530.00000000	4.95122		-0.18474  0.2  0.2		0.0		-1.0
	10575.00000000	5.0306		-0.22195  0.2  0.2		4.904986849399999		-1.0
	10620.00000000	4.98101		0.00408  0.2  0.2		0.0		-1.0
	10665.00000000	4.8555		0.06073  0.2  0.2		0.0		-1.0
	10710.00000000	4.82197		0.35426  0.2  0.2		0.0		-1.0
	10755.00000000	4.91446		0.44167  0.2  0.2		0.0		-1.0
	10800.00000000	4.98243		0.50443  0.2  0.2		0.0		-1.0
	10845.00000001	4.99883		0.3991  0.2  0.2		0.0		-1.0
	10890.00000001	4.86689		0.58413  0.2  0.2		0.0		-1.0
	10935.00000001	4.98301		0.24855  0.2  0.2		0.0		-1.0
	10980.00000001	4.97122		0.15517  0.2  0.2		0.0		-1.0
	11025.00000001	4.99464		-0.24146  0.2  0.2		0.0		-1.0
	11070.00000001	4.90699		-0.2231  0.2  0.2		0.0		-1.0
	11115.00000001	4.80159		-0.53261  0.2  0.2		0.0		-1.0
	11160.00000001	4.91869		-0.43897  0.2  0.2		0.0		-1.0
	11205.00000001	5.01072		-0.57068  0.2  0.2		0.6032871526		-1.0
	11250.00000001	4.76587		-0.47523  0.2  0.2		0.0		-1.0
	11295.00000001	4.8233		-0.53159  0.2  0.2		0.0		-1.0
	11340.00000001	4.91119		-0.55279  0.2  0.2		0.0		-1.0
	11385.00000001	5.02469		-0.47094  0.2  0.2		3.2000448963999997		-1.0
	11430.00000001	4.8922		-0.48612  0.2  0.2		0.0		-1.0
	11475.00000001	4.84618		-0.27602  0.2  0.2		0.0		-1.0
	11520.00000001	5.00358		-0.37761  0.2  0.2		0.07868962859999999		-1.0
	11565.00000001	4.91587		0.21057  0.2  0.2		0.0		-1.0
	11610.00000001	4.86704		0.20689  0.2  0.2		0.0		-1.0
	11655.00000001	4.97976		0.42939  0.2  0.2		0.0		-1.0
	11700.00000001	4.95251		0.29889  0.2  0.2		0.0		-1.0
	11745.00000001	4.79996		0.5583  0.2  0.2		0.0		-1.0
	11790.00000001	4.97176		0.4002  0.2  0.2		0.0		-1.0
	11835.00000001	4.8616		0.3969  0.2  0.2		0.0		-1.0
	11880.00000001	5.03228		0.08087  0.2  0.2		5.4558142495999995		-1.0
	11925.00000001	4.80769		0.11415  0.2  0.2		0.0		-1.0
	11970.00000001	4.8962		-0.23301  0.2  0.2		0.0		-1.0
	12015.00000001	5.00465		-0.09833  0.2  0.2		0.10491950480000001		-1.0
	12060.00000001	4.97195		-0.33311  0.2  0.2		0.0		-1.0
	12105.00000001	5.00619		-0.34337  0.2  0.2		0.20983900960000001		-1.0
	12150.00000001	5.01484		-0.31188  0.2  0.2		1.1541145528		-1.0
	12195.00000001	4.9582		-0.37661  0.2  0.2		0.0		-1.0
	12240.00000001	4.89921		-0.37346  0.2  0.2		0.0		-1.0
	12285.00000001	4.96917		-0.40723  0.2  0.2		0.0		-1.0
	12330.00000001	4.98135		-0.55908  0.2  0.2		0.0		-1.0
	12375.00000001	5.00046		-0.64069  0.2  0.2		0.0		-1.0
	12420.00000001	5.02537		-0.48796  0.2  0.2		3.3836540297999997		-1.0
	12465.00000001	4.95782		-0.52625  0.2  0.2		0.0		-1.0
	12510.00000001	5.00383		-0.3141  0.2  0.2		0.07868962859999999		-1.0
	12555.00000001	4.91355		-0.23908  0.2  0.2		0.0		-1.0
	12600.00000001	5.00157		-0.14921  0.2  0.2		0.0		-1.0
	12645.00000001	5.00245		-0.05321  0.2  0.2		0.026229876200000002		-1.0
	12690.00000001	4.94525		-0.10558  0.2  0.2		0.0		-1.0
	12735.00000001	5.01149		0.28234  0.2  0.2		0.6819767811999999		-1.0
	12780.00000001	5.00874		0.24654  0.2  0.2		0.393448143		-1.0
	12825.00000001	4.9916		0.31756  0.2  0.2		0.0		-1.0
	12870.00000001	5.0213		0.3001  0.2  0.2		2.3869187342		-1.0
	12915.00000001	4.95813		0.48081  0.2  0.2		0.0		-1.0
	12960.00000001	4.98938		0.66065  0.2  0.2		0.0		-1.0
	13005.00000001	4.98753		0.50442  0.2  0.2		0.0		-1.0
	13050.00000001	5.00447		0.44974  0.2  0.2		0.10491950480000001		-1.0
	13095.00000001	4.96947		0.49889  0.2  0.2		0.0		-1.0
	13140.00000001	4.87288		0.22703  0.2  0.2		0.0		-1.0
	13185.00000001	4.96791		0.20702  0.2  0.2		0.0		-1.0
	13230.00000001	4.95281		-0.0768  0.2  0.2		0.0		-1.0
	13275.00000001	4.98766		-0.14905  0.2  0.2		0.0		-1.0
	13320.00000001	4.87575		-0.26307  0.2  0.2		0.0		-1.0
	13365.00000001	5.01146		-0.51266  0.2  0.2		0.6819767811999999		-1.0
	13410.00000001	4.97395		-0.33817  0.2  0.2		0.0		-1.0
	13455.00000001	5.01349		-0.75625  0.2  0.2		0.9442755432000001		-1.0
	13500.00000001	4.96167		-0.41332  0.2  0.2		0.0		-1.0
	13545.00000001	4.97945		-0.61303  0.2  0.2		0.0		-1.0
	13590.00000001	5.00908		-0.40756  0.2  0.2		0.41967801920000003		-1.0
	13635.00000001	4.78359		-0.5203  0.2  0.2		0.0		-1.0
	13680.00000001	4.85473		-0.21583  0.2  0.2		0.0		-1.0
	13725.00000001	4.70825		-0.26254  0.2  0.2		0.0		-1.0
	13770.00000001	5.0483		-0.00856  0.2  0.2		12.2493521854		-1.0
	13815.00000001	4.9403		0.15815  0.2  0.2		0.0		-1.0
	13860.00000001	5.01516		0.4919  0.2  0.2		1.2065743052		-1.0
	13905.00000001	4.81081		0.5126  0.2  0.2		0.0		-1.0
	13950.00000001	4.99387		0.80077  0.2  0.2		0.0		-1.0
	13995.00000001	4.99644		0.89145  0.2  0.2		0.0		-1.0
	14040.00000001	5.00202		1.32769  0.2  0.2		0.026229876200000002		-1.0
	14085.00000001	4.99869		1.21123  0.2  0.2		0.0		-1.0
	14130.00000001	5.00836		1.53253  0.2  0.2		0.36721826679999997		-1.0
	14175.00000001	4.9704		1.33916  0.2  0.2		0.0		-1.0
	14220.00000001	4.96359		1.35649  0.2  0.2		0.0		-1.0
	14265.00000000	4.94282		1.26713  0.2  0.2		0.0		-1.0
	14310.00000000	4.99948		1.23634  0.2  0.2		0.0		-1.0
	14355.00000000	4.93267		1.23272  0.2  0.2		0.0		-1.0
	14400.00000000	5.00055		1.29241  0.2  0.2		0.0		-1.0
	14445.00000000	4.92356		1.02851  0.2  0.2		0.0		-1.0
	14490.00000000	4.90877		1.21995  0.2  0.2		0.0		-1.0
	14535.00000000	4.96646		0.93131  0.2  0.2		0.0		-1.0
	14580.00000000	4.93658		1.1502  0.2  0.2		0.0		-1.0
	14625.00000000	5.00224		0.88323  0.2  0.2		0.026229876200000002		-1.0
	14670.00000000	4.99761		1.02388  0.2  0.2		0.0		-1.0
	14715.00000000	5.03925		0.55915  0.2  0.2		8.0788018696		-1.0
	14760.00000000	4.86379		0.40232  0.2  0.2		0.0		-1.0
	14805.00000000	4.8519		0.04542  0.2  0.2		0.0		-1.0
	14850.00000000	4.89877		-0.13298  0.2  0.2		0.0		-1.0
	14895.00000000	4.9881		-0.32076  0.2  0.2		0.0		-1.0
	14940.00000000	5.00923		-0.39414  0.2  0.2		0.44590789540000003		-1.0
	14985.00000000	4.95544		-0.60483  0.2  0.2		0.0		-1.0
	15030.00000000	4.96227		-0.65272  0.2  0.2		0.0		-1.0
	15075.00000000	5.00209		-0.74127  0.2  0.2		0.026229876200000002		-1.0
	15120.00000000	4.97067		-0.87494  0.2  0.2		0.0		-1.0
	15165.00000000	4.97745		-0.82284  0.2  0.2		0.0		-1.0
	15210.00000000	5.00885		-1.15031  0.2  0.2		0.41967801920000003		-1.0
	15255.00000000	4.99192		-1.07442  0.2  0.2		0.0		-1.0
	15300.00000000	5.0105		-1.43286  0.2  0.2		0.5770572764		-1.0
	15345.00000000	4.88944		-1.3363  0.2  0.2		0.0		-1.0
	15390.00000000	4.96295		-1.37355  0.2  0.2		0.0		-1.0
	15435.00000000	4.86956		-1.18892  0.2  0.2		0.0		-1.0
	15480.00000000	5.03307		-1.28843  0.2  0.2		5.7443428878		-1.0
	15525.00000000	4.92852		-1.12604  0.2  0.2		0.0		-1.0
	15570.00000000	4.92495		-1.30725  0.2  0.2		0.0		-1.0
	15615.00000000	5.00864		-1.33869  0.2  0.2		0.393448143		-1.0
	15660.00000000	4.98612		-1.37892  0.2  0.2		0.0		-1.0
	15705.00000000	4.99589		-1.40948  0.2  0.2		0.0		-1.0
	15750.00000000	4.9632		-1.36839  0.2  0.2		0.0		-1.0
	15795.00000000	4.89996		-1.49807  0.2  0.2		0.0		-1.0
	15840.00000000	4.93686		-1.23929  0.2  0.2		0.0		-1.0
	15885.00000000	5.00826		-1.32268  0.2  0.2		0.36721826679999997		-1.0
	15930.00000000	5.02028		-1.1664  0.2  0.2		2.1508498484		-1.0
	15975.00000000	4.98328		-1.2205  0.2  0.2		0.0		-1.0
	16020.00000000	5.01506		-1.19039  0.2  0.2		1.1803444289999998		-1.0
	16065.00000000	4.9397		-1.26553  0.2  0.2		0.0		-1.0
	16110.00000000	4.9878		-1.36691  0.2  0.2		0.0		-1.0
	16155.00000000	5.01471		-1.29871  0.2  0.2		1.1278846766		-1.0
	16200.00000000	4.95348		-1.21775  0.2  0.2		0.0		-1.0
	16245.00000000	4.83105		-0.94525  0.2  0.2		0.0		-1.0
	16290.00000000	4.93995		-0.90735  0.2  0.2		0.0		-1.0
	16335.00000000	4.89921		-0.65874  0.2  0.2		0.0		-1.0
	16380.00000000	4.97033		-0.60828  0.2  0.2		0.0		-1.0
	16425.00000000	5.0153		-0.19847  0.2  0.2		1.2328041814		-1.0
	16470.00000000	4.96216		-0.24666  0.2  0.2		0.0		-1.0
	16515.00000000	4.99104		0.35845  0.2  0.2		0.0		-1.0
	16560.00000000	4.97006		0.36625  0.2  0.2		0.0		-1.0
	16605.00000000	4.98829		0.76805  0.2  0.2		0.0		-1.0
	16650.00000000	4.97862		0.80625  0.2  0.2		0.0		-1.0
	16695.00000000	4.86331		1.36196  0.2  0.2		0.0		-1.0
	16740.00000000	4.83552		1.36981  0.2  0.2		0.0		-1.0
	16785.00000000	5.0129		1.58081  0.2  0.2		0.8655859146		-1.0
	16830.00000000	4.99072		1.82555  0.2  0.2		0.0		-1.0
	16875.00000000	4.99091		2.1059  0.2  0.2		0.0		-1.0
	16920.00000000	4.97622		2.10474  0.2  0.2		0.0		-1.0
	16965.00000000	4.96525		2.01769  0.2  0.2		0.0		-1.0
	17010.00000000	4.98967		2.12922  0.2  0.2		0.0		-1.0
	17055.00000000	4.97573		2.17742  0.2  0.2		0.0		-1.0
	17100.00000000	4.99951		2.30498  0.2  0.2		0.0		-1.0
	17145.00000000	4.9327		2.39036  0.2  0.2		0.0		-1.0
	17190.00000000	4.98231		2.47327  0.2  0.2		0.0		-1.0
	17235.00000000	5.02485		2.59311  0.2  0.2		3.2262747725999996		-1.0
	17280.00000000	4.96174		2.58162  0.2  0.2		0.0		-1.0
	17325.00000000	4.99358		2.7205  0.2  0.2		0.0		-1.0
	17370.00000000	5.00893		2.66194  0.2  0.2		0.41967801920000003		-1.0
	17415.00000000	5.01735		2.69406  0.2  0.2		1.573792572		-1.0
	17460.00000000	5.01315		2.15453  0.2  0.2		0.9180456669999999		-1.0
	17505.00000000	4.95203		2.17926  0.2  0.2		0.0		-1.0
	17550.00000000	4.82396		1.95796  0.2  0.2		0.0		-1.0
	17595.00000000	4.7465		1.75643  0.2  0.2		0.0		-1.0
	17640.00000000	4.90291		1.46872  0.2  0.2		0.0		-1.0
	17685.00000000	4.99079		1.52981  0.2  0.2		0.0		-1.0
	17730.00000000	4.9722		1.25822  0.2  0.2		0.0		-1.0
	17775.00000000	4.9617		1.15725  0.2  0.2		0.0		-1.0
	17820.00000000	4.8559		1.03995  0.2  0.2		0.0		-1.0
	17865.00000000	4.887		0.97947  0.2  0.2		0.0		-1.0
	17910.00000000	4.94421		0.51851  0.2  0.2		0.0		-1.0
	17955.00000000	4.92486		0.38437  0.2  0.2		0.0		-1.0
	18000.00000000	5.02351		-0.11134  0.2  0.2		2.9115162582000003		-1.0
	18045.00000000	4.89915		-0.25288  0.2  0.2		0.0		-1.0
	18090.00000000	4.93698		-0.48391  0.2  0.2		0.0		-1.0
	18135.00000000	4.9878		-0.68621  0.2  0.2		0.0		-1.0
	18180.00000000	4.90111		-0.81441  0.2  0.2		0.0		-1.0
	18225.00000000	5.04091		-0.98513  0.2  0.2		8.787008527		-1.0
	18270.00000000	5.02993		-1.11221  0.2  0.2		4.6951478398		-1.0
	18315.00000000	4.85929		-1.16297  0.2  0.2		0.0		-1.0
	18360.00000000	4.83247		-1.26831  0.2  0.2		0.0		-1.0
	18405.00000000	4.95414		-1.33849  0.2  0.2		0.0		-1.0
	18450.00000000	4.96587		-1.60182  0.2  0.2		0.0		-1.0
	18495.00000000	4.99477		-1.43397  0.2  0.2		0.0		-1.0
	18540.00000000	4.99705		-1.60913  0.2  0.2		0.0		-1.0
	18585.00000000	5.01334		-1.6222  0.2  0.2		0.9442755432000001		-1.0
	18630.00000000	4.96774		-1.82625  0.2  0.2		0.0		-1.0
	18675.00000000	4.83995		-1.86972  0.2  0.2		0.0		-1.0
	18720.00000000	4.92206		-2.11634  0.2  0.2		0.0		-1.0
	18765.00000000	4.94096		-2.1049  0.2  0.2		0.0		-1.0
	18810.00000000	4.98271		-2.27376  0.2  0.2		0.0		-1.0
	18855.00000000	5.02447		-1.97918  0.2  0.2		3.147585144		-1.0
	18900.00000000	4.99788		-2.13795  0.2  0.2		0.0		-1.0
	18945.00000000	5.00107		-2.121  0.2  0.2		0.0		-1.0
	18990.00000000	4.96628		-2.28172  0.2  0.2		0.0		-1.0
	19035.00000000	4.90505		-2.03632  0.2  0.2		0.0		-1.0
	19080.00000000	4.95705		-2.18269  0.2  0.2		0.0		-1.0
	19125.00000000	4.93054		-2.06202  0.2  0.2		0.0		-1.0
	19170.00000000	4.98587		-2.0096  0.2  0.2		0.0		-1.0
	19215.00000000	4.95777		-1.91941  0.2  0.2		0.0		-1.0
	19260.00000000	4.99909		-1.91626  0.2  0.2		0.0		-1.0
	19305.00000000	4.98514		-1.68872  0.2  0.2		0.0		-1.0
	19350.00000000	4.96222		-1.76023  0.2  0.2		0.0		-1.0
	19395.00000000	4.98208		-1.73908  0.2  0.2		0.0		-1.0
	19440.00000000	5.02148		-1.7574  0.2  0.2		2.4131486104		-1.0
	19485.00000000	5.00039		-1.62165  0.2  0.2		0.0		-1.0
	19530.00000000	4.85532		-1.44945  0.2  0.2		0.0		-1.0
	19575.00000000	5.01603		-1.17647  0.2  0.2		1.3377236862		-1.0
	19620.00000000	4.783		-0.95887  0.2  0.2		0.0		-1.0
	19665.00000000	4.93022		-0.7089  0.2  0.2		0.0		-1.0
	19710.00000000	5.0048		-0.47431  0.2  0.2		0.131149381		-1.0
	19755.00000000	4.92709		-0.31869  0.2  0.2		0.0		-1.0
	19800.00000000	4.97331		0.06928  0.2  0.2		0.0		-1.0
	19845.00000000	4.99481		0.43403  0.2  0.2		0.0		-1.0
	19890.00000000	4.98044		0.68616  0.2  0.2		0.0		-1.0
	19935.00000000	4.96129		0.71072  0.2  0.2		0.0		-1.0
	19980.00000000	5.02604		0.95365  0.2  0.2		3.5672631632000003		-1.0
	20025.00000000	4.97704		1.18732  0.2  0.2		0.0		-1.0
	20070.00000000	5.00892		1.40987  0.2  0.2		0.41967801920000003		-1.0
	20115.00000000	4.97222		1.47003  0.2  0.2		0.0		-1.0
	20160.00000000	4.90958		1.75419  0.2  0.2		0.0		-1.0
	20205.00000000	4.92606		1.72123  0.2  0.2		0.0		-1.0
	20250.00000000	4.84747		1.95402  0.2  0.2		0.0		-1.0
	20295.00000000	5.02064		1.89687  0.2  0.2		2.229539477		-1.0
	20340.00000000	4.97749		2.19522  0.2  0.2		0.0		-1.0
	20385.00000000	4.99541		2.2395  0.2  0.2		0.0		-1.0
	20430.00000000	4.97994		2.44571  0.2  0.2		0.0		-1.0
	20475.00000000	5.01188		2.35103  0.2  0.2		0.7344365335999999		-1.0
	20520.00000000	5.00259		2.66305  0.2  0.2		0.026229876200000002		-1.0
	20565.00000000	5.02426		2.82791  0.2  0.2		3.0951253916		-1.0
	20610.00000000	4.97452		2.80041  0.2  0.2		0.0		-1.0
	20655.00000000	5.00306		2.67848  0.2  0.2		0.052459752400000004		-1.0
	20700.00000000	4.99847		2.78387  0.2  0.2		0.0		-1.0
	20744.99999999	4.97687		2.66076  0.2  0.2		0.0		-1.0
	20789.99999999	4.86247		2.73579  0.2  0.2		0.0		-1.0
	20834.99999999	5.02484		2.38832  0.2  0.2		3.2262747725999996		-1.0
	20879.99999999	5.02251		2.2694  0.2  0.2		2.6492174962		-1.0
	20924.99999999	5.01437		1.98267  0.2  0.2		1.0754249242		-1.0
	20969.99999999	4.95342		1.92371  0.2  0.2		0.0		-1.0
	21014.99999999	4.9423		1.65343  0.2  0.2		0.0		-1.0
	21059.99999999	5.00746		1.34626  0.2  0.2		0.2885286382		-1.0
	21104.99999999	4.95906		0.99986  0.2  0.2		0.0		-1.0
	21149.99999999	4.97792		0.74563  0.2  0.2		0.0		-1.0
	21194.99999999	4.96808		0.25397  0.2  0.2		0.0		-1.0
	21239.99999999	4.99554		-0.04727  0.2  0.2		0.0		-1.0
	21284.99999999	4.96531		-0.54667  0.2  0.2		0.0		-1.0
	21329.99999999	4.95538		-0.75072  0.2  0.2		0.0		-1.0
	21374.99999999	4.99941		-1.07686  0.2  0.2		0.0		-1.0
	21419.99999999	4.97009		-1.20736  0.2  0.2		0.0		-1.0
	21464.99999999	4.98446		-1.49785  0.2  0.2		0.0		-1.0
	21509.99999999	4.99386		-1.62436  0.2  0.2		0.0		-1.0
	21554.99999999	4.98173		-1.93682  0.2  0.2		0.0		-1.0
	21599.99999999	4.98401		-2.20938  0.2  0.2		0.0		-1.0
	21644.99999999	4.96834		-2.52568  0.2  0.2		0.0		-1.0
	21689.99999999	5.01472		-2.40908  0.2  0.2		1.1278846766		-1.0
	21734.99999999	4.95166		-2.58066  0.2  0.2		0.0		-1.0
	21779.99999999	4.92054		-2.41598  0.2  0.2		0.0		-1.0
	21824.99999999	5.02212		-2.4162  0.2  0.2		2.5705278675999996		-1.0
	21869.99999999	4.90767		-2.29014  0.2  0.2		0.0		-1.0
	21914.99999999	4.97946		-2.38059  0.2  0.2		0.0		-1.0
	21959.99999999	4.97221		-2.10039  0.2  0.2		0.0		-1.0
	22004.99999999	5.02542		-2.07989  0.2  0.2		3.3836540297999997		-1.0
	22049.99999999	4.93687		-1.85908  0.2  0.2		0.0		-1.0
	22094.99999999	4.99782		-1.78302  0.2  0.2		0.0		-1.0
	22139.99999999	4.97911		-1.67124  0.2  0.2		0.0		-1.0
	22184.99999999	5.01509		-1.39067  0.2  0.2		1.2065743052		-1.0
	22229.99999999	5.02399		-1.30248  0.2  0.2		3.0164357629999996		-1.0
	22274.99999999	4.96074		-0.52269  0.2  0.2		0.0		-1.0
	22319.99999999	4.90633		-0.38078  0.2  0.2		0.0		-1.0
	22364.99999999	4.86228		0.20271  0.2  0.2		0.0		-1.0
	22409.99999999	4.86726		0.38462  0.2  0.2		0.0		-1.0
	22454.99999999	4.99606		0.58276  0.2  0.2		0.0		-1.0
	22499.99999999	4.93757		0.3302  0.2  0.2		0.0		-1.0
	22544.99999999	5.00832		0.56001  0.2  0.2		0.36721826679999997		-1.0
	22589.99999999	4.96159		0.68581  0.2  0.2		0.0		-1.0
	22634.99999999	4.91734		0.44955  0.2  0.2		0.0		-1.0
	22679.99999999	4.89491		0.57976  0.2  0.2		0.0		-1.0
	22724.99999999	5.01288		0.54316  0.2  0.2		0.8655859146		-1.0
	22769.99999999	5.0038		0.72674  0.2  0.2		0.07868962859999999		-1.0
	22814.99999999	5.00137		0.20956  0.2  0.2		0.0		-1.0
	22859.99999999	4.91652		0.37263  0.2  0.2		0.0		-1.0
	22904.99999999	4.86641		-0.02126  0.2  0.2		0.0		-1.0
	22949.99999999	4.89616		-0.03509  0.2  0.2		0.0		-1.0
	22994.99999999	4.88792		-0.47631  0.2  0.2		0.0		-1.0
	23039.99999999	4.95488		-0.36305  0.2  0.2		0.0		-1.0
	23084.99999999	4.90881		-0.87141  0.2  0.2		0.0		-1.0
	23129.99999999	4.8999		-0.60074  0.2  0.2		0.0		-1.0
	23174.99999999	4.98167		-0.98972  0.2  0.2		0.0		-1.0
	23219.99999999	4.93582		-0.74443  0.2  0.2		0.0		-1.0
	23264.99999999	4.82688		-0.95177  0.2  0.2		0.0		-1.0
	23309.99999999	4.95205		-0.89242  0.2  0.2		0.0		-1.0
	23354.99999999	4.92071		-0.93629  0.2  0.2		0.0		-1.0
	23399.99999999	4.94676		-0.97903  0.2  0.2		0.0		-1.0
	23444.99999999	4.98292		-1.05115  0.2  0.2		0.0		-1.0
	23489.99999999	4.91545		-1.13109  0.2  0.2		0.0		-1.0
	23534.99999999	4.95468		-0.97693  0.2  0.2		0.0		-1.0
	23579.99999999	4.9484		-0.79427  0.2  0.2		0.0		-1.0
	23624.99999999	4.92689		-0.64822  0.2  0.2		0.0		-1.0
	23669.99999999	4.95625		-0.51092  0.2  0.2		0.0		-1.0
	23714.99999999	4.91432		-0.36701  0.2  0.2		0.0		-1.0
	23759.99999999	4.98902		-0.14498  0.2  0.2		0.0		-1.0
	23804.99999999	4.73844		0.00348  0.2  0.2		0.0		-1.0
	23849.99999999	4.77965		0.32902  0.2  0.2		0.0		-1.0
	23894.99999999	4.98143		0.41273  0.2  0.2		0.0		-1.0
	23939.99999999	4.9678		0.88639  0.2  0.2		0.0		-1.0
	23984.99999999	4.89274		0.53055  0.2  0.2		0.0		-1.0
	24029.99999999	4.9067		0.99392  0.2  0.2		0.0		-1.0
	24074.99999999	4.86842		0.94284  0.2  0.2		0.0		-1.0
	24119.99999999	4.85613		1.08018  0.2  0.2		0.0		-1.0
	24164.99999999	4.94983		0.81113  0.2  0.2		0.0		-1.0
	24209.99999999	4.92444		1.06004  0.2  0.2		0.0		-1.0
	24254.99999999	4.90986		1.06841  0.2  0.2		0.0		-1.0
	24299.99999999	4.90204		0.87594  0.2  0.2		0.0		-1.0
	24344.99999999	4.83254		0.83319  0.2  0.2		0.0		-1.0
	24389.99999999	4.90812		0.67886  0.2  0.2		0.0		-1.0
	24434.99999999	4.37637		0.76579  0.2  0.2		0.0		-1.0
	24479.99999999	4.90185		0.20069  0.2  0.2		0.0		-1.0
	24524.99999999	4.96142		0.04047  0.2  0.2		0.0		-1.0
	24569.99999999	4.77574		-0.17439  0.2  0.2		0.0		-1.0
	24614.99999999	5.03577		-0.28527  0.2  0.2		6.7148483072000005		-1.0
	24659.99999999	4.91941		-0.68007  0.2  0.2		0.0		-1.0
	24704.99999999	4.98337		-0.55762  0.2  0.2		0.0		-1.0
	24749.99999999	4.90938		-1.04626  0.2  0.2		0.0		-1.0
	24794.99999999	4.95155		-0.90295  0.2  0.2		0.0		-1.0
	24839.99999999	4.98729		-1.40204  0.2  0.2		0.0		-1.0
	24884.99999999	4.96728		-1.20207  0.2  0.2		0.0		-1.0
	24929.99999999	5.02194		-1.61363  0.2  0.2		2.5180681151999997		-1.0
	24974.99999999	4.97001		-1.42506  0.2  0.2		0.0		-1.0
	25019.99999999	5.02229		-1.56201  0.2  0.2		2.5967577438		-1.0
	25064.99999999	4.91984		-1.44261  0.2  0.2		0.0		-1.0
	25109.99999999	4.90632		-1.62705  0.2  0.2		0.0		-1.0
	25154.99999999	5.03082		-1.53909  0.2  0.2		4.983676478		-1.0
	25199.99999999	4.7689		-1.83608  0.2  0.2		0.0		-1.0
	25244.99999999	4.91799		-1.87227  0.2  0.2		0.0		-1.0
	25289.99999999	4.97406		-1.93807  0.2  0.2		0.0		-1.0
	25334.99999999	4.98376		-1.92211  0.2  0.2		0.0		-1.0
	25379.99999999	4.97004		-1.7408  0.2  0.2		0.0		-1.0
	25424.99999999	4.93821		-1.77712  0.2  0.2		0.0		-1.0
	25469.99999999	4.95487		-1.52702  0.2  0.2		0.0		-1.0
	25514.99999999	4.88707		-1.60823  0.2  0.2		0.0		-1.0
	25559.99999999	4.9266		-1.58851  0.2  0.2		0.0		-1.0
	25604.99999999	5.02646		-1.71961  0.2  0.2		3.6721826679999996		-1.0
	25649.99999999	4.94588		-1.69052  0.2  0.2		0.0		-1.0
	25694.99999999	4.87639		-1.52179  0.2  0.2		0.0		-1.0
	25739.99999999	4.96496		-1.49336  0.2  0.2		0.0		-1.0
	25784.99999999	5.00399		-1.20793  0.2  0.2		0.07868962859999999		-1.0
	25829.99999999	4.9929		-1.18401  0.2  0.2		0.0		-1.0
	25874.99999999	5.0193		-0.88256  0.2  0.2		1.9410108387999998		-1.0
	25919.99999999	4.91544		-0.98481  0.2  0.2		0.0		-1.0
	25964.99999999	4.80454		-0.65989  0.2  0.2		0.0		-1.0
	26009.99999999	4.95235		-0.77618  0.2  0.2		0.0		-1.0
	26054.99999999	4.81689		-0.14801  0.2  0.2		0.0		-1.0
	26099.99999999	5.01629		-0.25295  0.2  0.2		1.3901834385999998		-1.0
	26144.99999999	4.98884		0.38497  0.2  0.2		0.0		-1.0
	26189.99999999	4.98831		0.497  0.2  0.2		0.0		-1.0
	26234.99999999	4.95717		0.51121  0.2  0.2		0.0		-1.0
	26279.99999999	4.95612		0.67764  0.2  0.2		0.0		-1.0
	26324.99999999	4.99635		1.05998  0.2  0.2		0.0		-1.0
	26369.99999999	4.96449		1.21255  0.2  0.2		0.0		-1.0
	26414.99999999	4.95117		1.07823  0.2  0.2		0.0		-1.0
	26459.99999999	5.0177		0.92806  0.2  0.2		1.6524822006		-1.0
	26504.99999999	4.98889		0.99456  0.2  0.2		0.0		-1.0
	26549.99999999	4.93879		0.91243  0.2  0.2		0.0		-1.0
	26594.99999999	5.00341		0.94714  0.2  0.2		0.052459752400000004		-1.0
	26639.99999999	4.96526		0.98128  0.2  0.2		0.0		-1.0
	26684.99999999	4.98811		0.85694  0.2  0.2		0.0		-1.0
	26729.99999999	5.0092		0.61081  0.2  0.2		0.44590789540000003		-1.0
	26774.99999999	5.01452		0.32667  0.2  0.2		1.1016548004		-1.0
	26819.99999999	4.92646		0.23787  0.2  0.2		0.0		-1.0
	26864.99999999	4.94674		0.21731  0.2  0.2		0.0		-1.0
	26909.99999999	4.92728		-0.06488  0.2  0.2		0.0		-1.0
	26954.99999999	5.00584		-0.30044  0.2  0.2		0.18360913339999999		-1.0
	26999.99999999	4.92798		-0.45943  0.2  0.2		0.0		-1.0
	27044.99999999	4.99476		-0.50897  0.2  0.2		0.0		-1.0
	27089.99999999	4.96863		-0.62274  0.2  0.2		0.0		-1.0
	27134.99999999	5.01732		-0.6912  0.2  0.2		1.573792572		-1.0
	27179.99999999	4.95026		-0.75788  0.2  0.2		0.0		-1.0
	27224.99999998	4.90215		-1.01422  0.2  0.2		0.0		-1.0
	27269.99999998	4.97175		-1.14835  0.2  0.2		0.0		-1.0
	27314.99999998	4.82228		-1.13407  0.2  0.2		0.0		-1.0
	27359.99999998	4.80686		-1.161  0.2  0.2		0.0		-1.0
	27404.99999998	4.951		-1.03323  0.2  0.2		0.0		-1.0
	27449.99999998	5.02128		-1.01549  0.2  0.2		2.3869187342		-1.0
	27494.99999998	4.96592		-0.88791  0.2  0.2		0.0		-1.0
	27539.99999998	4.96103		-0.83059  0.2  0.2		0.0		-1.0
	27584.99999998	4.94282		-0.67109  0.2  0.2		0.0		-1.0
	27629.99999998	4.98746		-0.62615  0.2  0.2		0.0		-1.0
	27674.99999998	5.00983		-0.2186  0.2  0.2		0.4983676478		-1.0
	27719.99999998	4.98714		0.033  0.2  0.2		0.0		-1.0
	27764.99999998	5.00147		0.07247  0.2  0.2		0.0		-1.0
	27809.99999998	4.89039		0.34217  0.2  0.2		0.0		-1.0
	27854.99999998	4.88935		0.7136  0.2  0.2		0.0		-1.0
	27899.99999998	4.99772		0.76309  0.2  0.2		0.0		-1.0
	27944.99999998	4.98852		0.98029  0.2  0.2		0.0		-1.0
	27989.99999998	4.99415		1.21027  0.2  0.2		0.0		-1.0
	28034.99999998	4.95595		1.36862  0.2  0.2		0.0		-1.0
	28079.99999998	4.96805		1.24849  0.2  0.2		0.0		-1.0
	28124.99999998	4.98671		1.41636  0.2  0.2		0.0		-1.0
	28169.99999998	4.96501		1.48058  0.2  0.2		0.0		-1.0
	28214.99999998	4.9981		1.61034  0.2  0.2		0.0		-1.0
	28259.99999998	4.97025		1.48172  0.2  0.2		0.0		-1.0
	28304.99999998	4.85401		1.61943  0.2  0.2		0.0		-1.0
	28349.99999998	4.91648		1.87928  0.2  0.2		0.0		-1.0
	28394.99999998	4.93459		1.80225  0.2  0.2		0.0		-1.0
	28439.99999998	5.03364		1.8731  0.2  0.2		5.927952021199999		-1.0
	28484.99999998	4.69755		1.8684  0.2  0.2		0.0		-1.0
	28529.99999998	4.99348		2.11935  0.2  0.2		0.0		-1.0
	28574.99999998	4.81315		2.0541  0.2  0.2		0.0		-1.0
	28619.99999998	4.91075		1.86716  0.2  0.2		0.0		-1.0
	28664.99999998	4.72821		1.94007  0.2  0.2		0.0		-1.0
	28709.99999998	4.96459		1.94178  0.2  0.2		0.0		-1.0
	28754.99999998	5.01		1.87836  0.2  0.2		0.524597524		-1.0
	28799.99999998	5.00516		1.56262  0.2  0.2		0.131149381		-1.0
	28844.99999998	4.98081		1.55778  0.2  0.2		0.0		-1.0
	28889.99999998	4.836		1.55393  0.2  0.2		0.0		-1.0
	28934.99999998	4.88487		1.30072  0.2  0.2		0.0		-1.0
	28979.99999998	5.04631		1.07873  0.2  0.2		11.2526168898		-1.0
	29024.99999998	4.9396		1.18367  0.2  0.2		0.0		-1.0
	29069.99999998	4.85324		0.87863  0.2  0.2		0.0		-1.0
	29114.99999998	4.92253		0.86971  0.2  0.2		0.0		-1.0
	29159.99999998	4.92155		0.4987  0.2  0.2		0.0		-1.0
	29204.99999998	4.96449		0.36812  0.2  0.2		0.0		-1.0
	29249.99999998	4.87883		-0.11077  0.2  0.2		0.0		-1.0
	29294.99999998	5.03197		-0.27996  0.2  0.2		5.3508947448		-1.0
	29339.99999998	4.91442		-0.64854  0.2  0.2		0.0		-1.0
	29384.99999998	4.93149		-0.75697  0.2  0.2		0.0		-1.0
	29429.99999998	5.02353		-1.09079  0.2  0.2		2.9115162582000003		-1.0
	29474.99999998	5.02901		-1.24936  0.2  0.2		4.4066192016		-1.0
	29519.99999998	4.9329		-1.51933  0.2  0.2		0.0		-1.0
	29564.99999998	4.9936		-1.66766  0.2  0.2		0.0		-1.0
	29609.99999998	4.94212		-1.78496  0.2  0.2		0.0		-1.0
	29654.99999998	4.94338		-1.9058  0.2  0.2		0.0		-1.0
	29699.99999998	4.92553		-1.85696  0.2  0.2		0.0		-1.0
	29744.99999998	4.95185		-2.02949  0.2  0.2		0.0		-1.0
	29789.99999998	4.90324		-1.87346  0.2  0.2		0.0		-1.0
	29834.99999998	4.99203		-2.03878  0.2  0.2		0.0		-1.0
	29879.99999998	4.83187		-1.78017  0.2  0.2		0.0		-1.0
	29924.99999998	5.01598		-1.92377  0.2  0.2		1.3377236862		-1.0
	29969.99999998	4.78399		-1.7345  0.2  0.2		0.0		-1.0
	30014.99999998	4.92913		-1.71587  0.2  0.2		0.0		-1.0
	30059.99999998	5.00509		-1.66686  0.2  0.2		0.131149381		-1.0
	30104.99999998	4.98656		-1.50931  0.2  0.2		0.0		-1.0
	30149.99999998	4.99101		-1.49932  0.2  0.2		0.0		-1.0
	30194.99999998	4.97139		-1.24013  0.2  0.2		0.0		-1.0
	30239.99999998	4.85614		-1.2335  0.2  0.2		0.0		-1.0
	30284.99999998	4.81006		-0.92995  0.2  0.2		0.0		-1.0
	30329.99999998	5.00947		-0.77696  0.2  0.2		0.47213777160000003		-1.0
	30374.99999998	4.98072		-0.5744  0.2  0.2		0.0		-1.0
	30419.99999998	4.9604		-0.33628  0.2  0.2		0.0		-1.0
	30464.99999998	4.63802		-0.05624  0.2  0.2		0.0		-1.0
	30509.99999998	4.66724		0.17347  0.2  0.2		0.0		-1.0
	30554.99999998	4.76094		0.54864  0.2  0.2		0.0		-1.0
	30599.99999998	4.73564		0.64265  0.2  0.2		0.0		-1.0
	30644.99999998	4.96988		0.91311  0.2  0.2		0.0		-1.0
	30689.99999998	5.0199		1.04542  0.2  0.2		2.0721602197999998		-1.0
	30734.99999998	4.98858		1.28264  0.2  0.2		0.0		-1.0
	30779.99999998	4.82437		1.30872  0.2  0.2		0.0		-1.0
	30824.99999998	5.00433		1.36369  0.2  0.2		0.10491950480000001		-1.0
	30869.99999998	4.83749		1.84572  0.2  0.2		0.0		-1.0
	30914.99999998	5.02085		1.67283  0.2  0.2		2.2819992293999998		-1.0
	30959.99999998	4.76465		1.84778  0.2  0.2		0.0		-1.0
	31004.99999998	4.90327		1.88664  0.2  0.2		0.0		-1.0
	31049.99999998	4.79001		2.16431  0.2  0.2		0.0		-1.0
	31094.99999998	4.90524		2.07299  0.2  0.2		0.0		-1.0
	31139.99999998	4.84675		2.06171  0.2  0.2		0.0		-1.0
	31184.99999998	4.98786		2.04904  0.2  0.2		0.0		-1.0
	31229.99999998	5.02322		2.15041  0.2  0.2		2.8328266296		-1.0
	31274.99999998	4.96657		1.8004  0.2  0.2		0.0		-1.0
	31319.99999998	4.71941		1.74003  0.2  0.2		0.0		-1.0
	31364.99999998	4.88906		1.5103  0.2  0.2		0.0		-1.0
	31409.99999998	4.98131		1.59169  0.2  0.2		0.0		-1.0
	31454.99999998	4.96452		1.48304  0.2  0.2		0.0		-1.0
	31499.99999998	4.90121		1.22464  0.2  0.2		0.0		-1.0
	31544.99999998	5.0305		1.12462  0.2  0.2		4.8787569732		-1.0
	31589.99999998	4.91569		1.20095  0.2  0.2		0.0		-1.0
	31634.99999998	5.04119		0.78045  0.2  0.2		8.8919280318		-1.0
	31679.99999998	4.84583		0.40899  0.2  0.2		0.0		-1.0
	31724.99999998	4.97569		0.13825  0.2  0.2		0.0		-1.0
	31769.99999998	5.01363		-0.18211  0.2  0.2		0.9705054193999999		-1.0
	31814.99999998	4.97181		-0.36216  0.2  0.2		0.0		-1.0
	31859.99999998	5.02341		-0.68203  0.2  0.2		2.885286382		-1.0
	31904.99999998	4.8648		-0.60614  0.2  0.2		0.0		-1.0
	31949.99999998	4.98092		-0.83777  0.2  0.2		0.0		-1.0
	31994.99999998	4.88537		-0.89141  0.2  0.2		0.0		-1.0
	32039.99999998	4.99676		-0.96518  0.2  0.2		0.0		-1.0
	32084.99999998	5.04214		-1.14224  0.2  0.2		9.311606051		-1.0
	32129.99999998	4.95326		-1.34412  0.2  0.2		0.0		-1.0
	32174.99999998	4.6937		-1.32879  0.2  0.2		0.0		-1.0
	32219.99999998	4.83748		-1.22712  0.2  0.2		0.0		-1.0
	32264.99999998	4.90036		-1.00003  0.2  0.2		0.0		-1.0
	32309.99999998	4.91659		-1.05824  0.2  0.2		0.0		-1.0
	32354.99999998	5.01267		-0.84175  0.2  0.2		0.8393560384000001		-1.0
	32399.99999998	4.82177		-0.99123  0.2  0.2		0.0		-1.0
	32444.99999998	5.01051		-0.874  0.2  0.2		0.5770572764		-1.0
	32489.99999998	5.04455		-0.87117  0.2  0.2		10.413260851399999		-1.0
	32534.99999998	4.88611		-0.78307  0.2  0.2		0.0		-1.0
	32579.99999998	4.83277		-0.52989  0.2  0.2		0.0		-1.0
	32624.99999998	4.9216		-0.22443  0.2  0.2		0.0		-1.0
	32669.99999998	5.0155		0.03687  0.2  0.2		1.2590340575999999		-1.0
	32714.99999998	4.54258		0.21625  0.2  0.2		0.0		-1.0
	32759.99999998	4.89261		0.39605  0.2  0.2		0.0		-1.0
	32804.99999998	4.82236		0.36132  0.2  0.2		0.0		-1.0
	32849.99999998	4.96702		0.39036  0.2  0.2		0.0		-1.0
	32894.99999998	4.98954		0.57444  0.2  0.2		0.0		-1.0
	32939.99999998	5.00228		0.36028  0.2  0.2		0.026229876200000002		-1.0
	32984.99999998	4.98822		0.25837  0.2  0.2		0.0		-1.0
	33029.99999998	4.99027		0.10133  0.2  0.2		0.0		-1.0
	33074.99999998	4.86931		0.12818  0.2  0.2		0.0		-1.0
	33119.99999998	5.03477		-0.09638  0.2  0.2		6.3476300403999995		-1.0
	33164.99999998	4.83772		-0.24011  0.2  0.2		0.0		-1.0
	33209.99999998	4.89112		-0.32817  0.2  0.2		0.0		-1.0
	33254.99999998	4.91496		-0.41662  0.2  0.2		0.0		-1.0
	33299.99999998	4.87355		-0.32281  0.2  0.2		0.0		-1.0
	33344.99999998	4.83645		-0.42833  0.2  0.2		0.0		-1.0
	33389.99999998	4.90389		-0.42401  0.2  0.2		0.0		-1.0
	33434.99999998	5.02628		-0.37472  0.2  0.2		3.6197229155999997		-1.0
	33479.99999998	5.03564		-0.4881  0.2  0.2		6.6623885548		-1.0
	33524.99999998	4.95854		-0.27496  0.2  0.2		0.0		-1.0
	33569.99999998	4.88202		0.0024  0.2  0.2		0.0		-1.0
	33614.99999998	5.02645		0.32408  0.2  0.2		3.6721826679999996		-1.0
	33659.99999998	4.9674		0.27546  0.2  0.2		0.0		-1.0
	33704.99999998	4.93948		0.50267  0.2  0.2		0.0		-1.0
	33749.99999997	4.99989		0.59334  0.2  0.2		0.0		-1.0
	33794.99999997	5.01928		0.71506  0.2  0.2		1.9410108387999998		-1.0
	33839.99999997	5.02915		0.45232  0.2  0.2		4.459078954		-1.0
	33884.99999997	4.96318		0.49849  0.2  0.2		0.0		-1.0
	33929.99999997	4.9714		0.22318  0.2  0.2		0.0		-1.0
	33974.99999997	5.01642		0.20111  0.2  0.2		1.4164133148		-1.0
	34019.99999997	4.88908		-0.13218  0.2  0.2		0.0		-1.0
	34064.99999997	4.94519		-0.00138  0.2  0.2		0.0		-1.0
	34109.99999997	4.8865		-0.34931  0.2  0.2		0.0		-1.0
	34154.99999997	4.8763		-0.29012  0.2  0.2		0.0		-1.0
	34199.99999997	4.77363		-0.59331  0.2  0.2		0.0		-1.0
	34244.99999997	4.80183		-0.50113  0.2  0.2		0.0		-1.0
	34289.99999997	4.73607		-0.90441  0.2  0.2		0.0		-1.0
	34334.99999997	4.99558		-0.70007  0.2  0.2		0.0		-1.0
	34379.99999997	4.71218		-0.98348  0.2  0.2		0.0		-1.0
	34424.99999997	4.95255		-0.81282  0.2  0.2		0.0		-1.0
	34469.99999997	4.93319		-0.83361  0.2  0.2		0.0		-1.0
	34514.99999997	4.95026		-0.7642  0.2  0.2		0.0		-1.0
	34559.99999997	4.89075		-0.70382  0.2  0.2		0.0		-1.0
	34604.99999997	4.91812		-0.82915  0.2  0.2		0.0		-1.0
	34649.99999997	4.86222		-0.67716  0.2  0.2		0.0		-1.0
	34694.99999997	4.69766		-0.6275  0.2  0.2		0.0		-1.0
	34739.99999997	4.88443		-0.55251  0.2  0.2		0.0		-1.0
	34784.99999997	4.9222		-0.30065  0.2  0.2		0.0		-1.0
	34829.99999997	4.87065		-0.2411  0.2  0.2		0.0		-1.0
	34874.99999997	4.88597		0.19682  0.2  0.2		0.0		-1.0
	34919.99999997	4.90518		0.25553  0.2  0.2		0.0		-1.0
	34964.99999997	4.87691		0.38072  0.2  0.2		0.0		-1.0
	35009.99999997	4.95265		0.67449  0.2  0.2		0.0		-1.0
	35054.99999997	4.88672		0.7899  0.2  0.2		0.0		-1.0
	35099.99999997	4.95464		0.75314  0.2  0.2		0.0		-1.0
	35144.99999997	4.97956		0.98632  0.2  0.2		0.0		-1.0
	35189.99999997	4.96169		0.95301  0.2  0.2		0.0		-1.0
	35234.99999997	4.97296		1.01123  0.2  0.2		0.0		-1.0
	35279.99999997	4.99743		1.03349  0.2  0.2		0.0		-1.0
	35324.99999997	4.93889		1.14064  0.2  0.2		0.0		-1.0
	35369.99999997	4.93397		1.1328  0.2  0.2		0.0		-1.0
	35414.99999997	4.83418		0.99889  0.2  0.2		0.0		-1.0
	35459.99999997	4.93011		0.84859  0.2  0.2		0.0		-1.0
	35504.99999997	5.01571		0.79063  0.2  0.2		1.2852639337999998		-1.0
	35549.99999997	5.03174		0.48824  0.2  0.2		5.2984349924		-1.0
	35594.99999997	4.94027		0.3263  0.2  0.2		0.0		-1.0
	35639.99999997	4.93609		0.08994  0.2  0.2		0.0		-1.0
	35684.99999997	4.99992		-0.06601  0.2  0.2		0.0		-1.0
	35729.99999997	4.97479		-0.14497  0.2  0.2		0.0		-1.0
	35774.99999997	4.96848		-0.2607  0.2  0.2		0.0		-1.0
	35819.99999997	4.97403		-0.30221  0.2  0.2		0.0		-1.0
	35864.99999997	4.98116		-0.48807  0.2  0.2		0.0		-1.0
	35909.99999997	4.98706		-0.48115  0.2  0.2		0.0		-1.0
	35954.99999997	4.90954		-0.59606  0.2  0.2		0.0		-1.0
	35999.99999997	4.94815		-0.55692  0.2  0.2		0.0		-1.0
	36044.99999997	4.9486		-0.66197  0.2  0.2		0.0		-1.0
	36089.99999997	5.00618		-0.4859  0.2  0.2		0.20983900960000001		-1.0
	36134.99999997	5.00602		-0.31156  0.2  0.2		0.18360913339999999		-1.0
	36179.99999997	5.01494		-0.29349  0.2  0.2		1.1803444289999998		-1.0
	36224.99999997	4.94976		-0.02675  0.2  0.2		0.0		-1.0
	36269.99999997	5.00357		-0.25447  0.2  0.2		0.07868962859999999		-1.0
	36314.99999997	4.99802		0.01513  0.2  0.2		0.0		-1.0
	36359.99999997	4.98284		-0.24373  0.2  0.2		0.0		-1.0
	36404.99999997	5.00335		-0.12974  0.2  0.2		0.052459752400000004		-1.0
	36449.99999997	4.84337		-0.11061  0.2  0.2		0.0		-1.0
	36494.99999997	4.97144		-0.14889  0.2  0.2		0.0		-1.0
	36539.99999997	4.95374		-0.10646  0.2  0.2		0.0		-1.0
	36584.99999997	4.91376		-0.17543  0.2  0.2		0.0		-1.0
	36629.99999997	4.89262		-0.26215  0.2  0.2		0.0		-1.0
	36674.99999997	4.86405		-0.2087  0.2  0.2		0.0		-1.0
	36719.99999997	4.86216		-0.39338  0.2  0.2		0.0		-1.0
	36764.99999997	4.76529		-0.21192  0.2  0.2		0.0		-1.0
	36809.99999997	4.8918		-0.20069  0.2  0.2		0.0		-1.0
	36854.99999997	4.75841		-0.0904  0.2  0.2		0.0		-1.0
	36899.99999997	4.77179		-0.00956  0.2  0.2		0.0		-1.0
	36944.99999997	4.99489		-0.25053  0.2  0.2		0.0		-1.0
	36989.99999997	4.92342		-0.11483  0.2  0.2		0.0		-1.0
	37034.99999997	4.98209		-0.20105  0.2  0.2		0.0		-1.0
	37079.99999997	4.94005		-0.22701  0.2  0.2		0.0		-1.0
	37124.99999997	5.03149		-0.17103  0.2  0.2		5.1935154876		-1.0
	37169.99999997	4.88212		-0.16297  0.2  0.2		0.0		-1.0
	37214.99999997	5.02351		0.03209  0.2  0.2		2.9115162582000003		-1.0
	37259.99999997	4.89394		0.13967  0.2  0.2		0.0		-1.0
	37304.99999997	4.82557		0.20963  0.2  0.2		0.0		-1.0
	37349.99999997	5.00952		0.15165  0.2  0.2		0.47213777160000003		-1.0
	37394.99999997	5.02836		0.08583  0.2  0.2		4.2230100682		-1.0
	37439.99999997	4.89722		0.17142  0.2  0.2		0.0		-1.0
	37484.99999997	4.96371		0.20378  0.2  0.2		0.0		-1.0
	37529.99999997	5.00617		0.28603  0.2  0.2		0.20983900960000001		-1.0
	37574.99999997	4.99862		0.31481  0.2  0.2		0.0		-1.0
	37619.99999997	4.99306		0.50167  0.2  0.2		0.0		-1.0
	37664.99999997	4.97532		0.1292  0.2  0.2		0.0		-1.0
	37709.99999997	4.98622		0.15277  0.2  0.2		0.0		-1.0
	37754.99999997	4.91166		-0.12337  0.2  0.2		0.0		-1.0
	37799.99999997	4.95361		-0.14978  0.2  0.2		0.0		-1.0
	37844.99999997	5.0295		-0.4547  0.2  0.2		4.5639984587999995		-1.0
	37889.99999997	4.92636		-0.43102  0.2  0.2		0.0		-1.0
	37934.99999997	4.95807		-0.58306  0.2  0.2		0.0		-1.0
	37979.99999997	4.94387		-0.53317  0.2  0.2		0.0		-1.0
	38024.99999997	4.95952		-0.77115  0.2  0.2		0.0		-1.0
	38069.99999997	4.98131		-0.63637  0.2  0.2		0.0		-1.0
	38114.99999997	4.90731		-0.76478  0.2  0.2		0.0		-1.0
	38159.99999997	4.84328		-0.53457  0.2  0.2		0.0		-1.0
	38204.99999997	4.93116		-0.54067  0.2  0.2		0.0		-1.0
	38249.99999997	4.89952		-0.39869  0.2  0.2		0.0		-1.0
	38294.99999997	4.95681		-0.21622  0.2  0.2		0.0		-1.0
	38339.99999997	5.01554		-0.26039  0.2  0.2		1.2590340575999999		-1.0
	38384.99999997	4.96812		0.04291  0.2  0.2		0.0		-1.0
	38429.99999997	4.96219		0.0749  0.2  0.2		0.0		-1.0
	38474.99999997	4.98508		0.37622  0.2  0.2		0.0		-1.0
	38519.99999997	4.95029		0.29734  0.2  0.2		0.0		-1.0
	38564.99999997	4.99539		0.52662  0.2  0.2		0.0		-1.0
	38609.99999997	5.00157		0.62897  0.2  0.2		0.0		-1.0
	38654.99999997	4.99774		0.78557  0.2  0.2		0.0		-1.0
	38699.99999997	4.97804		0.86157  0.2  0.2		0.0		-1.0
	38744.99999997	4.95776		1.01196  0.2  0.2		0.0		-1.0
	38789.99999997	4.97095		0.9476  0.2  0.2		0.0		-1.0
	38834.99999997	4.95281		1.02791  0.2  0.2		0.0		-1.0
	38879.99999997	5.01032		0.84495  0.2  0.2		0.5508274002		-1.0
	38924.99999997	4.91061		0.7691  0.2  0.2		0.0		-1.0
	38969.99999997	4.96779		0.64427  0.2  0.2		0.0		-1.0
	39014.99999997	4.90221		0.522  0.2  0.2		0.0		-1.0
	39059.99999997	4.91876		0.56377  0.2  0.2		0.0		-1.0
	39104.99999997	4.88159		0.25068  0.2  0.2		0.0		-1.0
	39149.99999997	4.96375		0.29767  0.2  0.2		0.0		-1.0
	39194.99999997	4.98928		-0.08648  0.2  0.2		0.0		-1.0
	39239.99999997	4.92267		-0.00983  0.2  0.2		0.0		-1.0
	39284.99999997	4.94756		-0.403  0.2  0.2		0.0		-1.0
	39329.99999997	4.90999		-0.27523  0.2  0.2		0.0		-1.0
	39374.99999997	4.98881		-0.74993  0.2  0.2		0.0		-1.0
	39419.99999997	4.92893		-0.78431  0.2  0.2		0.0		-1.0
	39464.99999997	4.99769		-1.0674  0.2  0.2		0.0		-1.0
	39509.99999997	4.99341		-1.02061  0.2  0.2		0.0		-1.0
	39554.99999997	4.92514		-1.07878  0.2  0.2		0.0		-1.0
	39599.99999997	5.01668		-1.16231  0.2  0.2		1.4688730671999999		-1.0
	39644.99999997	4.98787		-1.07368  0.2  0.2		0.0		-1.0
	39689.99999997	4.98731		-1.16298  0.2  0.2		0.0		-1.0
	39734.99999997	4.99741		-1.13742  0.2  0.2		0.0		-1.0
	39779.99999997	4.93542		-1.30193  0.2  0.2		0.0		-1.0
	39824.99999997	4.8698		-1.28995  0.2  0.2		0.0		-1.0
	39869.99999997	4.86468		-1.48622  0.2  0.2		0.0		-1.0
	39914.99999997	4.92711		-1.41171  0.2  0.2		0.0		-1.0
	39959.99999997	4.80769		-1.62103  0.2  0.2		0.0		-1.0
	40004.99999997	4.99499		-1.24797  0.2  0.2		0.0		-1.0
	40049.99999997	4.43925		-1.31221  0.2  0.2		0.0		-1.0
	40094.99999997	4.77737		-1.13349  0.2  0.2		0.0		-1.0
	40139.99999997	4.89074		-1.22583  0.2  0.2		0.0		-1.0
	40184.99999997	4.93589		-1.211  0.2  0.2		0.0		-1.0
	40229.99999996	5.04624		-1.38948  0.2  0.2		11.2263870136		-1.0
	40274.99999996	4.94437		-1.37012  0.2  0.2		0.0		-1.0
	40319.99999996	4.83023		-1.02655  0.2  0.2		0.0		-1.0
	40364.99999996	4.88441		-0.97868  0.2  0.2		0.0		-1.0
	40409.99999996	5.02708		-0.66596  0.2  0.2		3.8557918013999997		-1.0
	40454.99999996	5.01788		-0.56476  0.2  0.2		1.6787120768000001		-1.0
	40499.99999996	4.98381		-0.10891  0.2  0.2		0.0		-1.0
	40544.99999996	4.79471		-0.01854  0.2  0.2		0.0		-1.0
	40589.99999996	4.99889		0.30746  0.2  0.2		0.0		-1.0
	40634.99999996	5.01713		0.63227  0.2  0.2		1.5475626958		-1.0
	40679.99999996	5.02491		0.70927  0.2  0.2		3.2525046488		-1.0
	40724.99999996	4.86951		0.85363  0.2  0.2		0.0		-1.0
	40769.99999996	4.85585		1.22378  0.2  0.2		0.0		-1.0
	40814.99999996	4.99875		1.13836  0.2  0.2		0.0		-1.0
	40859.99999996	5.00002		1.09918  0.2  0.2		0.0		-1.0
	40904.99999996	5.01582		1.56923  0.2  0.2		1.31149381		-1.0
	40949.99999996	4.97867		1.67884  0.2  0.2		0.0		-1.0
	40994.99999996	5.0191		1.54127  0.2  0.2		1.9147809625999999		-1.0
	41039.99999996	5.00187		1.62012  0.2  0.2		0.026229876200000002		-1.0
	41084.99999996	5.01248		1.76019  0.2  0.2		0.8131261622		-1.0
	41129.99999996	5.00843		1.96037  0.2  0.2		0.36721826679999997		-1.0
	41174.99999996	4.93302		2.05416  0.2  0.2		0.0		-1.0
	41219.99999996	4.98309		2.06509  0.2  0.2		0.0		-1.0
	41264.99999996	4.98374		2.1666  0.2  0.2		0.0		-1.0
	41309.99999996	5.01698		2.30427  0.2  0.2		1.5213328196		-1.0
	41354.99999996	5.02313		2.52987  0.2  0.2		2.8065967534		-1.0
	41399.99999996	4.93678		2.59951  0.2  0.2		0.0		-1.0
	41444.99999996	4.97614		2.35834  0.2  0.2		0.0		-1.0
	41489.99999996	4.93704		2.55656  0.2  0.2		0.0		-1.0
	41534.99999996	4.96497		2.20364  0.2  0.2		0.0		-1.0
	41579.99999996	4.94003		2.31083  0.2  0.2		0.0		-1.0
	41624.99999996	5.02673		2.11637  0.2  0.2		3.7508722966		-1.0
	41669.99999996	5.02678		2.00607  0.2  0.2		3.7508722966		-1.0
	41714.99999996	4.90771		1.94929  0.2  0.2		0.0		-1.0
	41759.99999996	4.9653		2.04614  0.2  0.2		0.0		-1.0
	41804.99999996	4.97048		2.07895  0.2  0.2		0.0		-1.0
	41849.99999996	4.9912		1.81138  0.2  0.2		0.0		-1.0
	41894.99999996	5.00877		1.63805  0.2  0.2		0.393448143		-1.0
	41939.99999996	4.93272		1.57152  0.2  0.2		0.0		-1.0
	41984.99999996	5.02338		1.51869  0.2  0.2		2.8590565058		-1.0
	42029.99999996	4.9769		1.31746  0.2  0.2		0.0		-1.0
	42074.99999996	4.97443		1.37114  0.2  0.2		0.0		-1.0
	42119.99999996	4.96822		1.30882  0.2  0.2		0.0		-1.0
	42164.99999996	4.99857		1.40782  0.2  0.2		0.0		-1.0
	42209.99999996	4.90309		1.07176  0.2  0.2		0.0		-1.0
	42254.99999996	4.98583		1.17491  0.2  0.2		0.0		-1.0
	42299.99999996	4.925		0.99431  0.2  0.2		0.0		-1.0
	42344.99999996	5.00291		0.89494  0.2  0.2		0.052459752400000004		-1.0
	42389.99999996	5.03521		0.58824  0.2  0.2		6.5050092976		-1.0
	42434.99999996	4.98059		0.68428  0.2  0.2		0.0		-1.0
	42479.99999996	4.97906		0.07449  0.2  0.2		0.0		-1.0
	42524.99999996	4.68543		-0.04062  0.2  0.2		0.0		-1.0
	42569.99999996	4.71787		-0.4947  0.2  0.2		0.0		-1.0
	42614.99999996	4.93935		-0.52293  0.2  0.2		0.0		-1.0
	42659.99999996	4.93789		-0.8474  0.2  0.2		0.0		-1.0
	42704.99999996	5.0166		-0.90014  0.2  0.2		1.442643191		-1.0
	42749.99999996	4.7854		-1.28828  0.2  0.2		0.0		-1.0
	42794.99999996	4.91376		-1.38568  0.2  0.2		0.0		-1.0
	42839.99999996	4.96027		-1.60206  0.2  0.2		0.0		-1.0
	42884.99999996	4.94987		-1.42579  0.2  0.2		0.0		-1.0
	42929.99999996	4.97032		-1.31951  0.2  0.2		0.0		-1.0
	42974.99999996	5.00969		-1.27538  0.2  0.2		0.4983676478		-1.0
	43019.99999996	4.78717		-1.36507  0.2  0.2		0.0		-1.0
	43064.99999996	4.93225		-1.47154  0.2  0.2		0.0		-1.0
	43109.99999996	4.91344		-1.79011  0.2  0.2		0.0		-1.0
	43154.99999996	4.91561		-1.87326  0.2  0.2		0.0		-1.0
	43199.99999996	4.85967		-1.79173  0.2  0.2		0.0		-1.0
	43244.99999996	4.80227		-1.60366  0.2  0.2		0.0		-1.0
	43289.99999996	4.95373		-1.3986  0.2  0.2		0.0		-1.0
	43334.99999996	4.91077		-1.27314  0.2  0.2		0.0		-1.0
	43379.99999996	5.02516		-1.28932  0.2  0.2		3.3311942774		-1.0
	43424.99999996	4.96075		-1.2526  0.2  0.2		0.0		-1.0
	43469.99999996	4.89306		-1.33195  0.2  0.2		0.0		-1.0
	43514.99999996	4.85325		-1.49663  0.2  0.2		0.0		-1.0
	43559.99999996	4.8361		-1.48151  0.2  0.2		0.0		-1.0
	43604.99999996	4.94108		-1.48221  0.2  0.2		0.0		-1.0
	43649.99999996	4.77747		-1.26183  0.2  0.2		0.0		-1.0
	43694.99999996	5.00307		-1.10769  0.2  0.2		0.052459752400000004		-1.0
	43739.99999996	4.80041		-0.92929  0.2  0.2		0.0		-1.0
	43784.99999996	4.89778		-0.92372  0.2  0.2		0.0		-1.0
	43829.99999996	4.9557		-0.80172  0.2  0.2		0.0		-1.0
	43874.99999996	4.87407		-0.81204  0.2  0.2		0.0		-1.0
	43919.99999996	4.89421		-0.62288  0.2  0.2		0.0		-1.0
	43964.99999996	4.98434		-0.52572  0.2  0.2		0.0		-1.0
	44009.99999996	4.99184		-0.3118  0.2  0.2		0.0		-1.0
	44054.99999996	4.98225		-0.01916  0.2  0.2		0.0		-1.0
	44099.99999996	4.96996		0.08777  0.2  0.2		0.0		-1.0
	44144.99999996	4.93099		0.40767  0.2  0.2		0.0		-1.0
	44189.99999996	4.97658		0.36166  0.2  0.2		0.0		-1.0
	44234.99999996	4.87185		0.69942  0.2  0.2		0.0		-1.0
	44279.99999996	4.93214		0.71717  0.2  0.2		0.0		-1.0
	44324.99999996	4.9774		0.72873  0.2  0.2		0.0		-1.0
	44369.99999996	4.9239		0.4927  0.2  0.2		0.0		-1.0
	44414.99999996	4.91764		0.50176  0.2  0.2		0.0		-1.0
	44459.99999996	4.88666		0.4466  0.2  0.2		0.0		-1.0
	44504.99999996	4.90957		-0.07227  0.2  0.2		0.0		-1.0
	44549.99999996	4.95478		-0.01505  0.2  0.2		0.0		-1.0
	44594.99999996	4.95051		-0.11497  0.2  0.2		0.0		-1.0
	44639.99999996	4.99842		0.02784  0.2  0.2		0.0		-1.0
	44684.99999996	5.00759		-0.12735  0.2  0.2		0.31475851439999997		-1.0
	44729.99999996	4.99725		-0.20437  0.2  0.2		0.0		-1.0
	44774.99999996	5.00919		-0.316  0.2  0.2		0.44590789540000003		-1.0
	44819.99999996	4.92993		-0.27212  0.2  0.2		0.0		-1.0
	44864.99999996	4.84757		-0.38516  0.2  0.2		0.0		-1.0
	44909.99999996	4.93672		-0.33122  0.2  0.2		0.0		-1.0
	44954.99999996	4.82432		-0.15619  0.2  0.2		0.0		-1.0
	44999.99999996	4.81986		-0.15861  0.2  0.2		0.0		-1.0
	45044.99999996	5.00425		-0.09046  0.2  0.2		0.10491950480000001		-1.0
	45089.99999996	4.7981		-0.04337  0.2  0.2		0.0		-1.0
	45134.99999996	5.00157		0.15623  0.2  0.2		0.0		-1.0
	45179.99999996	4.9864		-0.06566  0.2  0.2		0.0		-1.0
	45224.99999996	5.03998		-0.05174  0.2  0.2		8.393560384		-1.0
	45269.99999996	4.90431		-0.27303  0.2  0.2		0.0		-1.0
	45314.99999996	4.92037		0.00739  0.2  0.2		0.0		-1.0
	45359.99999996	4.92057		-0.27835  0.2  0.2		0.0		-1.0
	45404.99999996	4.95345		-0.1577  0.2  0.2		0.0		-1.0
	45449.99999996	5.0017		-0.2403  0.2  0.2		0.026229876200000002		-1.0
	45494.99999996	4.9776		0.10733  0.2  0.2		0.0		-1.0
	45539.99999996	4.92069		-0.16248  0.2  0.2		0.0		-1.0
	45584.99999996	4.95153		-0.11568  0.2  0.2		0.0		-1.0
	45629.99999996	5.00545		-0.10219  0.2  0.2		0.15737925719999998		-1.0
	45674.99999996	4.95875		-0.13636  0.2  0.2		0.0		-1.0
	45719.99999996	4.97169		-0.07572  0.2  0.2		0.0		-1.0
	45764.99999996	4.9804		-0.279  0.2  0.2		0.0		-1.0
	45809.99999996	5.01544		-0.07981  0.2  0.2		1.2590340575999999		-1.0
	45854.99999996	4.95932		0.0348  0.2  0.2		0.0		-1.0
	45899.99999996	5.01698		0.13058  0.2  0.2		1.5213328196		-1.0
	45944.99999996	4.98084		-0.04676  0.2  0.2		0.0		-1.0
	45989.99999996	4.80623		-0.02922  0.2  0.2		0.0		-1.0
	46034.99999996	4.96449		0.30705  0.2  0.2		0.0		-1.0
	46079.99999996	4.96853		0.0268  0.2  0.2		0.0		-1.0
	46124.99999996	5.01374		0.3588  0.2  0.2		0.9967352956		-1.0
	46169.99999996	4.85658		0.05179  0.2  0.2		0.0		-1.0
	46214.99999996	4.95911		0.24314  0.2  0.2		0.0		-1.0
	46259.99999996	5.00586		0.04277  0.2  0.2		0.18360913339999999		-1.0
	46304.99999996	4.95237		0.03491  0.2  0.2		0.0		-1.0
	46349.99999996	4.91481		0.22506  0.2  0.2		0.0		-1.0
	46394.99999996	4.96241		0.06943  0.2  0.2		0.0		-1.0
	46439.99999996	4.88986		0.01073  0.2  0.2		0.0		-1.0
	46484.99999996	5.02264		-0.23007  0.2  0.2		2.7016772486000002		-1.0
	46529.99999996	4.93705		-0.09506  0.2  0.2		0.0		-1.0
	46574.99999996	4.99854		-0.51441  0.2  0.2		0.0		-1.0
	46619.99999996	4.84804		-0.29067  0.2  0.2		0.0		-1.0
	46664.99999996	4.96532		-0.38373  0.2  0.2		0.0		-1.0
	46709.99999996	4.86067		-0.31098  0.2  0.2		0.0		-1.0
	46754.99999995	4.93287		-0.36478  0.2  0.2		0.0		-1.0
	46799.99999995	4.90558		-0.25418  0.2  0.2		0.0		-1.0
	46844.99999995	4.87405		-0.11153  0.2  0.2		0.0		-1.0
	46889.99999995	5.0301		-0.13078  0.2  0.2		4.7476075922		-1.0
	46934.99999995	4.75931		-0.17701  0.2  0.2		0.0		-1.0
	46979.99999995	4.768		0.02225  0.2  0.2		0.0		-1.0
	47024.99999995	4.81815		0.00715  0.2  0.2		0.0		-1.0
	47069.99999995	4.86207		0.32043  0.2  0.2		0.0		-1.0
	47114.99999995	4.93129		0.46416  0.2  0.2		0.0		-1.0
	47159.99999995	4.98523		0.51815  0.2  0.2		0.0		-1.0
	47204.99999995	4.83348		0.63157  0.2  0.2		0.0		-1.0
	47249.99999995	4.90742		0.51218  0.2  0.2		0.0		-1.0
	47294.99999995	4.85316		0.72928  0.2  0.2		0.0		-1.0
	47339.99999995	4.95031		0.68694  0.2  0.2		0.0		-1.0
	47384.99999995	4.98592		0.54913  0.2  0.2		0.0		-1.0
	47429.99999995	5.00235		0.4514  0.2  0.2		0.026229876200000002		-1.0
	47474.99999995	4.99665		0.4269  0.2  0.2		0.0		-1.0
	47519.99999995	4.86998		0.27963  0.2  0.2		0.0		-1.0
	47564.99999995	4.95851		0.23241  0.2  0.2		0.0		-1.0
	47609.99999995	4.95669		0.10813  0.2  0.2		0.0		-1.0
	47654.99999995	4.90641		-3e-05  0.2  0.2		0.0		-1.0
	47699.99999995	4.95773		-0.28702  0.2  0.2		0.0		-1.0
	47744.99999995	4.93884		-0.42829  0.2  0.2		0.0		-1.0
	47789.99999995	4.88838		-0.45131  0.2  0.2		0.0		-1.0
	47834.99999995	4.86104		-0.79976  0.2  0.2		0.0		-1.0
	47879.99999995	4.99642		-0.7795  0.2  0.2		0.0		-1.0
	47924.99999995	4.9924		-1.09182  0.2  0.2		0.0		-1.0
	47969.99999995	4.97206		-1.02486  0.2  0.2		0.0		-1.0
	48014.99999995	5.0097		-1.25403  0.2  0.2		0.4983676478		-1.0
	48059.99999995	5.01238		-1.09127  0.2  0.2		0.8131261622		-1.0
	48104.99999995	5.01189		-1.27265  0.2  0.2		0.7344365335999999		-1.0
	48149.99999995	4.87103		-1.22368  0.2  0.2		0.0		-1.0
	48194.99999995	4.90703		-1.29118  0.2  0.2		0.0		-1.0
	48239.99999995	5.01614		-1.45464  0.2  0.2		1.3639535623999999		-1.0
	48284.99999995	4.89301		-1.53698  0.2  0.2		0.0		-1.0
	48329.99999995	4.83402		-1.73395  0.2  0.2		0.0		-1.0
	48374.99999995	4.97334		-1.74016  0.2  0.2		0.0		-1.0
	48419.99999995	5.02386		-1.75857  0.2  0.2		2.9902058867999997		-1.0
	48464.99999995	4.83345		-1.67776  0.2  0.2		0.0		-1.0
	48509.99999995	4.82866		-1.72978  0.2  0.2		0.0		-1.0
	48554.99999995	4.7946		-1.5914  0.2  0.2		0.0		-1.0
	48599.99999995	4.72568		-1.76339  0.2  0.2		0.0		-1.0
	48644.99999995	4.73468		-1.67852  0.2  0.2		0.0		-1.0
	48689.99999995	4.96244		-1.94239  0.2  0.2		0.0		-1.0
	48734.99999995	4.91814		-1.831  0.2  0.2		0.0		-1.0
	48779.99999995	5.00986		-1.91046  0.2  0.2		0.4983676478		-1.0
	48824.99999995	5.00916		-1.92874  0.2  0.2		0.44590789540000003		-1.0
	48869.99999995	4.97397		-1.91565  0.2  0.2		0.0		-1.0
	48914.99999995	4.86651		-1.79136  0.2  0.2		0.0		-1.0
	48959.99999995	4.91796		-1.6607  0.2  0.2		0.0		-1.0
	49004.99999995	4.90128		-1.54529  0.2  0.2		0.0		-1.0
	49049.99999995	4.8481		-1.37661  0.2  0.2		0.0		-1.0
	49094.99999995	4.98604		-1.3598  0.2  0.2		0.0		-1.0
	49139.99999995	4.90968		-1.32319  0.2  0.2		0.0		-1.0
	49184.99999995	5.00046		-1.30665  0.2  0.2		0.0		-1.0
	49229.99999995	4.85308		-1.24693  0.2  0.2		0.0		-1.0
	49274.99999995	4.75243		-1.17561  0.2  0.2		0.0		-1.0
	49319.99999995	4.95699		-0.95624  0.2  0.2		0.0		-1.0
	49364.99999995	4.8672		-0.94316  0.2  0.2		0.0		-1.0
	49409.99999995	4.90887		-0.66112  0.2  0.2		0.0		-1.0
	49454.99999995	4.9756		-0.71037  0.2  0.2		0.0		-1.0
	49499.99999995	5.00628		-0.50683  0.2  0.2		0.20983900960000001		-1.0
	49544.99999995	4.99777		-0.40764  0.2  0.2		0.0		-1.0
	49589.99999995	5.02207		-0.06446  0.2  0.2		2.5442979914		-1.0
	49634.99999995	4.99112		0.12905  0.2  0.2		0.0		-1.0
	49679.99999995	4.80737		0.24913  0.2  0.2		0.0		-1.0
	49724.99999995	4.76586		0.46018  0.2  0.2		0.0		-1.0
	49769.99999995	4.91344		0.37606  0.2  0.2		0.0		-1.0
	49814.99999995	5.02038		0.67237  0.2  0.2		2.1770797246		-1.0
	49859.99999995	5.00337		0.71005  0.2  0.2		0.052459752400000004		-1.0
	49904.99999995	4.91618		0.70717  0.2  0.2		0.0		-1.0
	49949.99999995	4.9502		0.70471  0.2  0.2		0.0		-1.0
	49994.99999995	4.9927		0.95612  0.2  0.2		0.0		-1.0
