	45.00000000	2.78996		2.23131     0.2    0.2		4.1705503158		-1.0
	90.00000000	2.92433		2.23712     0.2    0.2		4.1705503158		-1.0
	135.00000000	2.9301		2.15568     0.2    0.2		4.1705503158		-1.0
	180.00000000	3.0184		1.84903     0.2    0.2		4.1705503158		-1.0
	225.00000000	2.9112		1.82294     0.2    0.2		4.1705503158		-1.0
	270.00000000	2.91483		1.55701     0.2    0.2		4.1705503158		-1.0
	315.00000000	2.82139		1.45397     0.2    0.2		4.1705503158		-1.0
	360.00000000	2.99925		1.09782     0.2    0.2		4.1705503158		-1.0
	405.00000000	2.91945		0.74058     0.2    0.2		4.1705503158		-1.0
	450.00000000	2.80952		0.39432     0.2    0.2		4.1705503158		-1.0
	495.00000000	2.97679		-0.28889     0.2    0.2		4.1705503158		-1.0
	540.00000000	2.90591		-0.0808     0.2    0.2		4.1705503158		-1.0
	585.00000000	2.91539		0.51765     0.2    0.2		4.1705503158		-1.0
	630.00000000	2.90816		0.94396     0.2    0.2		4.1705503158		-1.0
	675.00000000	2.92011		1.17084     0.2    0.2		4.1705503158		-1.0
	720.00000000	2.83337		1.47261     0.2    0.2		4.1705503158		-1.0
	765.00000000	2.83336		1.69951     0.2    0.2		4.1705503158		-1.0
	810.00000000	2.86101		2.05158     0.2    0.2		4.1705503158		-1.0
	855.00000000	2.97069		2.43423     0.2    0.2		4.1705503158		-1.0
	900.00000000	2.86414		2.93447     0.2    0.2		4.1705503158		-1.0
	945.00000000	3.00601		-2.73877     0.2    0.2		4.1705503158		-1.0
	990.00000000	2.88884		-2.34062     0.2    0.2		4.1705503158		-1.0
	1035.00000000	2.94376		-2.16365     0.2    0.2		4.1705503158		-1.0
	1080.00000000	2.99992		-1.8718     0.2    0.2		4.1705503158		-1.0
	1125.00000000	2.80887		-1.8715     0.2    0.2		4.1705503158		-1.0
	1170.00000000	2.8468		-1.63344     0.2    0.2		4.1705503158		-1.0
	1215.00000000	2.99031		-1.49757     0.2    0.2		4.1705503158		-1.0
	1260.00000000	2.97323		-1.07001     0.2    0.2		4.1705503158		-1.0
	1305.00000000	2.85529		-1.02479     0.2    0.2		4.1705503158		-1.0
	1350.00000000	2.88157		-0.4646     0.2    0.2		4.1705503158		-1.0
	1395.00000000	2.97283		0.34017     0.2    0.2		4.1705503158		-1.0
	1440.00000000	2.97981		1.04816     0.2    0.2		4.1705503158		-1.0
	1485.00000000	3.00567		1.16717     0.2    0.2		4.1705503158		-1.0
	1530.00000000	3.0265		1.47942     0.2    0.2		4.1705503158		-1.0
	1575.00000000	3.03389		1.92637     0.2    0.2		4.1705503158		-1.0
	1620.00000000	3.06131		2.32933     0.2    0.2		4.1705503158		-1.0
	1665.00000000	3.02885		2.65811     0.2    0.2		4.1705503158		-1.0
	1710.00000000	2.86113		2.7502     0.2    0.2		4.1705503158		-1.0
	1755.00000000	2.81436		-2.96603     0.2    0.2		4.1705503158		-1.0
	1800.00000000	2.91507		-2.74823     0.2    0.2		4.1705503158		-1.0
	1845.00000000	2.9715		-2.36234     0.2    0.2		4.1705503158		-1.0
	1890.00000000	2.95926		-2.0944     0.2    0.2		4.1705503158		-1.0
	1935.00000000	3.02882		-2.00814     0.2    0.2		4.1705503158		-1.0
	1980.00000000	2.93365		-1.69223     0.2    0.2		4.1705503158		-1.0
	2025.00000000	2.8591		-2.11842     0.2    0.2		4.1705503158		-1.0
	2070.00000000	2.92649		-2.08324     0.2    0.2		4.1705503158		-1.0
	2115.00000000	2.85648		-2.17191     0.2    0.2		4.1705503158		-1.0
	2160.00000000	2.84652		-2.124     0.2    0.2		4.1705503158		-1.0
	2205.00000000	2.97292		-1.73632     0.2    0.2		4.1705503158		-1.0
	2250.00000000	2.92974		-1.83049     0.2    0.2		4.1705503158		-1.0
	2295.00000000	2.81983		-1.47321     0.2    0.2		4.1705503158		-1.0
	2340.00000000	2.97834		-1.20025     0.2    0.2		4.1705503158		-1.0
	2385.00000000	2.9618		-0.57136     0.2    0.2		4.1705503158		-1.0
	2430.00000000	2.93999		0.07156     0.2    0.2		4.1705503158		-1.0
	2475.00000000	2.93626		0.58592     0.2    0.2		4.1705503158		-1.0
	2520.00000000	2.86773		1.11786     0.2    0.2		4.1705503158		-1.0
	2565.00000000	3.03124		1.57021     0.2    0.2		4.1705503158		-1.0
	2610.00000000	2.84704		2.11548     0.2    0.2		4.1705503158		-1.0
	2655.00000000	2.99075		2.80882     0.2    0.2		4.1705503158		-1.0
	2700.00000000	2.91928		-3.05952     0.2    0.2		4.1705503158		-1.0
	2745.00000000	2.8779		-2.69371     0.2    0.2		4.1705503158		-1.0
	2790.00000000	3.02948		-2.40594     0.2    0.2		4.1705503158		-1.0
	2835.00000000	2.86803		-2.45366     0.2    0.2		4.1705503158		-1.0
	2880.00000000	2.88236		-2.30152     0.2    0.2		4.1705503158		-1.0
	2925.00000000	2.99224		-2.67004     0.2    0.2		4.1705503158		-1.0
	2970.00000000	2.8614		-2.3812     0.2    0.2		4.1705503158		-1.0
	3015.00000000	2.7559		-2.90617     0.2    0.2		4.1705503158		-1.0
	3060.00000000	2.86452		-2.51597     0.2    0.2		4.1705503158		-1.0
	3105.00000000	2.82653		-2.97021     0.2    0.2		4.1705503158		-1.0
	3150.00000000	2.99691		-3.05827     0.2    0.2		4.1705503158		-1.0
	3195.00000000	2.98689		3.04143     0.2    0.2		4.1705503158		-1.0
	3240.00000000	2.86308		2.54704     0.2    0.2		4.1705503158		-1.0
	3285.00000000	3.01245		2.52127     0.2    0.2		4.1705503158		-1.0
	3330.00000000	2.99062		1.86371     0.2    0.2		4.1705503158		-1.0
	3375.00000000	3.13179		1.82077     0.2    0.2		4.1705503158		-1.0
	3420.00000000	2.7984		1.21922     0.2    0.2		4.1705503158		-1.0
	3465.00000000	2.94012		0.56134     0.2    0.2		4.1705503158		-1.0
	3510.00000000	2.95788		-0.55568     0.2    0.2		4.1705503158		-1.0
	3555.00000000	3.08925		-0.88323     0.2    0.2		4.1705503158		-1.0
	3600.00000000	2.85985		-0.32879     0.2    0.2		4.1705503158		-1.0
	3645.00000000	2.78371		-0.02713     0.2    0.2		4.1705503158		-1.0
	3690.00000000	2.89684		-0.08102     0.2    0.2		4.1705503158		-1.0
	3735.00000000	2.85242		0.71823     0.2    0.2		4.1705503158		-1.0
	3780.00000000	2.96571		0.5096     0.2    0.2		4.1705503158		-1.0
	3825.00000000	2.90136		0.12158     0.2    0.2		4.1705503158		-1.0
	3870.00000000	2.9207		0.75308     0.2    0.2		4.1705503158		-1.0
	3915.00000000	3.00625		0.17172     0.2    0.2		4.1705503158		-1.0
	3960.00000000	2.85197		0.12954     0.2    0.2		4.1705503158		-1.0
	4005.00000000	2.82487		0.21701     0.2    0.2		4.1705503158		-1.0
	4050.00000000	2.82111		-0.40256     0.2    0.2		4.1705503158		-1.0
	4095.00000000	2.7434		-0.3261     0.2    0.2		4.1705503158		-1.0
	4140.00000000	2.79943		-0.58859     0.2    0.2		4.1705503158		-1.0
	4185.00000000	2.86788		-1.16697     0.2    0.2		4.1705503158		-1.0
	4230.00000000	2.90832		-0.76588     0.2    0.2		4.1705503158		-1.0
	4275.00000000	3.04875		-0.79142     0.2    0.2		4.1705503158		-1.0
	4320.00000000	2.95123		-1.01232     0.2    0.2		4.1705503158		-1.0
	4365.00000000	2.96023		-0.70254     0.2    0.2		4.1705503158		-1.0
	4410.00000000	3.069		-0.5269     0.2    0.2		4.1705503158		-1.0
	4455.00000000	3.09887		0.10671     0.2    0.2		4.1705503158		-1.0
	4500.00000000	2.83052		0.57254     0.2    0.2		4.1705503158		-1.0
	4545.00000000	2.95505		0.74675     0.2    0.2		4.1705503158		-1.0
	4590.00000000	2.9621		1.25826     0.2    0.2		4.1705503158		-1.0
	4635.00000000	2.91252		1.40518     0.2    0.2		4.1705503158		-1.0
	4680.00000000	2.90362		2.00369     0.2    0.2		4.1705503158		-1.0
	4725.00000000	2.85512		2.19879     0.2    0.2		4.1705503158		-1.0
	4770.00000000	2.83028		2.52629     0.2    0.2		4.1705503158		-1.0
	4815.00000000	2.91034		2.70471     0.2    0.2		4.1705503158		-1.0
	4860.00000000	3.07838		2.60836     0.2    0.2		4.1705503158		-1.0
	4905.00000000	2.80453		2.72324     0.2    0.2		4.1705503158		-1.0
	4950.00000000	2.86062		3.02797     0.2    0.2		4.1705503158		-1.0
	4995.00000000	2.89739		2.96772     0.2    0.2		4.1705503158		-1.0
	5040.00000000	2.97416		-2.68565     0.2    0.2		4.1705503158		-1.0
	5085.00000000	3.06655		-2.47853     0.2    0.2		4.1705503158		-1.0
	5130.00000000	3.11944		-1.79085     0.2    0.2		4.1705503158		-1.0
	5175.00000000	3.07905		-1.52744     0.2    0.2		4.1705503158		-1.0
	5220.00000000	3.13754		-0.97623     0.2    0.2		4.1705503158		-1.0
	5265.00000000	2.93236		-0.7414     0.2    0.2		4.1705503158		-1.0
	5310.00000000	2.86272		-0.66406     0.2    0.2		4.1705503158		-1.0
	5355.00000000	3.18913		-0.14713     0.2    0.2		4.1705503158		-1.0
	5400.00000000	3.05188		-0.15381     0.2    0.2		4.1705503158		-1.0
	5445.00000000	3.0819		-0.18747     0.2    0.2		4.1705503158		-1.0
	5490.00000000	2.79185		0.23655     0.2    0.2		4.1705503158		-1.0
	5535.00000000	3.09642		0.26505     0.2    0.2		4.1705503158		-1.0
	5580.00000000	2.83295		0.88375     0.2    0.2		4.1705503158		-1.0
	5625.00000000	2.82454		1.09595     0.2    0.2		4.1705503158		-1.0
	5670.00000000	3.14829		1.32615     0.2    0.2		4.1705503158		-1.0
	5715.00000000	2.75838		1.65825     0.2    0.2		4.1705503158		-1.0
	5760.00000000	2.86106		1.94771     0.2    0.2		4.1705503158		-1.0
	5805.00000000	3.11599		2.23437     0.2    0.2		4.1705503158		-1.0
	5850.00000000	3.28315		2.53067     0.2    0.2		4.1705503158		-1.0
	5895.00000000	3.26804		2.82725     0.2    0.2		4.1705503158		-1.0
	5940.00000000	3.20202		2.98725     0.2    0.2		4.1705503158		-1.0
	5985.00000000	2.99416		-2.96209     0.2    0.2		4.1705503158		-1.0
	6030.00000000	3.08298		-2.65898     0.2    0.2		4.1705503158		-1.0
	6075.00000000	3.24476		-2.21664     0.2    0.2		4.1705503158		-1.0
	6120.00000000	3.18316		-1.96125     0.2    0.2		4.1705503158		-1.0
	6165.00000000	3.00386		-1.79549     0.2    0.2		4.1705503158		-1.0
	6210.00000000	2.79222		-1.33248     0.2    0.2		4.1705503158		-1.0
	6255.00000000	2.8967		-1.19452     0.2    0.2		4.1705503158		-1.0
	6300.00000000	2.74638		-0.95157     0.2    0.2		4.1705503158		-1.0
	6345.00000000	2.96501		-0.22936     0.2    0.2		4.1705503158		-1.0
	6390.00000000	3.17811		0.35522     0.2    0.2		4.1705503158		-1.0
	6435.00000000	2.80143		1.20247     0.2    0.2		4.1705503158		-1.0
	6480.00000000	3.29938		1.23204     0.2    0.2		4.1705503158		-1.0
	6525.00000000	2.9616		1.72348     0.2    0.2		4.1705503158		-1.0
	6570.00000000	2.64783		1.81773     0.2    0.2		4.1705503158		-1.0
	6615.00000000	2.92251		2.30268     0.2    0.2		4.1705503158		-1.0
	6660.00000000	2.71952		2.39556     0.2    0.2		4.1705503158		-1.0
	6705.00000000	2.94579		2.84115     0.2    0.2		4.1705503158		-1.0
	6750.00000000	3.06222		3.13722     0.2    0.2		4.1705503158		-1.0
	6795.00000000	3.17948		-2.74988     0.2    0.2		4.1705503158		-1.0
	6840.00000000	3.13439		-2.50679     0.2    0.2		4.1705503158		-1.0
	6885.00000000	2.75723		-2.0315     0.2    0.2		4.1705503158		-1.0
	6930.00000000	3.16569		-1.93864     0.2    0.2		4.1705503158		-1.0
	6975.00000000	3.06034		-1.26588     0.2    0.2		4.1705503158		-1.0
	7020.00000000	2.88313		-1.47903     0.2    0.2		4.1705503158		-1.0
	7065.00000000	2.72398		-0.95298     0.2    0.2		4.1705503158		-1.0
	7110.00000000	3.02373		-0.54944     0.2    0.2		4.1705503158		-1.0
	7155.00000000	2.898		0.06255     0.2    0.2		4.1705503158		-1.0
	7200.00000000	3.24004		0.86762     0.2    0.2		4.1705503158		-1.0
	7245.00000000	2.75184		0.78394     0.2    0.2		4.1705503158		-1.0
	7290.00000000	3.02147		0.88028     0.2    0.2		4.1705503158		-1.0
	7335.00000000	3.29953		1.39106     0.2    0.2		4.1705503158		-1.0
	7380.00000000	2.95765		1.51582     0.2    0.2		4.1705503158		-1.0
	7425.00000000	3.15011		1.90718     0.2    0.2		4.1705503158		-1.0
	7470.00000000	3.20859		2.1869     0.2    0.2		4.1705503158		-1.0
	7515.00000000	3.11321		2.53467     0.2    0.2		4.1705503158		-1.0
	7560.00000000	2.91485		2.91263     0.2    0.2		4.1705503158		-1.0
	7605.00000000	2.66356		-3.04691     0.2    0.2		4.1705503158		-1.0
	7650.00000000	2.89417		-2.70851     0.2    0.2		4.1705503158		-1.0
	7695.00000000	3.24713		-2.20069     0.2    0.2		4.1705503158		-1.0
	7740.00000000	2.83929		-2.30358     0.2    0.2		4.1705503158		-1.0
	7785.00000000	3.21152		-1.79259     0.2    0.2		4.1705503158		-1.0
	7830.00000000	2.68872		-1.75951     0.2    0.2		4.1705503158		-1.0
	7875.00000000	3.09837		-1.34352     0.2    0.2		4.1705503158		-1.0
	7920.00000000	2.76042		-1.438     0.2    0.2		4.1705503158		-1.0
	7965.00000000	3.06838		-0.95798     0.2    0.2		4.1705503158		-1.0
	8010.00000000	3.02686		-0.4459     0.2    0.2		4.1705503158		-1.0
	8055.00000000	2.66624		0.00595     0.2    0.2		4.1705503158		-1.0
	8100.00000000	2.96594		0.32702     0.2    0.2		4.1705503158		-1.0
	8145.00000000	3.22419		0.54921     0.2    0.2		4.1705503158		-1.0
	8190.00000000	3.26897		1.00264     0.2    0.2		4.1705503158		-1.0
	8235.00000000	2.75294		1.16327     0.2    0.2		4.1705503158		-1.0
	8280.00000000	3.02453		1.36024     0.2    0.2		4.1705503158		-1.0
	8325.00000000	3.27819		1.71303     0.2    0.2		4.1705503158		-1.0
	8370.00000000	3.01289		1.92419     0.2    0.2		4.1705503158		-1.0
	8415.00000000	2.64708		2.3062     0.2    0.2		4.1705503158		-1.0
	8460.00000000	2.95628		2.77758     0.2    0.2		4.1705503158		-1.0
	8505.00000000	3.1486		-2.9579     0.2    0.2		4.1705503158		-1.0
	8550.00000000	2.7391		-2.59535     0.2    0.2		4.1705503158		-1.0
	8595.00000000	2.8168		-2.3737     0.2    0.2		4.1705503158		-1.0
	8640.00000000	2.72684		-1.97854     0.2    0.2		4.1705503158		-1.0
	8685.00000000	2.83825		-1.7406     0.2    0.2		4.1705503158		-1.0
	8730.00000000	2.9047		-1.5503     0.2    0.2		4.1705503158		-1.0
	8775.00000000	2.8679		-1.4677     0.2    0.2		4.1705503158		-1.0
	8820.00000000	3.36994		-1.22188     0.2    0.2		4.1705503158		-1.0
	8865.00000000	3.01068		-0.95758     0.2    0.2		4.1705503158		-1.0
	8910.00000000	3.14549		-0.2623     0.2    0.2		4.1705503158		-1.0
	8955.00000000	3.17431		0.37593     0.2    0.2		4.1705503158		-1.0
	9000.00000000	3.23576		0.74662     0.2    0.2		4.1705503158		-1.0
	9045.00000000	2.8829		1.45195     0.2    0.2		4.1705503158		-1.0
	9090.00000000	2.77917		1.7247     0.2    0.2		4.1705503158		-1.0
	9135.00000000	2.71775		2.06474     0.2    0.2		4.1705503158		-1.0
	9180.00000000	3.11896		2.37157     0.2    0.2		4.1705503158		-1.0
	9225.00000000	3.1073		2.76303     0.2    0.2		4.1705503158		-1.0
	9270.00000000	3.08001		2.99955     0.2    0.2		4.1705503158		-1.0
	9315.00000000	2.89138		-2.96932     0.2    0.2		4.1705503158		-1.0
	9360.00000000	3.17594		-2.63578     0.2    0.2		4.1705503158		-1.0
	9405.00000000	2.75053		-2.43311     0.2    0.2		4.1705503158		-1.0
	9450.00000000	2.86186		-2.14099     0.2    0.2		4.1705503158		-1.0
	9495.00000000	2.76231		-1.91104     0.2    0.2		4.1705503158		-1.0
	9540.00000000	3.02712		-1.64899     0.2    0.2		4.1705503158		-1.0
	9585.00000000	2.73559		-1.2852     0.2    0.2		4.1705503158		-1.0
	9630.00000000	3.00692		-1.36403     0.2    0.2		4.1705503158		-1.0
	9675.00000000	2.85616		-0.44008     0.2    0.2		4.1705503158		-1.0
	9720.00000000	2.76828		-0.20173     0.2    0.2		4.1705503158		-1.0
	9765.00000000	2.94396		0.89091     0.2    0.2		4.1705503158		-1.0
	9810.00000000	3.03906		0.9155     0.2    0.2		4.1705503158		-1.0
	9855.00000000	3.04895		1.10626     0.2    0.2		4.1705503158		-1.0
	9900.00000000	2.96842		1.81234     0.2    0.2		4.1705503158		-1.0
	9945.00000000	2.85788		1.69525     0.2    0.2		4.1705503158		-1.0
	9990.00000000	2.78294		1.92708     0.2    0.2		4.1705503158		-1.0
	10035.00000000	2.76951		2.34761     0.2    0.2		4.1705503158		-1.0
	10080.00000000	2.81545		2.56109     0.2    0.2		4.1705503158		-1.0
	10125.00000000	2.77581		3.08554     0.2    0.2		4.1705503158		-1.0
	10170.00000000	3.08436		-3.09161     0.2    0.2		4.1705503158		-1.0
	10215.00000000	3.24555		-2.65855     0.2    0.2		4.1705503158		-1.0
	10260.00000000	3.3626		-2.64646     0.2    0.2		4.1705503158		-1.0
	10305.00000000	2.8944		-2.02619     0.2    0.2		4.1705503158		-1.0
	10350.00000000	2.74123		-2.01823     0.2    0.2		4.1705503158		-1.0
	10395.00000000	3.2767		-1.52511     0.2    0.2		4.1705503158		-1.0
	10440.00000000	3.28021		-1.42158     0.2    0.2		4.1705503158		-1.0
	10485.00000000	2.74022		-0.94725     0.2    0.2		4.1705503158		-1.0
	10530.00000000	2.75589		-0.6489     0.2    0.2		4.1705503158		-1.0
	10575.00000000	3.22824		-0.34544     0.2    0.2		4.1705503158		-1.0
	10620.00000000	2.90435		0.53383     0.2    0.2		4.1705503158		-1.0
	10665.00000000	2.66822		0.74469     0.2    0.2		4.1705503158		-1.0
	10710.00000000	3.18535		0.87526     0.2    0.2		4.1705503158		-1.0
	10755.00000000	3.2943		1.33021     0.2    0.2		4.1705503158		-1.0
	10800.00000000	2.65405		1.3497     0.2    0.2		4.1705503158		-1.0
	10845.00000001	2.76841		1.10393     0.2    0.2		4.1705503158		-1.0
	10890.00000001	2.72286		1.51341     0.2    0.2		4.1705503158		-1.0
	10935.00000001	2.87743		1.28067     0.2    0.2		4.1705503158		-1.0
	10980.00000001	2.69619		1.41655     0.2    0.2		4.1705503158		-1.0
	11025.00000001	3.00907		0.82147     0.2    0.2		4.1705503158		-1.0
	11070.00000001	3.09483		0.96693     0.2    0.2		4.1705503158		-1.0
	11115.00000001	3.06747		0.40066     0.2    0.2		4.1705503158		-1.0
	11160.00000001	3.31292		0.03922     0.2    0.2		4.1705503158		-1.0
	11205.00000001	2.75239		-0.48295     0.2    0.2		4.1705503158		-1.0
	11250.00000001	2.77098		-0.81604     0.2    0.2		4.1705503158		-1.0
	11295.00000001	3.01855		-1.22596     0.2    0.2		4.1705503158		-1.0
	11340.00000001	3.33972		-1.10996     0.2    0.2		4.1705503158		-1.0
	11385.00000001	2.9327		-1.15005     0.2    0.2		4.1705503158		-1.0
	11430.00000001	3.33465		-0.90089     0.2    0.2		4.1705503158		-1.0
	11475.00000001	3.27214		-0.12429     0.2    0.2		4.1705503158		-1.0
	11520.00000001	2.97171		0.45916     0.2    0.2		4.1705503158		-1.0
	11565.00000001	3.34575		0.43162     0.2    0.2		4.1705503158		-1.0
	11610.00000001	2.86184		0.63946     0.2    0.2		4.1705503158		-1.0
	11655.00000001	2.76251		0.04177     0.2    0.2		4.1705503158		-1.0
	11700.00000001	3.1203		-0.65613     0.2    0.2		4.1705503158		-1.0
	11745.00000001	2.99244		-0.70763     0.2    0.2		4.1705503158		-1.0
	11790.00000001	2.71256		-1.20403     0.2    0.2		4.1705503158		-1.0
	11835.00000001	2.7112		-1.32323     0.2    0.2		4.1705503158		-1.0
	11880.00000001	3.34589		-1.58831     0.2    0.2		4.1705503158		-1.0
	11925.00000001	2.65016		-1.69253     0.2    0.2		4.1705503158		-1.0
	11970.00000001	3.40618		-1.99323     0.2    0.2		4.1705503158		-1.0
	12015.00000001	3.35964		-2.3534     0.2    0.2		4.1705503158		-1.0
	12060.00000001	2.66774		-2.5931     0.2    0.2		4.1705503158		-1.0
	12105.00000001	2.74805		-2.6614     0.2    0.2		4.1705503158		-1.0
	12150.00000001	2.79792		-3.01166     0.2    0.2		4.1705503158		-1.0
	12195.00000001	3.18807		-3.03285     0.2    0.2		4.1705503158		-1.0
	12240.00000001	3.17816		2.74272     0.2    0.2		4.1705503158		-1.0
	12285.00000001	3.21427		2.77177     0.2    0.2		4.1705503158		-1.0
	12330.00000001	3.14756		2.13726     0.2    0.2		4.1705503158		-1.0
	12375.00000001	3.07945		2.06571     0.2    0.2		4.1705503158		-1.0
	12420.00000001	3.11267		1.57651     0.2    0.2		4.1705503158		-1.0
	12465.00000001	3.16454		1.48447     0.2    0.2		4.1705503158		-1.0
	12510.00000001	3.22971		1.12279     0.2    0.2		4.1705503158		-1.0
	12555.00000001	3.31225		0.55035     0.2    0.2		4.1705503158		-1.0
	12600.00000001	3.02008		0.49648     0.2    0.2		4.1705503158		-1.0
	12645.00000001	3.18238		-0.29406     0.2    0.2		4.1705503158		-1.0
	12690.00000001	3.23062		-0.79511     0.2    0.2		4.1705503158		-1.0
	12735.00000001	3.14936		-1.098     0.2    0.2		4.1705503158		-1.0
	12780.00000001	3.20807		-1.52595     0.2    0.2		4.1705503158		-1.0
	12825.00000001	3.26494		-1.76474     0.2    0.2		4.1705503158		-1.0
	12870.00000001	3.30191		-2.31633     0.2    0.2		4.1705503158		-1.0
	12915.00000001	3.17021		-2.35985     0.2    0.2		4.1705503158		-1.0
	12960.00000001	3.09385		-2.81737     0.2    0.2		4.1705503158		-1.0
	13005.00000001	3.19726		-2.9491     0.2    0.2		4.1705503158		-1.0
	13050.00000001	3.2871		2.69302     0.2    0.2		4.1705503158		-1.0
	13095.00000001	3.26458		2.37437     0.2    0.2		4.1705503158		-1.0
	13140.00000001	3.22572		1.94196     0.2    0.2		4.1705503158		-1.0
	13185.00000001	3.28398		1.65713     0.2    0.2		4.1705503158		-1.0
	13230.00000001	3.34758		1.11583     0.2    0.2		4.1705503158		-1.0
	13275.00000001	3.29798		0.53426     0.2    0.2		4.1705503158		-1.0
	13320.00000001	2.65793		0.06231     0.2    0.2		4.1705503158		-1.0
	13365.00000001	2.65991		-0.34329     0.2    0.2		4.1705503158		-1.0
	13410.00000001	3.28725		0.07998     0.2    0.2		4.1705503158		-1.0
	13455.00000001	2.69801		-0.30045     0.2    0.2		4.1705503158		-1.0
	13500.00000001	3.10056		-0.3923     0.2    0.2		4.1705503158		-1.0
	13545.00000001	2.60206		-0.84228     0.2    0.2		4.1705503158		-1.0
	13590.00000001	3.24796		-0.81541     0.2    0.2		4.1705503158		-1.0
	13635.00000001	2.78844		-1.05645     0.2    0.2		4.1705503158		-1.0
	13680.00000001	2.89582		-0.51123     0.2    0.2		4.1705503158		-1.0
	13725.00000001	3.08355		-0.44901     0.2    0.2		4.1705503158		-1.0
	13770.00000001	2.70838		0.08783     0.2    0.2		4.1705503158		-1.0
	13815.00000001	3.3522		0.42138     0.2    0.2		4.1705503158		-1.0
	13860.00000001	3.37849		0.76527     0.2    0.2		4.1705503158		-1.0
	13905.00000001	2.64894		0.6224     0.2    0.2		4.1705503158		-1.0
	13950.00000001	2.96962		1.23416     0.2    0.2		4.1705503158		-1.0
	13995.00000001	2.79182		0.34414     0.2    0.2		4.1705503158		-1.0
	14040.00000001	2.65809		0.5092     0.2    0.2		4.1705503158		-1.0
	14085.00000001	2.9169		-0.04636     0.2    0.2		4.1705503158		-1.0
	14130.00000001	3.25771		-0.38721     0.2    0.2		4.1705503158		-1.0
	14175.00000001	3.22935		-1.0204     0.2    0.2		4.1705503158		-1.0
	14220.00000001	3.26408		-0.86932     0.2    0.2		4.1705503158		-1.0
	14265.00000000	3.09544		-1.24723     0.2    0.2		4.1705503158		-1.0
	14310.00000000	3.25587		-1.3578     0.2    0.2		4.1705503158		-1.0
	14355.00000000	2.67334		-1.83973     0.2    0.2		4.1705503158		-1.0
	14400.00000000	2.7239		-1.8191     0.2    0.2		4.1705503158		-1.0
	14445.00000000	3.26462		-2.42134     0.2    0.2		4.1705503158		-1.0
	14490.00000000	2.85222		-2.27916     0.2    0.2		4.1705503158		-1.0
	14535.00000000	2.91019		-2.71806     0.2    0.2		4.1705503158		-1.0
	14580.00000000	3.18079		-2.46597     0.2    0.2		4.1705503158		-1.0
	14625.00000000	2.5642		-2.60471     0.2    0.2		4.1705503158		-1.0
	14670.00000000	3.22958		-2.88587     0.2    0.2		4.1705503158		-1.0
	14715.00000000	3.48846		-2.67918     0.2    0.2		4.1705503158		-1.0
	14760.00000000	3.01789		-2.96639     0.2    0.2		4.1705503158		-1.0
	14805.00000000	2.61538		3.05895     0.2    0.2		4.1705503158		-1.0
	14850.00000000	2.72892		2.88228     0.2    0.2		4.1705503158		-1.0
	14895.00000000	2.8418		2.64898     0.2    0.2		4.1705503158		-1.0
	14940.00000000	2.73485		2.40146     0.2    0.2		4.1705503158		-1.0
	14985.00000000	3.11453		2.18707     0.2    0.2		4.1705503158		-1.0
	15030.00000000	3.112		1.86993     0.2    0.2		4.1705503158		-1.0
	15075.00000000	3.30793		1.72704     0.2    0.2		4.1705503158		-1.0
	15120.00000000	3.17045		1.44344     0.2    0.2		4.1705503158		-1.0
	15165.00000000	3.34405		1.1616     0.2    0.2		4.1705503158		-1.0
	15210.00000000	3.15371		0.83391     0.2    0.2		4.1705503158		-1.0
	15255.00000000	3.03734		0.61589     0.2    0.2		4.1705503158		-1.0
	15300.00000000	3.38174		-0.13173     0.2    0.2		4.1705503158		-1.0
	15345.00000000	2.71424		-0.27351     0.2    0.2		4.1705503158		-1.0
	15390.00000000	2.75136		-0.86948     0.2    0.2		4.1705503158		-1.0
	15435.00000000	2.70806		-0.7583     0.2    0.2		4.1705503158		-1.0
	15480.00000000	2.68492		-1.18814     0.2    0.2		4.1705503158		-1.0
	15525.00000000	2.8693		-0.76746     0.2    0.2		4.1705503158		-1.0
	15570.00000000	3.2992		-1.23356     0.2    0.2		4.1705503158		-1.0
	15615.00000000	2.76291		-1.08103     0.2    0.2		4.1705503158		-1.0
	15660.00000000	2.83624		-1.54851     0.2    0.2		4.1705503158		-1.0
	15705.00000000	3.52493		-1.42712     0.2    0.2		4.1705503158		-1.0
	15750.00000000	2.74749		-1.82746     0.2    0.2		4.1705503158		-1.0
	15795.00000000	3.03202		-1.95927     0.2    0.2		4.1705503158		-1.0
	15840.00000000	3.19834		-2.29212     0.2    0.2		4.1705503158		-1.0
	15885.00000000	3.33461		-2.15917     0.2    0.2		4.1705503158		-1.0
	15930.00000000	2.66467		-2.58366     0.2    0.2		4.1705503158		-1.0
	15975.00000000	2.72968		-2.45334     0.2    0.2		4.1705503158		-1.0
	16020.00000000	3.55729		-2.25752     0.2    0.2		4.1705503158		-1.0
	16065.00000000	2.90224		-2.3014     0.2    0.2		4.1705503158		-1.0
	16110.00000000	3.20624		-1.91693     0.2    0.2		4.1705503158		-1.0
	16155.00000000	3.15841		-1.99391     0.2    0.2		4.1705503158		-1.0
	16200.00000000	3.11561		-1.56257     0.2    0.2		4.1705503158		-1.0
	16245.00000000	2.93186		-1.42676     0.2    0.2		4.1705503158		-1.0
	16290.00000000	2.99541		-1.18081     0.2    0.2		4.1705503158		-1.0
	16335.00000000	3.20601		-1.09326     0.2    0.2		4.1705503158		-1.0
	16380.00000000	3.30203		-0.74882     0.2    0.2		4.1705503158		-1.0
	16425.00000000	3.21413		-0.44023     0.2    0.2		4.1705503158		-1.0
	16470.00000000	3.09246		0.32281     0.2    0.2		4.1705503158		-1.0
	16515.00000000	3.20888		0.07806     0.2    0.2		4.1705503158		-1.0
	16560.00000000	2.84003		0.88438     0.2    0.2		4.1705503158		-1.0
	16605.00000000	2.76096		0.36459     0.2    0.2		4.1705503158		-1.0
	16650.00000000	2.63719		0.79634     0.2    0.2		4.1705503158		-1.0
	16695.00000000	2.77471		0.2226     0.2    0.2		4.1705503158		-1.0
	16740.00000000	2.76812		-0.02931     0.2    0.2		4.1705503158		-1.0
	16785.00000000	2.93202		-0.85219     0.2    0.2		4.1705503158		-1.0
	16830.00000000	2.67574		-0.57361     0.2    0.2		4.1705503158		-1.0
	16875.00000000	2.73818		-0.75938     0.2    0.2		4.1705503158		-1.0
	16920.00000000	2.81004		-0.16024     0.2    0.2		4.1705503158		-1.0
	16965.00000000	3.31402		0.01868     0.2    0.2		4.1705503158		-1.0
	17010.00000000	3.34009		0.88828     0.2    0.2		4.1705503158		-1.0
	17055.00000000	3.02329		1.26729     0.2    0.2		4.1705503158		-1.0
	17100.00000000	2.68292		2.05399     0.2    0.2		4.1705503158		-1.0
	17145.00000000	2.77566		2.37278     0.2    0.2		4.1705503158		-1.0
	17190.00000000	2.7093		2.67572     0.2    0.2		4.1705503158		-1.0
	17235.00000000	2.8814		3.12844     0.2    0.2		4.1705503158		-1.0
	17280.00000000	2.70464		3.00697     0.2    0.2		4.1705503158		-1.0
	17325.00000000	2.74436		3.1403     0.2    0.2		4.1705503158		-1.0
	17370.00000000	2.77991		2.74202     0.2    0.2		4.1705503158		-1.0
	17415.00000000	2.83988		2.1326     0.2    0.2		4.1705503158		-1.0
	17460.00000000	2.73157		1.84611     0.2    0.2		4.1705503158		-1.0
	17505.00000000	2.75455		1.40794     0.2    0.2		4.1705503158		-1.0
	17550.00000000	2.80203		1.52027     0.2    0.2		4.1705503158		-1.0
	17595.00000000	2.67713		1.22549     0.2    0.2		4.1705503158		-1.0
	17640.00000000	2.66964		1.91742     0.2    0.2		4.1705503158		-1.0
	17685.00000000	2.78095		1.97535     0.2    0.2		4.1705503158		-1.0
	17730.00000000	3.07474		2.37631     0.2    0.2		4.1705503158		-1.0
	17775.00000000	3.0228		2.50933     0.2    0.2		4.1705503158		-1.0
	17820.00000000	3.32553		2.6082     0.2    0.2		4.1705503158		-1.0
	17865.00000000	2.81979		2.79634     0.2    0.2		4.1705503158		-1.0
	17910.00000000	2.97419		2.53361     0.2    0.2		4.1705503158		-1.0
	17955.00000000	2.60788		2.51493     0.2    0.2		4.1705503158		-1.0
	18000.00000000	2.68226		2.17165     0.2    0.2		4.1705503158		-1.0
	18045.00000000	2.84764		2.03677     0.2    0.2		4.1705503158		-1.0
	18090.00000000	3.09309		2.08852     0.2    0.2		4.1705503158		-1.0
	18135.00000000	3.17113		1.76349     0.2    0.2		4.1705503158		-1.0
	18180.00000000	3.31549		2.23672     0.2    0.2		4.1705503158		-1.0
	18225.00000000	3.45835		1.96369     0.2    0.2		4.1705503158		-1.0
	18270.00000000	3.49251		2.28846     0.2    0.2		4.1705503158		-1.0
	18315.00000000	3.1346		2.24317     0.2    0.2		4.1705503158		-1.0
	18360.00000000	3.27294		2.23014     0.2    0.2		4.1705503158		-1.0
	18405.00000000	2.85255		2.4751     0.2    0.2		4.1705503158		-1.0
	18450.00000000	2.71423		2.30323     0.2    0.2		4.1705503158		-1.0
	18495.00000000	2.56892		2.4432     0.2    0.2		4.1705503158		-1.0
	18540.00000000	3.08071		2.45459     0.2    0.2		4.1705503158		-1.0
	18585.00000000	3.3611		2.63481     0.2    0.2		4.1705503158		-1.0
	18630.00000000	3.26526		2.81646     0.2    0.2		4.1705503158		-1.0
	18675.00000000	3.36916		3.03737     0.2    0.2		4.1705503158		-1.0
	18720.00000000	3.26249		-2.92751     0.2    0.2		4.1705503158		-1.0
	18765.00000000	3.01961		-2.82528     0.2    0.2		4.1705503158		-1.0
	18810.00000000	2.77792		-2.53305     0.2    0.2		4.1705503158		-1.0
	18855.00000000	2.72229		-2.60024     0.2    0.2		4.1705503158		-1.0
	18900.00000000	2.70242		-2.1744     0.2    0.2		4.1705503158		-1.0
	18945.00000000	2.66867		-2.10384     0.2    0.2		4.1705503158		-1.0
	18990.00000000	2.86265		-1.56567     0.2    0.2		4.1705503158		-1.0
	19035.00000000	2.63147		-1.66438     0.2    0.2		4.1705503158		-1.0
	19080.00000000	2.65683		-1.31514     0.2    0.2		4.1705503158		-1.0
	19125.00000000	2.86691		-1.36561     0.2    0.2		4.1705503158		-1.0
	19170.00000000	2.70596		-1.41774     0.2    0.2		4.1705503158		-1.0
	19215.00000000	2.86776		-1.6648     0.2    0.2		4.1705503158		-1.0
	19260.00000000	2.86071		-1.88708     0.2    0.2		4.1705503158		-1.0
	19305.00000000	3.06258		-2.35828     0.2    0.2		4.1705503158		-1.0
	19350.00000000	3.27455		-2.65568     0.2    0.2		4.1705503158		-1.0
	19395.00000000	2.67805		-2.88431     0.2    0.2		4.1705503158		-1.0
	19440.00000000	3.05281		3.11847     0.2    0.2		4.1705503158		-1.0
	19485.00000000	2.92218		2.86447     0.2    0.2		4.1705503158		-1.0
	19530.00000000	2.73178		2.47211     0.2    0.2		4.1705503158		-1.0
	19575.00000000	2.8164		2.13459     0.2    0.2		4.1705503158		-1.0
	19620.00000000	2.72308		1.63605     0.2    0.2		4.1705503158		-1.0
	19665.00000000	2.90269		1.40627     0.2    0.2		4.1705503158		-1.0
	19710.00000000	2.76108		0.78113     0.2    0.2		4.1705503158		-1.0
	19755.00000000	2.68842		0.28118     0.2    0.2		4.1705503158		-1.0
	19800.00000000	2.66462		0.26578     0.2    0.2		4.1705503158		-1.0
	19845.00000000	3.33706		-0.37342     0.2    0.2		4.1705503158		-1.0
	19890.00000000	3.3739		-0.59348     0.2    0.2		4.1705503158		-1.0
	19935.00000000	3.33908		-0.71553     0.2    0.2		4.1705503158		-1.0
	19980.00000000	3.38624		-0.56076     0.2    0.2		4.1705503158		-1.0
	20025.00000000	3.23464		-0.13011     0.2    0.2		4.1705503158		-1.0
	20070.00000000	3.18094		0.26465     0.2    0.2		4.1705503158		-1.0
	20115.00000000	3.1605		0.8544     0.2    0.2		4.1705503158		-1.0
	20160.00000000	3.22874		0.76562     0.2    0.2		4.1705503158		-1.0
	20205.00000000	3.34539		0.93918     0.2    0.2		4.1705503158		-1.0
	20250.00000000	3.30902		0.88946     0.2    0.2		4.1705503158		-1.0
	20295.00000000	3.4006		1.46159     0.2    0.2		4.1705503158		-1.0
	20340.00000000	3.34307		1.44438     0.2    0.2		4.1705503158		-1.0
	20385.00000000	3.46059		1.83514     0.2    0.2		4.1705503158		-1.0
	20430.00000000	3.27994		2.00962     0.2    0.2		4.1705503158		-1.0
	20475.00000000	3.39212		2.73133     0.2    0.2		4.1705503158		-1.0
	20520.00000000	3.29689		2.9178     0.2    0.2		4.1705503158		-1.0
	20565.00000000	3.2436		3.12328     0.2    0.2		4.1705503158		-1.0
	20610.00000000	3.38021		-2.82616     0.2    0.2		4.1705503158		-1.0
	20655.00000000	3.14636		-2.53442     0.2    0.2		4.1705503158		-1.0
	20700.00000000	3.53341		-2.2232     0.2    0.2		4.1705503158		-1.0
	20744.99999999	3.35116		-1.74086     0.2    0.2		4.1705503158		-1.0
	20789.99999999	2.97501		-1.76863     0.2    0.2		4.1705503158		-1.0
	20834.99999999	3.28173		-1.32901     0.2    0.2		4.1705503158		-1.0
	20879.99999999	3.47792		-1.15335     0.2    0.2		4.1705503158		-1.0
	20924.99999999	3.29241		-0.60393     0.2    0.2		4.1705503158		-1.0
	20969.99999999	3.31452		-0.08555     0.2    0.2		4.1705503158		-1.0
	21014.99999999	2.74049		0.80741     0.2    0.2		4.1705503158		-1.0
	21059.99999999	2.847		1.14359     0.2    0.2		4.1705503158		-1.0
	21104.99999999	3.51559		1.30856     0.2    0.2		4.1705503158		-1.0
	21149.99999999	3.17983		1.73258     0.2    0.2		4.1705503158		-1.0
	21194.99999999	3.23211		2.08221     0.2    0.2		4.1705503158		-1.0
	21239.99999999	3.3964		2.221     0.2    0.2		4.1705503158		-1.0
	21284.99999999	3.26169		2.60377     0.2    0.2		4.1705503158		-1.0
	21329.99999999	3.39986		2.50736     0.2    0.2		4.1705503158		-1.0
	21374.99999999	3.35045		3.08531     0.2    0.2		4.1705503158		-1.0
	21419.99999999	3.31453		2.96471     0.2    0.2		4.1705503158		-1.0
	21464.99999999	2.64064		-3.11491     0.2    0.2		4.1705503158		-1.0
	21509.99999999	3.37302		-2.8435     0.2    0.2		4.1705503158		-1.0
	21554.99999999	2.6378		-2.78287     0.2    0.2		4.1705503158		-1.0
	21599.99999999	2.64507		-2.77897     0.2    0.2		4.1705503158		-1.0
	21644.99999999	3.53165		-2.33796     0.2    0.2		4.1705503158		-1.0
	21689.99999999	2.67548		-2.51235     0.2    0.2		4.1705503158		-1.0
	21734.99999999	3.3296		-2.14824     0.2    0.2		4.1705503158		-1.0
	21779.99999999	3.3607		-2.10294     0.2    0.2		4.1705503158		-1.0
	21824.99999999	3.36343		-1.68928     0.2    0.2		4.1705503158		-1.0
	21869.99999999	3.32973		-1.63549     0.2    0.2		4.1705503158		-1.0
	21914.99999999	3.3715		-1.2093     0.2    0.2		4.1705503158		-1.0
	21959.99999999	3.3009		-1.16401     0.2    0.2		4.1705503158		-1.0
	22004.99999999	2.91569		-0.73942     0.2    0.2		4.1705503158		-1.0
	22049.99999999	2.74958		-0.20428     0.2    0.2		4.1705503158		-1.0
	22094.99999999	3.25957		0.27345     0.2    0.2		4.1705503158		-1.0
	22139.99999999	2.99567		0.76064     0.2    0.2		4.1705503158		-1.0
	22184.99999999	3.39152		0.88037     0.2    0.2		4.1705503158		-1.0
	22229.99999999	2.95091		1.54643     0.2    0.2		4.1705503158		-1.0
	22274.99999999	2.66926		1.63475     0.2    0.2		4.1705503158		-1.0
	22319.99999999	2.83016		2.00049     0.2    0.2		4.1705503158		-1.0
	22364.99999999	2.6223		2.20678     0.2    0.2		4.1705503158		-1.0
	22409.99999999	2.65978		2.27218     0.2    0.2		4.1705503158		-1.0
	22454.99999999	2.68476		2.22036     0.2    0.2		4.1705503158		-1.0
	22499.99999999	2.90785		1.60691     0.2    0.2		4.1705503158		-1.0
	22544.99999999	2.675		1.89348     0.2    0.2		4.1705503158		-1.0
	22589.99999999	2.72606		1.37927     0.2    0.2		4.1705503158		-1.0
	22634.99999999	2.68057		0.93327     0.2    0.2		4.1705503158		-1.0
	22679.99999999	2.8752		0.15065     0.2    0.2		4.1705503158		-1.0
	22724.99999999	3.23245		-0.56688     0.2    0.2		4.1705503158		-1.0
	22769.99999999	3.32877		-0.74989     0.2    0.2		4.1705503158		-1.0
	22814.99999999	3.2323		-0.2938     0.2    0.2		4.1705503158		-1.0
	22859.99999999	3.06071		0.24678     0.2    0.2		4.1705503158		-1.0
	22904.99999999	3.44549		0.33416     0.2    0.2		4.1705503158		-1.0
	22949.99999999	3.44302		0.06447     0.2    0.2		4.1705503158		-1.0
	22994.99999999	2.72869		-0.27752     0.2    0.2		4.1705503158		-1.0
	23039.99999999	2.87932		0.00324     0.2    0.2		4.1705503158		-1.0
	23084.99999999	3.55218		-0.18499     0.2    0.2		4.1705503158		-1.0
	23129.99999999	2.82882		0.31191     0.2    0.2		4.1705503158		-1.0
	23174.99999999	2.70457		0.61232     0.2    0.2		4.1705503158		-1.0
	23219.99999999	2.5937		0.55991     0.2    0.2		4.1705503158		-1.0
	23264.99999999	2.65461		1.05123     0.2    0.2		4.1705503158		-1.0
	23309.99999999	2.68823		0.91329     0.2    0.2		4.1705503158		-1.0
	23354.99999999	2.66106		1.01842     0.2    0.2		4.1705503158		-1.0
	23399.99999999	2.71733		1.01517     0.2    0.2		4.1705503158		-1.0
	23444.99999999	2.66123		1.10152     0.2    0.2		4.1705503158		-1.0
	23489.99999999	2.62886		1.15669     0.2    0.2		4.1705503158		-1.0
	23534.99999999	2.70449		0.4474     0.2    0.2		4.1705503158		-1.0
	23579.99999999	2.68713		0.64587     0.2    0.2		4.1705503158		-1.0
	23624.99999999	2.76021		-0.42914     0.2    0.2		4.1705503158		-1.0
	23669.99999999	2.7439		-0.97774     0.2    0.2		4.1705503158		-1.0
	23714.99999999	2.66947		-1.45114     0.2    0.2		4.1705503158		-1.0
	23759.99999999	2.66724		-1.83425     0.2    0.2		4.1705503158		-1.0
	23804.99999999	2.78598		-2.26687     0.2    0.2		4.1705503158		-1.0
	23849.99999999	3.36225		-2.34062     0.2    0.2		4.1705503158		-1.0
	23894.99999999	3.12817		-2.78902     0.2    0.2		4.1705503158		-1.0
	23939.99999999	3.03389		-2.83507     0.2    0.2		4.1705503158		-1.0
	23984.99999999	3.25498		-3.13955     0.2    0.2		4.1705503158		-1.0
	24029.99999999	3.16403		3.06777     0.2    0.2		4.1705503158		-1.0
	24074.99999999	2.95208		2.72389     0.2    0.2		4.1705503158		-1.0
	24119.99999999	2.57183		2.66145     0.2    0.2		4.1705503158		-1.0
	24164.99999999	3.59858		2.4089     0.2    0.2		4.1705503158		-1.0
	24209.99999999	3.11636		2.45967     0.2    0.2		4.1705503158		-1.0
	24254.99999999	3.22695		2.11586     0.2    0.2		4.1705503158		-1.0
	24299.99999999	3.28385		1.85659     0.2    0.2		4.1705503158		-1.0
	24344.99999999	3.20415		1.53998     0.2    0.2		4.1705503158		-1.0
	24389.99999999	3.22944		1.49785     0.2    0.2		4.1705503158		-1.0
	24434.99999999	3.36151		1.0367     0.2    0.2		4.1705503158		-1.0
	24479.99999999	3.37946		0.73965     0.2    0.2		4.1705503158		-1.0
	24524.99999999	3.30208		0.44415     0.2    0.2		4.1705503158		-1.0
	24569.99999999	3.53937		0.03757     0.2    0.2		4.1705503158		-1.0
	24614.99999999	3.33135		-0.37037     0.2    0.2		4.1705503158		-1.0
	24659.99999999	3.40022		-0.82894     0.2    0.2		4.1705503158		-1.0
	24704.99999999	3.53349		-1.16583     0.2    0.2		4.1705503158		-1.0
	24749.99999999	3.15512		-1.64491     0.2    0.2		4.1705503158		-1.0
	24794.99999999	3.43791		-1.64441     0.2    0.2		4.1705503158		-1.0
	24839.99999999	3.17605		-2.14405     0.2    0.2		4.1705503158		-1.0
	24884.99999999	2.95491		-2.34742     0.2    0.2		4.1705503158		-1.0
	24929.99999999	2.74497		-2.88563     0.2    0.2		4.1705503158		-1.0
	24974.99999999	2.86939		-3.00551     0.2    0.2		4.1705503158		-1.0
	25019.99999999	2.64446		2.73465     0.2    0.2		4.1705503158		-1.0
	25064.99999999	2.68962		2.48481     0.2    0.2		4.1705503158		-1.0
	25109.99999999	2.68118		2.32812     0.2    0.2		4.1705503158		-1.0
	25154.99999999	2.62786		1.88571     0.2    0.2		4.1705503158		-1.0
	25199.99999999	2.74616		1.76523     0.2    0.2		4.1705503158		-1.0
	25244.99999999	2.65919		1.54211     0.2    0.2		4.1705503158		-1.0
	25289.99999999	2.61872		1.32339     0.2    0.2		4.1705503158		-1.0
	25334.99999999	3.49523		1.0983     0.2    0.2		4.1705503158		-1.0
	25379.99999999	2.91806		1.0104     0.2    0.2		4.1705503158		-1.0
	25424.99999999	2.94726		0.5902     0.2    0.2		4.1705503158		-1.0
	25469.99999999	3.62864		-0.00468     0.2    0.2		4.1705503158		-1.0
	25514.99999999	2.96653		-0.50117     0.2    0.2		4.1705503158		-1.0
	25559.99999999	4.28693		-0.48392     0.2    0.2		4.1705503158		-1.0
	25604.99999999	6.57488		-0.56106     0.2    0.2		4.1705503158		-1.0
	25649.99999999	8.63295		-0.59002     0.2    0.2		4.1705503158		-1.0
	25694.99999999	10.70993		-0.57457     0.2    0.2		4.1705503158		-1.0
	25739.99999999	12.80478		-0.37873     0.2    0.2		4.1705503158		-1.0
	25784.99999999	14.57575		0.80903     0.2    0.2		4.1705503158		-1.0
	25829.99999999	15.81279		1.9545     0.2    0.2		4.1705503158		-1.0
	25874.99999999	16.98351		2.2531     0.2    0.2		4.1705503158		-1.0
	25919.99999999	17.947		2.52178     0.2    0.2		4.1705503158		-1.0
	25964.99999999	18.87796		2.58853     0.2    0.2		4.1705503158		-1.0
	26009.99999999	19.77992		2.66243     0.2    0.2		4.1705503158		-1.0
	26054.99999999	20.78582		2.75993     0.2    0.2		4.1705503158		-1.0
	26099.99999999	21.77577		2.88552     0.2    0.2		4.1705503158		-1.0
	26144.99999999	22.80809		3.02566     0.2    0.2		4.1705503158		-1.0
	26189.99999999	21.86287		-3.05399     0.2    0.2		4.1705503158		-1.0
	26234.99999999	20.9185		-2.47153     0.2    0.2		4.1705503158		-1.0
	26279.99999999	19.86049		2.63831     0.2    0.2		4.1705503158		-1.0
	26324.99999999	18.9788		2.28514     0.2    0.2		4.1705503158		-1.0
	26369.99999999	18.01696		1.59056     0.2    0.2		4.1705503158		-1.0
	26414.99999999	17.28048		1.18537     0.2    0.2		4.1705503158		-1.0
	26459.99999999	16.44428		0.94409     0.2    0.2		4.1705503158		-1.0
	26504.99999999	15.47584		0.68088     0.2    0.2		4.1705503158		-1.0
	26549.99999999	14.25403		0.52649     0.2    0.2		4.1705503158		-1.0
	26594.99999999	13.19721		0.42107     0.2    0.2		4.1705503158		-1.0
	26639.99999999	11.75882		0.26336     0.2    0.2		4.1705503158		-1.0
	26684.99999999	10.36467		0.087     0.2    0.2		4.1705503158		-1.0
	26729.99999999	8.99193		-0.0009     0.2    0.2		4.1705503158		-1.0
	26774.99999999	7.66739		-0.20302     0.2    0.2		4.1705503158		-1.0
	26819.99999999	6.60383		-0.37745     0.2    0.2		4.1705503158		-1.0
	26864.99999999	5.96431		-0.48935     0.2    0.2		4.1705503158		-1.0
	26909.99999999	6.54893		-0.35709     0.2    0.2		4.1705503158		-1.0
	26954.99999999	7.61692		-0.3733     0.2    0.2		4.1705503158		-1.0
	26999.99999999	8.79122		-0.54587     0.2    0.2		4.1705503158		-1.0
	27044.99999999	9.94109		-0.77839     0.2    0.2		4.1705503158		-1.0
	27089.99999999	10.88228		-1.17617     0.2    0.2		4.1705503158		-1.0
	27134.99999999	11.65252		-1.37838     0.2    0.2		4.1705503158		-1.0
	27179.99999999	12.47063		-1.62038     0.2    0.2		4.1705503158		-1.0
	27224.99999998	13.42792		-1.49714     0.2    0.2		4.1705503158		-1.0
	27269.99999998	14.26249		-1.2502     0.2    0.2		4.1705503158		-1.0
	27314.99999998	15.11669		-0.64186     0.2    0.2		4.1705503158		-1.0
	27359.99999998	15.91691		-0.26153     0.2    0.2		4.1705503158		-1.0
	27404.99999998	16.80253		-0.01111     0.2    0.2		4.1705503158		-1.0
	27449.99999998	17.47524		0.17809     0.2    0.2		4.1705503158		-1.0
	27494.99999998	18.20155		0.20375     0.2    0.2		4.1705503158		-1.0
	27539.99999998	18.89239		0.51369     0.2    0.2		4.1705503158		-1.0
	27584.99999998	19.90628		0.54766     0.2    0.2		4.1705503158		-1.0
	27629.99999998	20.60867		1.85062     0.2    0.2		4.1705503158		-1.0
	27674.99999998	21.68289		-1.27987     0.2    0.2		4.1705503158		-1.0
	27719.99999998	22.51072		-1.79723     0.2    0.2		4.1705503158		-1.0
	27764.99999998	23.37515		-1.24836     0.2    0.2		4.1705503158		-1.0
	27809.99999998	24.39425		-1.098     0.2    0.2		4.1705503158		-1.0
	27854.99999998	25.31337		-0.87614     0.2    0.2		4.1705503158		-1.0
	27899.99999998	25.45104		-0.77856     0.2    0.2		4.1705503158		-1.0
	27944.99999998	25.33514		-0.57461     0.2    0.2		4.1705503158		-1.0
	27989.99999998	25.29222		-0.17351     0.2    0.2		4.1705503158		-1.0
	28034.99999998	25.70503		0.12738     0.2    0.2		4.1705503158		-1.0
	28079.99999998	26.6565		-1.07967     0.2    0.2		4.1705503158		-1.0
	28124.99999998	27.84141		-1.00041     0.2    0.2		4.1705503158		-1.0
	28169.99999998	28.61528		1.35576     0.2    0.2		4.1705503158		-1.0
	28214.99999998	28.61582		-0.71362     0.2    0.2		4.1705503158		-1.0
	28259.99999998	29.32122		-0.50009     0.2    0.2		4.1705503158		-1.0
	28304.99999998	29.7975		0.10962     0.2    0.2		4.1705503158		-1.0
	28349.99999998	29.73906		0.84433     0.2    0.2		4.1705503158		-1.0
	28394.99999998	29.54125		-2.9836     0.2    0.2		4.1705503158		-1.0
	28439.99999998	29.24459		-3.12897     0.2    0.2		4.1705503158		-1.0
	28484.99999998	28.81794		2.87373     0.2    0.2		4.1705503158		-1.0
	28529.99999998	27.48913		2.77113     0.2    0.2		4.1705503158		-1.0
	28574.99999998	26.061		2.66282     0.2    0.2		4.1705503158		-1.0
	28619.99999998	24.50583		2.60757     0.2    0.2		4.1705503158		-1.0
	28664.99999998	22.85938		2.52357     0.2    0.2		4.1705503158		-1.0
	28709.99999998	21.47791		2.49965     0.2    0.2		4.1705503158		-1.0
	28754.99999998	20.17237		2.09259     0.2    0.2		4.1705503158		-1.0
	28799.99999998	18.73939		1.83333     0.2    0.2		4.1705503158		-1.0
	28844.99999998	17.65186		0.8595     0.2    0.2		4.1705503158		-1.0
	28889.99999998	17.04571		0.23612     0.2    0.2		4.1705503158		-1.0
	28934.99999998	16.39539		-0.79433     0.2    0.2		4.1705503158		-1.0
	28979.99999998	16.19613		-2.11992     0.2    0.2		4.1705503158		-1.0
	29024.99999998	15.68684		-2.24354     0.2    0.2		4.1705503158		-1.0
	29069.99999998	15.19157		-2.68662     0.2    0.2		4.1705503158		-1.0
	29114.99999998	14.4598		-2.85394     0.2    0.2		4.1705503158		-1.0
	29159.99999998	13.73823		3.09558     0.2    0.2		4.1705503158		-1.0
	29204.99999998	12.84493		2.87541     0.2    0.2		4.1705503158		-1.0
	29249.99999998	11.53994		2.63566     0.2    0.2		4.1705503158		-1.0
	29294.99999998	10.24531		2.4928     0.2    0.2		4.1705503158		-1.0
	29339.99999998	8.79795		2.35874     0.2    0.2		4.1705503158		-1.0
	29384.99999998	7.33691		2.22224     0.2    0.2		4.1705503158		-1.0
	29429.99999998	5.93885		2.20629     0.2    0.2		4.1705503158		-1.0
	29474.99999998	5.26127		1.94469     0.2    0.2		4.1705503158		-1.0
	29519.99999998	6.29231		1.49837     0.2    0.2		4.1705503158		-1.0
	29564.99999998	7.59547		1.1062     0.2    0.2		4.1705503158		-1.0
	29609.99999998	8.96072		1.02564     0.2    0.2		4.1705503158		-1.0
	29654.99999998	9.92306		0.81194     0.2    0.2		4.1705503158		-1.0
	29699.99999998	11.06498		0.75234     0.2    0.2		4.1705503158		-1.0
	29744.99999998	12.13147		0.71466     0.2    0.2		4.1705503158		-1.0
	29789.99999998	12.94161		0.5303     0.2    0.2		4.1705503158		-1.0
	29834.99999998	13.56581		0.18355     0.2    0.2		4.1705503158		-1.0
	29879.99999998	14.26871		-0.69846     0.2    0.2		4.1705503158		-1.0
	29924.99999998	15.05816		-1.24149     0.2    0.2		4.1705503158		-1.0
	29969.99999998	15.785		-1.84441     0.2    0.2		4.1705503158		-1.0
	30014.99999998	16.77502		-1.88077     0.2    0.2		4.1705503158		-1.0
	30059.99999998	17.74623		-1.94636     0.2    0.2		4.1705503158		-1.0
	30104.99999998	18.80735		-2.07207     0.2    0.2		4.1705503158		-1.0
	30149.99999998	19.89519		-2.24448     0.2    0.2		4.1705503158		-1.0
	30194.99999998	20.94649		-2.40344     0.2    0.2		4.1705503158		-1.0
	30239.99999998	22.12041		-2.62976     0.2    0.2		4.1705503158		-1.0
	30284.99999998	23.19888		-2.827     0.2    0.2		4.1705503158		-1.0
	30329.99999998	24.35419		-3.10834     0.2    0.2		4.1705503158		-1.0
	30374.99999998	25.4986		3.01152     0.2    0.2		4.1705503158		-1.0
	30419.99999998	26.70722		2.77887     0.2    0.2		4.1705503158		-1.0
	30464.99999998	26.08002		2.59135     0.2    0.2		4.1705503158		-1.0
	30509.99999998	25.13712		2.58621     0.2    0.2		4.1705503158		-1.0
	30554.99999998	24.21845		2.69771     0.2    0.2		4.1705503158		-1.0
	30599.99999998	23.12395		2.99587     0.2    0.2		4.1705503158		-1.0
	30644.99999998	22.30904		3.086     0.2    0.2		4.1705503158		-1.0
	30689.99999998	21.35562		-2.98751     0.2    0.2		4.1705503158		-1.0
	30734.99999998	20.32511		-2.98397     0.2    0.2		4.1705503158		-1.0
	30779.99999998	19.22145		-3.00828     0.2    0.2		4.1705503158		-1.0
	30824.99999998	18.10668		2.07006     0.2    0.2		4.1705503158		-1.0
	30869.99999998	16.87122		1.06268     0.2    0.2		4.1705503158		-1.0
	30914.99999998	16.09833		0.72404     0.2    0.2		4.1705503158		-1.0
	30959.99999998	15.10806		0.31619     0.2    0.2		4.1705503158		-1.0
	31004.99999998	14.35798		-0.25455     0.2    0.2		4.1705503158		-1.0
	31049.99999998	13.29793		-0.75457     0.2    0.2		4.1705503158		-1.0
	31094.99999998	12.5852		-1.1973     0.2    0.2		4.1705503158		-1.0
	31139.99999998	11.74812		-1.8333     0.2    0.2		4.1705503158		-1.0
	31184.99999998	11.19884		2.32144     0.2    0.2		4.1705503158		-1.0
	31229.99999998	10.88714		1.4053     0.2    0.2		4.1705503158		-1.0
	31274.99999998	10.63753		0.90776     0.2    0.2		4.1705503158		-1.0
	31319.99999998	10.26337		0.47092     0.2    0.2		4.1705503158		-1.0
	31364.99999998	9.4414		0.13226     0.2    0.2		4.1705503158		-1.0
	31409.99999998	8.74559		-0.39902     0.2    0.2		4.1705503158		-1.0
	31454.99999998	7.42735		-0.78397     0.2    0.2		4.1705503158		-1.0
	31499.99999998	6.40212		-1.68076     0.2    0.2		4.1705503158		-1.0
	31544.99999998	5.85106		-2.32864     0.2    0.2		4.1705503158		-1.0
	31589.99999998	6.99346		-3.10523     0.2    0.2		4.1705503158		-1.0
	31634.99999998	8.1555		2.94942     0.2    0.2		4.1705503158		-1.0
	31679.99999998	9.56854		2.80779     0.2    0.2		4.1705503158		-1.0
	31724.99999998	10.39514		3.04867     0.2    0.2		4.1705503158		-1.0
	31769.99999998	11.30284		-2.66072     0.2    0.2		4.1705503158		-1.0
	31814.99999998	12.14538		-2.2974     0.2    0.2		4.1705503158		-1.0
	31859.99999998	13.22364		-1.73061     0.2    0.2		4.1705503158		-1.0
	31904.99999998	14.70622		-1.79081     0.2    0.2		4.1705503158		-1.0
	31949.99999998	16.3718		-1.62874     0.2    0.2		4.1705503158		-1.0
	31994.99999998	17.89841		-2.6386     0.2    0.2		4.1705503158		-1.0
	32039.99999998	19.33559		-1.94725     0.2    0.2		4.1705503158		-1.0
	32084.99999998	20.87725		-1.88616     0.2    0.2		4.1705503158		-1.0
	32129.99999998	22.23071		-1.53893     0.2    0.2		4.1705503158		-1.0
	32174.99999998	23.56302		-1.35476     0.2    0.2		4.1705503158		-1.0
	32219.99999998	24.69784		-0.77329     0.2    0.2		4.1705503158		-1.0
	32264.99999998	25.81552		-0.41853     0.2    0.2		4.1705503158		-1.0
	32309.99999998	26.60428		-0.12181     0.2    0.2		4.1705503158		-1.0
	32354.99999998	27.50206		-0.08497     0.2    0.2		4.1705503158		-1.0
	32399.99999998	28.33862		-0.13266     0.2    0.2		4.1705503158		-1.0
	32444.99999998	29.0746		-0.20975     0.2    0.2		4.1705503158		-1.0
	32489.99999998	29.6203		-0.02664     0.2    0.2		4.1705503158		-1.0
	32534.99999998	30.2964		-0.24296     0.2    0.2		4.1705503158		-1.0
	32579.99999998	30.80855		-0.46116     0.2    0.2		4.1705503158		-1.0
	32624.99999998	31.20707		-0.97875     0.2    0.2		4.1705503158		-1.0
	32669.99999998	31.40815		-0.83075     0.2    0.2		4.1705503158		-1.0
	32714.99999998	31.7075		-0.69236     0.2    0.2		4.1705503158		-1.0
	32759.99999998	31.02137		1.3295     0.2    0.2		4.1705503158		-1.0
	32804.99999998	30.14418		1.60817     0.2    0.2		4.1705503158		-1.0
	32849.99999998	29.1153		1.66258     0.2    0.2		4.1705503158		-1.0
	32894.99999998	27.98994		1.90073     0.2    0.2		4.1705503158		-1.0
	32939.99999998	26.73714		2.05875     0.2    0.2		4.1705503158		-1.0
	32984.99999998	25.40292		2.27477     0.2    0.2		4.1705503158		-1.0
	33029.99999998	24.00331		2.29932     0.2    0.2		4.1705503158		-1.0
	33074.99999998	22.73793		2.27309     0.2    0.2		4.1705503158		-1.0
	33119.99999998	21.36496		1.94849     0.2    0.2		4.1705503158		-1.0
	33164.99999998	20.17164		1.0043     0.2    0.2		4.1705503158		-1.0
	33209.99999998	18.98002		0.75928     0.2    0.2		4.1705503158		-1.0
	33254.99999998	18.16075		0.34533     0.2    0.2		4.1705503158		-1.0
	33299.99999998	17.21372		0.50221     0.2    0.2		4.1705503158		-1.0
	33344.99999998	16.7383		0.55851     0.2    0.2		4.1705503158		-1.0
	33389.99999998	15.91704		0.65071     0.2    0.2		4.1705503158		-1.0
	33434.99999998	14.9886		0.61619     0.2    0.2		4.1705503158		-1.0
	33479.99999998	13.85933		0.48761     0.2    0.2		4.1705503158		-1.0
	33524.99999998	12.63115		0.3179     0.2    0.2		4.1705503158		-1.0
	33569.99999998	11.45795		0.1091     0.2    0.2		4.1705503158		-1.0
	33614.99999998	10.16877		-0.24863     0.2    0.2		4.1705503158		-1.0
	33659.99999998	9.1613		-0.6476     0.2    0.2		4.1705503158		-1.0
	33704.99999998	8.30731		-1.31504     0.2    0.2		4.1705503158		-1.0
	33749.99999997	7.90483		-1.98828     0.2    0.2		4.1705503158		-1.0
	33794.99999997	7.62055		-2.55938     0.2    0.2		4.1705503158		-1.0
	33839.99999997	7.98699		-2.93037     0.2    0.2		4.1705503158		-1.0
	33884.99999997	8.65753		-3.09027     0.2    0.2		4.1705503158		-1.0
	33929.99999997	9.3946		3.10699     0.2    0.2		4.1705503158		-1.0
	33974.99999997	10.03273		3.09002     0.2    0.2		4.1705503158		-1.0
	34019.99999997	10.27624		-3.11425     0.2    0.2		4.1705503158		-1.0
	34064.99999997	10.31402		-2.82781     0.2    0.2		4.1705503158		-1.0
	34109.99999997	10.60206		-2.65635     0.2    0.2		4.1705503158		-1.0
	34154.99999997	11.13534		-1.29037     0.2    0.2		4.1705503158		-1.0
	34199.99999997	12.42178		1.81184     0.2    0.2		4.1705503158		-1.0
	34244.99999997	13.6063		2.18378     0.2    0.2		4.1705503158		-1.0
	34289.99999997	15.06145		2.94986     0.2    0.2		4.1705503158		-1.0
	34334.99999997	16.03714		-2.96385     0.2    0.2		4.1705503158		-1.0
	34379.99999997	16.89534		-2.18255     0.2    0.2		4.1705503158		-1.0
	34424.99999997	17.58263		-1.61835     0.2    0.2		4.1705503158		-1.0
	34469.99999997	18.30445		-0.24804     0.2    0.2		4.1705503158		-1.0
	34514.99999997	18.98579		0.60179     0.2    0.2		4.1705503158		-1.0
	34559.99999997	19.92537		1.71586     0.2    0.2		4.1705503158		-1.0
	34604.99999997	20.83731		2.23337     0.2    0.2		4.1705503158		-1.0
	34649.99999997	22.07682		3.00696     0.2    0.2		4.1705503158		-1.0
	34694.99999997	23.10812		-2.9773     0.2    0.2		4.1705503158		-1.0
	34739.99999997	24.24799		-2.68205     0.2    0.2		4.1705503158		-1.0
	34784.99999997	25.47308		-2.22621     0.2    0.2		4.1705503158		-1.0
	34829.99999997	26.53535		-2.08389     0.2    0.2		4.1705503158		-1.0
	34874.99999997	27.87755		-1.49928     0.2    0.2		4.1705503158		-1.0
	34919.99999997	28.96612		-1.55268     0.2    0.2		4.1705503158		-1.0
	34964.99999997	30.21962		3.0248     0.2    0.2		4.1705503158		-1.0
	35009.99999997	30.58083		2.77554     0.2    0.2		4.1705503158		-1.0
	35054.99999997	31.21284		3.05582     0.2    0.2		4.1705503158		-1.0
	35099.99999997	31.98388		2.81525     0.2    0.2		4.1705503158		-1.0
	35144.99999997	32.84686		2.79785     0.2    0.2		4.1705503158		-1.0
	35189.99999997	33.35215		0.47092     0.2    0.2		4.1705503158		-1.0
	35234.99999997	34.07322		-0.37969     0.2    0.2		4.1705503158		-1.0
	35279.99999997	34.5725		-0.4839     0.2    0.2		4.1705503158		-1.0
	35324.99999997	34.90676		-0.7533     0.2    0.2		4.1705503158		-1.0
	35369.99999997	34.59889		2.23936     0.2    0.2		4.1705503158		-1.0
	35414.99999997	34.18877		2.40399     0.2    0.2		4.1705503158		-1.0
	35459.99999997	33.22559		2.27412     0.2    0.2		4.1705503158		-1.0
	35504.99999997	32.05807		2.11611     0.2    0.2		4.1705503158		-1.0
	35549.99999997	30.86494		1.70927     0.2    0.2		4.1705503158		-1.0
	35594.99999997	29.64097		1.19916     0.2    0.2		4.1705503158		-1.0
	35639.99999997	28.66293		0.53319     0.2    0.2		4.1705503158		-1.0
	35684.99999997	27.74689		-0.13438     0.2    0.2		4.1705503158		-1.0
	35729.99999997	27.1422		-0.33727     0.2    0.2		4.1705503158		-1.0
	35774.99999997	26.28225		-0.75279     0.2    0.2		4.1705503158		-1.0
	35819.99999997	25.57213		-0.87694     0.2    0.2		4.1705503158		-1.0
	35864.99999997	26.06664		-0.96006     0.2    0.2		4.1705503158		-1.0
	35909.99999997	26.74573		-0.63055     0.2    0.2		4.1705503158		-1.0
	35954.99999997	26.97898		0.3324     0.2    0.2		4.1705503158		-1.0
	35999.99999997	26.28246		0.47762     0.2    0.2		4.1705503158		-1.0
	36044.99999997	25.26626		0.16535     0.2    0.2		4.1705503158		-1.0
	36089.99999997	24.76121		-0.30987     0.2    0.2		4.1705503158		-1.0
	36134.99999997	25.11211		-0.74915     0.2    0.2		4.1705503158		-1.0
	36179.99999997	24.73946		-0.8538     0.2    0.2		4.1705503158		-1.0
	36224.99999997	24.09569		-1.62811     0.2    0.2		4.1705503158		-1.0
	36269.99999997	23.67979		-2.23651     0.2    0.2		4.1705503158		-1.0
	36314.99999997	23.23365		-1.75395     0.2    0.2		4.1705503158		-1.0
	36359.99999997	22.48195		-1.3715     0.2    0.2		4.1705503158		-1.0
	36404.99999997	21.37218		-0.95764     0.2    0.2		4.1705503158		-1.0
	36449.99999997	19.91524		-0.66472     0.2    0.2		4.1705503158		-1.0
	36494.99999997	18.33497		-0.73412     0.2    0.2		4.1705503158		-1.0
	36539.99999997	16.9266		-1.26468     0.2    0.2		4.1705503158		-1.0
	36584.99999997	16.30175		-2.91873     0.2    0.2		4.1705503158		-1.0
	36629.99999997	16.57871		2.76482     0.2    0.2		4.1705503158		-1.0
	36674.99999997	17.49367		2.75368     0.2    0.2		4.1705503158		-1.0
	36719.99999997	18.6503		-3.09338     0.2    0.2		4.1705503158		-1.0
	36764.99999997	19.24476		-1.93045     0.2    0.2		4.1705503158		-1.0
	36809.99999997	19.18688		-0.95863     0.2    0.2		4.1705503158		-1.0
	36854.99999997	18.4485		-0.71696     0.2    0.2		4.1705503158		-1.0
	36899.99999997	17.66827		-1.29055     0.2    0.2		4.1705503158		-1.0
	36944.99999997	17.2003		-2.04992     0.2    0.2		4.1705503158		-1.0
	36989.99999997	17.72719		-2.5738     0.2    0.2		4.1705503158		-1.0
	37034.99999997	18.75926		-2.86481     0.2    0.2		4.1705503158		-1.0
	37079.99999997	19.91292		-1.83229     0.2    0.2		4.1705503158		-1.0
	37124.99999997	20.44174		-0.48119     0.2    0.2		4.1705503158		-1.0
	37169.99999997	20.14705		0.08797     0.2    0.2		4.1705503158		-1.0
	37214.99999997	19.55627		0.1135     0.2    0.2		4.1705503158		-1.0
	37259.99999997	18.11583		-0.18258     0.2    0.2		4.1705503158		-1.0
	37304.99999997	17.45967		-1.13013     0.2    0.2		4.1705503158		-1.0
	37349.99999997	17.39568		-1.9169     0.2    0.2		4.1705503158		-1.0
	37394.99999997	18.32832		-1.53435     0.2    0.2		4.1705503158		-1.0
	37439.99999997	18.88562		0.07551     0.2    0.2		4.1705503158		-1.0
	37484.99999997	18.03022		1.05841     0.2    0.2		4.1705503158		-1.0
	37529.99999997	16.30648		1.49982     0.2    0.2		4.1705503158		-1.0
	37574.99999997	14.68414		1.42744     0.2    0.2		4.1705503158		-1.0
	37619.99999997	13.42788		0.26157     0.2    0.2		4.1705503158		-1.0
	37664.99999997	13.1127		-0.65626     0.2    0.2		4.1705503158		-1.0
	37709.99999997	12.95507		-0.93693     0.2    0.2		4.1705503158		-1.0
	37754.99999997	12.25376		-1.10345     0.2    0.2		4.1705503158		-1.0
	37799.99999997	11.14277		-0.8384     0.2    0.2		4.1705503158		-1.0
	37844.99999997	10.11805		-0.61299     0.2    0.2		4.1705503158		-1.0
	37889.99999997	9.03309		-0.27704     0.2    0.2		4.1705503158		-1.0
	37934.99999997	8.23951		0.12097     0.2    0.2		4.1705503158		-1.0
	37979.99999997	7.60973		0.39565     0.2    0.2		4.1705503158		-1.0
	38024.99999997	6.97022		-0.41675     0.2    0.2		4.1705503158		-1.0
	38069.99999997	6.90171		-1.1437     0.2    0.2		4.1705503158		-1.0
	38114.99999997	7.40223		-1.28941     0.2    0.2		4.1705503158		-1.0
	38159.99999997	8.26093		-1.44536     0.2    0.2		4.1705503158		-1.0
	38204.99999997	9.38496		-1.50438     0.2    0.2		4.1705503158		-1.0
	38249.99999997	10.15281		-0.96049     0.2    0.2		4.1705503158		-1.0
	38294.99999997	11.06766		-0.73155     0.2    0.2		4.1705503158		-1.0
	38339.99999997	12.01743		-0.56852     0.2    0.2		4.1705503158		-1.0
	38384.99999997	13.4276		-0.81889     0.2    0.2		4.1705503158		-1.0
	38429.99999997	14.31232		-0.80428     0.2    0.2		4.1705503158		-1.0
	38474.99999997	15.19905		-0.97548     0.2    0.2		4.1705503158		-1.0
	38519.99999997	15.73552		-0.44115     0.2    0.2		4.1705503158		-1.0
	38564.99999997	15.9907		0.23489     0.2    0.2		4.1705503158		-1.0
	38609.99999997	16.19743		-1.9572     0.2    0.2		4.1705503158		-1.0
	38654.99999997	15.92992		-2.51173     0.2    0.2		4.1705503158		-1.0
	38699.99999997	15.2535		-2.98825     0.2    0.2		4.1705503158		-1.0
	38744.99999997	14.66896		2.33473     0.2    0.2		4.1705503158		-1.0
	38789.99999997	14.47062		1.49087     0.2    0.2		4.1705503158		-1.0
	38834.99999997	14.41212		0.7177     0.2    0.2		4.1705503158		-1.0
	38879.99999997	14.3826		0.16295     0.2    0.2		4.1705503158		-1.0
	38924.99999997	14.87726		-0.09379     0.2    0.2		4.1705503158		-1.0
	38969.99999997	15.49868		-0.29269     0.2    0.2		4.1705503158		-1.0
	39014.99999997	15.59834		0.0458     0.2    0.2		4.1705503158		-1.0
	39059.99999997	15.40906		-2.07365     0.2    0.2		4.1705503158		-1.0
	39104.99999997	14.42104		2.57341     0.2    0.2		4.1705503158		-1.0
	39149.99999997	14.3117		1.80018     0.2    0.2		4.1705503158		-1.0
	39194.99999997	13.88945		2.20943     0.2    0.2		4.1705503158		-1.0
	39239.99999997	13.8907		2.48215     0.2    0.2		4.1705503158		-1.0
	39284.99999997	14.66551		2.75221     0.2    0.2		4.1705503158		-1.0
	39329.99999997	15.18627		-2.89063     0.2    0.2		4.1705503158		-1.0
	39374.99999997	16.52213		-2.56061     0.2    0.2		4.1705503158		-1.0
	39419.99999997	18.21266		-2.03103     0.2    0.2		4.1705503158		-1.0
	39464.99999997	19.6021		-1.87283     0.2    0.2		4.1705503158		-1.0
	39509.99999997	21.25577		-1.92013     0.2    0.2		4.1705503158		-1.0
	39554.99999997	22.06505		-1.97728     0.2    0.2		4.1705503158		-1.0
	39599.99999997	23.21912		-2.55018     0.2    0.2		4.1705503158		-1.0
	39644.99999997	23.81903		-2.56466     0.2    0.2		4.1705503158		-1.0
	39689.99999997	24.90086		-2.93629     0.2    0.2		4.1705503158		-1.0
	39734.99999997	25.75539		-2.99094     0.2    0.2		4.1705503158		-1.0
	39779.99999997	27.03124		2.92717     0.2    0.2		4.1705503158		-1.0
	39824.99999997	27.98564		2.99215     0.2    0.2		4.1705503158		-1.0
	39869.99999997	28.90269		3.03818     0.2    0.2		4.1705503158		-1.0
	39914.99999997	29.88633		-2.64359     0.2    0.2		4.1705503158		-1.0
	39959.99999997	29.69117		-2.24685     0.2    0.2		4.1705503158		-1.0
	40004.99999997	29.46166		-1.32479     0.2    0.2		4.1705503158		-1.0
	40049.99999997	29.16082		1.69503     0.2    0.2		4.1705503158		-1.0
	40094.99999997	28.66145		1.50824     0.2    0.2		4.1705503158		-1.0
	40139.99999997	28.0996		1.39413     0.2    0.2		4.1705503158		-1.0
	40184.99999997	27.261		1.22841     0.2    0.2		4.1705503158		-1.0
	40229.99999996	26.54493		1.0166     0.2    0.2		4.1705503158		-1.0
	40274.99999996	25.79357		0.37318     0.2    0.2		4.1705503158		-1.0
	40319.99999996	25.22195		-0.37132     0.2    0.2		4.1705503158		-1.0
	40364.99999996	24.79121		-0.29124     0.2    0.2		4.1705503158		-1.0
	40409.99999996	24.21619		0.22067     0.2    0.2		4.1705503158		-1.0
	40454.99999996	23.82133		0.65784     0.2    0.2		4.1705503158		-1.0
	40499.99999996	23.28421		0.93409     0.2    0.2		4.1705503158		-1.0
	40544.99999996	22.67789		1.17378     0.2    0.2		4.1705503158		-1.0
	40589.99999996	21.85937		1.27273     0.2    0.2		4.1705503158		-1.0
	40634.99999996	20.89764		1.38927     0.2    0.2		4.1705503158		-1.0
	40679.99999996	19.46608		1.44881     0.2    0.2		4.1705503158		-1.0
	40724.99999996	18.18405		1.48491     0.2    0.2		4.1705503158		-1.0
	40769.99999996	16.54712		1.43412     0.2    0.2		4.1705503158		-1.0
	40814.99999996	15.53124		1.38786     0.2    0.2		4.1705503158		-1.0
	40859.99999996	14.1466		1.12971     0.2    0.2		4.1705503158		-1.0
	40904.99999996	13.10386		0.8742     0.2    0.2		4.1705503158		-1.0
	40949.99999996	11.86612		0.52949     0.2    0.2		4.1705503158		-1.0
	40994.99999996	10.83232		0.3651     0.2    0.2		4.1705503158		-1.0
	41039.99999996	10.02653		-0.27968     0.2    0.2		4.1705503158		-1.0
	41084.99999996	9.25421		-0.50922     0.2    0.2		4.1705503158		-1.0
	41129.99999996	8.67742		-1.00216     0.2    0.2		4.1705503158		-1.0
	41174.99999996	8.19889		-1.27898     0.2    0.2		4.1705503158		-1.0
	41219.99999996	7.57995		-1.44017     0.2    0.2		4.1705503158		-1.0
	41264.99999996	6.5851		-1.62814     0.2    0.2		4.1705503158		-1.0
	41309.99999996	6.23595		-1.9863     0.2    0.2		4.1705503158		-1.0
	41354.99999996	7.09699		-2.34049     0.2    0.2		4.1705503158		-1.0
	41399.99999996	8.24992		-2.64626     0.2    0.2		4.1705503158		-1.0
	41444.99999996	9.62311		-2.79646     0.2    0.2		4.1705503158		-1.0
	41489.99999996	10.53446		-2.95314     0.2    0.2		4.1705503158		-1.0
	41534.99999996	11.70857		3.06809     0.2    0.2		4.1705503158		-1.0
	41579.99999996	12.47023		2.72576     0.2    0.2		4.1705503158		-1.0
	41624.99999996	13.32223		2.41389     0.2    0.2		4.1705503158		-1.0
	41669.99999996	13.69625		1.75578     0.2    0.2		4.1705503158		-1.0
	41714.99999996	13.84313		1.37045     0.2    0.2		4.1705503158		-1.0
	41759.99999996	13.40579		0.96429     0.2    0.2		4.1705503158		-1.0
	41804.99999996	12.35979		0.84415     0.2    0.2		4.1705503158		-1.0
	41849.99999996	11.20691		0.67602     0.2    0.2		4.1705503158		-1.0
	41894.99999996	10.63446		0.67018     0.2    0.2		4.1705503158		-1.0
	41939.99999996	9.96237		0.50455     0.2    0.2		4.1705503158		-1.0
	41984.99999996	9.9211		-0.05557     0.2    0.2		4.1705503158		-1.0
	42029.99999996	9.92903		-2.22643     0.2    0.2		4.1705503158		-1.0
	42074.99999996	10.7148		-1.8173     0.2    0.2		4.1705503158		-1.0
	42119.99999996	11.60369		-1.65496     0.2    0.2		4.1705503158		-1.0
	42164.99999996	12.98545		-1.67955     0.2    0.2		4.1705503158		-1.0
	42209.99999996	14.65281		-1.83264     0.2    0.2		4.1705503158		-1.0
	42254.99999996	15.42012		-2.23968     0.2    0.2		4.1705503158		-1.0
	42299.99999996	15.96949		3.10911     0.2    0.2		4.1705503158		-1.0
	42344.99999996	14.89893		2.74052     0.2    0.2		4.1705503158		-1.0
	42389.99999996	14.32961		2.11888     0.2    0.2		4.1705503158		-1.0
	42434.99999996	12.83537		1.99317     0.2    0.2		4.1705503158		-1.0
	42479.99999996	12.27371		1.75436     0.2    0.2		4.1705503158		-1.0
	42524.99999996	11.21351		1.55036     0.2    0.2		4.1705503158		-1.0
	42569.99999996	10.9899		1.05772     0.2    0.2		4.1705503158		-1.0
	42614.99999996	11.06128		0.46173     0.2    0.2		4.1705503158		-1.0
	42659.99999996	11.31818		-0.40066     0.2    0.2		4.1705503158		-1.0
	42704.99999996	11.9247		-1.13715     0.2    0.2		4.1705503158		-1.0
	42749.99999996	12.21901		-1.94271     0.2    0.2		4.1705503158		-1.0
	42794.99999996	12.8399		-2.31505     0.2    0.2		4.1705503158		-1.0
	42839.99999996	13.2804		-2.05204     0.2    0.2		4.1705503158		-1.0
	42884.99999996	14.22589		-2.19895     0.2    0.2		4.1705503158		-1.0
	42929.99999996	15.01471		-2.10866     0.2    0.2		4.1705503158		-1.0
	42974.99999996	15.85389		-2.8144     0.2    0.2		4.1705503158		-1.0
	43019.99999996	15.87493		2.95711     0.2    0.2		4.1705503158		-1.0
	43064.99999996	16.04758		1.9713     0.2    0.2		4.1705503158		-1.0
	43109.99999996	15.81198		1.27052     0.2    0.2		4.1705503158		-1.0
	43154.99999996	15.42004		0.21937     0.2    0.2		4.1705503158		-1.0
	43199.99999996	14.57893		-0.34608     0.2    0.2		4.1705503158		-1.0
	43244.99999996	14.5353		-1.01672     0.2    0.2		4.1705503158		-1.0
	43289.99999996	15.21294		-1.44653     0.2    0.2		4.1705503158		-1.0
	43334.99999996	15.89794		-1.99269     0.2    0.2		4.1705503158		-1.0
	43379.99999996	16.56933		-1.83208     0.2    0.2		4.1705503158		-1.0
	43424.99999996	17.30637		-1.4337     0.2    0.2		4.1705503158		-1.0
	43469.99999996	18.42369		-1.31301     0.2    0.2		4.1705503158		-1.0
	43514.99999996	19.50633		-1.45385     0.2    0.2		4.1705503158		-1.0
	43559.99999996	21.37134		-1.7154     0.2    0.2		4.1705503158		-1.0
	43604.99999996	22.91228		-2.30359     0.2    0.2		4.1705503158		-1.0
	43649.99999996	24.22779		-2.78829     0.2    0.2		4.1705503158		-1.0
	43694.99999996	24.9678		2.96726     0.2    0.2		4.1705503158		-1.0
	43739.99999996	25.78346		2.38625     0.2    0.2		4.1705503158		-1.0
	43784.99999996	26.1752		1.96752     0.2    0.2		4.1705503158		-1.0
	43829.99999996	26.8863		-1.43341     0.2    0.2		4.1705503158		-1.0
	43874.99999996	26.37306		-1.29717     0.2    0.2		4.1705503158		-1.0
	43919.99999996	25.56367		-1.41373     0.2    0.2		4.1705503158		-1.0
	43964.99999996	24.2993		-1.48439     0.2    0.2		4.1705503158		-1.0
	44009.99999996	22.9239		-1.64796     0.2    0.2		4.1705503158		-1.0
	44054.99999996	21.39393		-1.80906     0.2    0.2		4.1705503158		-1.0
	44099.99999996	19.67492		-1.77603     0.2    0.2		4.1705503158		-1.0
	44144.99999996	18.49143		-1.44212     0.2    0.2		4.1705503158		-1.0
	44189.99999996	17.41549		-0.20819     0.2    0.2		4.1705503158		-1.0
	44234.99999996	16.83678		0.95968     0.2    0.2		4.1705503158		-1.0
	44279.99999996	16.4911		2.13359     0.2    0.2		4.1705503158		-1.0
	44324.99999996	16.42025		2.37679     0.2    0.2		4.1705503158		-1.0
	44369.99999996	16.43745		-3.10899     0.2    0.2		4.1705503158		-1.0
	44414.99999996	16.82104		-2.98415     0.2    0.2		4.1705503158		-1.0
	44459.99999996	17.78662		-2.9853     0.2    0.2		4.1705503158		-1.0
	44504.99999996	18.52215		2.75969     0.2    0.2		4.1705503158		-1.0
	44549.99999996	18.54245		2.02646     0.2    0.2		4.1705503158		-1.0
	44594.99999996	17.90527		1.89986     0.2    0.2		4.1705503158		-1.0
	44639.99999996	17.19153		2.16508     0.2    0.2		4.1705503158		-1.0
	44684.99999996	17.75293		2.65285     0.2    0.2		4.1705503158		-1.0
	44729.99999996	19.29794		2.5403     0.2    0.2		4.1705503158		-1.0
	44774.99999996	20.5908		1.96515     0.2    0.2		4.1705503158		-1.0
	44819.99999996	21.44961		1.34542     0.2    0.2		4.1705503158		-1.0
	44864.99999996	21.0705		0.96164     0.2    0.2		4.1705503158		-1.0
	44909.99999996	20.39425		1.11586     0.2    0.2		4.1705503158		-1.0
	44954.99999996	20.89326		1.96173     0.2    0.2		4.1705503158		-1.0
	44999.99999996	22.45131		1.94951     0.2    0.2		4.1705503158		-1.0
	45044.99999996	23.89737		1.45795     0.2    0.2		4.1705503158		-1.0
	45089.99999996	24.21345		0.47609     0.2    0.2		4.1705503158		-1.0
	45134.99999996	23.7882		-0.74609     0.2    0.2		4.1705503158		-1.0
	45179.99999996	23.11214		-0.06436     0.2    0.2		4.1705503158		-1.0
	45224.99999996	22.57266		0.69033     0.2    0.2		4.1705503158		-1.0
	45269.99999996	23.57928		1.54976     0.2    0.2		4.1705503158		-1.0
	45314.99999996	24.93002		1.29173     0.2    0.2		4.1705503158		-1.0
	45359.99999996	25.60475		0.94142     0.2    0.2		4.1705503158		-1.0
	45404.99999996	25.35107		0.13644     0.2    0.2		4.1705503158		-1.0
	45449.99999996	24.29621		0.49976     0.2    0.2		4.1705503158		-1.0
	45494.99999996	23.26704		0.82518     0.2    0.2		4.1705503158		-1.0
	45539.99999996	23.28949		1.93457     0.2    0.2		4.1705503158		-1.0
	45584.99999996	23.46478		2.05039     0.2    0.2		4.1705503158		-1.0
	45629.99999996	24.07725		1.70867     0.2    0.2		4.1705503158		-1.0
	45674.99999996	24.23234		1.21509     0.2    0.2		4.1705503158		-1.0
	45719.99999996	23.54067		0.95064     0.2    0.2		4.1705503158		-1.0
	45764.99999996	23.04081		1.64297     0.2    0.2		4.1705503158		-1.0
	45809.99999996	23.3248		2.519     0.2    0.2		4.1705503158		-1.0
	45854.99999996	24.72459		2.69606     0.2    0.2		4.1705503158		-1.0
	45899.99999996	25.54767		0.88461     0.2    0.2		4.1705503158		-1.0
	45944.99999996	24.89328		1.75768     0.2    0.2		4.1705503158		-1.0
	45989.99999996	23.46697		2.47493     0.2    0.2		4.1705503158		-1.0
	46034.99999996	22.49637		-3.01579     0.2    0.2		4.1705503158		-1.0
	46079.99999996	22.42971		-2.01209     0.2    0.2		4.1705503158		-1.0
	46124.99999996	23.75514		-1.43207     0.2    0.2		4.1705503158		-1.0
	46169.99999996	25.24651		-1.17593     0.2    0.2		4.1705503158		-1.0
	46214.99999996	24.20231		-1.07963     0.2    0.2		4.1705503158		-1.0
	46259.99999996	23.40082		-1.62006     0.2    0.2		4.1705503158		-1.0
	46304.99999996	23.07164		-2.14851     0.2    0.2		4.1705503158		-1.0
	46349.99999996	22.93254		-2.73472     0.2    0.2		4.1705503158		-1.0
	46394.99999996	22.18535		-3.10827     0.2    0.2		4.1705503158		-1.0
	46439.99999996	21.17468		2.54789     0.2    0.2		4.1705503158		-1.0
	46484.99999996	20.11		2.32108     0.2    0.2		4.1705503158		-1.0
	46529.99999996	18.66427		1.90133     0.2    0.2		4.1705503158		-1.0
	46574.99999996	17.84982		1.56699     0.2    0.2		4.1705503158		-1.0
	46619.99999996	16.72513		-1.10887     0.2    0.2		4.1705503158		-1.0
	46664.99999996	16.77202		-1.5067     0.2    0.2		4.1705503158		-1.0
	46709.99999996	16.03892		-1.25567     0.2    0.2		4.1705503158		-1.0
	46754.99999995	16.16027		-1.11791     0.2    0.2		4.1705503158		-1.0
	46799.99999995	15.78223		-0.71551     0.2    0.2		4.1705503158		-1.0
	46844.99999995	15.62585		-0.90026     0.2    0.2		4.1705503158		-1.0
	46889.99999995	14.77697		-0.80851     0.2    0.2		4.1705503158		-1.0
	46934.99999995	14.38057		-1.10652     0.2    0.2		4.1705503158		-1.0
	46979.99999995	13.42884		-1.34982     0.2    0.2		4.1705503158		-1.0
	47024.99999995	12.03532		-1.85172     0.2    0.2		4.1705503158		-1.0
	47069.99999995	10.63712		-2.49664     0.2    0.2		4.1705503158		-1.0
	47114.99999995	9.73379		-2.95763     0.2    0.2		4.1705503158		-1.0
	47159.99999995	8.64951		-2.45352     0.2    0.2		4.1705503158		-1.0
	47204.99999995	7.90922		-1.85079     0.2    0.2		4.1705503158		-1.0
	47249.99999995	8.45397		-1.77506     0.2    0.2		4.1705503158		-1.0
	47294.99999995	9.15318		-2.4179     0.2    0.2		4.1705503158		-1.0
	47339.99999995	9.68789		-3.08618     0.2    0.2		4.1705503158		-1.0
	47384.99999995	10.7169		1.86969     0.2    0.2		4.1705503158		-1.0
	47429.99999995	11.59833		1.72682     0.2    0.2		4.1705503158		-1.0
	47474.99999995	12.73332		1.40197     0.2    0.2		4.1705503158		-1.0
	47519.99999995	14.08467		1.41378     0.2    0.2		4.1705503158		-1.0
	47564.99999995	15.40841		1.23997     0.2    0.2		4.1705503158		-1.0
	47609.99999995	16.61984		1.01346     0.2    0.2		4.1705503158		-1.0
	47654.99999995	17.40438		0.79119     0.2    0.2		4.1705503158		-1.0
	47699.99999995	17.87016		0.68755     0.2    0.2		4.1705503158		-1.0
	47744.99999995	18.01997		0.11328     0.2    0.2		4.1705503158		-1.0
	47789.99999995	17.50985		-1.32131     0.2    0.2		4.1705503158		-1.0
	47834.99999995	16.97917		-1.69863     0.2    0.2		4.1705503158		-1.0
	47879.99999995	16.39901		-1.32508     0.2    0.2		4.1705503158		-1.0
	47924.99999995	16.43275		-1.10431     0.2    0.2		4.1705503158		-1.0
	47969.99999995	17.1591		-0.7831     0.2    0.2		4.1705503158		-1.0
	48014.99999995	17.89525		-1.16526     0.2    0.2		4.1705503158		-1.0
	48059.99999995	18.32454		-1.3144     0.2    0.2		4.1705503158		-1.0
	48104.99999995	17.67869		-1.69831     0.2    0.2		4.1705503158		-1.0
	48149.99999995	17.94209		-1.64762     0.2    0.2		4.1705503158		-1.0
	48194.99999995	18.87449		-1.97373     0.2    0.2		4.1705503158		-1.0
	48239.99999995	19.77683		-2.44695     0.2    0.2		4.1705503158		-1.0
	48284.99999995	20.92867		-3.03047     0.2    0.2		4.1705503158		-1.0
	48329.99999995	22.24955		-2.98255     0.2    0.2		4.1705503158		-1.0
	48374.99999995	23.27188		-2.31248     0.2    0.2		4.1705503158		-1.0
	48419.99999995	24.42029		-0.99022     0.2    0.2		4.1705503158		-1.0
	48464.99999995	25.60891		-0.25797     0.2    0.2		4.1705503158		-1.0
	48509.99999995	25.76521		-0.16166     0.2    0.2		4.1705503158		-1.0
	48554.99999995	26.3291		-0.07034     0.2    0.2		4.1705503158		-1.0
	48599.99999995	27.28547		-0.41843     0.2    0.2		4.1705503158		-1.0
	48644.99999995	28.06112		-0.7648     0.2    0.2		4.1705503158		-1.0
	48689.99999995	29.38065		-0.82281     0.2    0.2		4.1705503158		-1.0
	48734.99999995	30.40442		-0.29146     0.2    0.2		4.1705503158		-1.0
	48779.99999995	30.88903		-0.63404     0.2    0.2		4.1705503158		-1.0
	48824.99999995	30.97722		-2.16435     0.2    0.2		4.1705503158		-1.0
	48869.99999995	31.12155		-1.91099     0.2    0.2		4.1705503158		-1.0
	48914.99999995	31.68676		-1.74539     0.2    0.2		4.1705503158		-1.0
	48959.99999995	31.97147		-1.83086     0.2    0.2		4.1705503158		-1.0
	49004.99999995	32.85315		-1.9165     0.2    0.2		4.1705503158		-1.0
	49049.99999995	33.52906		2.71137     0.2    0.2		4.1705503158		-1.0
	49094.99999995	34.26771		2.99769     0.2    0.2		4.1705503158		-1.0
	49139.99999995	34.43954		-2.95737     0.2    0.2		4.1705503158		-1.0
	49184.99999995	34.66094		-1.96316     0.2    0.2		4.1705503158		-1.0
	49229.99999995	34.75716		-1.07969     0.2    0.2		4.1705503158		-1.0
	49274.99999995	34.67354		0.09139     0.2    0.2		4.1705503158		-1.0
	49319.99999995	34.13026		0.95243     0.2    0.2		4.1705503158		-1.0
	49364.99999995	33.46184		1.15345     0.2    0.2		4.1705503158		-1.0
	49409.99999995	32.4555		1.54575     0.2    0.2		4.1705503158		-1.0
	49454.99999995	31.39248		1.6211     0.2    0.2		4.1705503158		-1.0
	49499.99999995	30.55067		1.91245     0.2    0.2		4.1705503158		-1.0
	49544.99999995	29.63812		1.87742     0.2    0.2		4.1705503158		-1.0
	49589.99999995	28.9168		2.35572     0.2    0.2		4.1705503158		-1.0
	49634.99999995	28.24298		1.60571     0.2    0.2		4.1705503158		-1.0
	49679.99999995	27.9588		0.31518     0.2    0.2		4.1705503158		-1.0
	49724.99999995	27.42716		2.07155     0.2    0.2		4.1705503158		-1.0
	49769.99999995	27.05668		-2.97309     0.2    0.2		4.1705503158		-1.0
	49814.99999995	27.00085		-2.03034     0.2    0.2		4.1705503158		-1.0
	49859.99999995	27.06348		-1.03158     0.2    0.2		4.1705503158		-1.0
	49904.99999995	28.19239		-0.24391     0.2    0.2		4.1705503158		-1.0
	49949.99999995	28.99866		0.57807     0.2    0.2		4.1705503158		-1.0
	49994.99999995	30.46403		1.35056     0.2    0.2		4.1705503158		-1.0
