	45.00000000	2.90072		2.37238     0.2    0.2		4.1705503158		-1.0
	90.00000000	2.92796		2.22757     0.2    0.2		4.1705503158		-1.0
	135.00000000	3.01911		2.08743     0.2    0.2		4.1705503158		-1.0
	180.00000000	2.87856		1.88308     0.2    0.2		4.1705503158		-1.0
	225.00000000	2.92045		1.55438     0.2    0.2		4.1705503158		-1.0
	270.00000000	2.84251		1.42659     0.2    0.2		4.1705503158		-1.0
	315.00000000	3.0062		0.98814     0.2    0.2		4.1705503158		-1.0
	360.00000000	2.83062		0.81343     0.2    0.2		4.1705503158		-1.0
	405.00000000	2.93329		0.24544     0.2    0.2		4.1705503158		-1.0
	450.00000000	2.91397		-0.33861     0.2    0.2		4.1705503158		-1.0
	495.00000000	2.86517		-0.78349     0.2    0.2		4.1705503158		-1.0
	540.00000000	2.98533		-0.9631     0.2    0.2		4.1705503158		-1.0
	585.00000000	2.90939		-1.30906     0.2    0.2		4.1705503158		-1.0
	630.00000000	2.92105		-0.90718     0.2    0.2		4.1705503158		-1.0
	675.00000000	2.9675		-0.70211     0.2    0.2		4.1705503158		-1.0
	720.00000000	2.9969		0.22789     0.2    0.2		4.1705503158		-1.0
	765.00000000	2.83704		0.90268     0.2    0.2		4.1705503158		-1.0
	810.00000000	2.92015		0.64512     0.2    0.2		4.1705503158		-1.0
	855.00000000	2.95111		0.92199     0.2    0.2		4.1705503158		-1.0
	900.00000000	2.88353		1.30325     0.2    0.2		4.1705503158		-1.0
	945.00000000	2.92559		1.16918     0.2    0.2		4.1705503158		-1.0
	990.00000000	2.83555		1.24304     0.2    0.2		4.1705503158		-1.0
	1035.00000000	2.92723		1.80537     0.2    0.2		4.1705503158		-1.0
	1080.00000000	2.87488		1.79077     0.2    0.2		4.1705503158		-1.0
	1125.00000000	2.95557		2.49091     0.2    0.2		4.1705503158		-1.0
	1170.00000000	2.87368		2.92736     0.2    0.2		4.1705503158		-1.0
	1215.00000000	3.02301		2.9084     0.2    0.2		4.1705503158		-1.0
	1260.00000000	2.83456		-2.88648     0.2    0.2		4.1705503158		-1.0
	1305.00000000	2.94188		-2.98501     0.2    0.2		4.1705503158		-1.0
	1350.00000000	2.92823		-2.48703     0.2    0.2		4.1705503158		-1.0
	1395.00000000	2.94643		-2.46271     0.2    0.2		4.1705503158		-1.0
	1440.00000000	2.86876		-2.0006     0.2    0.2		4.1705503158		-1.0
	1485.00000000	2.93429		-1.8733     0.2    0.2		4.1705503158		-1.0
	1530.00000000	2.94192		-1.59341     0.2    0.2		4.1705503158		-1.0
	1575.00000000	2.97345		-1.626     0.2    0.2		4.1705503158		-1.0
	1620.00000000	2.92783		-1.11266     0.2    0.2		4.1705503158		-1.0
	1665.00000000	2.97293		-0.85359     0.2    0.2		4.1705503158		-1.0
	1710.00000000	2.97399		-0.61047     0.2    0.2		4.1705503158		-1.0
	1755.00000000	2.88584		0.4866     0.2    0.2		4.1705503158		-1.0
	1800.00000000	2.95808		0.34046     0.2    0.2		4.1705503158		-1.0
	1845.00000000	2.93896		0.5845     0.2    0.2		4.1705503158		-1.0
	1890.00000000	2.9671		1.56052     0.2    0.2		4.1705503158		-1.0
	1935.00000000	2.85794		1.43405     0.2    0.2		4.1705503158		-1.0
	1980.00000000	2.9206		1.56065     0.2    0.2		4.1705503158		-1.0
	2025.00000000	2.91529		2.12547     0.2    0.2		4.1705503158		-1.0
	2070.00000000	2.81358		2.53694     0.2    0.2		4.1705503158		-1.0
	2115.00000000	2.80097		2.65682     0.2    0.2		4.1705503158		-1.0
	2160.00000000	2.86672		2.70274     0.2    0.2		4.1705503158		-1.0
	2205.00000000	2.87501		2.36847     0.2    0.2		4.1705503158		-1.0
	2250.00000000	2.87848		2.2246     0.2    0.2		4.1705503158		-1.0
	2295.00000000	3.01687		1.96348     0.2    0.2		4.1705503158		-1.0
	2340.00000000	3.05862		2.0514     0.2    0.2		4.1705503158		-1.0
	2385.00000000	2.93832		1.87757     0.2    0.2		4.1705503158		-1.0
	2430.00000000	3.12406		1.73962     0.2    0.2		4.1705503158		-1.0
	2475.00000000	3.21543		1.59962     0.2    0.2		4.1705503158		-1.0
	2520.00000000	3.14789		1.50599     0.2    0.2		4.1705503158		-1.0
	2565.00000000	3.14045		1.55292     0.2    0.2		4.1705503158		-1.0
	2610.00000000	3.05584		1.18832     0.2    0.2		4.1705503158		-1.0
	2655.00000000	2.8271		1.05029     0.2    0.2		4.1705503158		-1.0
	2700.00000000	2.81372		0.63562     0.2    0.2		4.1705503158		-1.0
	2745.00000000	2.86827		-0.18254     0.2    0.2		4.1705503158		-1.0
	2790.00000000	3.00614		-0.33634     0.2    0.2		4.1705503158		-1.0
	2835.00000000	2.96492		-0.99787     0.2    0.2		4.1705503158		-1.0
	2880.00000000	2.83863		-1.2118     0.2    0.2		4.1705503158		-1.0
	2925.00000000	2.83474		-1.43071     0.2    0.2		4.1705503158		-1.0
	2970.00000000	2.92468		-1.80388     0.2    0.2		4.1705503158		-1.0
	3015.00000000	2.96751		-2.34218     0.2    0.2		4.1705503158		-1.0
	3060.00000000	2.9506		-2.68443     0.2    0.2		4.1705503158		-1.0
	3105.00000000	3.05201		-3.08534     0.2    0.2		4.1705503158		-1.0
	3150.00000000	2.9371		2.77704     0.2    0.2		4.1705503158		-1.0
	3195.00000000	3.08614		2.3439     0.2    0.2		4.1705503158		-1.0
	3240.00000000	3.02523		1.91154     0.2    0.2		4.1705503158		-1.0
	3285.00000000	2.84293		1.65032     0.2    0.2		4.1705503158		-1.0
	3330.00000000	3.05079		1.10831     0.2    0.2		4.1705503158		-1.0
	3375.00000000	2.92083		0.59921     0.2    0.2		4.1705503158		-1.0
	3420.00000000	2.87677		0.26697     0.2    0.2		4.1705503158		-1.0
	3465.00000000	2.89848		-0.40067     0.2    0.2		4.1705503158		-1.0
	3510.00000000	2.92296		-0.1341     0.2    0.2		4.1705503158		-1.0
	3555.00000000	3.10343		0.66427     0.2    0.2		4.1705503158		-1.0
	3600.00000000	2.85907		0.69317     0.2    0.2		4.1705503158		-1.0
	3645.00000000	3.125		0.51202     0.2    0.2		4.1705503158		-1.0
	3690.00000000	2.81658		-0.12112     0.2    0.2		4.1705503158		-1.0
	3735.00000000	2.86103		-0.70705     0.2    0.2		4.1705503158		-1.0
	3780.00000000	2.90999		-0.68149     0.2    0.2		4.1705503158		-1.0
	3825.00000000	3.00828		0.09927     0.2    0.2		4.1705503158		-1.0
	3870.00000000	3.08971		0.36556     0.2    0.2		4.1705503158		-1.0
	3915.00000000	3.11126		-0.09075     0.2    0.2		4.1705503158		-1.0
	3960.00000000	3.05434		-0.04778     0.2    0.2		4.1705503158		-1.0
	4005.00000000	2.85494		-0.43226     0.2    0.2		4.1705503158		-1.0
	4050.00000000	2.80989		-0.08946     0.2    0.2		4.1705503158		-1.0
	4095.00000000	2.90703		0.58023     0.2    0.2		4.1705503158		-1.0
	4140.00000000	2.92574		1.30081     0.2    0.2		4.1705503158		-1.0
	4185.00000000	2.81631		0.91563     0.2    0.2		4.1705503158		-1.0
	4230.00000000	3.18168		0.79851     0.2    0.2		4.1705503158		-1.0
	4275.00000000	2.9818		1.05818     0.2    0.2		4.1705503158		-1.0
	4320.00000000	3.00645		0.6049     0.2    0.2		4.1705503158		-1.0
	4365.00000000	2.86184		0.02902     0.2    0.2		4.1705503158		-1.0
	4410.00000000	2.83997		-0.59169     0.2    0.2		4.1705503158		-1.0
	4455.00000000	3.10511		-1.31409     0.2    0.2		4.1705503158		-1.0
	4500.00000000	2.925		-1.65354     0.2    0.2		4.1705503158		-1.0
	4545.00000000	2.89546		-2.1913     0.2    0.2		4.1705503158		-1.0
	4590.00000000	2.88668		-2.5622     0.2    0.2		4.1705503158		-1.0
	4635.00000000	2.94292		-2.73633     0.2    0.2		4.1705503158		-1.0
	4680.00000000	2.88889		3.1028     0.2    0.2		4.1705503158		-1.0
	4725.00000000	3.03299		2.70758     0.2    0.2		4.1705503158		-1.0
	4770.00000000	3.12739		2.43794     0.2    0.2		4.1705503158		-1.0
	4815.00000000	3.03987		2.34832     0.2    0.2		4.1705503158		-1.0
	4860.00000000	2.73933		2.05765     0.2    0.2		4.1705503158		-1.0
	4905.00000000	3.01819		1.80673     0.2    0.2		4.1705503158		-1.0
	4950.00000000	3.05801		2.01948     0.2    0.2		4.1705503158		-1.0
	4995.00000000	2.79601		2.12765     0.2    0.2		4.1705503158		-1.0
	5040.00000000	2.77626		2.60987     0.2    0.2		4.1705503158		-1.0
	5085.00000000	3.13353		2.78085     0.2    0.2		4.1705503158		-1.0
	5130.00000000	2.98524		-3.10569     0.2    0.2		4.1705503158		-1.0
	5175.00000000	2.95666		-2.591     0.2    0.2		4.1705503158		-1.0
	5220.00000000	2.93627		-2.10827     0.2    0.2		4.1705503158		-1.0
	5265.00000000	2.90063		-1.84596     0.2    0.2		4.1705503158		-1.0
	5310.00000000	2.98032		-1.42361     0.2    0.2		4.1705503158		-1.0
	5355.00000000	3.05798		-1.33571     0.2    0.2		4.1705503158		-1.0
	5400.00000000	2.97042		-1.53324     0.2    0.2		4.1705503158		-1.0
	5445.00000000	2.928		-1.55817     0.2    0.2		4.1705503158		-1.0
	5490.00000000	2.91233		-2.2527     0.2    0.2		4.1705503158		-1.0
	5535.00000000	2.86358		-2.60511     0.2    0.2		4.1705503158		-1.0
	5580.00000000	3.07353		-2.92346     0.2    0.2		4.1705503158		-1.0
	5625.00000000	3.08958		-2.89949     0.2    0.2		4.1705503158		-1.0
	5670.00000000	3.20137		2.98247     0.2    0.2		4.1705503158		-1.0
	5715.00000000	3.15632		2.98983     0.2    0.2		4.1705503158		-1.0
	5760.00000000	3.09756		2.79001     0.2    0.2		4.1705503158		-1.0
	5805.00000000	2.90295		2.47001     0.2    0.2		4.1705503158		-1.0
	5850.00000000	3.2308		2.48278     0.2    0.2		4.1705503158		-1.0
	5895.00000000	2.82552		2.13194     0.2    0.2		4.1705503158		-1.0
	5940.00000000	3.17992		2.02012     0.2    0.2		4.1705503158		-1.0
	5985.00000000	3.16883		1.8463     0.2    0.2		4.1705503158		-1.0
	6030.00000000	3.05113		1.77023     0.2    0.2		4.1705503158		-1.0
	6075.00000000	2.92636		1.40401     0.2    0.2		4.1705503158		-1.0
	6120.00000000	3.1641		1.3241     0.2    0.2		4.1705503158		-1.0
	6165.00000000	3.10825		1.08942     0.2    0.2		4.1705503158		-1.0
	6210.00000000	3.18057		0.87797     0.2    0.2		4.1705503158		-1.0
	6255.00000000	3.20113		0.26185     0.2    0.2		4.1705503158		-1.0
	6300.00000000	2.92473		-0.36697     0.2    0.2		4.1705503158		-1.0
	6345.00000000	2.75961		-0.63897     0.2    0.2		4.1705503158		-1.0
	6390.00000000	2.85335		-1.17211     0.2    0.2		4.1705503158		-1.0
	6435.00000000	3.20843		-1.2258     0.2    0.2		4.1705503158		-1.0
	6480.00000000	2.95923		-1.56449     0.2    0.2		4.1705503158		-1.0
	6525.00000000	2.83139		-1.84366     0.2    0.2		4.1705503158		-1.0
	6570.00000000	2.97514		-2.03809     0.2    0.2		4.1705503158		-1.0
	6615.00000000	2.93148		-2.42102     0.2    0.2		4.1705503158		-1.0
	6660.00000000	2.96867		-2.44337     0.2    0.2		4.1705503158		-1.0
	6705.00000000	2.78604		-2.99514     0.2    0.2		4.1705503158		-1.0
	6750.00000000	2.74776		-2.91989     0.2    0.2		4.1705503158		-1.0
	6795.00000000	2.77258		2.94612     0.2    0.2		4.1705503158		-1.0
	6840.00000000	2.70124		2.88203     0.2    0.2		4.1705503158		-1.0
	6885.00000000	2.78806		2.8946     0.2    0.2		4.1705503158		-1.0
	6930.00000000	3.07926		2.43792     0.2    0.2		4.1705503158		-1.0
	6975.00000000	3.26445		2.468     0.2    0.2		4.1705503158		-1.0
	7020.00000000	3.18435		2.13592     0.2    0.2		4.1705503158		-1.0
	7065.00000000	3.20999		1.89641     0.2    0.2		4.1705503158		-1.0
	7110.00000000	3.16041		1.54715     0.2    0.2		4.1705503158		-1.0
	7155.00000000	2.72077		1.32083     0.2    0.2		4.1705503158		-1.0
	7200.00000000	2.75232		1.04087     0.2    0.2		4.1705503158		-1.0
	7245.00000000	2.85634		0.38666     0.2    0.2		4.1705503158		-1.0
	7290.00000000	2.93229		-0.02182     0.2    0.2		4.1705503158		-1.0
	7335.00000000	3.29455		-0.69065     0.2    0.2		4.1705503158		-1.0
	7380.00000000	3.12648		-0.99505     0.2    0.2		4.1705503158		-1.0
	7425.00000000	2.77		-1.2302     0.2    0.2		4.1705503158		-1.0
	7470.00000000	3.17491		-1.38013     0.2    0.2		4.1705503158		-1.0
	7515.00000000	2.85157		-1.69066     0.2    0.2		4.1705503158		-1.0
	7560.00000000	2.96302		-1.86637     0.2    0.2		4.1705503158		-1.0
	7605.00000000	2.81251		-2.22906     0.2    0.2		4.1705503158		-1.0
	7650.00000000	2.79902		-2.29181     0.2    0.2		4.1705503158		-1.0
	7695.00000000	2.89882		-2.8184     0.2    0.2		4.1705503158		-1.0
	7740.00000000	2.84523		-2.86203     0.2    0.2		4.1705503158		-1.0
	7785.00000000	3.0265		2.91038     0.2    0.2		4.1705503158		-1.0
	7830.00000000	2.79936		3.03804     0.2    0.2		4.1705503158		-1.0
	7875.00000000	2.95523		2.61192     0.2    0.2		4.1705503158		-1.0
	7920.00000000	2.83521		2.45265     0.2    0.2		4.1705503158		-1.0
	7965.00000000	3.33068		2.39686     0.2    0.2		4.1705503158		-1.0
	8010.00000000	3.28606		2.03183     0.2    0.2		4.1705503158		-1.0
	8055.00000000	3.35503		1.79132     0.2    0.2		4.1705503158		-1.0
	8100.00000000	2.64146		1.58927     0.2    0.2		4.1705503158		-1.0
	8145.00000000	2.89399		1.492     0.2    0.2		4.1705503158		-1.0
	8190.00000000	2.81856		1.00891     0.2    0.2		4.1705503158		-1.0
	8235.00000000	2.87796		0.64534     0.2    0.2		4.1705503158		-1.0
	8280.00000000	2.72758		0.09577     0.2    0.2		4.1705503158		-1.0
	8325.00000000	2.98835		-0.44657     0.2    0.2		4.1705503158		-1.0
	8370.00000000	3.11516		-1.01288     0.2    0.2		4.1705503158		-1.0
	8415.00000000	2.65966		-1.21765     0.2    0.2		4.1705503158		-1.0
	8460.00000000	3.09859		-1.6627     0.2    0.2		4.1705503158		-1.0
	8505.00000000	3.06125		-1.8959     0.2    0.2		4.1705503158		-1.0
	8550.00000000	3.05972		-2.0928     0.2    0.2		4.1705503158		-1.0
	8595.00000000	3.12979		-2.21199     0.2    0.2		4.1705503158		-1.0
	8640.00000000	3.08259		-2.58002     0.2    0.2		4.1705503158		-1.0
	8685.00000000	3.14967		-2.79784     0.2    0.2		4.1705503158		-1.0
	8730.00000000	3.00669		-3.06747     0.2    0.2		4.1705503158		-1.0
	8775.00000000	2.97694		3.1007     0.2    0.2		4.1705503158		-1.0
	8820.00000000	3.31781		2.80536     0.2    0.2		4.1705503158		-1.0
	8865.00000000	2.87543		2.35145     0.2    0.2		4.1705503158		-1.0
	8910.00000000	2.78082		2.16101     0.2    0.2		4.1705503158		-1.0
	8955.00000000	2.75186		1.86817     0.2    0.2		4.1705503158		-1.0
	9000.00000000	2.80563		1.16421     0.2    0.2		4.1705503158		-1.0
	9045.00000000	3.11974		0.71105     0.2    0.2		4.1705503158		-1.0
	9090.00000000	2.90424		0.15183     0.2    0.2		4.1705503158		-1.0
	9135.00000000	3.23646		-0.51225     0.2    0.2		4.1705503158		-1.0
	9180.00000000	2.75569		-1.0111     0.2    0.2		4.1705503158		-1.0
	9225.00000000	2.8876		-0.90373     0.2    0.2		4.1705503158		-1.0
	9270.00000000	3.29864		-0.88534     0.2    0.2		4.1705503158		-1.0
	9315.00000000	2.93498		-0.22212     0.2    0.2		4.1705503158		-1.0
	9360.00000000	3.00951		0.18327     0.2    0.2		4.1705503158		-1.0
	9405.00000000	2.8667		0.34373     0.2    0.2		4.1705503158		-1.0
	9450.00000000	2.81759		-0.16727     0.2    0.2		4.1705503158		-1.0
	9495.00000000	2.80795		-0.47093     0.2    0.2		4.1705503158		-1.0
	9540.00000000	3.12812		-0.66069     0.2    0.2		4.1705503158		-1.0
	9585.00000000	2.945		-0.57189     0.2    0.2		4.1705503158		-1.0
	9630.00000000	2.85779		-0.49873     0.2    0.2		4.1705503158		-1.0
	9675.00000000	2.80546		0.22483     0.2    0.2		4.1705503158		-1.0
	9720.00000000	2.81561		0.77724     0.2    0.2		4.1705503158		-1.0
	9765.00000000	2.72039		1.16716     0.2    0.2		4.1705503158		-1.0
	9810.00000000	2.82602		1.05241     0.2    0.2		4.1705503158		-1.0
	9855.00000000	2.81373		1.44766     0.2    0.2		4.1705503158		-1.0
	9900.00000000	2.77719		1.51919     0.2    0.2		4.1705503158		-1.0
	9945.00000000	2.75867		1.75452     0.2    0.2		4.1705503158		-1.0
	9990.00000000	2.71733		2.11468     0.2    0.2		4.1705503158		-1.0
	10035.00000000	2.89572		2.39258     0.2    0.2		4.1705503158		-1.0
	10080.00000000	3.05633		2.91854     0.2    0.2		4.1705503158		-1.0
	10125.00000000	3.20291		-2.92479     0.2    0.2		4.1705503158		-1.0
	10170.00000000	2.81465		-2.60446     0.2    0.2		4.1705503158		-1.0
	10215.00000000	2.71471		-2.50769     0.2    0.2		4.1705503158		-1.0
	10260.00000000	2.7059		-2.0407     0.2    0.2		4.1705503158		-1.0
	10305.00000000	2.74184		-1.92948     0.2    0.2		4.1705503158		-1.0
	10350.00000000	2.71906		-1.4304     0.2    0.2		4.1705503158		-1.0
	10395.00000000	2.69435		-1.59346     0.2    0.2		4.1705503158		-1.0
	10440.00000000	3.0908		-1.60329     0.2    0.2		4.1705503158		-1.0
	10485.00000000	3.21914		-1.74883     0.2    0.2		4.1705503158		-1.0
	10530.00000000	3.21264		-2.28469     0.2    0.2		4.1705503158		-1.0
	10575.00000000	3.20621		-2.34944     0.2    0.2		4.1705503158		-1.0
	10620.00000000	2.89527		-2.33042     0.2    0.2		4.1705503158		-1.0
	10665.00000000	2.79421		-2.2791     0.2    0.2		4.1705503158		-1.0
	10710.00000000	2.67171		-2.26234     0.2    0.2		4.1705503158		-1.0
	10755.00000000	2.72491		-1.82442     0.2    0.2		4.1705503158		-1.0
	10800.00000000	3.10984		-1.87071     0.2    0.2		4.1705503158		-1.0
	10845.00000001	3.07944		-2.02316     0.2    0.2		4.1705503158		-1.0
	10890.00000001	3.01125		-2.65774     0.2    0.2		4.1705503158		-1.0
	10935.00000001	3.12535		-2.35419     0.2    0.2		4.1705503158		-1.0
	10980.00000001	3.06143		-1.88524     0.2    0.2		4.1705503158		-1.0
	11025.00000001	2.84877		-1.9811     0.2    0.2		4.1705503158		-1.0
	11070.00000001	2.6839		-2.14387     0.2    0.2		4.1705503158		-1.0
	11115.00000001	3.22259		-2.49615     0.2    0.2		4.1705503158		-1.0
	11160.00000001	2.82513		-2.66522     0.2    0.2		4.1705503158		-1.0
	11205.00000001	2.78594		-2.94721     0.2    0.2		4.1705503158		-1.0
	11250.00000001	2.77596		3.07043     0.2    0.2		4.1705503158		-1.0
	11295.00000001	3.01001		2.58643     0.2    0.2		4.1705503158		-1.0
	11340.00000001	2.91055		1.98748     0.2    0.2		4.1705503158		-1.0
	11385.00000001	2.76282		1.7314     0.2    0.2		4.1705503158		-1.0
	11430.00000001	3.45866		1.34258     0.2    0.2		4.1705503158		-1.0
	11475.00000001	2.7975		0.78845     0.2    0.2		4.1705503158		-1.0
	11520.00000001	2.73992		0.14818     0.2    0.2		4.1705503158		-1.0
	11565.00000001	2.70731		-0.36651     0.2    0.2		4.1705503158		-1.0
	11610.00000001	2.78617		-0.87782     0.2    0.2		4.1705503158		-1.0
	11655.00000001	2.70798		-1.0569     0.2    0.2		4.1705503158		-1.0
	11700.00000001	3.28368		-1.15191     0.2    0.2		4.1705503158		-1.0
	11745.00000001	2.89244		-1.4975     0.2    0.2		4.1705503158		-1.0
	11790.00000001	3.09896		-1.00054     0.2    0.2		4.1705503158		-1.0
	11835.00000001	2.99135		-1.20383     0.2    0.2		4.1705503158		-1.0
	11880.00000001	3.26587		-0.66194     0.2    0.2		4.1705503158		-1.0
	11925.00000001	3.29697		-0.14103     0.2    0.2		4.1705503158		-1.0
	11970.00000001	3.31223		0.55676     0.2    0.2		4.1705503158		-1.0
	12015.00000001	3.28441		0.64325     0.2    0.2		4.1705503158		-1.0
	12060.00000001	3.26646		0.3896     0.2    0.2		4.1705503158		-1.0
	12105.00000001	3.28887		0.53499     0.2    0.2		4.1705503158		-1.0
	12150.00000001	3.13717		-0.01121     0.2    0.2		4.1705503158		-1.0
	12195.00000001	3.29483		-0.2593     0.2    0.2		4.1705503158		-1.0
	12240.00000001	3.15577		-0.5159     0.2    0.2		4.1705503158		-1.0
	12285.00000001	2.953		-0.14213     0.2    0.2		4.1705503158		-1.0
	12330.00000001	2.97726		0.20262     0.2    0.2		4.1705503158		-1.0
	12375.00000001	3.11657		0.4452     0.2    0.2		4.1705503158		-1.0
	12420.00000001	3.21604		0.4097     0.2    0.2		4.1705503158		-1.0
	12465.00000001	3.2487		-0.29473     0.2    0.2		4.1705503158		-1.0
	12510.00000001	3.24049		-0.28507     0.2    0.2		4.1705503158		-1.0
	12555.00000001	3.0536		-1.04414     0.2    0.2		4.1705503158		-1.0
	12600.00000001	2.73819		-1.06185     0.2    0.2		4.1705503158		-1.0
	12645.00000001	2.73377		-0.8141     0.2    0.2		4.1705503158		-1.0
	12690.00000001	2.98061		-1.11742     0.2    0.2		4.1705503158		-1.0
	12735.00000001	2.92511		-1.08754     0.2    0.2		4.1705503158		-1.0
	12780.00000001	2.65863		-0.3394     0.2    0.2		4.1705503158		-1.0
	12825.00000001	2.70181		0.47147     0.2    0.2		4.1705503158		-1.0
	12870.00000001	2.886		0.95533     0.2    0.2		4.1705503158		-1.0
	12915.00000001	3.14381		0.86738     0.2    0.2		4.1705503158		-1.0
	12960.00000001	3.18022		1.3926     0.2    0.2		4.1705503158		-1.0
	13005.00000001	3.1418		1.26075     0.2    0.2		4.1705503158		-1.0
	13050.00000001	3.1962		1.37729     0.2    0.2		4.1705503158		-1.0
	13095.00000001	3.24918		1.45002     0.2    0.2		4.1705503158		-1.0
	13140.00000001	2.98797		1.52107     0.2    0.2		4.1705503158		-1.0
	13185.00000001	2.67556		1.75973     0.2    0.2		4.1705503158		-1.0
	13230.00000001	2.68815		1.90422     0.2    0.2		4.1705503158		-1.0
	13275.00000001	2.74522		2.25513     0.2    0.2		4.1705503158		-1.0
	13320.00000001	2.85542		2.80995     0.2    0.2		4.1705503158		-1.0
	13365.00000001	2.92246		2.78922     0.2    0.2		4.1705503158		-1.0
	13410.00000001	3.03406		3.12136     0.2    0.2		4.1705503158		-1.0
	13455.00000001	2.98879		-3.11213     0.2    0.2		4.1705503158		-1.0
	13500.00000001	3.4123		-2.76047     0.2    0.2		4.1705503158		-1.0
	13545.00000001	2.82951		-2.50976     0.2    0.2		4.1705503158		-1.0
	13590.00000001	2.67959		-2.30561     0.2    0.2		4.1705503158		-1.0
	13635.00000001	2.95371		-2.025     0.2    0.2		4.1705503158		-1.0
	13680.00000001	2.69793		-1.52756     0.2    0.2		4.1705503158		-1.0
	13725.00000001	2.80232		-1.11779     0.2    0.2		4.1705503158		-1.0
	13770.00000001	2.76045		-1.36822     0.2    0.2		4.1705503158		-1.0
	13815.00000001	2.73736		-0.54002     0.2    0.2		4.1705503158		-1.0
	13860.00000001	2.75079		0.53619     0.2    0.2		4.1705503158		-1.0
	13905.00000001	2.76417		0.8465     0.2    0.2		4.1705503158		-1.0
	13950.00000001	2.67925		0.96775     0.2    0.2		4.1705503158		-1.0
	13995.00000001	2.92611		1.0046     0.2    0.2		4.1705503158		-1.0
	14040.00000001	3.15609		0.99079     0.2    0.2		4.1705503158		-1.0
	14085.00000001	3.14911		0.75372     0.2    0.2		4.1705503158		-1.0
	14130.00000001	3.39135		1.13418     0.2    0.2		4.1705503158		-1.0
	14175.00000001	3.19661		1.04687     0.2    0.2		4.1705503158		-1.0
	14220.00000001	3.38964		1.08131     0.2    0.2		4.1705503158		-1.0
	14265.00000000	3.38445		0.93709     0.2    0.2		4.1705503158		-1.0
	14310.00000000	3.13622		1.21243     0.2    0.2		4.1705503158		-1.0
	14355.00000000	3.16634		0.74452     0.2    0.2		4.1705503158		-1.0
	14400.00000000	3.02684		1.05287     0.2    0.2		4.1705503158		-1.0
	14445.00000000	2.67673		0.30928     0.2    0.2		4.1705503158		-1.0
	14490.00000000	2.67521		0.04372     0.2    0.2		4.1705503158		-1.0
	14535.00000000	2.81521		-0.6794     0.2    0.2		4.1705503158		-1.0
	14580.00000000	2.73868		-0.73484     0.2    0.2		4.1705503158		-1.0
	14625.00000000	2.84334		-1.45305     0.2    0.2		4.1705503158		-1.0
	14670.00000000	2.77168		-1.45555     0.2    0.2		4.1705503158		-1.0
	14715.00000000	2.77342		-1.94006     0.2    0.2		4.1705503158		-1.0
	14760.00000000	2.74329		-2.09431     0.2    0.2		4.1705503158		-1.0
	14805.00000000	2.75678		-2.75679     0.2    0.2		4.1705503158		-1.0
	14850.00000000	2.68953		-2.82471     0.2    0.2		4.1705503158		-1.0
	14895.00000000	2.81001		3.07353     0.2    0.2		4.1705503158		-1.0
	14940.00000000	2.68372		2.96559     0.2    0.2		4.1705503158		-1.0
	14985.00000000	2.72657		2.56509     0.2    0.2		4.1705503158		-1.0
	15030.00000000	2.73039		2.36477     0.2    0.2		4.1705503158		-1.0
	15075.00000000	2.72544		2.06788     0.2    0.2		4.1705503158		-1.0
	15120.00000000	2.70014		1.6196     0.2    0.2		4.1705503158		-1.0
	15165.00000000	2.70981		1.44377     0.2    0.2		4.1705503158		-1.0
	15210.00000000	2.68436		0.91057     0.2    0.2		4.1705503158		-1.0
	15255.00000000	2.71049		0.12234     0.2    0.2		4.1705503158		-1.0
	15300.00000000	2.82532		-0.38385     0.2    0.2		4.1705503158		-1.0
	15345.00000000	2.67407		-0.9588     0.2    0.2		4.1705503158		-1.0
	15390.00000000	2.80815		-0.80296     0.2    0.2		4.1705503158		-1.0
	15435.00000000	3.1763		-0.83946     0.2    0.2		4.1705503158		-1.0
	15480.00000000	3.25764		-0.7842     0.2    0.2		4.1705503158		-1.0
	15525.00000000	3.18277		-0.17397     0.2    0.2		4.1705503158		-1.0
	15570.00000000	3.22792		0.12414     0.2    0.2		4.1705503158		-1.0
	15615.00000000	3.20323		0.07116     0.2    0.2		4.1705503158		-1.0
	15660.00000000	2.6663		-0.5764     0.2    0.2		4.1705503158		-1.0
	15705.00000000	2.80316		-0.36801     0.2    0.2		4.1705503158		-1.0
	15750.00000000	3.33174		-0.0536     0.2    0.2		4.1705503158		-1.0
	15795.00000000	2.61619		0.60452     0.2    0.2		4.1705503158		-1.0
	15840.00000000	2.81481		0.37021     0.2    0.2		4.1705503158		-1.0
	15885.00000000	2.74062		0.68512     0.2    0.2		4.1705503158		-1.0
	15930.00000000	2.66219		-0.12308     0.2    0.2		4.1705503158		-1.0
	15975.00000000	2.70878		-0.22409     0.2    0.2		4.1705503158		-1.0
	16020.00000000	3.22149		-0.06942     0.2    0.2		4.1705503158		-1.0
	16065.00000000	3.38572		0.20744     0.2    0.2		4.1705503158		-1.0
	16110.00000000	3.29425		0.36709     0.2    0.2		4.1705503158		-1.0
	16155.00000000	3.02656		0.66501     0.2    0.2		4.1705503158		-1.0
	16200.00000000	3.40073		0.18954     0.2    0.2		4.1705503158		-1.0
	16245.00000000	3.39521		-0.73864     0.2    0.2		4.1705503158		-1.0
	16290.00000000	2.65261		-0.74502     0.2    0.2		4.1705503158		-1.0
	16335.00000000	3.08773		-1.11945     0.2    0.2		4.1705503158		-1.0
	16380.00000000	3.15102		-1.6091     0.2    0.2		4.1705503158		-1.0
	16425.00000000	3.26301		-1.40099     0.2    0.2		4.1705503158		-1.0
	16470.00000000	3.401		-1.94899     0.2    0.2		4.1705503158		-1.0
	16515.00000000	3.32407		-2.08261     0.2    0.2		4.1705503158		-1.0
	16560.00000000	3.13932		-2.37473     0.2    0.2		4.1705503158		-1.0
	16605.00000000	3.23716		-1.95251     0.2    0.2		4.1705503158		-1.0
	16650.00000000	3.33978		-2.13821     0.2    0.2		4.1705503158		-1.0
	16695.00000000	3.16418		-2.20489     0.2    0.2		4.1705503158		-1.0
	16740.00000000	3.29087		-2.43535     0.2    0.2		4.1705503158		-1.0
	16785.00000000	3.27962		-2.92045     0.2    0.2		4.1705503158		-1.0
	16830.00000000	3.28563		-3.08715     0.2    0.2		4.1705503158		-1.0
	16875.00000000	3.31257		2.84534     0.2    0.2		4.1705503158		-1.0
	16920.00000000	3.34153		2.38921     0.2    0.2		4.1705503158		-1.0
	16965.00000000	3.37862		2.1066     0.2    0.2		4.1705503158		-1.0
	17010.00000000	3.07602		1.83474     0.2    0.2		4.1705503158		-1.0
	17055.00000000	3.36431		1.8514     0.2    0.2		4.1705503158		-1.0
	17100.00000000	3.30404		1.66619     0.2    0.2		4.1705503158		-1.0
	17145.00000000	3.23118		2.055     0.2    0.2		4.1705503158		-1.0
	17190.00000000	3.2015		2.11217     0.2    0.2		4.1705503158		-1.0
	17235.00000000	3.27151		2.81528     0.2    0.2		4.1705503158		-1.0
	17280.00000000	2.91426		2.65591     0.2    0.2		4.1705503158		-1.0
	17325.00000000	3.69156		2.94786     0.2    0.2		4.1705503158		-1.0
	17370.00000000	2.83863		2.51892     0.2    0.2		4.1705503158		-1.0
	17415.00000000	2.63841		2.46561     0.2    0.2		4.1705503158		-1.0
	17460.00000000	2.76037		2.01425     0.2    0.2		4.1705503158		-1.0
	17505.00000000	2.61016		1.44487     0.2    0.2		4.1705503158		-1.0
	17550.00000000	2.83877		1.10956     0.2    0.2		4.1705503158		-1.0
	17595.00000000	2.68499		0.14896     0.2    0.2		4.1705503158		-1.0
	17640.00000000	2.93527		-0.23537     0.2    0.2		4.1705503158		-1.0
	17685.00000000	3.12017		-0.38529     0.2    0.2		4.1705503158		-1.0
	17730.00000000	3.09242		-0.84389     0.2    0.2		4.1705503158		-1.0
	17775.00000000	3.12437		-0.57866     0.2    0.2		4.1705503158		-1.0
	17820.00000000	3.38845		-0.38024     0.2    0.2		4.1705503158		-1.0
	17865.00000000	3.24612		-0.02953     0.2    0.2		4.1705503158		-1.0
	17910.00000000	2.66468		0.31244     0.2    0.2		4.1705503158		-1.0
	17955.00000000	2.6976		0.57069     0.2    0.2		4.1705503158		-1.0
	18000.00000000	2.649		0.88578     0.2    0.2		4.1705503158		-1.0
	18045.00000000	2.71068		0.19808     0.2    0.2		4.1705503158		-1.0
	18090.00000000	2.66338		-0.31415     0.2    0.2		4.1705503158		-1.0
	18135.00000000	2.73446		-0.5907     0.2    0.2		4.1705503158		-1.0
	18180.00000000	3.5962		-0.35109     0.2    0.2		4.1705503158		-1.0
	18225.00000000	3.31344		-0.6784     0.2    0.2		4.1705503158		-1.0
	18270.00000000	3.06396		-0.70027     0.2    0.2		4.1705503158		-1.0
	18315.00000000	3.03675		-0.53956     0.2    0.2		4.1705503158		-1.0
	18360.00000000	2.75517		-0.39247     0.2    0.2		4.1705503158		-1.0
	18405.00000000	3.16259		-0.12099     0.2    0.2		4.1705503158		-1.0
	18450.00000000	2.99934		0.51136     0.2    0.2		4.1705503158		-1.0
	18495.00000000	3.16322		0.5409     0.2    0.2		4.1705503158		-1.0
	18540.00000000	3.34602		1.01246     0.2    0.2		4.1705503158		-1.0
	18585.00000000	3.35087		1.01514     0.2    0.2		4.1705503158		-1.0
	18630.00000000	3.32954		1.22851     0.2    0.2		4.1705503158		-1.0
	18675.00000000	3.29439		1.39183     0.2    0.2		4.1705503158		-1.0
	18720.00000000	3.35756		1.65732     0.2    0.2		4.1705503158		-1.0
	18765.00000000	3.40656		1.54168     0.2    0.2		4.1705503158		-1.0
	18810.00000000	3.44954		2.28593     0.2    0.2		4.1705503158		-1.0
	18855.00000000	3.28012		2.19593     0.2    0.2		4.1705503158		-1.0
	18900.00000000	3.30204		2.64665     0.2    0.2		4.1705503158		-1.0
	18945.00000000	3.27204		2.79451     0.2    0.2		4.1705503158		-1.0
	18990.00000000	3.37704		-3.01081     0.2    0.2		4.1705503158		-1.0
	19035.00000000	2.8877		-2.85653     0.2    0.2		4.1705503158		-1.0
	19080.00000000	2.71011		-2.48027     0.2    0.2		4.1705503158		-1.0
	19125.00000000	2.6642		-2.26311     0.2    0.2		4.1705503158		-1.0
	19170.00000000	2.82081		-1.74333     0.2    0.2		4.1705503158		-1.0
	19215.00000000	2.67719		-1.62713     0.2    0.2		4.1705503158		-1.0
	19260.00000000	2.69622		-1.17266     0.2    0.2		4.1705503158		-1.0
	19305.00000000	2.75875		-1.07097     0.2    0.2		4.1705503158		-1.0
	19350.00000000	2.66531		-0.67872     0.2    0.2		4.1705503158		-1.0
	19395.00000000	2.6678		0.00999     0.2    0.2		4.1705503158		-1.0
	19440.00000000	3.49517		0.41984     0.2    0.2		4.1705503158		-1.0
	19485.00000000	3.40347		1.07139     0.2    0.2		4.1705503158		-1.0
	19530.00000000	3.39455		1.20742     0.2    0.2		4.1705503158		-1.0
	19575.00000000	2.87662		1.73203     0.2    0.2		4.1705503158		-1.0
	19620.00000000	2.97897		1.71262     0.2    0.2		4.1705503158		-1.0
	19665.00000000	3.39248		2.03708     0.2    0.2		4.1705503158		-1.0
	19710.00000000	2.74245		2.4278     0.2    0.2		4.1705503158		-1.0
	19755.00000000	3.34334		2.47874     0.2    0.2		4.1705503158		-1.0
	19800.00000000	2.74024		2.66874     0.2    0.2		4.1705503158		-1.0
	19845.00000000	2.75474		-3.10751     0.2    0.2		4.1705503158		-1.0
	19890.00000000	2.81104		3.04812     0.2    0.2		4.1705503158		-1.0
	19935.00000000	2.70461		-2.74122     0.2    0.2		4.1705503158		-1.0
	19980.00000000	2.74507		-2.71205     0.2    0.2		4.1705503158		-1.0
	20025.00000000	2.7197		-2.14683     0.2    0.2		4.1705503158		-1.0
	20070.00000000	2.69893		-2.34709     0.2    0.2		4.1705503158		-1.0
	20115.00000000	2.65508		-1.64852     0.2    0.2		4.1705503158		-1.0
	20160.00000000	2.78269		-1.87282     0.2    0.2		4.1705503158		-1.0
	20205.00000000	2.88643		-1.224     0.2    0.2		4.1705503158		-1.0
	20250.00000000	3.15151		-1.44611     0.2    0.2		4.1705503158		-1.0
	20295.00000000	3.28779		-0.98728     0.2    0.2		4.1705503158		-1.0
	20340.00000000	3.13652		-1.27354     0.2    0.2		4.1705503158		-1.0
	20385.00000000	3.45544		-1.14955     0.2    0.2		4.1705503158		-1.0
	20430.00000000	3.3265		-1.69808     0.2    0.2		4.1705503158		-1.0
	20475.00000000	3.35099		-1.80426     0.2    0.2		4.1705503158		-1.0
	20520.00000000	3.21034		-2.52203     0.2    0.2		4.1705503158		-1.0
	20565.00000000	3.23752		-2.71472     0.2    0.2		4.1705503158		-1.0
	20610.00000000	3.23765		-2.94704     0.2    0.2		4.1705503158		-1.0
	20655.00000000	3.22693		3.03702     0.2    0.2		4.1705503158		-1.0
	20700.00000000	3.42315		2.99263     0.2    0.2		4.1705503158		-1.0
	20744.99999999	3.38603		2.87244     0.2    0.2		4.1705503158		-1.0
	20789.99999999	3.13847		2.67476     0.2    0.2		4.1705503158		-1.0
	20834.99999999	3.3247		2.43765     0.2    0.2		4.1705503158		-1.0
	20879.99999999	2.79444		2.33339     0.2    0.2		4.1705503158		-1.0
	20924.99999999	2.66131		1.94163     0.2    0.2		4.1705503158		-1.0
	20969.99999999	2.63234		1.80491     0.2    0.2		4.1705503158		-1.0
	21014.99999999	2.59499		1.62975     0.2    0.2		4.1705503158		-1.0
	21059.99999999	2.75289		1.11938     0.2    0.2		4.1705503158		-1.0
	21104.99999999	2.56396		0.95565     0.2    0.2		4.1705503158		-1.0
	21149.99999999	3.31458		-0.11142     0.2    0.2		4.1705503158		-1.0
	21194.99999999	3.3196		-1.03547     0.2    0.2		4.1705503158		-1.0
	21239.99999999	3.39637		-1.53984     0.2    0.2		4.1705503158		-1.0
	21284.99999999	2.67068		-2.10963     0.2    0.2		4.1705503158		-1.0
	21329.99999999	2.63468		-2.61325     0.2    0.2		4.1705503158		-1.0
	21374.99999999	3.46715		-2.77     0.2    0.2		4.1705503158		-1.0
	21419.99999999	2.83683		-2.96676     0.2    0.2		4.1705503158		-1.0
	21464.99999999	2.65393		-2.97109     0.2    0.2		4.1705503158		-1.0
	21509.99999999	2.73727		2.87027     0.2    0.2		4.1705503158		-1.0
	21554.99999999	2.74344		2.62704     0.2    0.2		4.1705503158		-1.0
	21599.99999999	2.73547		2.55008     0.2    0.2		4.1705503158		-1.0
	21644.99999999	2.72157		2.03101     0.2    0.2		4.1705503158		-1.0
	21689.99999999	2.64845		2.0031     0.2    0.2		4.1705503158		-1.0
	21734.99999999	2.79036		1.65577     0.2    0.2		4.1705503158		-1.0
	21779.99999999	2.73661		1.69407     0.2    0.2		4.1705503158		-1.0
	21824.99999999	3.14431		1.3547     0.2    0.2		4.1705503158		-1.0
	21869.99999999	2.93624		1.18616     0.2    0.2		4.1705503158		-1.0
	21914.99999999	2.64605		1.28227     0.2    0.2		4.1705503158		-1.0
	21959.99999999	2.65932		1.20129     0.2    0.2		4.1705503158		-1.0
	22004.99999999	2.80443		1.50123     0.2    0.2		4.1705503158		-1.0
	22049.99999999	2.66414		1.24218     0.2    0.2		4.1705503158		-1.0
	22094.99999999	2.61494		1.47546     0.2    0.2		4.1705503158		-1.0
	22139.99999999	3.35827		1.49197     0.2    0.2		4.1705503158		-1.0
	22184.99999999	3.10747		2.03949     0.2    0.2		4.1705503158		-1.0
	22229.99999999	3.77227		1.62112     0.2    0.2		4.1705503158		-1.0
	22274.99999999	2.98866		2.05707     0.2    0.2		4.1705503158		-1.0
	22319.99999999	3.27707		2.12847     0.2    0.2		4.1705503158		-1.0
	22364.99999999	2.61049		2.43096     0.2    0.2		4.1705503158		-1.0
	22409.99999999	3.51869		2.53105     0.2    0.2		4.1705503158		-1.0
	22454.99999999	2.82197		2.66835     0.2    0.2		4.1705503158		-1.0
	22499.99999999	2.8154		-3.03314     0.2    0.2		4.1705503158		-1.0
	22544.99999999	3.22298		-2.54119     0.2    0.2		4.1705503158		-1.0
	22589.99999999	3.1408		-2.16695     0.2    0.2		4.1705503158		-1.0
	22634.99999999	3.10421		-1.96575     0.2    0.2		4.1705503158		-1.0
	22679.99999999	3.23708		-1.93705     0.2    0.2		4.1705503158		-1.0
	22724.99999999	3.29214		-1.51949     0.2    0.2		4.1705503158		-1.0
	22769.99999999	3.39282		-1.82006     0.2    0.2		4.1705503158		-1.0
	22814.99999999	3.25053		-1.58325     0.2    0.2		4.1705503158		-1.0
	22859.99999999	3.26628		-1.80471     0.2    0.2		4.1705503158		-1.0
	22904.99999999	3.54934		-1.65761     0.2    0.2		4.1705503158		-1.0
	22949.99999999	3.21462		-1.53538     0.2    0.2		4.1705503158		-1.0
	22994.99999999	3.21194		-1.44336     0.2    0.2		4.1705503158		-1.0
	23039.99999999	3.52314		-1.223     0.2    0.2		4.1705503158		-1.0
	23084.99999999	3.65254		-0.89956     0.2    0.2		4.1705503158		-1.0
	23129.99999999	3.17444		-0.92768     0.2    0.2		4.1705503158		-1.0
	23174.99999999	3.10529		-0.28995     0.2    0.2		4.1705503158		-1.0
	23219.99999999	3.28671		0.67334     0.2    0.2		4.1705503158		-1.0
	23264.99999999	3.39085		0.86311     0.2    0.2		4.1705503158		-1.0
	23309.99999999	3.3281		1.54606     0.2    0.2		4.1705503158		-1.0
	23354.99999999	3.32946		1.50779     0.2    0.2		4.1705503158		-1.0
	23399.99999999	3.47384		2.01763     0.2    0.2		4.1705503158		-1.0
	23444.99999999	3.37753		2.02065     0.2    0.2		4.1705503158		-1.0
	23489.99999999	3.23119		2.60836     0.2    0.2		4.1705503158		-1.0
	23534.99999999	3.14605		2.44503     0.2    0.2		4.1705503158		-1.0
	23579.99999999	3.30568		2.26135     0.2    0.2		4.1705503158		-1.0
	23624.99999999	2.67653		2.2501     0.2    0.2		4.1705503158		-1.0
	23669.99999999	2.75105		1.90976     0.2    0.2		4.1705503158		-1.0
	23714.99999999	2.61582		2.10953     0.2    0.2		4.1705503158		-1.0
	23759.99999999	2.96446		1.68222     0.2    0.2		4.1705503158		-1.0
	23804.99999999	3.44511		2.0961     0.2    0.2		4.1705503158		-1.0
	23849.99999999	3.43264		1.90057     0.2    0.2		4.1705503158		-1.0
	23894.99999999	2.97577		2.17331     0.2    0.2		4.1705503158		-1.0
	23939.99999999	2.61684		2.19177     0.2    0.2		4.1705503158		-1.0
	23984.99999999	3.55661		2.71716     0.2    0.2		4.1705503158		-1.0
	24029.99999999	3.37995		-2.79918     0.2    0.2		4.1705503158		-1.0
	24074.99999999	2.65069		-2.55773     0.2    0.2		4.1705503158		-1.0
	24119.99999999	3.46252		-2.49666     0.2    0.2		4.1705503158		-1.0
	24164.99999999	3.10682		-2.24551     0.2    0.2		4.1705503158		-1.0
	24209.99999999	3.18749		-2.22006     0.2    0.2		4.1705503158		-1.0
	24254.99999999	3.15098		-2.14548     0.2    0.2		4.1705503158		-1.0
	24299.99999999	3.09029		-1.99568     0.2    0.2		4.1705503158		-1.0
	24344.99999999	3.31109		-1.83912     0.2    0.2		4.1705503158		-1.0
	24389.99999999	2.82697		-1.67274     0.2    0.2		4.1705503158		-1.0
	24434.99999999	2.8443		-1.38455     0.2    0.2		4.1705503158		-1.0
	24479.99999999	3.45613		-1.14126     0.2    0.2		4.1705503158		-1.0
	24524.99999999	3.34071		-0.80395     0.2    0.2		4.1705503158		-1.0
	24569.99999999	3.25189		-0.36507     0.2    0.2		4.1705503158		-1.0
	24614.99999999	3.38657		0.25317     0.2    0.2		4.1705503158		-1.0
	24659.99999999	2.79491		0.61373     0.2    0.2		4.1705503158		-1.0
	24704.99999999	2.71465		0.42531     0.2    0.2		4.1705503158		-1.0
	24749.99999999	2.64191		-0.06739     0.2    0.2		4.1705503158		-1.0
	24794.99999999	2.68483		-0.49857     0.2    0.2		4.1705503158		-1.0
	24839.99999999	2.73843		-0.64647     0.2    0.2		4.1705503158		-1.0
	24884.99999999	2.7972		-0.40948     0.2    0.2		4.1705503158		-1.0
	24929.99999999	2.92181		0.01317     0.2    0.2		4.1705503158		-1.0
	24974.99999999	2.71837		0.46978     0.2    0.2		4.1705503158		-1.0
	25019.99999999	3.38937		0.23916     0.2    0.2		4.1705503158		-1.0
	25064.99999999	2.65275		-0.32929     0.2    0.2		4.1705503158		-1.0
	25109.99999999	3.44105		-0.10697     0.2    0.2		4.1705503158		-1.0
	25154.99999999	3.16034		0.14886     0.2    0.2		4.1705503158		-1.0
	25199.99999999	2.7934		0.3357     0.2    0.2		4.1705503158		-1.0
	25244.99999999	2.64206		-0.19213     0.2    0.2		4.1705503158		-1.0
	25289.99999999	3.0154		0.31689     0.2    0.2		4.1705503158		-1.0
	25334.99999999	3.06572		0.97331     0.2    0.2		4.1705503158		-1.0
	25379.99999999	3.49545		0.45199     0.2    0.2		4.1705503158		-1.0
	25424.99999999	3.21912		0.38874     0.2    0.2		4.1705503158		-1.0
	25469.99999999	2.94255		0.115     0.2    0.2		4.1705503158		-1.0
	25514.99999999	2.91701		-0.03616     0.2    0.2		4.1705503158		-1.0
	25559.99999999	3.127		0.33163     0.2    0.2		4.1705503158		-1.0
	25604.99999999	3.17908		0.17049     0.2    0.2		4.1705503158		-1.0
	25649.99999999	3.59024		-0.19295     0.2    0.2		4.1705503158		-1.0
	25694.99999999	2.63836		-0.79409     0.2    0.2		4.1705503158		-1.0
	25739.99999999	2.69407		-1.26159     0.2    0.2		4.1705503158		-1.0
	25784.99999999	2.648		-1.6046     0.2    0.2		4.1705503158		-1.0
	25829.99999999	2.6234		-1.89834     0.2    0.2		4.1705503158		-1.0
	25874.99999999	2.92757		-2.31501     0.2    0.2		4.1705503158		-1.0
	25919.99999999	3.24077		-2.34221     0.2    0.2		4.1705503158		-1.0
	25964.99999999	3.30756		-2.51435     0.2    0.2		4.1705503158		-1.0
	26009.99999999	3.19047		-2.898     0.2    0.2		4.1705503158		-1.0
	26054.99999999	3.12		-2.86044     0.2    0.2		4.1705503158		-1.0
	26099.99999999	3.31913		-3.11383     0.2    0.2		4.1705503158		-1.0
	26144.99999999	3.21134		-3.08025     0.2    0.2		4.1705503158		-1.0
	26189.99999999	3.27235		2.86767     0.2    0.2		4.1705503158		-1.0
	26234.99999999	3.40007		2.54574     0.2    0.2		4.1705503158		-1.0
	26279.99999999	3.09089		2.32756     0.2    0.2		4.1705503158		-1.0
	26324.99999999	3.11446		2.30989     0.2    0.2		4.1705503158		-1.0
	26369.99999999	3.04121		1.76138     0.2    0.2		4.1705503158		-1.0
	26414.99999999	2.8073		1.54796     0.2    0.2		4.1705503158		-1.0
	26459.99999999	3.46976		1.1752     0.2    0.2		4.1705503158		-1.0
	26504.99999999	3.05376		0.18658     0.2    0.2		4.1705503158		-1.0
	26549.99999999	3.57025		-0.73619     0.2    0.2		4.1705503158		-1.0
	26594.99999999	3.15785		-1.06879     0.2    0.2		4.1705503158		-1.0
	26639.99999999	3.11041		-1.25561     0.2    0.2		4.1705503158		-1.0
	26684.99999999	2.75101		-1.60238     0.2    0.2		4.1705503158		-1.0
	26729.99999999	2.70031		-1.68091     0.2    0.2		4.1705503158		-1.0
	26774.99999999	2.70598		-1.76501     0.2    0.2		4.1705503158		-1.0
	26819.99999999	2.65803		-2.12827     0.2    0.2		4.1705503158		-1.0
	26864.99999999	2.79647		-2.46429     0.2    0.2		4.1705503158		-1.0
	26909.99999999	2.64886		-2.64362     0.2    0.2		4.1705503158		-1.0
	26954.99999999	2.72787		-2.88069     0.2    0.2		4.1705503158		-1.0
	26999.99999999	2.79573		3.01804     0.2    0.2		4.1705503158		-1.0
	27044.99999999	2.63098		2.67499     0.2    0.2		4.1705503158		-1.0
	27089.99999999	2.60956		2.55206     0.2    0.2		4.1705503158		-1.0
	27134.99999999	2.65409		2.00384     0.2    0.2		4.1705503158		-1.0
	27179.99999999	2.71525		1.84146     0.2    0.2		4.1705503158		-1.0
	27224.99999998	3.02792		1.40254     0.2    0.2		4.1705503158		-1.0
	27269.99999998	3.18677		1.04245     0.2    0.2		4.1705503158		-1.0
	27314.99999998	3.27921		0.56022     0.2    0.2		4.1705503158		-1.0
	27359.99999998	3.39401		0.10346     0.2    0.2		4.1705503158		-1.0
	27404.99999998	3.4078		-0.68404     0.2    0.2		4.1705503158		-1.0
	27449.99999998	3.2366		-0.48836     0.2    0.2		4.1705503158		-1.0
	27494.99999998	3.52207		-0.67361     0.2    0.2		4.1705503158		-1.0
	27539.99999998	3.29235		-0.57867     0.2    0.2		4.1705503158		-1.0
	27584.99999998	3.44522		-0.14299     0.2    0.2		4.1705503158		-1.0
	27629.99999998	3.46042		-0.10276     0.2    0.2		4.1705503158		-1.0
	27674.99999998	3.48923		0.06529     0.2    0.2		4.1705503158		-1.0
	27719.99999998	3.31378		-0.4696     0.2    0.2		4.1705503158		-1.0
	27764.99999998	2.69232		-0.17669     0.2    0.2		4.1705503158		-1.0
	27809.99999998	3.07016		-0.11679     0.2    0.2		4.1705503158		-1.0
	27854.99999998	2.60999		0.54445     0.2    0.2		4.1705503158		-1.0
	27899.99999998	2.7039		0.81262     0.2    0.2		4.1705503158		-1.0
	27944.99999998	2.69756		1.30326     0.2    0.2		4.1705503158		-1.0
	27989.99999998	3.06028		1.28545     0.2    0.2		4.1705503158		-1.0
	28034.99999998	4.07223		1.50613     0.2    0.2		4.1705503158		-1.0
	28079.99999998	6.11543		1.24088     0.2    0.2		4.1705503158		-1.0
	28124.99999998	7.73442		1.59472     0.2    0.2		4.1705503158		-1.0
	28169.99999998	9.44977		1.80092     0.2    0.2		4.1705503158		-1.0
	28214.99999998	10.61914		2.1815     0.2    0.2		4.1705503158		-1.0
	28259.99999998	11.9936		2.70429     0.2    0.2		4.1705503158		-1.0
	28304.99999998	12.74784		-3.11543     0.2    0.2		4.1705503158		-1.0
	28349.99999998	13.52366		-0.86809     0.2    0.2		4.1705503158		-1.0
	28394.99999998	14.09906		-1.04965     0.2    0.2		4.1705503158		-1.0
	28439.99999998	14.88244		-1.09051     0.2    0.2		4.1705503158		-1.0
	28484.99999998	15.76243		-1.3456     0.2    0.2		4.1705503158		-1.0
	28529.99999998	16.96263		-1.49721     0.2    0.2		4.1705503158		-1.0
	28574.99999998	17.90396		-1.86494     0.2    0.2		4.1705503158		-1.0
	28619.99999998	19.16197		-2.1174     0.2    0.2		4.1705503158		-1.0
	28664.99999998	20.00297		2.19186     0.2    0.2		4.1705503158		-1.0
	28709.99999998	20.63798		0.69407     0.2    0.2		4.1705503158		-1.0
	28754.99999998	21.1453		0.43491     0.2    0.2		4.1705503158		-1.0
	28799.99999998	21.82992		0.14796     0.2    0.2		4.1705503158		-1.0
	28844.99999998	22.67872		-0.15529     0.2    0.2		4.1705503158		-1.0
	28889.99999998	23.65119		-0.36302     0.2    0.2		4.1705503158		-1.0
	28934.99999998	24.72718		-0.60969     0.2    0.2		4.1705503158		-1.0
	28979.99999998	26.05208		-0.88988     0.2    0.2		4.1705503158		-1.0
	29024.99999998	27.38569		-1.02199     0.2    0.2		4.1705503158		-1.0
	29069.99999998	27.84576		1.04551     0.2    0.2		4.1705503158		-1.0
	29114.99999998	27.97284		1.36527     0.2    0.2		4.1705503158		-1.0
	29159.99999998	26.85081		1.54926     0.2    0.2		4.1705503158		-1.0
	29204.99999998	25.78086		2.0359     0.2    0.2		4.1705503158		-1.0
	29249.99999998	24.72355		2.92798     0.2    0.2		4.1705503158		-1.0
	29294.99999998	23.8579		-2.94909     0.2    0.2		4.1705503158		-1.0
	29339.99999998	22.98937		-2.60827     0.2    0.2		4.1705503158		-1.0
	29384.99999998	22.06393		-2.23387     0.2    0.2		4.1705503158		-1.0
	29429.99999998	21.07684		-1.88046     0.2    0.2		4.1705503158		-1.0
	29474.99999998	19.96316		-1.61243     0.2    0.2		4.1705503158		-1.0
	29519.99999998	18.67768		-1.30228     0.2    0.2		4.1705503158		-1.0
	29564.99999998	17.51798		-0.99606     0.2    0.2		4.1705503158		-1.0
	29609.99999998	16.25099		-0.83783     0.2    0.2		4.1705503158		-1.0
	29654.99999998	15.30802		-0.55112     0.2    0.2		4.1705503158		-1.0
	29699.99999998	14.23704		-0.4509     0.2    0.2		4.1705503158		-1.0
	29744.99999998	13.17686		1.88064     0.2    0.2		4.1705503158		-1.0
	29789.99999998	12.13853		2.8584     0.2    0.2		4.1705503158		-1.0
	29834.99999998	11.29122		-2.86336     0.2    0.2		4.1705503158		-1.0
	29879.99999998	10.49769		-2.47025     0.2    0.2		4.1705503158		-1.0
	29924.99999998	9.56355		-1.93759     0.2    0.2		4.1705503158		-1.0
	29969.99999998	8.63898		-1.45582     0.2    0.2		4.1705503158		-1.0
	30014.99999998	7.67211		-1.01947     0.2    0.2		4.1705503158		-1.0
	30059.99999998	6.58008		-0.62754     0.2    0.2		4.1705503158		-1.0
	30104.99999998	5.79407		-0.5524     0.2    0.2		4.1705503158		-1.0
	30149.99999998	6.05298		-0.75407     0.2    0.2		4.1705503158		-1.0
	30194.99999998	6.99816		-0.93078     0.2    0.2		4.1705503158		-1.0
	30239.99999998	8.38035		-1.0393     0.2    0.2		4.1705503158		-1.0
	30284.99999998	9.84557		-1.14717     0.2    0.2		4.1705503158		-1.0
	30329.99999998	11.22881		-1.248     0.2    0.2		4.1705503158		-1.0
	30374.99999998	12.52451		-1.41466     0.2    0.2		4.1705503158		-1.0
	30419.99999998	13.70212		-1.53633     0.2    0.2		4.1705503158		-1.0
	30464.99999998	14.61266		-1.75824     0.2    0.2		4.1705503158		-1.0
	30509.99999998	15.51615		-2.03503     0.2    0.2		4.1705503158		-1.0
	30554.99999998	16.26845		-2.26507     0.2    0.2		4.1705503158		-1.0
	30599.99999998	17.02089		-2.54414     0.2    0.2		4.1705503158		-1.0
	30644.99999998	17.66271		-2.84625     0.2    0.2		4.1705503158		-1.0
	30689.99999998	18.32137		3.04541     0.2    0.2		4.1705503158		-1.0
	30734.99999998	19.00053		2.76196     0.2    0.2		4.1705503158		-1.0
	30779.99999998	19.81664		2.52535     0.2    0.2		4.1705503158		-1.0
	30824.99999998	20.79347		2.42284     0.2    0.2		4.1705503158		-1.0
	30869.99999998	21.95248		2.33339     0.2    0.2		4.1705503158		-1.0
	30914.99999998	21.13274		2.31531     0.2    0.2		4.1705503158		-1.0
	30959.99999998	20.05361		-2.6337     0.2    0.2		4.1705503158		-1.0
	31004.99999998	19.00571		-2.69401     0.2    0.2		4.1705503158		-1.0
	31049.99999998	17.8255		-2.80474     0.2    0.2		4.1705503158		-1.0
	31094.99999998	16.79223		-2.91726     0.2    0.2		4.1705503158		-1.0
	31139.99999998	15.793		3.1383     0.2    0.2		4.1705503158		-1.0
	31184.99999998	14.95862		2.33947     0.2    0.2		4.1705503158		-1.0
	31229.99999998	14.37075		1.08186     0.2    0.2		4.1705503158		-1.0
	31274.99999998	13.72805		0.57183     0.2    0.2		4.1705503158		-1.0
	31319.99999998	13.23865		0.27454     0.2    0.2		4.1705503158		-1.0
	31364.99999998	12.52413		0.09291     0.2    0.2		4.1705503158		-1.0
	31409.99999998	11.5074		-0.07445     0.2    0.2		4.1705503158		-1.0
	31454.99999998	10.41449		-0.16226     0.2    0.2		4.1705503158		-1.0
	31499.99999998	9.2003		-0.19191     0.2    0.2		4.1705503158		-1.0
	31544.99999998	8.34611		-0.28858     0.2    0.2		4.1705503158		-1.0
	31589.99999998	7.47683		-0.3535     0.2    0.2		4.1705503158		-1.0
	31634.99999998	6.71754		-0.7177     0.2    0.2		4.1705503158		-1.0
	31679.99999998	6.28136		-2.3296     0.2    0.2		4.1705503158		-1.0
	31724.99999998	6.35427		-2.97527     0.2    0.2		4.1705503158		-1.0
	31769.99999998	7.32466		-3.07728     0.2    0.2		4.1705503158		-1.0
	31814.99999998	8.71452		2.80957     0.2    0.2		4.1705503158		-1.0
	31859.99999998	9.98003		2.29601     0.2    0.2		4.1705503158		-1.0
	31904.99999998	10.96675		1.37994     0.2    0.2		4.1705503158		-1.0
	31949.99999998	11.49055		0.75745     0.2    0.2		4.1705503158		-1.0
	31994.99999998	11.90943		0.42922     0.2    0.2		4.1705503158		-1.0
	32039.99999998	12.37537		0.37138     0.2    0.2		4.1705503158		-1.0
	32084.99999998	12.94563		0.55046     0.2    0.2		4.1705503158		-1.0
	32129.99999998	13.81795		0.90186     0.2    0.2		4.1705503158		-1.0
	32174.99999998	14.53659		1.68357     0.2    0.2		4.1705503158		-1.0
	32219.99999998	15.78293		2.53367     0.2    0.2		4.1705503158		-1.0
	32264.99999998	16.85684		-2.25098     0.2    0.2		4.1705503158		-1.0
	32309.99999998	17.99808		-1.12806     0.2    0.2		4.1705503158		-1.0
	32354.99999998	18.88814		-0.61334     0.2    0.2		4.1705503158		-1.0
	32399.99999998	19.98128		-0.37534     0.2    0.2		4.1705503158		-1.0
	32444.99999998	21.13281		-0.26686     0.2    0.2		4.1705503158		-1.0
	32489.99999998	22.00435		-0.36785     0.2    0.2		4.1705503158		-1.0
	32534.99999998	22.77759		-0.5082     0.2    0.2		4.1705503158		-1.0
	32579.99999998	23.32116		-0.75416     0.2    0.2		4.1705503158		-1.0
	32624.99999998	23.88647		-1.57411     0.2    0.2		4.1705503158		-1.0
	32669.99999998	24.44073		-2.31911     0.2    0.2		4.1705503158		-1.0
	32714.99999998	25.25392		-2.23249     0.2    0.2		4.1705503158		-1.0
	32759.99999998	25.49705		-2.4787     0.2    0.2		4.1705503158		-1.0
	32804.99999998	26.03324		-2.12757     0.2    0.2		4.1705503158		-1.0
	32849.99999998	26.33764		-1.48964     0.2    0.2		4.1705503158		-1.0
	32894.99999998	26.77882		-0.18961     0.2    0.2		4.1705503158		-1.0
	32939.99999998	26.72122		0.68725     0.2    0.2		4.1705503158		-1.0
	32984.99999998	27.02371		1.17924     0.2    0.2		4.1705503158		-1.0
	33029.99999998	26.90653		1.58511     0.2    0.2		4.1705503158		-1.0
	33074.99999998	27.19795		2.23489     0.2    0.2		4.1705503158		-1.0
	33119.99999998	27.26476		-3.04216     0.2    0.2		4.1705503158		-1.0
	33164.99999998	27.48274		-2.00688     0.2    0.2		4.1705503158		-1.0
	33209.99999998	27.73828		-1.11418     0.2    0.2		4.1705503158		-1.0
	33254.99999998	28.14359		-0.32079     0.2    0.2		4.1705503158		-1.0
	33299.99999998	29.05043		0.57634     0.2    0.2		4.1705503158		-1.0
	33344.99999998	29.76565		1.67022     0.2    0.2		4.1705503158		-1.0
	33389.99999998	30.41429		-2.50834     0.2    0.2		4.1705503158		-1.0
	33434.99999998	30.81293		-1.34542     0.2    0.2		4.1705503158		-1.0
	33479.99999998	30.95598		0.80746     0.2    0.2		4.1705503158		-1.0
	33524.99999998	30.49235		0.22136     0.2    0.2		4.1705503158		-1.0
	33569.99999998	29.54745		0.63879     0.2    0.2		4.1705503158		-1.0
	33614.99999998	28.97001		1.26102     0.2    0.2		4.1705503158		-1.0
	33659.99999998	28.88752		1.99528     0.2    0.2		4.1705503158		-1.0
	33704.99999998	29.41946		2.01094     0.2    0.2		4.1705503158		-1.0
	33749.99999997	29.77511		1.79685     0.2    0.2		4.1705503158		-1.0
	33794.99999997	30.27196		1.45356     0.2    0.2		4.1705503158		-1.0
	33839.99999997	30.57775		-2.23937     0.2    0.2		4.1705503158		-1.0
	33884.99999997	30.75345		-2.34786     0.2    0.2		4.1705503158		-1.0
	33929.99999997	31.27208		-2.52727     0.2    0.2		4.1705503158		-1.0
	33974.99999997	32.64638		-1.96176     0.2    0.2		4.1705503158		-1.0
	34019.99999997	33.40367		1.32169     0.2    0.2		4.1705503158		-1.0
	34064.99999997	32.67656		0.8216     0.2    0.2		4.1705503158		-1.0
	34109.99999997	31.89793		1.26923     0.2    0.2		4.1705503158		-1.0
	34154.99999997	30.84042		1.26785     0.2    0.2		4.1705503158		-1.0
	34199.99999997	30.29726		-1.58254     0.2    0.2		4.1705503158		-1.0
	34244.99999997	29.57274		-1.08534     0.2    0.2		4.1705503158		-1.0
	34289.99999997	29.04686		-1.16717     0.2    0.2		4.1705503158		-1.0
	34334.99999997	28.17939		-1.05783     0.2    0.2		4.1705503158		-1.0
	34379.99999997	27.93503		-1.39633     0.2    0.2		4.1705503158		-1.0
	34424.99999997	27.3594		-1.56427     0.2    0.2		4.1705503158		-1.0
	34469.99999997	27.0502		-1.98148     0.2    0.2		4.1705503158		-1.0
	34514.99999997	26.56862		-2.10213     0.2    0.2		4.1705503158		-1.0
	34559.99999997	26.28354		-2.28642     0.2    0.2		4.1705503158		-1.0
	34604.99999997	25.91863		2.17805     0.2    0.2		4.1705503158		-1.0
	34649.99999997	25.71623		1.83981     0.2    0.2		4.1705503158		-1.0
	34694.99999997	25.80891		1.29488     0.2    0.2		4.1705503158		-1.0
	34739.99999997	26.02394		1.1683     0.2    0.2		4.1705503158		-1.0
	34784.99999997	26.71949		0.58609     0.2    0.2		4.1705503158		-1.0
	34829.99999997	27.39119		0.15548     0.2    0.2		4.1705503158		-1.0
	34874.99999997	27.76148		1.81279     0.2    0.2		4.1705503158		-1.0
	34919.99999997	27.62272		2.41934     0.2    0.2		4.1705503158		-1.0
	34964.99999997	27.24414		1.82032     0.2    0.2		4.1705503158		-1.0
	35009.99999997	27.42951		1.04324     0.2    0.2		4.1705503158		-1.0
	35054.99999997	27.59601		2.25687     0.2    0.2		4.1705503158		-1.0
	35099.99999997	28.51127		-0.01708     0.2    0.2		4.1705503158		-1.0
	35144.99999997	29.01821		-0.38221     0.2    0.2		4.1705503158		-1.0
	35189.99999997	29.23453		-0.69255     0.2    0.2		4.1705503158		-1.0
	35234.99999997	29.18127		-1.15614     0.2    0.2		4.1705503158		-1.0
	35279.99999997	28.68088		-1.18992     0.2    0.2		4.1705503158		-1.0
	35324.99999997	27.88156		-1.35425     0.2    0.2		4.1705503158		-1.0
	35369.99999997	26.77395		-1.2959     0.2    0.2		4.1705503158		-1.0
	35414.99999997	25.94093		-1.31746     0.2    0.2		4.1705503158		-1.0
	35459.99999997	24.94192		0.22318     0.2    0.2		4.1705503158		-1.0
	35504.99999997	24.63767		0.65588     0.2    0.2		4.1705503158		-1.0
	35549.99999997	24.21929		0.36059     0.2    0.2		4.1705503158		-1.0
	35594.99999997	24.20047		-0.09937     0.2    0.2		4.1705503158		-1.0
	35639.99999997	23.85419		-0.81717     0.2    0.2		4.1705503158		-1.0
	35684.99999997	24.07778		-1.08392     0.2    0.2		4.1705503158		-1.0
	35729.99999997	24.73045		-0.88347     0.2    0.2		4.1705503158		-1.0
	35774.99999997	26.13008		-0.08762     0.2    0.2		4.1705503158		-1.0
	35819.99999997	27.37648		0.57719     0.2    0.2		4.1705503158		-1.0
	35864.99999997	27.61267		1.14279     0.2    0.2		4.1705503158		-1.0
	35909.99999997	28.09677		1.57069     0.2    0.2		4.1705503158		-1.0
	35954.99999997	28.78273		1.5727     0.2    0.2		4.1705503158		-1.0
	35999.99999997	29.54456		2.75368     0.2    0.2		4.1705503158		-1.0
	36044.99999997	29.99197		-2.32247     0.2    0.2		4.1705503158		-1.0
	36089.99999997	29.48558		-2.35714     0.2    0.2		4.1705503158		-1.0
	36134.99999997	28.42592		-2.3009     0.2    0.2		4.1705503158		-1.0
	36179.99999997	27.35228		0.22897     0.2    0.2		4.1705503158		-1.0
	36224.99999997	26.02572		0.35032     0.2    0.2		4.1705503158		-1.0
	36269.99999997	24.70144		0.21602     0.2    0.2		4.1705503158		-1.0
	36314.99999997	23.41978		-0.15133     0.2    0.2		4.1705503158		-1.0
	36359.99999997	22.16715		-0.397     0.2    0.2		4.1705503158		-1.0
	36404.99999997	21.53284		-1.23351     0.2    0.2		4.1705503158		-1.0
	36449.99999997	21.38713		-2.52555     0.2    0.2		4.1705503158		-1.0
	36494.99999997	22.06752		3.114     0.2    0.2		4.1705503158		-1.0
	36539.99999997	23.14348		2.4908     0.2    0.2		4.1705503158		-1.0
	36584.99999997	24.4879		2.36845     0.2    0.2		4.1705503158		-1.0
	36629.99999997	24.30309		2.17928     0.2    0.2		4.1705503158		-1.0
	36674.99999997	24.99883		-2.83603     0.2    0.2		4.1705503158		-1.0
	36719.99999997	25.94271		2.71398     0.2    0.2		4.1705503158		-1.0
	36764.99999997	25.09094		1.8437     0.2    0.2		4.1705503158		-1.0
	36809.99999997	24.33876		1.47826     0.2    0.2		4.1705503158		-1.0
	36854.99999997	24.08165		1.03265     0.2    0.2		4.1705503158		-1.0
	36899.99999997	24.37499		0.72933     0.2    0.2		4.1705503158		-1.0
	36944.99999997	24.0332		1.17459     0.2    0.2		4.1705503158		-1.0
	36989.99999997	23.25838		2.99896     0.2    0.2		4.1705503158		-1.0
	37034.99999997	21.95697		3.01436     0.2    0.2		4.1705503158		-1.0
	37079.99999997	20.22515		2.63909     0.2    0.2		4.1705503158		-1.0
	37124.99999997	18.80287		2.26468     0.2    0.2		4.1705503158		-1.0
	37169.99999997	18.16253		1.86922     0.2    0.2		4.1705503158		-1.0
	37214.99999997	17.39222		1.53362     0.2    0.2		4.1705503158		-1.0
	37259.99999997	16.29066		1.53643     0.2    0.2		4.1705503158		-1.0
	37304.99999997	15.10574		1.41338     0.2    0.2		4.1705503158		-1.0
	37349.99999997	13.63478		1.8506     0.2    0.2		4.1705503158		-1.0
	37394.99999997	12.33265		2.64925     0.2    0.2		4.1705503158		-1.0
	37439.99999997	11.59393		-2.14472     0.2    0.2		4.1705503158		-1.0
	37484.99999997	11.11764		-1.28102     0.2    0.2		4.1705503158		-1.0
	37529.99999997	10.4418		-1.21522     0.2    0.2		4.1705503158		-1.0
	37574.99999997	9.73773		-1.21275     0.2    0.2		4.1705503158		-1.0
	37619.99999997	8.71825		-1.38527     0.2    0.2		4.1705503158		-1.0
	37664.99999997	7.70717		-1.84399     0.2    0.2		4.1705503158		-1.0
	37709.99999997	7.21456		-2.36545     0.2    0.2		4.1705503158		-1.0
	37754.99999997	7.15936		-2.70286     0.2    0.2		4.1705503158		-1.0
	37799.99999997	7.77485		-2.96065     0.2    0.2		4.1705503158		-1.0
	37844.99999997	8.81533		-2.81948     0.2    0.2		4.1705503158		-1.0
	37889.99999997	9.33513		-2.46778     0.2    0.2		4.1705503158		-1.0
	37934.99999997	9.88974		-2.1826     0.2    0.2		4.1705503158		-1.0
	37979.99999997	10.38289		-2.04004     0.2    0.2		4.1705503158		-1.0
	38024.99999997	11.06749		-1.83544     0.2    0.2		4.1705503158		-1.0
	38069.99999997	11.86555		-1.80234     0.2    0.2		4.1705503158		-1.0
	38114.99999997	12.62784		-1.68001     0.2    0.2		4.1705503158		-1.0
	38159.99999997	13.64495		-2.45797     0.2    0.2		4.1705503158		-1.0
	38204.99999997	14.72787		2.63359     0.2    0.2		4.1705503158		-1.0
	38249.99999997	15.8378		2.94588     0.2    0.2		4.1705503158		-1.0
	38294.99999997	16.9279		-2.33231     0.2    0.2		4.1705503158		-1.0
	38339.99999997	17.91732		-1.35115     0.2    0.2		4.1705503158		-1.0
	38384.99999997	18.96792		-0.92124     0.2    0.2		4.1705503158		-1.0
	38429.99999997	19.9431		-0.67746     0.2    0.2		4.1705503158		-1.0
	38474.99999997	20.75472		-0.47281     0.2    0.2		4.1705503158		-1.0
	38519.99999997	21.67703		-0.53831     0.2    0.2		4.1705503158		-1.0
	38564.99999997	22.56457		-0.59148     0.2    0.2		4.1705503158		-1.0
	38609.99999997	23.46348		-0.88572     0.2    0.2		4.1705503158		-1.0
	38654.99999997	24.4481		-1.15308     0.2    0.2		4.1705503158		-1.0
	38699.99999997	24.37232		1.54156     0.2    0.2		4.1705503158		-1.0
	38744.99999997	24.42142		1.76656     0.2    0.2		4.1705503158		-1.0
	38789.99999997	24.75675		2.03653     0.2    0.2		4.1705503158		-1.0
	38834.99999997	25.49245		2.32256     0.2    0.2		4.1705503158		-1.0
	38879.99999997	25.7792		2.69518     0.2    0.2		4.1705503158		-1.0
	38924.99999997	25.90287		-3.04012     0.2    0.2		4.1705503158		-1.0
	38969.99999997	25.82987		-2.75814     0.2    0.2		4.1705503158		-1.0
	39014.99999997	25.62671		-2.0397     0.2    0.2		4.1705503158		-1.0
	39059.99999997	25.26843		-1.61505     0.2    0.2		4.1705503158		-1.0
	39104.99999997	24.5586		-0.59496     0.2    0.2		4.1705503158		-1.0
	39149.99999997	23.80096		-0.298     0.2    0.2		4.1705503158		-1.0
	39194.99999997	22.92487		-0.09885     0.2    0.2		4.1705503158		-1.0
	39239.99999997	21.7769		0.09735     0.2    0.2		4.1705503158		-1.0
	39284.99999997	20.54115		0.44891     0.2    0.2		4.1705503158		-1.0
	39329.99999997	19.20804		0.437     0.2    0.2		4.1705503158		-1.0
	39374.99999997	18.14421		0.53364     0.2    0.2		4.1705503158		-1.0
	39419.99999997	16.88062		0.74649     0.2    0.2		4.1705503158		-1.0
	39464.99999997	16.12484		0.84103     0.2    0.2		4.1705503158		-1.0
	39509.99999997	15.3562		1.89534     0.2    0.2		4.1705503158		-1.0
	39554.99999997	15.22593		-2.53399     0.2    0.2		4.1705503158		-1.0
	39599.99999997	15.81224		-2.15465     0.2    0.2		4.1705503158		-1.0
	39644.99999997	16.8452		-1.8116     0.2    0.2		4.1705503158		-1.0
	39689.99999997	18.11218		-1.5826     0.2    0.2		4.1705503158		-1.0
	39734.99999997	19.33603		-1.14022     0.2    0.2		4.1705503158		-1.0
	39779.99999997	20.4916		-0.64298     0.2    0.2		4.1705503158		-1.0
	39824.99999997	20.91348		0.29977     0.2    0.2		4.1705503158		-1.0
	39869.99999997	21.16558		1.14384     0.2    0.2		4.1705503158		-1.0
	39914.99999997	20.96036		1.76566     0.2    0.2		4.1705503158		-1.0
	39959.99999997	20.36586		2.18634     0.2    0.2		4.1705503158		-1.0
	40004.99999997	19.91032		2.72643     0.2    0.2		4.1705503158		-1.0
	40049.99999997	19.0718		-2.9698     0.2    0.2		4.1705503158		-1.0
	40094.99999997	17.95988		-2.59613     0.2    0.2		4.1705503158		-1.0
	40139.99999997	16.91285		-1.98523     0.2    0.2		4.1705503158		-1.0
	40184.99999997	16.00575		-1.40723     0.2    0.2		4.1705503158		-1.0
	40229.99999996	14.95223		-1.07191     0.2    0.2		4.1705503158		-1.0
	40274.99999996	13.94828		-0.85181     0.2    0.2		4.1705503158		-1.0
	40319.99999996	13.64559		-0.40711     0.2    0.2		4.1705503158		-1.0
	40364.99999996	14.11363		0.18494     0.2    0.2		4.1705503158		-1.0
	40409.99999996	14.74446		2.27498     0.2    0.2		4.1705503158		-1.0
	40454.99999996	15.78203		1.73283     0.2    0.2		4.1705503158		-1.0
	40499.99999996	17.06132		0.83397     0.2    0.2		4.1705503158		-1.0
	40544.99999996	18.19722		0.68719     0.2    0.2		4.1705503158		-1.0
	40589.99999996	19.19147		0.75569     0.2    0.2		4.1705503158		-1.0
	40634.99999996	20.02606		0.89089     0.2    0.2		4.1705503158		-1.0
	40679.99999996	20.83208		1.2265     0.2    0.2		4.1705503158		-1.0
	40724.99999996	19.90436		1.78014     0.2    0.2		4.1705503158		-1.0
	40769.99999996	19.3874		2.5151     0.2    0.2		4.1705503158		-1.0
	40814.99999996	19.28353		3.11336     0.2    0.2		4.1705503158		-1.0
	40859.99999996	19.74734		-2.39277     0.2    0.2		4.1705503158		-1.0
	40904.99999996	20.68159		-1.96447     0.2    0.2		4.1705503158		-1.0
	40949.99999996	19.70575		-1.57518     0.2    0.2		4.1705503158		-1.0
	40994.99999996	18.61537		-1.24926     0.2    0.2		4.1705503158		-1.0
	41039.99999996	17.84509		-0.94121     0.2    0.2		4.1705503158		-1.0
	41084.99999996	17.18274		-0.3295     0.2    0.2		4.1705503158		-1.0
	41129.99999996	16.95615		0.38456     0.2    0.2		4.1705503158		-1.0
	41174.99999996	16.4858		1.25667     0.2    0.2		4.1705503158		-1.0
	41219.99999996	16.76174		1.88662     0.2    0.2		4.1705503158		-1.0
	41264.99999996	17.08357		2.89837     0.2    0.2		4.1705503158		-1.0
	41309.99999996	18.28255		-2.84106     0.2    0.2		4.1705503158		-1.0
	41354.99999996	18.93182		-2.53672     0.2    0.2		4.1705503158		-1.0
	41399.99999996	19.92885		-2.15853     0.2    0.2		4.1705503158		-1.0
	41444.99999996	20.67054		-1.71195     0.2    0.2		4.1705503158		-1.0
	41489.99999996	21.41466		-0.86043     0.2    0.2		4.1705503158		-1.0
	41534.99999996	20.75909		0.39122     0.2    0.2		4.1705503158		-1.0
	41579.99999996	20.25729		0.97718     0.2    0.2		4.1705503158		-1.0
	41624.99999996	19.6755		1.02401     0.2    0.2		4.1705503158		-1.0
	41669.99999996	18.91058		-1.18608     0.2    0.2		4.1705503158		-1.0
	41714.99999996	18.56579		-1.48452     0.2    0.2		4.1705503158		-1.0
	41759.99999996	18.68564		-2.22962     0.2    0.2		4.1705503158		-1.0
	41804.99999996	18.95637		-2.4998     0.2    0.2		4.1705503158		-1.0
	41849.99999996	19.89464		-2.97877     0.2    0.2		4.1705503158		-1.0
	41894.99999996	20.93824		-3.10077     0.2    0.2		4.1705503158		-1.0
	41939.99999996	20.25591		2.64589     0.2    0.2		4.1705503158		-1.0
	41984.99999996	19.90161		2.03199     0.2    0.2		4.1705503158		-1.0
	42029.99999996	18.95713		-1.5257     0.2    0.2		4.1705503158		-1.0
	42074.99999996	18.47493		-1.35006     0.2    0.2		4.1705503158		-1.0
	42119.99999996	17.96467		-0.94251     0.2    0.2		4.1705503158		-1.0
	42164.99999996	18.27553		-0.53382     0.2    0.2		4.1705503158		-1.0
	42209.99999996	18.94261		0.23158     0.2    0.2		4.1705503158		-1.0
	42254.99999996	20.00418		0.62793     0.2    0.2		4.1705503158		-1.0
	42299.99999996	20.32951		-1.1604     0.2    0.2		4.1705503158		-1.0
	42344.99999996	18.77546		-1.27004     0.2    0.2		4.1705503158		-1.0
	42389.99999996	17.20624		-1.55419     0.2    0.2		4.1705503158		-1.0
	42434.99999996	15.72754		-1.39688     0.2    0.2		4.1705503158		-1.0
	42479.99999996	14.14024		-1.55294     0.2    0.2		4.1705503158		-1.0
	42524.99999996	13.34124		-2.00747     0.2    0.2		4.1705503158		-1.0
	42569.99999996	12.54765		-2.74077     0.2    0.2		4.1705503158		-1.0
	42614.99999996	12.36248		3.0042     0.2    0.2		4.1705503158		-1.0
	42659.99999996	12.63924		3.09733     0.2    0.2		4.1705503158		-1.0
	42704.99999996	13.73098		2.89188     0.2    0.2		4.1705503158		-1.0
	42749.99999996	15.40152		2.77919     0.2    0.2		4.1705503158		-1.0
	42794.99999996	16.75148		2.3594     0.2    0.2		4.1705503158		-1.0
	42839.99999996	18.04419		1.90131     0.2    0.2		4.1705503158		-1.0
	42884.99999996	18.70033		1.9239     0.2    0.2		4.1705503158		-1.0
	42929.99999996	19.38406		1.98569     0.2    0.2		4.1705503158		-1.0
	42974.99999996	19.34774		-1.9786     0.2    0.2		4.1705503158		-1.0
	43019.99999996	19.74405		-1.91867     0.2    0.2		4.1705503158		-1.0
	43064.99999996	19.49208		-1.87659     0.2    0.2		4.1705503158		-1.0
	43109.99999996	19.50706		-1.78408     0.2    0.2		4.1705503158		-1.0
	43154.99999996	19.31102		-1.00954     0.2    0.2		4.1705503158		-1.0
	43199.99999996	19.65269		-0.27476     0.2    0.2		4.1705503158		-1.0
	43244.99999996	19.45598		-0.22718     0.2    0.2		4.1705503158		-1.0
	43289.99999996	18.24841		-0.06892     0.2    0.2		4.1705503158		-1.0
	43334.99999996	16.93554		0.01645     0.2    0.2		4.1705503158		-1.0
	43379.99999996	15.67306		0.54204     0.2    0.2		4.1705503158		-1.0
	43424.99999996	14.64467		1.101     0.2    0.2		4.1705503158		-1.0
	43469.99999996	14.20665		2.36543     0.2    0.2		4.1705503158		-1.0
	43514.99999996	13.87765		2.58693     0.2    0.2		4.1705503158		-1.0
	43559.99999996	14.3885		2.7654     0.2    0.2		4.1705503158		-1.0
	43604.99999996	15.13945		3.07255     0.2    0.2		4.1705503158		-1.0
	43649.99999996	16.0784		-2.77036     0.2    0.2		4.1705503158		-1.0
	43694.99999996	17.04228		-2.55632     0.2    0.2		4.1705503158		-1.0
	43739.99999996	17.95132		-2.06524     0.2    0.2		4.1705503158		-1.0
	43784.99999996	18.99513		-2.00153     0.2    0.2		4.1705503158		-1.0
	43829.99999996	19.46615		-1.40943     0.2    0.2		4.1705503158		-1.0
	43874.99999996	19.72883		-1.0153     0.2    0.2		4.1705503158		-1.0
	43919.99999996	19.59972		-0.3178     0.2    0.2		4.1705503158		-1.0
	43964.99999996	18.99534		0.24902     0.2    0.2		4.1705503158		-1.0
	44009.99999996	18.4115		0.91476     0.2    0.2		4.1705503158		-1.0
	44054.99999996	17.64668		1.50246     0.2    0.2		4.1705503158		-1.0
	44099.99999996	16.95796		1.94606     0.2    0.2		4.1705503158		-1.0
	44144.99999996	17.04704		2.29143     0.2    0.2		4.1705503158		-1.0
	44189.99999996	17.94387		2.05948     0.2    0.2		4.1705503158		-1.0
	44234.99999996	18.59161		2.08319     0.2    0.2		4.1705503158		-1.0
	44279.99999996	19.03081		2.46493     0.2    0.2		4.1705503158		-1.0
	44324.99999996	19.60341		2.68466     0.2    0.2		4.1705503158		-1.0
	44369.99999996	20.07793		-3.13537     0.2    0.2		4.1705503158		-1.0
	44414.99999996	20.74267		-2.76481     0.2    0.2		4.1705503158		-1.0
	44459.99999996	21.25634		-2.33647     0.2    0.2		4.1705503158		-1.0
	44504.99999996	21.79335		-1.63144     0.2    0.2		4.1705503158		-1.0
	44549.99999996	22.32924		-1.14546     0.2    0.2		4.1705503158		-1.0
	44594.99999996	23.11228		-0.53682     0.2    0.2		4.1705503158		-1.0
	44639.99999996	23.86463		-0.2181     0.2    0.2		4.1705503158		-1.0
	44684.99999996	24.52861		0.43519     0.2    0.2		4.1705503158		-1.0
	44729.99999996	25.51498		0.75844     0.2    0.2		4.1705503158		-1.0
	44774.99999996	24.64784		1.41501     0.2    0.2		4.1705503158		-1.0
	44819.99999996	24.17396		-0.51994     0.2    0.2		4.1705503158		-1.0
	44864.99999996	23.94562		-0.89283     0.2    0.2		4.1705503158		-1.0
	44909.99999996	24.19747		-1.03721     0.2    0.2		4.1705503158		-1.0
	44954.99999996	24.73512		-1.66221     0.2    0.2		4.1705503158		-1.0
	44999.99999996	25.15914		-2.22637     0.2    0.2		4.1705503158		-1.0
	45044.99999996	25.40052		-3.0485     0.2    0.2		4.1705503158		-1.0
	45089.99999996	25.4636		2.41851     0.2    0.2		4.1705503158		-1.0
	45134.99999996	25.027		-2.30597     0.2    0.2		4.1705503158		-1.0
	45179.99999996	24.1324		-2.68603     0.2    0.2		4.1705503158		-1.0
	45224.99999996	23.72865		-3.11958     0.2    0.2		4.1705503158		-1.0
	45269.99999996	23.63032		2.51603     0.2    0.2		4.1705503158		-1.0
	45314.99999996	24.03439		2.04937     0.2    0.2		4.1705503158		-1.0
	45359.99999996	23.44132		1.96029     0.2    0.2		4.1705503158		-1.0
	45404.99999996	22.44685		2.22728     0.2    0.2		4.1705503158		-1.0
	45449.99999996	21.48101		2.4481     0.2    0.2		4.1705503158		-1.0
	45494.99999996	20.65904		2.92532     0.2    0.2		4.1705503158		-1.0
	45539.99999996	19.99187		-2.97051     0.2    0.2		4.1705503158		-1.0
	45584.99999996	19.31688		-2.45107     0.2    0.2		4.1705503158		-1.0
	45629.99999996	18.4174		-2.57276     0.2    0.2		4.1705503158		-1.0
	45674.99999996	16.85818		-2.8076     0.2    0.2		4.1705503158		-1.0
	45719.99999996	15.36826		-3.11008     0.2    0.2		4.1705503158		-1.0
	45764.99999996	13.51204		3.1262     0.2    0.2		4.1705503158		-1.0
	45809.99999996	12.43457		2.81113     0.2    0.2		4.1705503158		-1.0
	45854.99999996	11.21845		2.74169     0.2    0.2		4.1705503158		-1.0
	45899.99999996	10.6404		1.5773     0.2    0.2		4.1705503158		-1.0
	45944.99999996	9.81311		0.78217     0.2    0.2		4.1705503158		-1.0
	45989.99999996	9.30104		0.07833     0.2    0.2		4.1705503158		-1.0
	46034.99999996	8.6284		-0.2153     0.2    0.2		4.1705503158		-1.0
	46079.99999996	8.62804		-0.35346     0.2    0.2		4.1705503158		-1.0
	46124.99999996	7.97418		-0.73244     0.2    0.2		4.1705503158		-1.0
	46169.99999996	7.7301		-3.10642     0.2    0.2		4.1705503158		-1.0
	46214.99999996	7.27009		2.46157     0.2    0.2		4.1705503158		-1.0
	46259.99999996	7.63136		1.27389     0.2    0.2		4.1705503158		-1.0
	46304.99999996	7.72661		-1.45936     0.2    0.2		4.1705503158		-1.0
	46349.99999996	8.17326		-1.27966     0.2    0.2		4.1705503158		-1.0
	46394.99999996	8.62345		-1.70357     0.2    0.2		4.1705503158		-1.0
	46439.99999996	8.21943		-1.96952     0.2    0.2		4.1705503158		-1.0
	46484.99999996	7.9195		-2.4916     0.2    0.2		4.1705503158		-1.0
	46529.99999996	8.17054		-2.59038     0.2    0.2		4.1705503158		-1.0
	46574.99999996	9.74633		3.13073     0.2    0.2		4.1705503158		-1.0
	46619.99999996	11.22408		3.11983     0.2    0.2		4.1705503158		-1.0
	46664.99999996	13.13436		2.63606     0.2    0.2		4.1705503158		-1.0
	46709.99999996	14.69258		2.74648     0.2    0.2		4.1705503158		-1.0
	46754.99999995	16.32059		2.28714     0.2    0.2		4.1705503158		-1.0
	46799.99999995	17.62255		2.47742     0.2    0.2		4.1705503158		-1.0
	46844.99999995	18.80324		1.34231     0.2    0.2		4.1705503158		-1.0
	46889.99999995	20.04132		0.35073     0.2    0.2		4.1705503158		-1.0
	46934.99999995	20.73136		-0.06876     0.2    0.2		4.1705503158		-1.0
	46979.99999995	21.63982		-0.27118     0.2    0.2		4.1705503158		-1.0
	47024.99999995	21.92092		-0.16255     0.2    0.2		4.1705503158		-1.0
	47069.99999995	22.30452		0.17161     0.2    0.2		4.1705503158		-1.0
	47114.99999995	22.31745		0.26086     0.2    0.2		4.1705503158		-1.0
	47159.99999995	22.77145		0.52702     0.2    0.2		4.1705503158		-1.0
	47204.99999995	23.35727		0.6944     0.2    0.2		4.1705503158		-1.0
	47249.99999995	23.14238		-0.25162     0.2    0.2		4.1705503158		-1.0
	47294.99999995	22.8526		0.07182     0.2    0.2		4.1705503158		-1.0
	47339.99999995	22.58355		0.65188     0.2    0.2		4.1705503158		-1.0
	47384.99999995	21.64997		1.05394     0.2    0.2		4.1705503158		-1.0
	47429.99999995	21.22089		1.36566     0.2    0.2		4.1705503158		-1.0
	47474.99999995	20.58307		1.71895     0.2    0.2		4.1705503158		-1.0
	47519.99999995	20.25564		2.04653     0.2    0.2		4.1705503158		-1.0
	47564.99999995	19.09436		2.33496     0.2    0.2		4.1705503158		-1.0
	47609.99999995	18.06611		2.57249     0.2    0.2		4.1705503158		-1.0
	47654.99999995	16.51449		2.91586     0.2    0.2		4.1705503158		-1.0
	47699.99999995	15.54931		-2.96064     0.2    0.2		4.1705503158		-1.0
	47744.99999995	14.55951		-2.57208     0.2    0.2		4.1705503158		-1.0
	47789.99999995	13.69538		-1.91186     0.2    0.2		4.1705503158		-1.0
	47834.99999995	12.67481		-1.46126     0.2    0.2		4.1705503158		-1.0
	47879.99999995	12.35889		-0.79149     0.2    0.2		4.1705503158		-1.0
	47924.99999995	11.95138		-0.38356     0.2    0.2		4.1705503158		-1.0
	47969.99999995	11.32795		-0.02744     0.2    0.2		4.1705503158		-1.0
	48014.99999995	10.56721		0.67117     0.2    0.2		4.1705503158		-1.0
	48059.99999995	9.84475		0.76485     0.2    0.2		4.1705503158		-1.0
	48104.99999995	9.17255		1.79005     0.2    0.2		4.1705503158		-1.0
	48149.99999995	8.15459		1.71437     0.2    0.2		4.1705503158		-1.0
	48194.99999995	7.68148		0.60625     0.2    0.2		4.1705503158		-1.0
	48239.99999995	7.2682		0.62852     0.2    0.2		4.1705503158		-1.0
	48284.99999995	6.97617		0.90727     0.2    0.2		4.1705503158		-1.0
	48329.99999995	6.51106		1.55092     0.2    0.2		4.1705503158		-1.0
	48374.99999995	6.91153		1.88276     0.2    0.2		4.1705503158		-1.0
	48419.99999995	7.73526		2.54696     0.2    0.2		4.1705503158		-1.0
	48464.99999995	8.82103		-2.80065     0.2    0.2		4.1705503158		-1.0
	48509.99999995	9.47413		-1.75887     0.2    0.2		4.1705503158		-1.0
	48554.99999995	9.82691		-1.21236     0.2    0.2		4.1705503158		-1.0
	48599.99999995	10.56644		-0.58175     0.2    0.2		4.1705503158		-1.0
	48644.99999995	11.19939		-0.55903     0.2    0.2		4.1705503158		-1.0
	48689.99999995	11.92963		-0.51315     0.2    0.2		4.1705503158		-1.0
	48734.99999995	12.59082		-0.71124     0.2    0.2		4.1705503158		-1.0
	48779.99999995	13.53285		-0.71425     0.2    0.2		4.1705503158		-1.0
	48824.99999995	14.54686		-0.62196     0.2    0.2		4.1705503158		-1.0
	48869.99999995	15.40288		-0.70769     0.2    0.2		4.1705503158		-1.0
	48914.99999995	16.51512		-0.4983     0.2    0.2		4.1705503158		-1.0
	48959.99999995	17.52609		-0.48165     0.2    0.2		4.1705503158		-1.0
	49004.99999995	18.53837		-0.30887     0.2    0.2		4.1705503158		-1.0
	49049.99999995	19.66502		-0.26196     0.2    0.2		4.1705503158		-1.0
	49094.99999995	20.51661		0.00314     0.2    0.2		4.1705503158		-1.0
	49139.99999995	21.35084		0.25689     0.2    0.2		4.1705503158		-1.0
	49184.99999995	21.87183		0.43464     0.2    0.2		4.1705503158		-1.0
	49229.99999995	22.71972		2.01517     0.2    0.2		4.1705503158		-1.0
	49274.99999995	22.995		-3.09961     0.2    0.2		4.1705503158		-1.0
	49319.99999995	23.45636		-2.7063     0.2    0.2		4.1705503158		-1.0
	49364.99999995	23.4633		-2.18683     0.2    0.2		4.1705503158		-1.0
	49409.99999995	23.93632		-1.98953     0.2    0.2		4.1705503158		-1.0
	49454.99999995	24.02542		1.66934     0.2    0.2		4.1705503158		-1.0
	49499.99999995	23.40048		2.42238     0.2    0.2		4.1705503158		-1.0
	49544.99999995	22.46739		-2.96507     0.2    0.2		4.1705503158		-1.0
	49589.99999995	21.69411		-2.64348     0.2    0.2		4.1705503158		-1.0
	49634.99999995	21.73746		-2.41598     0.2    0.2		4.1705503158		-1.0
	49679.99999995	21.97669		-2.65324     0.2    0.2		4.1705503158		-1.0
	49724.99999995	20.97312		2.99285     0.2    0.2		4.1705503158		-1.0
	49769.99999995	20.60642		2.2361     0.2    0.2		4.1705503158		-1.0
	49814.99999995	21.24406		1.86721     0.2    0.2		4.1705503158		-1.0
	49859.99999995	21.86108		1.28583     0.2    0.2		4.1705503158		-1.0
	49904.99999995	22.88505		3.09928     0.2    0.2		4.1705503158		-1.0
	49949.99999995	23.12687		-2.60639     0.2    0.2		4.1705503158		-1.0
	49994.99999995	23.54205		0.0926     0.2    0.2		4.1705503158		-1.0
