	45.00000000	2.93497		-0.59658     0.2    0.2		4.1705503158		-1.0
	90.00000000	2.8327		-0.30721     0.2    0.2		4.1705503158		-1.0
	135.00000000	2.92633		0.16828     0.2    0.2		4.1705503158		-1.0
	180.00000000	2.9537		0.70119     0.2    0.2		4.1705503158		-1.0
	225.00000000	2.86946		1.1348     0.2    0.2		4.1705503158		-1.0
	270.00000000	2.90992		1.16545     0.2    0.2		4.1705503158		-1.0
	315.00000000	2.95641		1.63079     0.2    0.2		4.1705503158		-1.0
	360.00000000	2.89217		1.57998     0.2    0.2		4.1705503158		-1.0
	405.00000000	2.91422		1.99898     0.2    0.2		4.1705503158		-1.0
	450.00000000	2.88699		2.26222     0.2    0.2		4.1705503158		-1.0
	495.00000000	3.02327		2.67971     0.2    0.2		4.1705503158		-1.0
	540.00000000	2.83346		2.91969     0.2    0.2		4.1705503158		-1.0
	585.00000000	2.89717		-2.94948     0.2    0.2		4.1705503158		-1.0
	630.00000000	3.00447		-2.52093     0.2    0.2		4.1705503158		-1.0
	675.00000000	2.91972		-2.15539     0.2    0.2		4.1705503158		-1.0
	720.00000000	2.76143		-1.89008     0.2    0.2		4.1705503158		-1.0
	765.00000000	2.99095		-1.50807     0.2    0.2		4.1705503158		-1.0
	810.00000000	2.90707		-1.19975     0.2    0.2		4.1705503158		-1.0
	855.00000000	3.0125		-0.9882     0.2    0.2		4.1705503158		-1.0
	900.00000000	2.83997		-0.50906     0.2    0.2		4.1705503158		-1.0
	945.00000000	2.90882		0.16176     0.2    0.2		4.1705503158		-1.0
	990.00000000	2.9523		0.70136     0.2    0.2		4.1705503158		-1.0
	1035.00000000	2.98675		0.96986     0.2    0.2		4.1705503158		-1.0
	1080.00000000	2.94378		1.52928     0.2    0.2		4.1705503158		-1.0
	1125.00000000	2.89175		1.86888     0.2    0.2		4.1705503158		-1.0
	1170.00000000	2.84977		2.35787     0.2    0.2		4.1705503158		-1.0
	1215.00000000	2.94229		2.55585     0.2    0.2		4.1705503158		-1.0
	1260.00000000	3.03124		-3.00163     0.2    0.2		4.1705503158		-1.0
	1305.00000000	3.00031		-2.81726     0.2    0.2		4.1705503158		-1.0
	1350.00000000	2.80522		-2.28239     0.2    0.2		4.1705503158		-1.0
	1395.00000000	2.91087		-2.12441     0.2    0.2		4.1705503158		-1.0
	1440.00000000	2.94191		-1.36667     0.2    0.2		4.1705503158		-1.0
	1485.00000000	2.99632		-0.95689     0.2    0.2		4.1705503158		-1.0
	1530.00000000	2.94518		-0.29627     0.2    0.2		4.1705503158		-1.0
	1575.00000000	2.80122		0.3819     0.2    0.2		4.1705503158		-1.0
	1620.00000000	2.85276		0.8992     0.2    0.2		4.1705503158		-1.0
	1665.00000000	2.89433		1.42499     0.2    0.2		4.1705503158		-1.0
	1710.00000000	2.92844		1.14171     0.2    0.2		4.1705503158		-1.0
	1755.00000000	2.86677		0.52341     0.2    0.2		4.1705503158		-1.0
	1800.00000000	2.95681		-0.01615     0.2    0.2		4.1705503158		-1.0
	1845.00000000	2.89867		-0.15173     0.2    0.2		4.1705503158		-1.0
	1890.00000000	2.9628		-0.48297     0.2    0.2		4.1705503158		-1.0
	1935.00000000	2.84373		-0.19995     0.2    0.2		4.1705503158		-1.0
	1980.00000000	2.92139		0.31821     0.2    0.2		4.1705503158		-1.0
	2025.00000000	3.05729		0.53313     0.2    0.2		4.1705503158		-1.0
	2070.00000000	2.9336		1.2878     0.2    0.2		4.1705503158		-1.0
	2115.00000000	3.06392		1.43539     0.2    0.2		4.1705503158		-1.0
	2160.00000000	2.93704		1.73066     0.2    0.2		4.1705503158		-1.0
	2205.00000000	2.99969		1.96084     0.2    0.2		4.1705503158		-1.0
	2250.00000000	3.03178		2.11391     0.2    0.2		4.1705503158		-1.0
	2295.00000000	3.02837		2.5188     0.2    0.2		4.1705503158		-1.0
	2340.00000000	2.94727		2.73617     0.2    0.2		4.1705503158		-1.0
	2385.00000000	2.917		2.98026     0.2    0.2		4.1705503158		-1.0
	2430.00000000	2.85917		-3.02485     0.2    0.2		4.1705503158		-1.0
	2475.00000000	2.84848		-2.38232     0.2    0.2		4.1705503158		-1.0
	2520.00000000	2.90495		-2.38705     0.2    0.2		4.1705503158		-1.0
	2565.00000000	2.88905		-1.77112     0.2    0.2		4.1705503158		-1.0
	2610.00000000	3.04847		-1.47588     0.2    0.2		4.1705503158		-1.0
	2655.00000000	2.95107		-1.03271     0.2    0.2		4.1705503158		-1.0
	2700.00000000	2.89175		-0.25585     0.2    0.2		4.1705503158		-1.0
	2745.00000000	2.97542		0.86327     0.2    0.2		4.1705503158		-1.0
	2790.00000000	2.83751		1.56057     0.2    0.2		4.1705503158		-1.0
	2835.00000000	2.8624		2.14787     0.2    0.2		4.1705503158		-1.0
	2880.00000000	2.78985		2.89126     0.2    0.2		4.1705503158		-1.0
	2925.00000000	2.88078		-3.0136     0.2    0.2		4.1705503158		-1.0
	2970.00000000	2.85335		-2.50097     0.2    0.2		4.1705503158		-1.0
	3015.00000000	2.81166		-2.56418     0.2    0.2		4.1705503158		-1.0
	3060.00000000	2.77729		-2.19942     0.2    0.2		4.1705503158		-1.0
	3105.00000000	2.75544		-2.13679     0.2    0.2		4.1705503158		-1.0
	3150.00000000	2.92418		-1.74364     0.2    0.2		4.1705503158		-1.0
	3195.00000000	2.94405		-1.75573     0.2    0.2		4.1705503158		-1.0
	3240.00000000	2.9525		-1.21309     0.2    0.2		4.1705503158		-1.0
	3285.00000000	3.04244		-1.3477     0.2    0.2		4.1705503158		-1.0
	3330.00000000	2.79507		-0.9676     0.2    0.2		4.1705503158		-1.0
	3375.00000000	2.95746		-0.53443     0.2    0.2		4.1705503158		-1.0
	3420.00000000	2.96384		-0.73138     0.2    0.2		4.1705503158		-1.0
	3465.00000000	2.95925		-0.47303     0.2    0.2		4.1705503158		-1.0
	3510.00000000	2.89076		0.10874     0.2    0.2		4.1705503158		-1.0
	3555.00000000	3.10018		0.17163     0.2    0.2		4.1705503158		-1.0
	3600.00000000	2.98715		0.7392     0.2    0.2		4.1705503158		-1.0
	3645.00000000	2.81603		1.25033     0.2    0.2		4.1705503158		-1.0
	3690.00000000	2.90668		0.88658     0.2    0.2		4.1705503158		-1.0
	3735.00000000	3.07088		1.34239     0.2    0.2		4.1705503158		-1.0
	3780.00000000	3.26349		1.05461     0.2    0.2		4.1705503158		-1.0
	3825.00000000	3.17745		0.34359     0.2    0.2		4.1705503158		-1.0
	3870.00000000	3.01322		0.61517     0.2    0.2		4.1705503158		-1.0
	3915.00000000	3.04915		0.3171     0.2    0.2		4.1705503158		-1.0
	3960.00000000	3.12656		-0.2442     0.2    0.2		4.1705503158		-1.0
	4005.00000000	2.97143		-0.74213     0.2    0.2		4.1705503158		-1.0
	4050.00000000	2.8678		-0.96741     0.2    0.2		4.1705503158		-1.0
	4095.00000000	3.01067		-1.36827     0.2    0.2		4.1705503158		-1.0
	4140.00000000	2.79709		-1.60513     0.2    0.2		4.1705503158		-1.0
	4185.00000000	2.95211		-1.92158     0.2    0.2		4.1705503158		-1.0
	4230.00000000	2.99747		-2.12752     0.2    0.2		4.1705503158		-1.0
	4275.00000000	2.95899		-2.50278     0.2    0.2		4.1705503158		-1.0
	4320.00000000	2.98518		-2.87527     0.2    0.2		4.1705503158		-1.0
	4365.00000000	3.11572		3.12466     0.2    0.2		4.1705503158		-1.0
	4410.00000000	3.03891		2.58667     0.2    0.2		4.1705503158		-1.0
	4455.00000000	2.99563		2.24015     0.2    0.2		4.1705503158		-1.0
	4500.00000000	3.0997		1.85017     0.2    0.2		4.1705503158		-1.0
	4545.00000000	2.92861		1.66103     0.2    0.2		4.1705503158		-1.0
	4590.00000000	3.16421		1.15216     0.2    0.2		4.1705503158		-1.0
	4635.00000000	2.95988		1.05009     0.2    0.2		4.1705503158		-1.0
	4680.00000000	2.83526		0.43936     0.2    0.2		4.1705503158		-1.0
	4725.00000000	2.93853		-0.19325     0.2    0.2		4.1705503158		-1.0
	4770.00000000	2.96454		-1.13243     0.2    0.2		4.1705503158		-1.0
	4815.00000000	2.83924		-1.35129     0.2    0.2		4.1705503158		-1.0
	4860.00000000	3.16314		-1.90716     0.2    0.2		4.1705503158		-1.0
	4905.00000000	2.98162		-2.12109     0.2    0.2		4.1705503158		-1.0
	4950.00000000	2.86152		-2.59291     0.2    0.2		4.1705503158		-1.0
	4995.00000000	2.87796		-2.73467     0.2    0.2		4.1705503158		-1.0
	5040.00000000	3.06235		-2.99678     0.2    0.2		4.1705503158		-1.0
	5085.00000000	3.05207		2.81193     0.2    0.2		4.1705503158		-1.0
	5130.00000000	2.87225		2.505     0.2    0.2		4.1705503158		-1.0
	5175.00000000	2.88177		2.02824     0.2    0.2		4.1705503158		-1.0
	5220.00000000	2.94998		1.71683     0.2    0.2		4.1705503158		-1.0
	5265.00000000	2.82188		1.2868     0.2    0.2		4.1705503158		-1.0
	5310.00000000	3.01217		0.23337     0.2    0.2		4.1705503158		-1.0
	5355.00000000	2.94309		-0.47258     0.2    0.2		4.1705503158		-1.0
	5400.00000000	2.9197		-1.1659     0.2    0.2		4.1705503158		-1.0
	5445.00000000	3.26804		-1.37785     0.2    0.2		4.1705503158		-1.0
	5490.00000000	3.04079		-1.7389     0.2    0.2		4.1705503158		-1.0
	5535.00000000	2.81419		-1.96039     0.2    0.2		4.1705503158		-1.0
	5580.00000000	2.99898		-2.22152     0.2    0.2		4.1705503158		-1.0
	5625.00000000	3.2405		-2.53092     0.2    0.2		4.1705503158		-1.0
	5670.00000000	3.03617		-2.66053     0.2    0.2		4.1705503158		-1.0
	5715.00000000	2.69944		-2.88     0.2    0.2		4.1705503158		-1.0
	5760.00000000	3.13594		-2.99214     0.2    0.2		4.1705503158		-1.0
	5805.00000000	2.97983		2.99612     0.2    0.2		4.1705503158		-1.0
	5850.00000000	3.04809		2.78917     0.2    0.2		4.1705503158		-1.0
	5895.00000000	2.92127		2.72598     0.2    0.2		4.1705503158		-1.0
	5940.00000000	3.00193		2.05688     0.2    0.2		4.1705503158		-1.0
	5985.00000000	2.78327		2.24194     0.2    0.2		4.1705503158		-1.0
	6030.00000000	2.75842		1.70206     0.2    0.2		4.1705503158		-1.0
	6075.00000000	2.78238		1.58374     0.2    0.2		4.1705503158		-1.0
	6120.00000000	2.87433		1.71035     0.2    0.2		4.1705503158		-1.0
	6165.00000000	3.19433		1.9073     0.2    0.2		4.1705503158		-1.0
	6210.00000000	3.19208		2.42043     0.2    0.2		4.1705503158		-1.0
	6255.00000000	3.16709		2.32394     0.2    0.2		4.1705503158		-1.0
	6300.00000000	2.7913		2.49946     0.2    0.2		4.1705503158		-1.0
	6345.00000000	2.90216		2.45077     0.2    0.2		4.1705503158		-1.0
	6390.00000000	2.9731		2.1695     0.2    0.2		4.1705503158		-1.0
	6435.00000000	3.06951		1.6674     0.2    0.2		4.1705503158		-1.0
	6480.00000000	3.17191		1.38997     0.2    0.2		4.1705503158		-1.0
	6525.00000000	3.12428		1.23453     0.2    0.2		4.1705503158		-1.0
	6570.00000000	2.7008		0.98215     0.2    0.2		4.1705503158		-1.0
	6615.00000000	2.90308		0.56952     0.2    0.2		4.1705503158		-1.0
	6660.00000000	3.14088		0.54514     0.2    0.2		4.1705503158		-1.0
	6705.00000000	2.80414		0.10289     0.2    0.2		4.1705503158		-1.0
	6750.00000000	2.82488		-0.05702     0.2    0.2		4.1705503158		-1.0
	6795.00000000	2.84371		-0.74851     0.2    0.2		4.1705503158		-1.0
	6840.00000000	3.13916		-0.73275     0.2    0.2		4.1705503158		-1.0
	6885.00000000	2.82557		-0.68187     0.2    0.2		4.1705503158		-1.0
	6930.00000000	2.77761		-0.94948     0.2    0.2		4.1705503158		-1.0
	6975.00000000	2.79499		-0.55198     0.2    0.2		4.1705503158		-1.0
	7020.00000000	3.04366		-0.69195     0.2    0.2		4.1705503158		-1.0
	7065.00000000	2.73364		-0.12031     0.2    0.2		4.1705503158		-1.0
	7110.00000000	2.98656		0.3397     0.2    0.2		4.1705503158		-1.0
	7155.00000000	3.01637		0.63243     0.2    0.2		4.1705503158		-1.0
	7200.00000000	2.81656		1.22937     0.2    0.2		4.1705503158		-1.0
	7245.00000000	2.81728		1.55593     0.2    0.2		4.1705503158		-1.0
	7290.00000000	3.22217		1.52747     0.2    0.2		4.1705503158		-1.0
	7335.00000000	2.65752		2.09081     0.2    0.2		4.1705503158		-1.0
	7380.00000000	3.13106		2.25592     0.2    0.2		4.1705503158		-1.0
	7425.00000000	3.09092		2.94462     0.2    0.2		4.1705503158		-1.0
	7470.00000000	2.85152		-2.96519     0.2    0.2		4.1705503158		-1.0
	7515.00000000	3.03058		-2.63982     0.2    0.2		4.1705503158		-1.0
	7560.00000000	3.16506		-2.15766     0.2    0.2		4.1705503158		-1.0
	7605.00000000	3.07398		-2.05008     0.2    0.2		4.1705503158		-1.0
	7650.00000000	2.8221		-1.87121     0.2    0.2		4.1705503158		-1.0
	7695.00000000	3.20341		-1.70777     0.2    0.2		4.1705503158		-1.0
	7740.00000000	2.86994		-1.58989     0.2    0.2		4.1705503158		-1.0
	7785.00000000	2.88398		-1.55119     0.2    0.2		4.1705503158		-1.0
	7830.00000000	2.7825		-1.30109     0.2    0.2		4.1705503158		-1.0
	7875.00000000	2.73593		-1.03752     0.2    0.2		4.1705503158		-1.0
	7920.00000000	3.12346		-0.90784     0.2    0.2		4.1705503158		-1.0
	7965.00000000	2.72653		-0.52776     0.2    0.2		4.1705503158		-1.0
	8010.00000000	3.10905		0.09313     0.2    0.2		4.1705503158		-1.0
	8055.00000000	2.80469		0.84281     0.2    0.2		4.1705503158		-1.0
	8100.00000000	2.83767		0.66289     0.2    0.2		4.1705503158		-1.0
	8145.00000000	2.665		0.13699     0.2    0.2		4.1705503158		-1.0
	8190.00000000	3.00824		-0.1773     0.2    0.2		4.1705503158		-1.0
	8235.00000000	2.81265		-0.46943     0.2    0.2		4.1705503158		-1.0
	8280.00000000	3.12257		-0.12902     0.2    0.2		4.1705503158		-1.0
	8325.00000000	3.16204		-0.28833     0.2    0.2		4.1705503158		-1.0
	8370.00000000	3.06352		0.29304     0.2    0.2		4.1705503158		-1.0
	8415.00000000	3.23842		0.41796     0.2    0.2		4.1705503158		-1.0
	8460.00000000	3.1181		0.90928     0.2    0.2		4.1705503158		-1.0
	8505.00000000	2.97587		0.97391     0.2    0.2		4.1705503158		-1.0
	8550.00000000	3.04529		1.33173     0.2    0.2		4.1705503158		-1.0
	8595.00000000	3.47061		1.08322     0.2    0.2		4.1705503158		-1.0
	8640.00000000	3.26319		1.29981     0.2    0.2		4.1705503158		-1.0
	8685.00000000	2.93613		1.23081     0.2    0.2		4.1705503158		-1.0
	8730.00000000	2.62918		1.34319     0.2    0.2		4.1705503158		-1.0
	8775.00000000	2.78059		0.91442     0.2    0.2		4.1705503158		-1.0
	8820.00000000	2.84006		1.23014     0.2    0.2		4.1705503158		-1.0
	8865.00000000	2.69655		0.23328     0.2    0.2		4.1705503158		-1.0
	8910.00000000	2.76771		-0.2391     0.2    0.2		4.1705503158		-1.0
	8955.00000000	2.74251		-0.49967     0.2    0.2		4.1705503158		-1.0
	9000.00000000	2.75242		-0.96654     0.2    0.2		4.1705503158		-1.0
	9045.00000000	3.18329		-1.03098     0.2    0.2		4.1705503158		-1.0
	9090.00000000	2.99537		-1.7653     0.2    0.2		4.1705503158		-1.0
	9135.00000000	2.86602		-1.80018     0.2    0.2		4.1705503158		-1.0
	9180.00000000	2.7946		-2.25688     0.2    0.2		4.1705503158		-1.0
	9225.00000000	2.83733		-2.36494     0.2    0.2		4.1705503158		-1.0
	9270.00000000	2.76183		-2.88398     0.2    0.2		4.1705503158		-1.0
	9315.00000000	2.87124		2.88641     0.2    0.2		4.1705503158		-1.0
	9360.00000000	2.71097		2.60384     0.2    0.2		4.1705503158		-1.0
	9405.00000000	2.77644		2.2101     0.2    0.2		4.1705503158		-1.0
	9450.00000000	3.07517		1.78813     0.2    0.2		4.1705503158		-1.0
	9495.00000000	3.2886		1.68199     0.2    0.2		4.1705503158		-1.0
	9540.00000000	3.19534		1.56207     0.2    0.2		4.1705503158		-1.0
	9585.00000000	3.16819		1.88962     0.2    0.2		4.1705503158		-1.0
	9630.00000000	3.28071		1.83599     0.2    0.2		4.1705503158		-1.0
	9675.00000000	2.67964		2.19189     0.2    0.2		4.1705503158		-1.0
	9720.00000000	3.12842		2.27329     0.2    0.2		4.1705503158		-1.0
	9765.00000000	2.83981		2.62189     0.2    0.2		4.1705503158		-1.0
	9810.00000000	2.85137		3.07685     0.2    0.2		4.1705503158		-1.0
	9855.00000000	2.76228		-3.08997     0.2    0.2		4.1705503158		-1.0
	9900.00000000	3.26268		-2.51429     0.2    0.2		4.1705503158		-1.0
	9945.00000000	3.27733		-2.26011     0.2    0.2		4.1705503158		-1.0
	9990.00000000	2.98649		-2.16299     0.2    0.2		4.1705503158		-1.0
	10035.00000000	2.98866		-1.90175     0.2    0.2		4.1705503158		-1.0
	10080.00000000	2.70225		-1.845     0.2    0.2		4.1705503158		-1.0
	10125.00000000	3.15125		-1.53207     0.2    0.2		4.1705503158		-1.0
	10170.00000000	3.22908		-1.87428     0.2    0.2		4.1705503158		-1.0
	10215.00000000	2.89381		-1.42315     0.2    0.2		4.1705503158		-1.0
	10260.00000000	3.30525		-1.79151     0.2    0.2		4.1705503158		-1.0
	10305.00000000	2.85337		-1.46036     0.2    0.2		4.1705503158		-1.0
	10350.00000000	2.88014		-1.56065     0.2    0.2		4.1705503158		-1.0
	10395.00000000	2.67615		-1.4346     0.2    0.2		4.1705503158		-1.0
	10440.00000000	2.7252		-1.42266     0.2    0.2		4.1705503158		-1.0
	10485.00000000	2.68419		-1.57495     0.2    0.2		4.1705503158		-1.0
	10530.00000000	3.39765		-1.34742     0.2    0.2		4.1705503158		-1.0
	10575.00000000	3.41207		-1.46164     0.2    0.2		4.1705503158		-1.0
	10620.00000000	3.19563		-1.29356     0.2    0.2		4.1705503158		-1.0
	10665.00000000	3.25471		-1.43526     0.2    0.2		4.1705503158		-1.0
	10710.00000000	3.22035		-0.92644     0.2    0.2		4.1705503158		-1.0
	10755.00000000	3.14327		-0.24039     0.2    0.2		4.1705503158		-1.0
	10800.00000000	3.29672		0.254     0.2    0.2		4.1705503158		-1.0
	10845.00000001	2.63503		0.48631     0.2    0.2		4.1705503158		-1.0
	10890.00000001	2.81678		0.45677     0.2    0.2		4.1705503158		-1.0
	10935.00000001	2.72073		0.13065     0.2    0.2		4.1705503158		-1.0
	10980.00000001	3.29842		-0.23738     0.2    0.2		4.1705503158		-1.0
	11025.00000001	3.21728		-0.74427     0.2    0.2		4.1705503158		-1.0
	11070.00000001	2.75401		-0.626     0.2    0.2		4.1705503158		-1.0
	11115.00000001	2.84585		-0.6502     0.2    0.2		4.1705503158		-1.0
	11160.00000001	3.3383		-0.5718     0.2    0.2		4.1705503158		-1.0
	11205.00000001	2.7641		-0.79845     0.2    0.2		4.1705503158		-1.0
	11250.00000001	2.68232		-0.81669     0.2    0.2		4.1705503158		-1.0
	11295.00000001	3.17773		-1.13262     0.2    0.2		4.1705503158		-1.0
	11340.00000001	3.19376		-0.76325     0.2    0.2		4.1705503158		-1.0
	11385.00000001	3.1556		-0.61085     0.2    0.2		4.1705503158		-1.0
	11430.00000001	3.19273		0.08902     0.2    0.2		4.1705503158		-1.0
	11475.00000001	3.25851		0.12945     0.2    0.2		4.1705503158		-1.0
	11520.00000001	3.04667		0.97092     0.2    0.2		4.1705503158		-1.0
	11565.00000001	2.59623		0.77506     0.2    0.2		4.1705503158		-1.0
	11610.00000001	3.04175		0.88809     0.2    0.2		4.1705503158		-1.0
	11655.00000001	3.04345		0.54248     0.2    0.2		4.1705503158		-1.0
	11700.00000001	2.66745		0.34264     0.2    0.2		4.1705503158		-1.0
	11745.00000001	3.2744		-0.37709     0.2    0.2		4.1705503158		-1.0
	11790.00000001	3.29248		-0.30284     0.2    0.2		4.1705503158		-1.0
	11835.00000001	3.38189		-0.76729     0.2    0.2		4.1705503158		-1.0
	11880.00000001	3.04535		-0.02528     0.2    0.2		4.1705503158		-1.0
	11925.00000001	2.8188		-0.05023     0.2    0.2		4.1705503158		-1.0
	11970.00000001	3.40492		0.69511     0.2    0.2		4.1705503158		-1.0
	12015.00000001	2.97845		0.14832     0.2    0.2		4.1705503158		-1.0
	12060.00000001	3.13973		0.04908     0.2    0.2		4.1705503158		-1.0
	12105.00000001	3.22793		-0.35841     0.2    0.2		4.1705503158		-1.0
	12150.00000001	3.18773		-0.55086     0.2    0.2		4.1705503158		-1.0
	12195.00000001	3.36724		-0.61939     0.2    0.2		4.1705503158		-1.0
	12240.00000001	2.71682		-0.90391     0.2    0.2		4.1705503158		-1.0
	12285.00000001	2.73737		-1.17523     0.2    0.2		4.1705503158		-1.0
	12330.00000001	2.84956		-1.2315     0.2    0.2		4.1705503158		-1.0
	12375.00000001	2.7973		-1.15177     0.2    0.2		4.1705503158		-1.0
	12420.00000001	3.06048		-1.3241     0.2    0.2		4.1705503158		-1.0
	12465.00000001	3.06484		-1.00216     0.2    0.2		4.1705503158		-1.0
	12510.00000001	3.26651		-1.06929     0.2    0.2		4.1705503158		-1.0
	12555.00000001	3.38714		-1.05166     0.2    0.2		4.1705503158		-1.0
	12600.00000001	2.6649		-0.75512     0.2    0.2		4.1705503158		-1.0
	12645.00000001	2.81729		-0.79441     0.2    0.2		4.1705503158		-1.0
	12690.00000001	2.73689		-0.17383     0.2    0.2		4.1705503158		-1.0
	12735.00000001	2.73314		0.46933     0.2    0.2		4.1705503158		-1.0
	12780.00000001	2.74825		0.91406     0.2    0.2		4.1705503158		-1.0
	12825.00000001	2.8076		1.06924     0.2    0.2		4.1705503158		-1.0
	12870.00000001	2.74442		1.2941     0.2    0.2		4.1705503158		-1.0
	12915.00000001	2.73177		1.87785     0.2    0.2		4.1705503158		-1.0
	12960.00000001	2.82238		2.04841     0.2    0.2		4.1705503158		-1.0
	13005.00000001	2.80744		2.12905     0.2    0.2		4.1705503158		-1.0
	13050.00000001	2.84314		2.69595     0.2    0.2		4.1705503158		-1.0
	13095.00000001	2.82356		2.94114     0.2    0.2		4.1705503158		-1.0
	13140.00000001	2.88197		3.09815     0.2    0.2		4.1705503158		-1.0
	13185.00000001	2.76201		-2.79396     0.2    0.2		4.1705503158		-1.0
	13230.00000001	3.18597		-2.49418     0.2    0.2		4.1705503158		-1.0
	13275.00000001	3.04814		-2.53728     0.2    0.2		4.1705503158		-1.0
	13320.00000001	2.95653		-2.15838     0.2    0.2		4.1705503158		-1.0
	13365.00000001	3.09983		-2.18195     0.2    0.2		4.1705503158		-1.0
	13410.00000001	3.15076		-2.12015     0.2    0.2		4.1705503158		-1.0
	13455.00000001	3.2536		-1.93672     0.2    0.2		4.1705503158		-1.0
	13500.00000001	3.20183		-1.95678     0.2    0.2		4.1705503158		-1.0
	13545.00000001	3.24017		-1.92539     0.2    0.2		4.1705503158		-1.0
	13590.00000001	2.85648		-1.49062     0.2    0.2		4.1705503158		-1.0
	13635.00000001	2.71572		-2.14971     0.2    0.2		4.1705503158		-1.0
	13680.00000001	2.64697		-2.06953     0.2    0.2		4.1705503158		-1.0
	13725.00000001	2.76806		-2.7384     0.2    0.2		4.1705503158		-1.0
	13770.00000001	2.80864		-2.33987     0.2    0.2		4.1705503158		-1.0
	13815.00000001	3.4107		-3.1287     0.2    0.2		4.1705503158		-1.0
	13860.00000001	3.01248		3.00592     0.2    0.2		4.1705503158		-1.0
	13905.00000001	3.35548		2.61786     0.2    0.2		4.1705503158		-1.0
	13950.00000001	3.35666		2.4382     0.2    0.2		4.1705503158		-1.0
	13995.00000001	2.75626		2.11362     0.2    0.2		4.1705503158		-1.0
	14040.00000001	3.09632		1.84589     0.2    0.2		4.1705503158		-1.0
	14085.00000001	2.69763		1.62624     0.2    0.2		4.1705503158		-1.0
	14130.00000001	2.64671		1.79064     0.2    0.2		4.1705503158		-1.0
	14175.00000001	2.80022		1.86936     0.2    0.2		4.1705503158		-1.0
	14220.00000001	3.02281		2.3096     0.2    0.2		4.1705503158		-1.0
	14265.00000000	3.00608		2.49428     0.2    0.2		4.1705503158		-1.0
	14310.00000000	2.81671		2.72473     0.2    0.2		4.1705503158		-1.0
	14355.00000000	3.00678		3.1213     0.2    0.2		4.1705503158		-1.0
	14400.00000000	2.92039		-2.91041     0.2    0.2		4.1705503158		-1.0
	14445.00000000	2.74899		-2.50811     0.2    0.2		4.1705503158		-1.0
	14490.00000000	3.04912		-2.41486     0.2    0.2		4.1705503158		-1.0
	14535.00000000	3.15477		-2.29162     0.2    0.2		4.1705503158		-1.0
	14580.00000000	3.2519		-1.9406     0.2    0.2		4.1705503158		-1.0
	14625.00000000	3.2751		-2.18566     0.2    0.2		4.1705503158		-1.0
	14670.00000000	2.5735		-2.26941     0.2    0.2		4.1705503158		-1.0
	14715.00000000	3.30999		-2.07771     0.2    0.2		4.1705503158		-1.0
	14760.00000000	3.16205		-2.48131     0.2    0.2		4.1705503158		-1.0
	14805.00000000	3.18713		-2.52658     0.2    0.2		4.1705503158		-1.0
	14850.00000000	3.11583		3.13962     0.2    0.2		4.1705503158		-1.0
	14895.00000000	3.28225		2.8535     0.2    0.2		4.1705503158		-1.0
	14940.00000000	3.30092		2.7113     0.2    0.2		4.1705503158		-1.0
	14985.00000000	2.77286		2.56426     0.2    0.2		4.1705503158		-1.0
	15030.00000000	3.33808		2.51498     0.2    0.2		4.1705503158		-1.0
	15075.00000000	3.33683		2.07158     0.2    0.2		4.1705503158		-1.0
	15120.00000000	3.34094		2.05354     0.2    0.2		4.1705503158		-1.0
	15165.00000000	3.25523		1.93006     0.2    0.2		4.1705503158		-1.0
	15210.00000000	2.63808		1.88412     0.2    0.2		4.1705503158		-1.0
	15255.00000000	2.68933		1.98228     0.2    0.2		4.1705503158		-1.0
	15300.00000000	3.40261		1.56483     0.2    0.2		4.1705503158		-1.0
	15345.00000000	3.1186		1.74558     0.2    0.2		4.1705503158		-1.0
	15390.00000000	2.88933		1.57527     0.2    0.2		4.1705503158		-1.0
	15435.00000000	2.79148		1.33786     0.2    0.2		4.1705503158		-1.0
	15480.00000000	3.24599		1.46306     0.2    0.2		4.1705503158		-1.0
	15525.00000000	3.17786		0.89579     0.2    0.2		4.1705503158		-1.0
	15570.00000000	3.02792		0.58822     0.2    0.2		4.1705503158		-1.0
	15615.00000000	2.80554		0.04077     0.2    0.2		4.1705503158		-1.0
	15660.00000000	2.69538		-0.39269     0.2    0.2		4.1705503158		-1.0
	15705.00000000	2.60271		-0.04426     0.2    0.2		4.1705503158		-1.0
	15750.00000000	3.39739		-0.0037     0.2    0.2		4.1705503158		-1.0
	15795.00000000	3.31414		0.4681     0.2    0.2		4.1705503158		-1.0
	15840.00000000	3.39609		1.17575     0.2    0.2		4.1705503158		-1.0
	15885.00000000	3.37892		1.26903     0.2    0.2		4.1705503158		-1.0
	15930.00000000	3.25272		1.29023     0.2    0.2		4.1705503158		-1.0
	15975.00000000	3.47952		1.42239     0.2    0.2		4.1705503158		-1.0
	16020.00000000	2.92963		1.43896     0.2    0.2		4.1705503158		-1.0
	16065.00000000	2.91386		1.45792     0.2    0.2		4.1705503158		-1.0
	16110.00000000	2.80149		1.11675     0.2    0.2		4.1705503158		-1.0
	16155.00000000	3.21155		0.65409     0.2    0.2		4.1705503158		-1.0
	16200.00000000	2.61058		0.03017     0.2    0.2		4.1705503158		-1.0
	16245.00000000	3.33836		-0.16109     0.2    0.2		4.1705503158		-1.0
	16290.00000000	2.66181		-0.36589     0.2    0.2		4.1705503158		-1.0
	16335.00000000	2.85625		0.09054     0.2    0.2		4.1705503158		-1.0
	16380.00000000	2.69088		0.83257     0.2    0.2		4.1705503158		-1.0
	16425.00000000	2.73736		0.6631     0.2    0.2		4.1705503158		-1.0
	16470.00000000	2.68471		1.03071     0.2    0.2		4.1705503158		-1.0
	16515.00000000	2.74397		0.45075     0.2    0.2		4.1705503158		-1.0
	16560.00000000	2.72053		0.5819     0.2    0.2		4.1705503158		-1.0
	16605.00000000	2.69891		0.10532     0.2    0.2		4.1705503158		-1.0
	16650.00000000	2.86627		0.34493     0.2    0.2		4.1705503158		-1.0
	16695.00000000	3.27438		0.20587     0.2    0.2		4.1705503158		-1.0
	16740.00000000	3.3862		0.66101     0.2    0.2		4.1705503158		-1.0
	16785.00000000	3.27105		0.75132     0.2    0.2		4.1705503158		-1.0
	16830.00000000	3.2013		0.82985     0.2    0.2		4.1705503158		-1.0
	16875.00000000	3.26342		1.13311     0.2    0.2		4.1705503158		-1.0
	16920.00000000	3.54044		0.81799     0.2    0.2		4.1705503158		-1.0
	16965.00000000	2.64367		1.38023     0.2    0.2		4.1705503158		-1.0
	17010.00000000	2.72485		0.60342     0.2    0.2		4.1705503158		-1.0
	17055.00000000	2.69146		0.82727     0.2    0.2		4.1705503158		-1.0
	17100.00000000	2.72891		0.16064     0.2    0.2		4.1705503158		-1.0
	17145.00000000	2.68212		-0.61391     0.2    0.2		4.1705503158		-1.0
	17190.00000000	2.73063		-1.08276     0.2    0.2		4.1705503158		-1.0
	17235.00000000	2.75449		-1.51284     0.2    0.2		4.1705503158		-1.0
	17280.00000000	2.77942		-1.80531     0.2    0.2		4.1705503158		-1.0
	17325.00000000	2.67791		-2.41741     0.2    0.2		4.1705503158		-1.0
	17370.00000000	2.75511		-2.55234     0.2    0.2		4.1705503158		-1.0
	17415.00000000	2.84268		-2.85358     0.2    0.2		4.1705503158		-1.0
	17460.00000000	2.85037		-3.01544     0.2    0.2		4.1705503158		-1.0
	17505.00000000	2.67952		2.93927     0.2    0.2		4.1705503158		-1.0
	17550.00000000	2.76515		2.38462     0.2    0.2		4.1705503158		-1.0
	17595.00000000	2.73685		2.2418     0.2    0.2		4.1705503158		-1.0
	17640.00000000	3.49735		1.91749     0.2    0.2		4.1705503158		-1.0
	17685.00000000	2.87109		1.83081     0.2    0.2		4.1705503158		-1.0
	17730.00000000	2.68309		1.70276     0.2    0.2		4.1705503158		-1.0
	17775.00000000	2.72972		2.08646     0.2    0.2		4.1705503158		-1.0
	17820.00000000	2.6796		2.76774     0.2    0.2		4.1705503158		-1.0
	17865.00000000	2.67451		3.09636     0.2    0.2		4.1705503158		-1.0
	17910.00000000	2.69705		-2.56756     0.2    0.2		4.1705503158		-1.0
	17955.00000000	3.3918		-2.73083     0.2    0.2		4.1705503158		-1.0
	18000.00000000	3.39541		-2.45685     0.2    0.2		4.1705503158		-1.0
	18045.00000000	3.21186		-2.73567     0.2    0.2		4.1705503158		-1.0
	18090.00000000	3.22868		-3.03983     0.2    0.2		4.1705503158		-1.0
	18135.00000000	3.15037		2.82678     0.2    0.2		4.1705503158		-1.0
	18180.00000000	3.34684		3.09118     0.2    0.2		4.1705503158		-1.0
	18225.00000000	3.12042		2.81526     0.2    0.2		4.1705503158		-1.0
	18270.00000000	3.25161		2.74006     0.2    0.2		4.1705503158		-1.0
	18315.00000000	3.08555		2.28284     0.2    0.2		4.1705503158		-1.0
	18360.00000000	3.21002		2.08486     0.2    0.2		4.1705503158		-1.0
	18405.00000000	3.34353		1.9816     0.2    0.2		4.1705503158		-1.0
	18450.00000000	3.47792		1.58448     0.2    0.2		4.1705503158		-1.0
	18495.00000000	2.96755		1.70588     0.2    0.2		4.1705503158		-1.0
	18540.00000000	2.63897		1.69761     0.2    0.2		4.1705503158		-1.0
	18585.00000000	2.91322		1.58654     0.2    0.2		4.1705503158		-1.0
	18630.00000000	2.75104		1.98738     0.2    0.2		4.1705503158		-1.0
	18675.00000000	2.84844		1.90745     0.2    0.2		4.1705503158		-1.0
	18720.00000000	2.65509		2.44756     0.2    0.2		4.1705503158		-1.0
	18765.00000000	2.77645		2.6846     0.2    0.2		4.1705503158		-1.0
	18810.00000000	2.69857		3.09259     0.2    0.2		4.1705503158		-1.0
	18855.00000000	2.70474		-2.91635     0.2    0.2		4.1705503158		-1.0
	18900.00000000	2.66964		-2.63202     0.2    0.2		4.1705503158		-1.0
	18945.00000000	3.45817		-2.48806     0.2    0.2		4.1705503158		-1.0
	18990.00000000	3.24407		-2.20706     0.2    0.2		4.1705503158		-1.0
	19035.00000000	2.76756		-1.83224     0.2    0.2		4.1705503158		-1.0
	19080.00000000	3.25822		-1.66668     0.2    0.2		4.1705503158		-1.0
	19125.00000000	3.40734		-1.42586     0.2    0.2		4.1705503158		-1.0
	19170.00000000	2.89621		-1.14491     0.2    0.2		4.1705503158		-1.0
	19215.00000000	2.67979		-1.36351     0.2    0.2		4.1705503158		-1.0
	19260.00000000	3.50364		-0.67979     0.2    0.2		4.1705503158		-1.0
	19305.00000000	3.04764		-0.744     0.2    0.2		4.1705503158		-1.0
	19350.00000000	2.93148		-0.35606     0.2    0.2		4.1705503158		-1.0
	19395.00000000	2.81151		0.27547     0.2    0.2		4.1705503158		-1.0
	19440.00000000	2.73149		0.81438     0.2    0.2		4.1705503158		-1.0
	19485.00000000	2.61693		1.40325     0.2    0.2		4.1705503158		-1.0
	19530.00000000	2.71828		1.47659     0.2    0.2		4.1705503158		-1.0
	19575.00000000	3.10911		2.08051     0.2    0.2		4.1705503158		-1.0
	19620.00000000	3.13655		2.48303     0.2    0.2		4.1705503158		-1.0
	19665.00000000	3.15184		2.97651     0.2    0.2		4.1705503158		-1.0
	19710.00000000	3.12139		-2.87924     0.2    0.2		4.1705503158		-1.0
	19755.00000000	3.2732		-2.7998     0.2    0.2		4.1705503158		-1.0
	19800.00000000	3.36298		-2.60167     0.2    0.2		4.1705503158		-1.0
	19845.00000000	3.15346		-2.72434     0.2    0.2		4.1705503158		-1.0
	19890.00000000	2.89208		-2.6793     0.2    0.2		4.1705503158		-1.0
	19935.00000000	2.74607		-2.55673     0.2    0.2		4.1705503158		-1.0
	19980.00000000	3.49399		-2.34881     0.2    0.2		4.1705503158		-1.0
	20025.00000000	2.96979		-2.21411     0.2    0.2		4.1705503158		-1.0
	20070.00000000	2.69004		-2.01774     0.2    0.2		4.1705503158		-1.0
	20115.00000000	2.64915		-1.8881     0.2    0.2		4.1705503158		-1.0
	20160.00000000	3.41144		-1.74468     0.2    0.2		4.1705503158		-1.0
	20205.00000000	2.8666		-1.66479     0.2    0.2		4.1705503158		-1.0
	20250.00000000	2.72988		-1.42323     0.2    0.2		4.1705503158		-1.0
	20295.00000000	3.20929		-1.24032     0.2    0.2		4.1705503158		-1.0
	20340.00000000	3.00479		-0.88051     0.2    0.2		4.1705503158		-1.0
	20385.00000000	2.87197		-0.06961     0.2    0.2		4.1705503158		-1.0
	20430.00000000	2.68723		-0.44207     0.2    0.2		4.1705503158		-1.0
	20475.00000000	3.52863		-0.18891     0.2    0.2		4.1705503158		-1.0
	20520.00000000	3.02503		-0.11333     0.2    0.2		4.1705503158		-1.0
	20565.00000000	3.18108		-0.36763     0.2    0.2		4.1705503158		-1.0
	20610.00000000	3.29991		-0.91203     0.2    0.2		4.1705503158		-1.0
	20655.00000000	3.4041		-0.87197     0.2    0.2		4.1705503158		-1.0
	20700.00000000	2.75417		-1.22065     0.2    0.2		4.1705503158		-1.0
	20744.99999999	2.73907		-1.00513     0.2    0.2		4.1705503158		-1.0
	20789.99999999	2.79747		-0.60254     0.2    0.2		4.1705503158		-1.0
	20834.99999999	2.6325		0.05959     0.2    0.2		4.1705503158		-1.0
	20879.99999999	2.71345		0.25193     0.2    0.2		4.1705503158		-1.0
	20924.99999999	2.69051		0.7135     0.2    0.2		4.1705503158		-1.0
	20969.99999999	2.72636		1.21889     0.2    0.2		4.1705503158		-1.0
	21014.99999999	3.51767		1.12489     0.2    0.2		4.1705503158		-1.0
	21059.99999999	3.47522		0.93466     0.2    0.2		4.1705503158		-1.0
	21104.99999999	2.84462		0.81815     0.2    0.2		4.1705503158		-1.0
	21149.99999999	3.11111		-0.16004     0.2    0.2		4.1705503158		-1.0
	21194.99999999	3.32753		-0.82103     0.2    0.2		4.1705503158		-1.0
	21239.99999999	3.28244		-1.21953     0.2    0.2		4.1705503158		-1.0
	21284.99999999	3.03839		-1.70927     0.2    0.2		4.1705503158		-1.0
	21329.99999999	3.19799		-1.86271     0.2    0.2		4.1705503158		-1.0
	21374.99999999	3.36001		-1.96536     0.2    0.2		4.1705503158		-1.0
	21419.99999999	3.5748		-1.98743     0.2    0.2		4.1705503158		-1.0
	21464.99999999	3.36901		-2.22077     0.2    0.2		4.1705503158		-1.0
	21509.99999999	3.40139		-2.16505     0.2    0.2		4.1705503158		-1.0
	21554.99999999	3.40263		-2.49023     0.2    0.2		4.1705503158		-1.0
	21599.99999999	2.74482		-2.63042     0.2    0.2		4.1705503158		-1.0
	21644.99999999	3.48905		-2.86938     0.2    0.2		4.1705503158		-1.0
	21689.99999999	3.36017		2.9252     0.2    0.2		4.1705503158		-1.0
	21734.99999999	2.57453		2.83797     0.2    0.2		4.1705503158		-1.0
	21779.99999999	3.40873		2.2293     0.2    0.2		4.1705503158		-1.0
	21824.99999999	2.59052		2.21616     0.2    0.2		4.1705503158		-1.0
	21869.99999999	3.39772		1.86309     0.2    0.2		4.1705503158		-1.0
	21914.99999999	2.89627		1.7603     0.2    0.2		4.1705503158		-1.0
	21959.99999999	3.23034		1.77401     0.2    0.2		4.1705503158		-1.0
	22004.99999999	3.42758		1.67283     0.2    0.2		4.1705503158		-1.0
	22049.99999999	3.15343		1.72535     0.2    0.2		4.1705503158		-1.0
	22094.99999999	3.45132		1.80823     0.2    0.2		4.1705503158		-1.0
	22139.99999999	2.81108		1.97975     0.2    0.2		4.1705503158		-1.0
	22184.99999999	2.64217		2.141     0.2    0.2		4.1705503158		-1.0
	22229.99999999	2.64553		2.48861     0.2    0.2		4.1705503158		-1.0
	22274.99999999	3.43593		2.86514     0.2    0.2		4.1705503158		-1.0
	22319.99999999	2.75959		2.71342     0.2    0.2		4.1705503158		-1.0
	22364.99999999	2.78101		2.50444     0.2    0.2		4.1705503158		-1.0
	22409.99999999	2.80305		2.51893     0.2    0.2		4.1705503158		-1.0
	22454.99999999	2.80678		2.68065     0.2    0.2		4.1705503158		-1.0
	22499.99999999	3.05153		2.6017     0.2    0.2		4.1705503158		-1.0
	22544.99999999	3.17656		2.72348     0.2    0.2		4.1705503158		-1.0
	22589.99999999	3.27072		2.29584     0.2    0.2		4.1705503158		-1.0
	22634.99999999	3.22023		2.22013     0.2    0.2		4.1705503158		-1.0
	22679.99999999	3.39715		2.18883     0.2    0.2		4.1705503158		-1.0
	22724.99999999	3.39345		2.60367     0.2    0.2		4.1705503158		-1.0
	22769.99999999	3.15279		2.56562     0.2    0.2		4.1705503158		-1.0
	22814.99999999	3.45149		2.64943     0.2    0.2		4.1705503158		-1.0
	22859.99999999	3.47859		2.38502     0.2    0.2		4.1705503158		-1.0
	22904.99999999	3.02228		2.29301     0.2    0.2		4.1705503158		-1.0
	22949.99999999	2.74467		2.35643     0.2    0.2		4.1705503158		-1.0
	22994.99999999	2.78237		1.98393     0.2    0.2		4.1705503158		-1.0
	23039.99999999	3.27958		1.8506     0.2    0.2		4.1705503158		-1.0
	23084.99999999	3.2536		1.72974     0.2    0.2		4.1705503158		-1.0
	23129.99999999	3.25448		1.20338     0.2    0.2		4.1705503158		-1.0
	23174.99999999	3.16378		1.21236     0.2    0.2		4.1705503158		-1.0
	23219.99999999	3.27364		0.54853     0.2    0.2		4.1705503158		-1.0
	23264.99999999	3.34269		-0.36542     0.2    0.2		4.1705503158		-1.0
	23309.99999999	3.04364		-1.00093     0.2    0.2		4.1705503158		-1.0
	23354.99999999	3.0488		-1.17936     0.2    0.2		4.1705503158		-1.0
	23399.99999999	2.88117		-1.50994     0.2    0.2		4.1705503158		-1.0
	23444.99999999	3.46805		-1.64874     0.2    0.2		4.1705503158		-1.0
	23489.99999999	2.71596		-1.98278     0.2    0.2		4.1705503158		-1.0
	23534.99999999	2.73302		-2.21767     0.2    0.2		4.1705503158		-1.0
	23579.99999999	2.72996		-2.47057     0.2    0.2		4.1705503158		-1.0
	23624.99999999	2.70302		-2.76893     0.2    0.2		4.1705503158		-1.0
	23669.99999999	3.4581		-3.00626     0.2    0.2		4.1705503158		-1.0
	23714.99999999	2.96172		3.0772     0.2    0.2		4.1705503158		-1.0
	23759.99999999	2.64239		2.93069     0.2    0.2		4.1705503158		-1.0
	23804.99999999	2.70682		2.6971     0.2    0.2		4.1705503158		-1.0
	23849.99999999	2.73259		2.91292     0.2    0.2		4.1705503158		-1.0
	23894.99999999	2.65265		2.56223     0.2    0.2		4.1705503158		-1.0
	23939.99999999	2.66584		2.31743     0.2    0.2		4.1705503158		-1.0
	23984.99999999	3.61679		1.98353     0.2    0.2		4.1705503158		-1.0
	24029.99999999	3.13216		1.99362     0.2    0.2		4.1705503158		-1.0
	24074.99999999	3.16083		2.05495     0.2    0.2		4.1705503158		-1.0
	24119.99999999	3.21117		2.3908     0.2    0.2		4.1705503158		-1.0
	24164.99999999	3.40125		2.72741     0.2    0.2		4.1705503158		-1.0
	24209.99999999	3.48876		3.01991     0.2    0.2		4.1705503158		-1.0
	24254.99999999	3.16668		-3.127     0.2    0.2		4.1705503158		-1.0
	24299.99999999	3.06709		-2.97763     0.2    0.2		4.1705503158		-1.0
	24344.99999999	3.02066		-2.69542     0.2    0.2		4.1705503158		-1.0
	24389.99999999	2.62789		-2.09832     0.2    0.2		4.1705503158		-1.0
	24434.99999999	2.74053		-1.65348     0.2    0.2		4.1705503158		-1.0
	24479.99999999	2.72233		-1.58431     0.2    0.2		4.1705503158		-1.0
	24524.99999999	2.62649		-0.57555     0.2    0.2		4.1705503158		-1.0
	24569.99999999	2.704		0.04985     0.2    0.2		4.1705503158		-1.0
	24614.99999999	3.34442		0.56591     0.2    0.2		4.1705503158		-1.0
	24659.99999999	2.66153		0.49435     0.2    0.2		4.1705503158		-1.0
	24704.99999999	2.58102		0.276     0.2    0.2		4.1705503158		-1.0
	24749.99999999	3.40893		0.64633     0.2    0.2		4.1705503158		-1.0
	24794.99999999	3.56013		0.32695     0.2    0.2		4.1705503158		-1.0
	24839.99999999	3.42799		0.14187     0.2    0.2		4.1705503158		-1.0
	24884.99999999	3.30807		0.33147     0.2    0.2		4.1705503158		-1.0
	24929.99999999	3.26797		-0.17457     0.2    0.2		4.1705503158		-1.0
	24974.99999999	3.12962		-0.51027     0.2    0.2		4.1705503158		-1.0
	25019.99999999	3.50053		-0.57734     0.2    0.2		4.1705503158		-1.0
	25064.99999999	3.24976		-0.74868     0.2    0.2		4.1705503158		-1.0
	25109.99999999	3.0904		-0.44094     0.2    0.2		4.1705503158		-1.0
	25154.99999999	3.55142		-0.16243     0.2    0.2		4.1705503158		-1.0
	25199.99999999	3.26508		0.30269     0.2    0.2		4.1705503158		-1.0
	25244.99999999	3.46229		0.40855     0.2    0.2		4.1705503158		-1.0
	25289.99999999	3.25223		0.76575     0.2    0.2		4.1705503158		-1.0
	25334.99999999	2.62384		0.93123     0.2    0.2		4.1705503158		-1.0
	25379.99999999	3.39266		1.16599     0.2    0.2		4.1705503158		-1.0
	25424.99999999	2.78057		1.2357     0.2    0.2		4.1705503158		-1.0
	25469.99999999	2.76199		1.55715     0.2    0.2		4.1705503158		-1.0
	25514.99999999	2.61421		1.53178     0.2    0.2		4.1705503158		-1.0
	25559.99999999	2.62754		1.78628     0.2    0.2		4.1705503158		-1.0
	25604.99999999	2.64318		2.01059     0.2    0.2		4.1705503158		-1.0
	25649.99999999	2.68796		2.10024     0.2    0.2		4.1705503158		-1.0
	25694.99999999	2.69107		2.52405     0.2    0.2		4.1705503158		-1.0
	25739.99999999	2.68162		3.08794     0.2    0.2		4.1705503158		-1.0
	25784.99999999	2.72236		-2.99745     0.2    0.2		4.1705503158		-1.0
	25829.99999999	2.75969		-2.74418     0.2    0.2		4.1705503158		-1.0
	25874.99999999	3.46548		-2.24095     0.2    0.2		4.1705503158		-1.0
	25919.99999999	3.01752		-2.42801     0.2    0.2		4.1705503158		-1.0
	25964.99999999	2.93815		-1.84472     0.2    0.2		4.1705503158		-1.0
	26009.99999999	2.70667		-2.06044     0.2    0.2		4.1705503158		-1.0
	26054.99999999	2.71548		-1.9805     0.2    0.2		4.1705503158		-1.0
	26099.99999999	2.74379		-2.05475     0.2    0.2		4.1705503158		-1.0
	26144.99999999	3.42659		-1.96658     0.2    0.2		4.1705503158		-1.0
	26189.99999999	2.83345		-1.73444     0.2    0.2		4.1705503158		-1.0
	26234.99999999	2.72244		-1.23343     0.2    0.2		4.1705503158		-1.0
	26279.99999999	2.62917		-0.81511     0.2    0.2		4.1705503158		-1.0
	26324.99999999	2.69813		0.01137     0.2    0.2		4.1705503158		-1.0
	26369.99999999	2.70809		-0.36469     0.2    0.2		4.1705503158		-1.0
	26414.99999999	3.18397		0.06623     0.2    0.2		4.1705503158		-1.0
	26459.99999999	3.14192		0.12734     0.2    0.2		4.1705503158		-1.0
	26504.99999999	4.39748		0.05831     0.2    0.2		4.1705503158		-1.0
	26549.99999999	6.55658		0.19363     0.2    0.2		4.1705503158		-1.0
	26594.99999999	8.34194		0.47449     0.2    0.2		4.1705503158		-1.0
	26639.99999999	9.73533		0.80334     0.2    0.2		4.1705503158		-1.0
	26684.99999999	10.9856		1.25115     0.2    0.2		4.1705503158		-1.0
	26729.99999999	11.91869		1.56476     0.2    0.2		4.1705503158		-1.0
	26774.99999999	12.91719		2.06559     0.2    0.2		4.1705503158		-1.0
	26819.99999999	13.85882		2.19901     0.2    0.2		4.1705503158		-1.0
	26864.99999999	14.99119		2.74952     0.2    0.2		4.1705503158		-1.0
	26909.99999999	16.30045		-2.07692     0.2    0.2		4.1705503158		-1.0
	26954.99999999	17.38028		-0.50772     0.2    0.2		4.1705503158		-1.0
	26999.99999999	18.47166		-0.02417     0.2    0.2		4.1705503158		-1.0
	27044.99999999	19.4843		0.51645     0.2    0.2		4.1705503158		-1.0
	27089.99999999	20.3787		0.99559     0.2    0.2		4.1705503158		-1.0
	27134.99999999	21.06235		1.46372     0.2    0.2		4.1705503158		-1.0
	27179.99999999	21.71504		1.82075     0.2    0.2		4.1705503158		-1.0
	27224.99999998	22.5208		2.18511     0.2    0.2		4.1705503158		-1.0
	27269.99999998	23.29135		2.53967     0.2    0.2		4.1705503158		-1.0
	27314.99999998	24.28882		2.79616     0.2    0.2		4.1705503158		-1.0
	27359.99999998	23.80413		-3.09307     0.2    0.2		4.1705503158		-1.0
	27404.99999998	22.93542		2.47357     0.2    0.2		4.1705503158		-1.0
	27449.99999998	22.16152		2.79044     0.2    0.2		4.1705503158		-1.0
	27494.99999998	21.42161		2.80425     0.2    0.2		4.1705503158		-1.0
	27539.99999998	20.62533		2.98803     0.2    0.2		4.1705503158		-1.0
	27584.99999998	19.60137		2.93422     0.2    0.2		4.1705503158		-1.0
	27629.99999998	18.70858		-3.03833     0.2    0.2		4.1705503158		-1.0
	27674.99999998	17.54		-2.89078     0.2    0.2		4.1705503158		-1.0
	27719.99999998	16.69959		-2.36182     0.2    0.2		4.1705503158		-1.0
	27764.99999998	15.80602		-1.9227     0.2    0.2		4.1705503158		-1.0
	27809.99999998	15.19875		-1.49585     0.2    0.2		4.1705503158		-1.0
	27854.99999998	14.64988		-1.14319     0.2    0.2		4.1705503158		-1.0
	27899.99999998	14.22945		-0.90548     0.2    0.2		4.1705503158		-1.0
	27944.99999998	13.70397		-0.6744     0.2    0.2		4.1705503158		-1.0
	27989.99999998	13.01561		-0.42775     0.2    0.2		4.1705503158		-1.0
	28034.99999998	12.3571		-0.31187     0.2    0.2		4.1705503158		-1.0
	28079.99999998	11.14065		-0.05341     0.2    0.2		4.1705503158		-1.0
	28124.99999998	10.1938		-0.06049     0.2    0.2		4.1705503158		-1.0
	28169.99999998	8.84092		0.15418     0.2    0.2		4.1705503158		-1.0
	28214.99999998	7.93248		0.08739     0.2    0.2		4.1705503158		-1.0
	28259.99999998	6.49312		0.02356     0.2    0.2		4.1705503158		-1.0
	28304.99999998	5.74704		-0.37134     0.2    0.2		4.1705503158		-1.0
	28349.99999998	6.16681		-0.64849     0.2    0.2		4.1705503158		-1.0
	28394.99999998	7.6164		-0.99304     0.2    0.2		4.1705503158		-1.0
	28439.99999998	8.74217		-1.593     0.2    0.2		4.1705503158		-1.0
	28484.99999998	9.52945		-2.43686     0.2    0.2		4.1705503158		-1.0
	28529.99999998	9.76258		2.99146     0.2    0.2		4.1705503158		-1.0
	28574.99999998	9.96099		2.41474     0.2    0.2		4.1705503158		-1.0
	28619.99999998	10.49357		2.06408     0.2    0.2		4.1705503158		-1.0
	28664.99999998	11.35675		2.74439     0.2    0.2		4.1705503158		-1.0
	28709.99999998	12.51942		-2.40252     0.2    0.2		4.1705503158		-1.0
	28754.99999998	13.63523		-2.56581     0.2    0.2		4.1705503158		-1.0
	28799.99999998	15.36857		-3.13559     0.2    0.2		4.1705503158		-1.0
	28844.99999998	16.58404		3.05095     0.2    0.2		4.1705503158		-1.0
	28889.99999998	17.73898		2.74035     0.2    0.2		4.1705503158		-1.0
	28934.99999998	18.55857		-3.04074     0.2    0.2		4.1705503158		-1.0
	28979.99999998	19.50691		-2.5192     0.2    0.2		4.1705503158		-1.0
	29024.99999998	20.80914		-2.33143     0.2    0.2		4.1705503158		-1.0
	29069.99999998	22.41968		-2.13295     0.2    0.2		4.1705503158		-1.0
	29114.99999998	24.18351		-1.39388     0.2    0.2		4.1705503158		-1.0
	29159.99999998	25.72114		-0.91723     0.2    0.2		4.1705503158		-1.0
	29204.99999998	27.17685		-1.2324     0.2    0.2		4.1705503158		-1.0
	29249.99999998	28.23186		-1.61178     0.2    0.2		4.1705503158		-1.0
	29294.99999998	28.0954		-2.01126     0.2    0.2		4.1705503158		-1.0
	29339.99999998	27.72968		2.38869     0.2    0.2		4.1705503158		-1.0
	29384.99999998	27.2341		1.92789     0.2    0.2		4.1705503158		-1.0
	29429.99999998	26.1158		1.75183     0.2    0.2		4.1705503158		-1.0
	29474.99999998	24.83496		1.60496     0.2    0.2		4.1705503158		-1.0
	29519.99999998	23.32136		1.59565     0.2    0.2		4.1705503158		-1.0
	29564.99999998	21.97104		1.74159     0.2    0.2		4.1705503158		-1.0
	29609.99999998	20.75336		2.73318     0.2    0.2		4.1705503158		-1.0
	29654.99999998	19.77218		-2.58555     0.2    0.2		4.1705503158		-1.0
	29699.99999998	19.14283		-1.899     0.2    0.2		4.1705503158		-1.0
	29744.99999998	18.67093		-1.48201     0.2    0.2		4.1705503158		-1.0
	29789.99999998	18.62069		-0.99487     0.2    0.2		4.1705503158		-1.0
	29834.99999998	18.90107		-0.88248     0.2    0.2		4.1705503158		-1.0
	29879.99999998	19.78845		-0.90295     0.2    0.2		4.1705503158		-1.0
	29924.99999998	20.33018		-1.57554     0.2    0.2		4.1705503158		-1.0
	29969.99999998	20.07226		-2.44573     0.2    0.2		4.1705503158		-1.0
	30014.99999998	19.48119		-2.73278     0.2    0.2		4.1705503158		-1.0
	30059.99999998	18.49432		-2.62013     0.2    0.2		4.1705503158		-1.0
	30104.99999998	18.04043		-1.96725     0.2    0.2		4.1705503158		-1.0
	30149.99999998	18.36527		-1.06322     0.2    0.2		4.1705503158		-1.0
	30194.99999998	18.40346		-0.5331     0.2    0.2		4.1705503158		-1.0
	30239.99999998	18.78468		0.20289     0.2    0.2		4.1705503158		-1.0
	30284.99999998	18.31615		0.4968     0.2    0.2		4.1705503158		-1.0
	30329.99999998	18.04003		0.97321     0.2    0.2		4.1705503158		-1.0
	30374.99999998	16.81425		1.77385     0.2    0.2		4.1705503158		-1.0
	30419.99999998	16.08845		2.47791     0.2    0.2		4.1705503158		-1.0
	30464.99999998	15.00988		-2.7997     0.2    0.2		4.1705503158		-1.0
	30509.99999998	14.04119		-1.46301     0.2    0.2		4.1705503158		-1.0
	30554.99999998	12.76157		0.39936     0.2    0.2		4.1705503158		-1.0
	30599.99999998	11.2452		1.28323     0.2    0.2		4.1705503158		-1.0
	30644.99999998	9.8262		2.0823     0.2    0.2		4.1705503158		-1.0
	30689.99999998	8.33792		2.79037     0.2    0.2		4.1705503158		-1.0
	30734.99999998	7.4418		-2.51467     0.2    0.2		4.1705503158		-1.0
	30779.99999998	7.14715		-1.73184     0.2    0.2		4.1705503158		-1.0
	30824.99999998	7.71258		-1.28514     0.2    0.2		4.1705503158		-1.0
	30869.99999998	8.53601		-1.50983     0.2    0.2		4.1705503158		-1.0
	30914.99999998	8.73749		-2.03547     0.2    0.2		4.1705503158		-1.0
	30959.99999998	8.78052		-2.55287     0.2    0.2		4.1705503158		-1.0
	31004.99999998	8.01277		-2.88933     0.2    0.2		4.1705503158		-1.0
	31049.99999998	7.16778		2.79681     0.2    0.2		4.1705503158		-1.0
	31094.99999998	6.54542		2.06306     0.2    0.2		4.1705503158		-1.0
	31139.99999998	6.6523		1.63095     0.2    0.2		4.1705503158		-1.0
	31184.99999998	7.47084		-2.83298     0.2    0.2		4.1705503158		-1.0
	31229.99999998	8.68869		3.03486     0.2    0.2		4.1705503158		-1.0
	31274.99999998	10.26895		2.5124     0.2    0.2		4.1705503158		-1.0
	31319.99999998	11.26765		2.06243     0.2    0.2		4.1705503158		-1.0
	31364.99999998	12.25681		1.87091     0.2    0.2		4.1705503158		-1.0
	31409.99999998	12.89973		1.69561     0.2    0.2		4.1705503158		-1.0
	31454.99999998	13.94594		1.30593     0.2    0.2		4.1705503158		-1.0
	31499.99999998	15.08437		1.21144     0.2    0.2		4.1705503158		-1.0
	31544.99999998	16.38237		-1.68471     0.2    0.2		4.1705503158		-1.0
	31589.99999998	17.79237		-2.63863     0.2    0.2		4.1705503158		-1.0
	31634.99999998	19.2926		-2.43616     0.2    0.2		4.1705503158		-1.0
	31679.99999998	21.2762		-2.76564     0.2    0.2		4.1705503158		-1.0
	31724.99999998	22.906		-2.7287     0.2    0.2		4.1705503158		-1.0
	31769.99999998	24.68929		-2.63801     0.2    0.2		4.1705503158		-1.0
	31814.99999998	26.27713		-1.1581     0.2    0.2		4.1705503158		-1.0
	31859.99999998	27.29355		-0.19311     0.2    0.2		4.1705503158		-1.0
	31904.99999998	28.43548		-0.14094     0.2    0.2		4.1705503158		-1.0
	31949.99999998	29.01863		-0.2078     0.2    0.2		4.1705503158		-1.0
	31994.99999998	29.88487		-0.22431     0.2    0.2		4.1705503158		-1.0
	32039.99999998	30.20547		1.29231     0.2    0.2		4.1705503158		-1.0
	32084.99999998	30.83138		1.02101     0.2    0.2		4.1705503158		-1.0
	32129.99999998	31.23295		0.76082     0.2    0.2		4.1705503158		-1.0
	32174.99999998	31.9369		0.41155     0.2    0.2		4.1705503158		-1.0
	32219.99999998	32.62444		0.35821     0.2    0.2		4.1705503158		-1.0
	32264.99999998	33.35455		0.23683     0.2    0.2		4.1705503158		-1.0
	32309.99999998	33.69045		0.56951     0.2    0.2		4.1705503158		-1.0
	32354.99999998	34.0752		-0.13621     0.2    0.2		4.1705503158		-1.0
	32399.99999998	33.63808		-0.34976     0.2    0.2		4.1705503158		-1.0
	32444.99999998	32.76287		-0.48414     0.2    0.2		4.1705503158		-1.0
	32489.99999998	32.20593		-0.93505     0.2    0.2		4.1705503158		-1.0
	32534.99999998	31.56659		-1.16206     0.2    0.2		4.1705503158		-1.0
	32579.99999998	30.99975		-1.50191     0.2    0.2		4.1705503158		-1.0
	32624.99999998	30.12765		-1.68099     0.2    0.2		4.1705503158		-1.0
	32669.99999998	29.44462		-1.89919     0.2    0.2		4.1705503158		-1.0
	32714.99999998	28.29826		-2.17423     0.2    0.2		4.1705503158		-1.0
	32759.99999998	27.16749		-2.3517     0.2    0.2		4.1705503158		-1.0
	32804.99999998	25.98013		-2.83021     0.2    0.2		4.1705503158		-1.0
	32849.99999998	24.80785		2.9817     0.2    0.2		4.1705503158		-1.0
	32894.99999998	23.75085		2.60585     0.2    0.2		4.1705503158		-1.0
	32939.99999998	22.72043		2.33693     0.2    0.2		4.1705503158		-1.0
	32984.99999998	21.31116		2.23189     0.2    0.2		4.1705503158		-1.0
	33029.99999998	19.90563		2.22014     0.2    0.2		4.1705503158		-1.0
	33074.99999998	18.6016		2.25262     0.2    0.2		4.1705503158		-1.0
	33119.99999998	17.4598		2.2957     0.2    0.2		4.1705503158		-1.0
	33164.99999998	16.29949		2.31897     0.2    0.2		4.1705503158		-1.0
	33209.99999998	15.65503		2.19254     0.2    0.2		4.1705503158		-1.0
	33254.99999998	14.79347		1.92456     0.2    0.2		4.1705503158		-1.0
	33299.99999998	14.15145		1.61729     0.2    0.2		4.1705503158		-1.0
	33344.99999998	13.36783		1.45025     0.2    0.2		4.1705503158		-1.0
	33389.99999998	12.5283		1.14031     0.2    0.2		4.1705503158		-1.0
	33434.99999998	11.52366		0.92547     0.2    0.2		4.1705503158		-1.0
	33479.99999998	10.46476		0.48655     0.2    0.2		4.1705503158		-1.0
	33524.99999998	9.44127		0.16792     0.2    0.2		4.1705503158		-1.0
	33569.99999998	8.46364		-0.4448     0.2    0.2		4.1705503158		-1.0
	33614.99999998	7.46417		-1.07046     0.2    0.2		4.1705503158		-1.0
	33659.99999998	6.51928		-1.56919     0.2    0.2		4.1705503158		-1.0
	33704.99999998	5.8731		-2.16932     0.2    0.2		4.1705503158		-1.0
	33749.99999997	6.08682		-2.66125     0.2    0.2		4.1705503158		-1.0
	33794.99999997	7.18332		-2.72347     0.2    0.2		4.1705503158		-1.0
	33839.99999997	8.32967		-2.57633     0.2    0.2		4.1705503158		-1.0
	33884.99999997	9.55989		-2.60765     0.2    0.2		4.1705503158		-1.0
	33929.99999997	10.65469		-2.70683     0.2    0.2		4.1705503158		-1.0
	33974.99999997	11.73955		-2.82965     0.2    0.2		4.1705503158		-1.0
	34019.99999997	12.38866		3.00786     0.2    0.2		4.1705503158		-1.0
	34064.99999997	13.06953		2.37743     0.2    0.2		4.1705503158		-1.0
	34109.99999997	13.60395		1.73471     0.2    0.2		4.1705503158		-1.0
	34154.99999997	14.24667		1.28139     0.2    0.2		4.1705503158		-1.0
	34199.99999997	14.89381		0.72544     0.2    0.2		4.1705503158		-1.0
	34244.99999997	15.81161		0.30652     0.2    0.2		4.1705503158		-1.0
	34289.99999997	16.58377		-0.28628     0.2    0.2		4.1705503158		-1.0
	34334.99999997	17.68201		-0.48597     0.2    0.2		4.1705503158		-1.0
	34379.99999997	18.27952		-1.00791     0.2    0.2		4.1705503158		-1.0
	34424.99999997	19.38652		-1.11553     0.2    0.2		4.1705503158		-1.0
	34469.99999997	20.3535		-1.49162     0.2    0.2		4.1705503158		-1.0
	34514.99999997	21.30678		-1.41824     0.2    0.2		4.1705503158		-1.0
	34559.99999997	22.15673		-1.18449     0.2    0.2		4.1705503158		-1.0
	34604.99999997	23.08216		-1.09103     0.2    0.2		4.1705503158		-1.0
	34649.99999997	23.12734		-1.2506     0.2    0.2		4.1705503158		-1.0
	34694.99999997	22.7752		1.29107     0.2    0.2		4.1705503158		-1.0
	34739.99999997	22.05864		2.31051     0.2    0.2		4.1705503158		-1.0
	34784.99999997	21.29775		-2.87536     0.2    0.2		4.1705503158		-1.0
	34829.99999997	20.1771		-2.16853     0.2    0.2		4.1705503158		-1.0
	34874.99999997	19.21438		-1.50529     0.2    0.2		4.1705503158		-1.0
	34919.99999997	18.24716		-1.03     0.2    0.2		4.1705503158		-1.0
	34964.99999997	17.53581		-0.50409     0.2    0.2		4.1705503158		-1.0
	35009.99999997	16.76655		0.13701     0.2    0.2		4.1705503158		-1.0
	35054.99999997	16.44045		1.12148     0.2    0.2		4.1705503158		-1.0
	35099.99999997	16.11139		1.80276     0.2    0.2		4.1705503158		-1.0
	35144.99999997	16.02605		2.29345     0.2    0.2		4.1705503158		-1.0
	35189.99999997	15.38695		2.53239     0.2    0.2		4.1705503158		-1.0
	35234.99999997	14.72917		2.91293     0.2    0.2		4.1705503158		-1.0
	35279.99999997	13.57751		3.11323     0.2    0.2		4.1705503158		-1.0
	35324.99999997	12.31135		-2.93286     0.2    0.2		4.1705503158		-1.0
	35369.99999997	10.98687		-2.98674     0.2    0.2		4.1705503158		-1.0
	35414.99999997	10.05504		1.72354     0.2    0.2		4.1705503158		-1.0
	35459.99999997	9.46187		0.94887     0.2    0.2		4.1705503158		-1.0
	35504.99999997	8.95401		0.76232     0.2    0.2		4.1705503158		-1.0
	35549.99999997	8.48505		0.68436     0.2    0.2		4.1705503158		-1.0
	35594.99999997	7.78845		0.68245     0.2    0.2		4.1705503158		-1.0
	35639.99999997	6.76781		1.05851     0.2    0.2		4.1705503158		-1.0
	35684.99999997	5.76883		1.16946     0.2    0.2		4.1705503158		-1.0
	35729.99999997	6.61603		0.78638     0.2    0.2		4.1705503158		-1.0
	35774.99999997	8.26962		0.74391     0.2    0.2		4.1705503158		-1.0
	35819.99999997	9.77114		0.99776     0.2    0.2		4.1705503158		-1.0
	35864.99999997	10.70025		1.45023     0.2    0.2		4.1705503158		-1.0
	35909.99999997	11.04831		1.82598     0.2    0.2		4.1705503158		-1.0
	35954.99999997	11.80126		2.2192     0.2    0.2		4.1705503158		-1.0
	35999.99999997	12.92883		2.65594     0.2    0.2		4.1705503158		-1.0
	36044.99999997	14.32201		-1.02873     0.2    0.2		4.1705503158		-1.0
	36089.99999997	15.99138		-0.28066     0.2    0.2		4.1705503158		-1.0
	36134.99999997	17.36026		0.23911     0.2    0.2		4.1705503158		-1.0
	36179.99999997	18.47668		0.77517     0.2    0.2		4.1705503158		-1.0
	36224.99999997	19.24917		1.43035     0.2    0.2		4.1705503158		-1.0
	36269.99999997	19.73331		2.19259     0.2    0.2		4.1705503158		-1.0
	36314.99999997	20.41795		3.13833     0.2    0.2		4.1705503158		-1.0
	36359.99999997	20.90997		-1.5414     0.2    0.2		4.1705503158		-1.0
	36404.99999997	21.63744		0.26538     0.2    0.2		4.1705503158		-1.0
	36449.99999997	22.26432		1.48437     0.2    0.2		4.1705503158		-1.0
	36494.99999997	22.67084		2.33021     0.2    0.2		4.1705503158		-1.0
	36539.99999997	22.73103		-3.00528     0.2    0.2		4.1705503158		-1.0
	36584.99999997	22.45344		-2.00558     0.2    0.2		4.1705503158		-1.0
	36629.99999997	22.5862		-0.03547     0.2    0.2		4.1705503158		-1.0
	36674.99999997	22.98387		1.56565     0.2    0.2		4.1705503158		-1.0
	36719.99999997	23.74579		2.57194     0.2    0.2		4.1705503158		-1.0
	36764.99999997	24.54531		-2.79875     0.2    0.2		4.1705503158		-1.0
	36809.99999997	24.59541		-2.1237     0.2    0.2		4.1705503158		-1.0
	36854.99999997	24.35492		-1.20881     0.2    0.2		4.1705503158		-1.0
	36899.99999997	24.61385		0.75294     0.2    0.2		4.1705503158		-1.0
	36944.99999997	25.3084		1.73726     0.2    0.2		4.1705503158		-1.0
	36989.99999997	26.12338		2.24691     0.2    0.2		4.1705503158		-1.0
	37034.99999997	25.67571		-3.11449     0.2    0.2		4.1705503158		-1.0
	37079.99999997	26.50946		2.93376     0.2    0.2		4.1705503158		-1.0
	37124.99999997	27.18944		-1.50344     0.2    0.2		4.1705503158		-1.0
	37169.99999997	26.76256		-2.40097     0.2    0.2		4.1705503158		-1.0
	37214.99999997	25.12578		-2.15452     0.2    0.2		4.1705503158		-1.0
	37259.99999997	23.39706		-2.6595     0.2    0.2		4.1705503158		-1.0
	37304.99999997	22.84558		2.79763     0.2    0.2		4.1705503158		-1.0
	37349.99999997	23.56172		2.6222     0.2    0.2		4.1705503158		-1.0
	37394.99999997	23.99463		3.03112     0.2    0.2		4.1705503158		-1.0
	37439.99999997	23.16218		-2.43233     0.2    0.2		4.1705503158		-1.0
	37484.99999997	21.87418		-2.60297     0.2    0.2		4.1705503158		-1.0
	37529.99999997	21.27558		3.06638     0.2    0.2		4.1705503158		-1.0
	37574.99999997	22.1095		2.47948     0.2    0.2		4.1705503158		-1.0
	37619.99999997	23.40979		2.01288     0.2    0.2		4.1705503158		-1.0
	37664.99999997	23.89433		2.09637     0.2    0.2		4.1705503158		-1.0
	37709.99999997	23.21712		2.31337     0.2    0.2		4.1705503158		-1.0
	37754.99999997	22.55122		1.99243     0.2    0.2		4.1705503158		-1.0
	37799.99999997	22.72847		1.29116     0.2    0.2		4.1705503158		-1.0
	37844.99999997	23.84207		0.43706     0.2    0.2		4.1705503158		-1.0
	37889.99999997	25.46776		0.14555     0.2    0.2		4.1705503158		-1.0
	37934.99999997	26.36085		0.29742     0.2    0.2		4.1705503158		-1.0
	37979.99999997	27.35954		0.64063     0.2    0.2		4.1705503158		-1.0
	38024.99999997	26.81622		0.80326     0.2    0.2		4.1705503158		-1.0
	38069.99999997	26.20456		0.93085     0.2    0.2		4.1705503158		-1.0
	38114.99999997	25.52183		0.32707     0.2    0.2		4.1705503158		-1.0
	38159.99999997	25.43652		-0.54466     0.2    0.2		4.1705503158		-1.0
	38204.99999997	26.25497		-0.70688     0.2    0.2		4.1705503158		-1.0
	38249.99999997	26.83586		-0.32968     0.2    0.2		4.1705503158		-1.0
	38294.99999997	26.88834		0.19896     0.2    0.2		4.1705503158		-1.0
	38339.99999997	25.81503		0.64347     0.2    0.2		4.1705503158		-1.0
	38384.99999997	24.21501		0.55087     0.2    0.2		4.1705503158		-1.0
	38429.99999997	23.61105		-0.00182     0.2    0.2		4.1705503158		-1.0
	38474.99999997	24.05618		-0.67457     0.2    0.2		4.1705503158		-1.0
	38519.99999997	24.96744		-0.31675     0.2    0.2		4.1705503158		-1.0
	38564.99999997	25.47427		0.10028     0.2    0.2		4.1705503158		-1.0
	38609.99999997	24.36957		0.73474     0.2    0.2		4.1705503158		-1.0
	38654.99999997	22.81599		0.56991     0.2    0.2		4.1705503158		-1.0
	38699.99999997	22.04147		0.1711     0.2    0.2		4.1705503158		-1.0
	38744.99999997	21.70464		-0.50049     0.2    0.2		4.1705503158		-1.0
	38789.99999997	22.46756		-0.21142     0.2    0.2		4.1705503158		-1.0
	38834.99999997	22.8271		0.09795     0.2    0.2		4.1705503158		-1.0
	38879.99999997	22.59822		0.57813     0.2    0.2		4.1705503158		-1.0
	38924.99999997	21.62124		0.67746     0.2    0.2		4.1705503158		-1.0
	38969.99999997	20.56343		0.21689     0.2    0.2		4.1705503158		-1.0
	39014.99999997	20.53951		-0.28334     0.2    0.2		4.1705503158		-1.0
	39059.99999997	21.32891		-0.66229     0.2    0.2		4.1705503158		-1.0
	39104.99999997	22.15551		-0.20463     0.2    0.2		4.1705503158		-1.0
	39149.99999997	21.40064		0.26085     0.2    0.2		4.1705503158		-1.0
	39194.99999997	20.45932		0.48037     0.2    0.2		4.1705503158		-1.0
	39239.99999997	18.7573		-0.19372     0.2    0.2		4.1705503158		-1.0
	39284.99999997	19.04718		-0.69752     0.2    0.2		4.1705503158		-1.0
	39329.99999997	19.57148		-1.47779     0.2    0.2		4.1705503158		-1.0
	39374.99999997	20.4499		-1.0814     0.2    0.2		4.1705503158		-1.0
	39419.99999997	20.05277		-0.24426     0.2    0.2		4.1705503158		-1.0
	39464.99999997	18.85399		-0.20243     0.2    0.2		4.1705503158		-1.0
	39509.99999997	17.7129		-0.86653     0.2    0.2		4.1705503158		-1.0
	39554.99999997	18.37146		-0.79184     0.2    0.2		4.1705503158		-1.0
	39599.99999997	18.9107		1.09202     0.2    0.2		4.1705503158		-1.0
	39644.99999997	19.49731		2.25484     0.2    0.2		4.1705503158		-1.0
	39689.99999997	19.59771		-2.80634     0.2    0.2		4.1705503158		-1.0
	39734.99999997	18.62514		-2.28278     0.2    0.2		4.1705503158		-1.0
	39779.99999997	17.00786		-1.7202     0.2    0.2		4.1705503158		-1.0
	39824.99999997	16.06568		-2.00103     0.2    0.2		4.1705503158		-1.0
	39869.99999997	15.00427		-2.21232     0.2    0.2		4.1705503158		-1.0
	39914.99999997	15.26254		-2.41679     0.2    0.2		4.1705503158		-1.0
	39959.99999997	15.95161		0.90349     0.2    0.2		4.1705503158		-1.0
	40004.99999997	16.33824		1.45177     0.2    0.2		4.1705503158		-1.0
	40049.99999997	16.78676		2.12591     0.2    0.2		4.1705503158		-1.0
	40094.99999997	16.13303		2.79964     0.2    0.2		4.1705503158		-1.0
	40139.99999997	15.69818		-2.8236     0.2    0.2		4.1705503158		-1.0
	40184.99999997	15.32155		-2.80251     0.2    0.2		4.1705503158		-1.0
	40229.99999996	15.11612		2.97345     0.2    0.2		4.1705503158		-1.0
	40274.99999996	15.63971		2.65636     0.2    0.2		4.1705503158		-1.0
	40319.99999996	16.57464		2.70939     0.2    0.2		4.1705503158		-1.0
	40364.99999996	17.45127		2.90414     0.2    0.2		4.1705503158		-1.0
	40409.99999996	17.98469		-2.99906     0.2    0.2		4.1705503158		-1.0
	40454.99999996	18.23705		-2.64231     0.2    0.2		4.1705503158		-1.0
	40499.99999996	18.16019		-2.21768     0.2    0.2		4.1705503158		-1.0
	40544.99999996	18.19215		-1.59531     0.2    0.2		4.1705503158		-1.0
	40589.99999996	18.33016		-1.40507     0.2    0.2		4.1705503158		-1.0
	40634.99999996	18.23358		2.85683     0.2    0.2		4.1705503158		-1.0
	40679.99999996	18.40847		1.87105     0.2    0.2		4.1705503158		-1.0
	40724.99999996	17.90691		1.80924     0.2    0.2		4.1705503158		-1.0
	40769.99999996	17.13374		1.65522     0.2    0.2		4.1705503158		-1.0
	40814.99999996	16.27707		1.46674     0.2    0.2		4.1705503158		-1.0
	40859.99999996	15.19403		1.42359     0.2    0.2		4.1705503158		-1.0
	40904.99999996	13.81278		1.24442     0.2    0.2		4.1705503158		-1.0
	40949.99999996	12.49037		0.98114     0.2    0.2		4.1705503158		-1.0
	40994.99999996	11.22396		0.52733     0.2    0.2		4.1705503158		-1.0
	41039.99999996	10.1498		0.53935     0.2    0.2		4.1705503158		-1.0
	41084.99999996	8.67333		0.45019     0.2    0.2		4.1705503158		-1.0
	41129.99999996	7.69387		0.53158     0.2    0.2		4.1705503158		-1.0
	41174.99999996	6.86703		0.78661     0.2    0.2		4.1705503158		-1.0
	41219.99999996	7.18292		1.2874     0.2    0.2		4.1705503158		-1.0
	41264.99999996	8.25627		1.75418     0.2    0.2		4.1705503158		-1.0
	41309.99999996	9.50037		2.23228     0.2    0.2		4.1705503158		-1.0
	41354.99999996	10.30631		2.68282     0.2    0.2		4.1705503158		-1.0
	41399.99999996	11.22414		3.0099     0.2    0.2		4.1705503158		-1.0
	41444.99999996	12.38208		-2.7645     0.2    0.2		4.1705503158		-1.0
	41489.99999996	13.6269		-2.51051     0.2    0.2		4.1705503158		-1.0
	41534.99999996	15.0651		-2.25884     0.2    0.2		4.1705503158		-1.0
	41579.99999996	16.40417		-2.23366     0.2    0.2		4.1705503158		-1.0
	41624.99999996	17.70812		-2.34513     0.2    0.2		4.1705503158		-1.0
	41669.99999996	19.34867		-2.36861     0.2    0.2		4.1705503158		-1.0
	41714.99999996	20.74165		-2.32954     0.2    0.2		4.1705503158		-1.0
	41759.99999996	21.86384		-2.12114     0.2    0.2		4.1705503158		-1.0
	41804.99999996	23.00417		-2.10975     0.2    0.2		4.1705503158		-1.0
	41849.99999996	23.89396		-2.37921     0.2    0.2		4.1705503158		-1.0
	41894.99999996	24.58709		2.95559     0.2    0.2		4.1705503158		-1.0
	41939.99999996	25.24686		2.33669     0.2    0.2		4.1705503158		-1.0
	41984.99999996	25.87928		2.188     0.2    0.2		4.1705503158		-1.0
	42029.99999996	26.41094		2.27126     0.2    0.2		4.1705503158		-1.0
	42074.99999996	26.58491		2.25999     0.2    0.2		4.1705503158		-1.0
	42119.99999996	27.01512		2.49697     0.2    0.2		4.1705503158		-1.0
	42164.99999996	27.84565		2.59538     0.2    0.2		4.1705503158		-1.0
	42209.99999996	28.90994		2.82948     0.2    0.2		4.1705503158		-1.0
	42254.99999996	29.89341		2.69574     0.2    0.2		4.1705503158		-1.0
	42299.99999996	30.59948		2.63227     0.2    0.2		4.1705503158		-1.0
	42344.99999996	31.58893		2.51028     0.2    0.2		4.1705503158		-1.0
	42389.99999996	32.44128		2.54875     0.2    0.2		4.1705503158		-1.0
	42434.99999996	31.85324		-0.52295     0.2    0.2		4.1705503158		-1.0
	42479.99999996	31.51644		-0.82205     0.2    0.2		4.1705503158		-1.0
	42524.99999996	30.67759		-0.69052     0.2    0.2		4.1705503158		-1.0
	42569.99999996	29.60821		-0.61154     0.2    0.2		4.1705503158		-1.0
	42614.99999996	28.65736		-0.70868     0.2    0.2		4.1705503158		-1.0
	42659.99999996	27.74854		-0.82492     0.2    0.2		4.1705503158		-1.0
	42704.99999996	26.71241		-0.99648     0.2    0.2		4.1705503158		-1.0
	42749.99999996	25.53431		-1.11405     0.2    0.2		4.1705503158		-1.0
	42794.99999996	24.5402		-1.37178     0.2    0.2		4.1705503158		-1.0
	42839.99999996	23.8977		-1.82485     0.2    0.2		4.1705503158		-1.0
	42884.99999996	23.37946		-2.42221     0.2    0.2		4.1705503158		-1.0
	42929.99999996	23.06669		-3.0775     0.2    0.2		4.1705503158		-1.0
	42974.99999996	22.84089		2.38053     0.2    0.2		4.1705503158		-1.0
	43019.99999996	22.94325		1.71936     0.2    0.2		4.1705503158		-1.0
	43064.99999996	22.95924		1.38896     0.2    0.2		4.1705503158		-1.0
	43109.99999996	23.06185		0.9219     0.2    0.2		4.1705503158		-1.0
	43154.99999996	23.59921		0.82835     0.2    0.2		4.1705503158		-1.0
	43199.99999996	24.30611		1.04178     0.2    0.2		4.1705503158		-1.0
	43244.99999996	25.05887		1.38127     0.2    0.2		4.1705503158		-1.0
	43289.99999996	26.05024		0.955     0.2    0.2		4.1705503158		-1.0
	43334.99999996	27.2685		0.81206     0.2    0.2		4.1705503158		-1.0
	43379.99999996	28.40569		0.22815     0.2    0.2		4.1705503158		-1.0
	43424.99999996	29.20324		-0.31832     0.2    0.2		4.1705503158		-1.0
	43469.99999996	29.30324		0.21193     0.2    0.2		4.1705503158		-1.0
	43514.99999996	28.98915		-0.12684     0.2    0.2		4.1705503158		-1.0
	43559.99999996	27.63068		0.61084     0.2    0.2		4.1705503158		-1.0
	43604.99999996	26.22945		0.41424     0.2    0.2		4.1705503158		-1.0
	43649.99999996	25.23636		0.38842     0.2    0.2		4.1705503158		-1.0
	43694.99999996	24.20478		0.44826     0.2    0.2		4.1705503158		-1.0
	43739.99999996	23.2588		0.45546     0.2    0.2		4.1705503158		-1.0
	43784.99999996	22.38213		0.89974     0.2    0.2		4.1705503158		-1.0
	43829.99999996	21.04745		1.02017     0.2    0.2		4.1705503158		-1.0
	43874.99999996	19.75872		0.69457     0.2    0.2		4.1705503158		-1.0
	43919.99999996	18.69147		1.32363     0.2    0.2		4.1705503158		-1.0
	43964.99999996	17.39841		1.98665     0.2    0.2		4.1705503158		-1.0
	44009.99999996	16.82508		2.70435     0.2    0.2		4.1705503158		-1.0
	44054.99999996	16.70053		-2.87595     0.2    0.2		4.1705503158		-1.0
	44099.99999996	17.42352		-2.5933     0.2    0.2		4.1705503158		-1.0
	44144.99999996	17.16854		-2.20752     0.2    0.2		4.1705503158		-1.0
	44189.99999996	16.53618		-1.86245     0.2    0.2		4.1705503158		-1.0
	44234.99999996	15.49828		-1.22934     0.2    0.2		4.1705503158		-1.0
	44279.99999996	14.58848		-0.44289     0.2    0.2		4.1705503158		-1.0
	44324.99999996	13.78578		0.32422     0.2    0.2		4.1705503158		-1.0
	44369.99999996	12.8676		1.3823     0.2    0.2		4.1705503158		-1.0
	44414.99999996	12.13553		2.65624     0.2    0.2		4.1705503158		-1.0
	44459.99999996	11.22219		-2.28895     0.2    0.2		4.1705503158		-1.0
	44504.99999996	10.70159		-1.21929     0.2    0.2		4.1705503158		-1.0
	44549.99999996	9.74049		-0.32643     0.2    0.2		4.1705503158		-1.0
	44594.99999996	9.26104		0.27538     0.2    0.2		4.1705503158		-1.0
	44639.99999996	8.29053		1.03552     0.2    0.2		4.1705503158		-1.0
	44684.99999996	7.62156		1.96143     0.2    0.2		4.1705503158		-1.0
	44729.99999996	6.51517		2.84932     0.2    0.2		4.1705503158		-1.0
	44774.99999996	5.48429		-2.82372     0.2    0.2		4.1705503158		-1.0
	44819.99999996	5.47745		-2.71424     0.2    0.2		4.1705503158		-1.0
	44864.99999996	6.87862		-2.74843     0.2    0.2		4.1705503158		-1.0
	44909.99999996	8.27225		-2.4823     0.2    0.2		4.1705503158		-1.0
	44954.99999996	9.79502		-1.99169     0.2    0.2		4.1705503158		-1.0
	44999.99999996	10.57054		-1.18879     0.2    0.2		4.1705503158		-1.0
	45044.99999996	11.01792		-0.29958     0.2    0.2		4.1705503158		-1.0
	45089.99999996	11.03181		0.43164     0.2    0.2		4.1705503158		-1.0
	45134.99999996	10.62951		0.90592     0.2    0.2		4.1705503158		-1.0
	45179.99999996	9.92127		1.28641     0.2    0.2		4.1705503158		-1.0
	45224.99999996	9.27228		1.5548     0.2    0.2		4.1705503158		-1.0
	45269.99999996	8.28501		1.79932     0.2    0.2		4.1705503158		-1.0
	45314.99999996	7.08602		1.79866     0.2    0.2		4.1705503158		-1.0
	45359.99999996	6.66384		2.24696     0.2    0.2		4.1705503158		-1.0
	45404.99999996	6.88908		2.92832     0.2    0.2		4.1705503158		-1.0
	45449.99999996	7.48787		-3.03306     0.2    0.2		4.1705503158		-1.0
	45494.99999996	8.6369		3.07442     0.2    0.2		4.1705503158		-1.0
	45539.99999996	9.92504		2.32186     0.2    0.2		4.1705503158		-1.0
	45584.99999996	10.80333		1.67385     0.2    0.2		4.1705503158		-1.0
	45629.99999996	11.52965		1.52112     0.2    0.2		4.1705503158		-1.0
	45674.99999996	12.46399		1.81455     0.2    0.2		4.1705503158		-1.0
	45719.99999996	13.46574		2.17326     0.2    0.2		4.1705503158		-1.0
	45764.99999996	14.67708		2.87009     0.2    0.2		4.1705503158		-1.0
	45809.99999996	15.19428		-2.58731     0.2    0.2		4.1705503158		-1.0
	45854.99999996	15.74742		-1.55537     0.2    0.2		4.1705503158		-1.0
	45899.99999996	16.64144		-0.65223     0.2    0.2		4.1705503158		-1.0
	45944.99999996	17.88475		-0.59973     0.2    0.2		4.1705503158		-1.0
	45989.99999996	19.42643		-0.80887     0.2    0.2		4.1705503158		-1.0
	46034.99999996	20.97541		0.17664     0.2    0.2		4.1705503158		-1.0
	46079.99999996	22.29262		0.31653     0.2    0.2		4.1705503158		-1.0
	46124.99999996	20.91079		0.90631     0.2    0.2		4.1705503158		-1.0
	46169.99999996	19.00526		1.26428     0.2    0.2		4.1705503158		-1.0
	46214.99999996	17.63733		1.4327     0.2    0.2		4.1705503158		-1.0
	46259.99999996	16.64595		1.21558     0.2    0.2		4.1705503158		-1.0
	46304.99999996	16.58167		-0.64889     0.2    0.2		4.1705503158		-1.0
	46349.99999996	16.73067		-1.32683     0.2    0.2		4.1705503158		-1.0
	46394.99999996	17.04615		-1.63423     0.2    0.2		4.1705503158		-1.0
	46439.99999996	17.35946		-1.75246     0.2    0.2		4.1705503158		-1.0
	46484.99999996	17.86069		-1.81087     0.2    0.2		4.1705503158		-1.0
	46529.99999996	18.66149		-1.93028     0.2    0.2		4.1705503158		-1.0
	46574.99999996	19.85109		-2.1119     0.2    0.2		4.1705503158		-1.0
	46619.99999996	21.10962		-2.48397     0.2    0.2		4.1705503158		-1.0
	46664.99999996	22.57091		-2.78423     0.2    0.2		4.1705503158		-1.0
	46709.99999996	22.25183		-3.09771     0.2    0.2		4.1705503158		-1.0
	46754.99999995	22.36111		2.70273     0.2    0.2		4.1705503158		-1.0
	46799.99999995	22.58567		2.17548     0.2    0.2		4.1705503158		-1.0
	46844.99999995	23.19623		-0.6757     0.2    0.2		4.1705503158		-1.0
	46889.99999995	23.96297		-0.29004     0.2    0.2		4.1705503158		-1.0
	46934.99999995	24.81478		-0.36282     0.2    0.2		4.1705503158		-1.0
	46979.99999995	25.70563		-0.29906     0.2    0.2		4.1705503158		-1.0
	47024.99999995	25.14643		-1.67952     0.2    0.2		4.1705503158		-1.0
	47069.99999995	24.20731		-2.66773     0.2    0.2		4.1705503158		-1.0
	47114.99999995	23.33465		-2.71605     0.2    0.2		4.1705503158		-1.0
	47159.99999995	23.23046		-1.99629     0.2    0.2		4.1705503158		-1.0
	47204.99999995	23.855		2.86144     0.2    0.2		4.1705503158		-1.0
	47249.99999995	24.8809		2.50576     0.2    0.2		4.1705503158		-1.0
	47294.99999995	24.46254		2.5711     0.2    0.2		4.1705503158		-1.0
	47339.99999995	23.81727		2.46652     0.2    0.2		4.1705503158		-1.0
	47384.99999995	24.57351		2.75588     0.2    0.2		4.1705503158		-1.0
	47429.99999995	25.79696		2.88883     0.2    0.2		4.1705503158		-1.0
	47474.99999995	27.09801		3.07458     0.2    0.2		4.1705503158		-1.0
	47519.99999995	28.28138		-2.81355     0.2    0.2		4.1705503158		-1.0
	47564.99999995	28.83049		-2.7311     0.2    0.2		4.1705503158		-1.0
	47609.99999995	29.84949		-2.73955     0.2    0.2		4.1705503158		-1.0
	47654.99999995	30.20681		-2.95053     0.2    0.2		4.1705503158		-1.0
	47699.99999995	28.92193		1.78226     0.2    0.2		4.1705503158		-1.0
	47744.99999995	27.74623		2.05115     0.2    0.2		4.1705503158		-1.0
	47789.99999995	26.4504		2.19124     0.2    0.2		4.1705503158		-1.0
	47834.99999995	25.34229		2.52336     0.2    0.2		4.1705503158		-1.0
	47879.99999995	24.45317		2.88005     0.2    0.2		4.1705503158		-1.0
	47924.99999995	23.96255		-2.71924     0.2    0.2		4.1705503158		-1.0
	47969.99999995	23.44195		-1.90826     0.2    0.2		4.1705503158		-1.0
	48014.99999995	23.63645		-0.2329     0.2    0.2		4.1705503158		-1.0
	48059.99999995	23.81973		0.80987     0.2    0.2		4.1705503158		-1.0
	48104.99999995	24.23204		1.5781     0.2    0.2		4.1705503158		-1.0
	48149.99999995	24.42685		2.54182     0.2    0.2		4.1705503158		-1.0
	48194.99999995	24.26267		-3.07855     0.2    0.2		4.1705503158		-1.0
	48239.99999995	23.71571		-2.59815     0.2    0.2		4.1705503158		-1.0
	48284.99999995	22.60337		-2.44809     0.2    0.2		4.1705503158		-1.0
	48329.99999995	21.51981		3.0465     0.2    0.2		4.1705503158		-1.0
	48374.99999995	21.54833		2.06621     0.2    0.2		4.1705503158		-1.0
	48419.99999995	22.49328		1.51356     0.2    0.2		4.1705503158		-1.0
	48464.99999995	23.79545		1.78933     0.2    0.2		4.1705503158		-1.0
	48509.99999995	24.91907		2.30657     0.2    0.2		4.1705503158		-1.0
	48554.99999995	25.46349		3.11131     0.2    0.2		4.1705503158		-1.0
	48599.99999995	25.32711		-2.42408     0.2    0.2		4.1705503158		-1.0
	48644.99999995	24.73257		-2.36466     0.2    0.2		4.1705503158		-1.0
	48689.99999995	24.26345		-2.37773     0.2    0.2		4.1705503158		-1.0
	48734.99999995	23.68154		-2.11172     0.2    0.2		4.1705503158		-1.0
	48779.99999995	22.82864		-2.04638     0.2    0.2		4.1705503158		-1.0
	48824.99999995	21.83594		-1.74343     0.2    0.2		4.1705503158		-1.0
	48869.99999995	20.92377		-1.60204     0.2    0.2		4.1705503158		-1.0
	48914.99999995	20.43056		-1.42844     0.2    0.2		4.1705503158		-1.0
	48959.99999995	20.76159		-1.03704     0.2    0.2		4.1705503158		-1.0
	49004.99999995	21.45687		-0.45755     0.2    0.2		4.1705503158		-1.0
	49049.99999995	21.63886		0.42074     0.2    0.2		4.1705503158		-1.0
	49094.99999995	21.83569		1.22912     0.2    0.2		4.1705503158		-1.0
	49139.99999995	21.30334		1.40391     0.2    0.2		4.1705503158		-1.0
	49184.99999995	21.56489		1.67918     0.2    0.2		4.1705503158		-1.0
	49229.99999995	22.23287		1.56775     0.2    0.2		4.1705503158		-1.0
	49274.99999995	22.46099		1.86725     0.2    0.2		4.1705503158		-1.0
	49319.99999995	22.88001		-0.39446     0.2    0.2		4.1705503158		-1.0
	49364.99999995	22.90727		-1.02132     0.2    0.2		4.1705503158		-1.0
	49409.99999995	22.37078		-0.62018     0.2    0.2		4.1705503158		-1.0
	49454.99999995	21.42982		-0.64345     0.2    0.2		4.1705503158		-1.0
	49499.99999995	20.59271		-0.41244     0.2    0.2		4.1705503158		-1.0
	49544.99999995	19.57633		-0.57334     0.2    0.2		4.1705503158		-1.0
	49589.99999995	18.36996		-0.48401     0.2    0.2		4.1705503158		-1.0
	49634.99999995	17.55692		-0.20324     0.2    0.2		4.1705503158		-1.0
	49679.99999995	16.59316		0.76251     0.2    0.2		4.1705503158		-1.0
	49724.99999995	15.32148		1.68033     0.2    0.2		4.1705503158		-1.0
	49769.99999995	14.34584		2.8881     0.2    0.2		4.1705503158		-1.0
	49814.99999995	13.63095		-2.28235     0.2    0.2		4.1705503158		-1.0
	49859.99999995	13.62735		-0.72649     0.2    0.2		4.1705503158		-1.0
	49904.99999995	13.378		0.53225     0.2    0.2		4.1705503158		-1.0
	49949.99999995	13.53076		1.15622     0.2    0.2		4.1705503158		-1.0
	49994.99999995	13.12572		1.85744     0.2    0.2		4.1705503158		-1.0
