	45.00000000	5.26534		1.1458  0.2  0.2		0.0		-1.0
	90.00000000	6.34641		0.8678  0.2  0.2		0.0		-1.0
	135.00000000	6.95669		0.77789  0.2  0.2		0.0		-1.0
	180.00000000	6.83298		0.62015  0.2  0.2		0.0		-1.0
	225.00000000	6.81065		0.62873  0.2  0.2		0.0		-1.0
	270.00000000	6.97703		0.59562  0.2  0.2		0.0		-1.0
	315.00000000	6.83997		0.5793  0.2  0.2		0.0		-1.0
	360.00000000	6.89057		0.53443  0.2  0.2		0.0		-1.0
	405.00000000	6.8004		0.47968  0.2  0.2		0.0		-1.0
	450.00000000	6.83238		0.4619  0.2  0.2		0.0		-1.0
	495.00000000	6.46935		0.59645  0.2  0.2		0.0		-1.0
	540.00000000	6.6837		0.34465  0.2  0.2		0.0		-1.0
	585.00000000	6.99265		0.34622  0.2  0.2		0.0		-1.0
	630.00000000	6.59726		0.03825  0.2  0.2		0.0		-1.0
	675.00000000	6.60344		0.18927  0.2  0.2		0.0		-1.0
	720.00000000	6.41173		-0.35944  0.2  0.2		0.0		-1.0
	765.00000000	6.84754		0.16872  0.2  0.2		0.0		-1.0
	810.00000000	6.9907		-2.77447  0.2  0.2		0.0		-1.0
	855.00000000	6.72312		-3.03892  0.2  0.2		0.0		-1.0
	900.00000000	6.45383		3.10744  0.2  0.2		0.0		-1.0
	945.00000000	6.44525		3.08173  0.2  0.2		0.0		-1.0
	990.00000000	6.9588		2.90384  0.2  0.2		0.0		-1.0
	1035.00000000	6.9212		2.85145  0.2  0.2		0.0		-1.0
	1080.00000000	6.79616		2.83038  0.2  0.2		0.0		-1.0
	1125.00000000	6.44424		2.8134  0.2  0.2		0.0		-1.0
	1170.00000000	6.49561		2.70636  0.2  0.2		0.0		-1.0
	1215.00000000	6.73434		2.61216  0.2  0.2		0.0		-1.0
	1260.00000000	6.91521		2.732  0.2  0.2		0.0		-1.0
	1305.00000000	6.605		2.56727  0.2  0.2		0.0		-1.0
	1350.00000000	6.24455		2.76083  0.2  0.2		0.0		-1.0
	1395.00000000	6.40746		2.54435  0.2  0.2		0.0		-1.0
	1440.00000000	6.74926		2.54332  0.2  0.2		0.0		-1.0
	1485.00000000	6.84411		2.29372  0.2  0.2		0.0		-1.0
	1530.00000000	6.59062		2.11157  0.2  0.2		0.0		-1.0
	1575.00000000	6.95433		1.70342  0.2  0.2		0.0		-1.0
	1620.00000000	6.70681		1.56422  0.2  0.2		0.0		-1.0
	1665.00000000	6.21995		1.30217  0.2  0.2		0.0		-1.0
	1710.00000000	6.4731		1.3454  0.2  0.2		0.0		-1.0
	1755.00000000	6.81199		1.32562  0.2  0.2		0.0		-1.0
	1800.00000000	6.26352		1.31157  0.2  0.2		0.0		-1.0
	1845.00000000	6.29755		1.2077  0.2  0.2		0.0		-1.0
	1890.00000000	6.93883		1.03383  0.2  0.2		0.0		-1.0
	1935.00000000	6.65876		1.19399  0.2  0.2		0.0		-1.0
	1980.00000000	6.33208		1.18461  0.2  0.2		0.0		-1.0
	2025.00000000	6.21957		1.38481  0.2  0.2		0.0		-1.0
	2070.00000000	6.87086		1.43981  0.2  0.2		0.0		-1.0
	2115.00000000	6.92855		1.70734  0.2  0.2		0.0		-1.0
	2160.00000000	6.78949		1.91123  0.2  0.2		0.0		-1.0
	2205.00000000	6.82024		2.11635  0.2  0.2		0.0		-1.0
	2250.00000000	6.84648		2.26613  0.2  0.2		0.0		-1.0
	2295.00000000	6.96018		2.25926  0.2  0.2		0.0		-1.0
	2340.00000000	6.71856		2.40061  0.2  0.2		0.0		-1.0
	2385.00000000	6.71459		2.28987  0.2  0.2		0.0		-1.0
	2430.00000000	6.95156		2.38567  0.2  0.2		0.0		-1.0
	2475.00000000	6.7541		2.18183  0.2  0.2		0.0		-1.0
	2520.00000000	6.90705		1.96218  0.2  0.2		0.0		-1.0
	2565.00000000	6.79821		1.84948  0.2  0.2		0.0		-1.0
	2610.00000000	6.78833		1.73735  0.2  0.2		0.0		-1.0
	2655.00000000	6.72076		1.60496  0.2  0.2		0.0		-1.0
	2700.00000000	6.6699		1.50835  0.2  0.2		0.0		-1.0
	2745.00000000	6.87875		1.32884  0.2  0.2		0.0		-1.0
	2790.00000000	6.86598		-2.36267  0.2  0.2		0.0		-1.0
	2835.00000000	6.74382		-1.48714  0.2  0.2		0.0		-1.0
	2880.00000000	6.45347		-1.8474  0.2  0.2		0.0		-1.0
	2925.00000000	7.01528		-1.88944  0.2  0.2		1.2328041814		-1.0
	2970.00000000	6.58278		-2.17758  0.2  0.2		0.0		-1.0
	3015.00000000	6.68285		-2.38999  0.2  0.2		0.0		-1.0
	3060.00000000	6.56488		-2.83297  0.2  0.2		0.0		-1.0
	3105.00000000	6.82055		3.05563  0.2  0.2		0.0		-1.0
	3150.00000000	6.27001		2.8022  0.2  0.2		0.0		-1.0
	3195.00000000	6.14233		2.88973  0.2  0.2		0.0		-1.0
	3240.00000000	6.81675		-3.03107  0.2  0.2		0.0		-1.0
	3285.00000000	6.94922		-2.67197  0.2  0.2		0.0		-1.0
	3330.00000000	6.59845		-2.23423  0.2  0.2		0.0		-1.0
	3375.00000000	6.05794		-1.86046  0.2  0.2		0.0		-1.0
	3420.00000000	6.33159		-1.39024  0.2  0.2		0.0		-1.0
	3465.00000000	6.59089		-1.06454  0.2  0.2		0.0		-1.0
	3510.00000000	6.86161		-1.01642  0.2  0.2		0.0		-1.0
	3555.00000000	6.64998		-1.07621  0.2  0.2		0.0		-1.0
	3600.00000000	5.83987		-0.98594  0.2  0.2		0.0		-1.0
	3645.00000000	5.55155		-1.08923  0.2  0.2		0.0		-1.0
	3690.00000000	5.1478		-1.016  0.2  0.2		0.0		-1.0
	3735.00000000	5.81008		-0.96651  0.2  0.2		0.0		-1.0
	3780.00000000	6.60641		-0.81184  0.2  0.2		0.0		-1.0
	3825.00000000	6.9235		-0.51031  0.2  0.2		0.0		-1.0
	3870.00000000	6.57206		-0.55535  0.2  0.2		0.0		-1.0
	3915.00000000	6.07072		-0.16441  0.2  0.2		0.0		-1.0
	3960.00000000	6.0365		-0.35859  0.2  0.2		0.0		-1.0
	4005.00000000	5.97089		0.16961  0.2  0.2		0.0		-1.0
	4050.00000000	6.23742		0.50417  0.2  0.2		0.0		-1.0
	4095.00000000	6.5646		0.4153  0.2  0.2		0.0		-1.0
	4140.00000000	6.85989		0.50253  0.2  0.2		0.0		-1.0
	4185.00000000	6.37544		0.64675  0.2  0.2		0.0		-1.0
	4230.00000000	5.71225		1.44716  0.2  0.2		0.0		-1.0
	4275.00000000	5.97671		1.93799  0.2  0.2		0.0		-1.0
	4320.00000000	6.15577		1.54937  0.2  0.2		0.0		-1.0
	4365.00000000	6.85665		-1.22076  0.2  0.2		0.0		-1.0
	4410.00000000	6.82852		-1.34035  0.2  0.2		0.0		-1.0
	4455.00000000	7.01104		-1.50952  0.2  0.2		0.6295170288		-1.0
	4500.00000000	6.79743		-2.08119  0.2  0.2		0.0		-1.0
	4545.00000000	6.90864		-2.58436  0.2  0.2		0.0		-1.0
	4590.00000000	6.82336		-2.31928  0.2  0.2		0.0		-1.0
	4635.00000000	6.62655		2.58162  0.2  0.2		0.0		-1.0
	4680.00000000	6.26345		2.97191  0.2  0.2		0.0		-1.0
	4725.00000000	6.2537		2.62572  0.2  0.2		0.0		-1.0
	4770.00000000	6.51705		2.17809  0.2  0.2		0.0		-1.0
	4815.00000000	6.86715		2.02349  0.2  0.2		0.0		-1.0
	4860.00000000	6.91526		2.10258  0.2  0.2		0.0		-1.0
	4905.00000000	6.97483		1.98272  0.2  0.2		0.0		-1.0
	4950.00000000	6.70674		1.78269  0.2  0.2		0.0		-1.0
	4995.00000000	6.73227		1.74786  0.2  0.2		0.0		-1.0
	5040.00000000	6.50967		1.71878  0.2  0.2		0.0		-1.0
	5085.00000000	6.87929		1.6328  0.2  0.2		0.0		-1.0
	5130.00000000	6.89329		1.36015  0.2  0.2		0.0		-1.0
	5175.00000000	6.69326		1.21925  0.2  0.2		0.0		-1.0
	5220.00000000	6.20993		1.22144  0.2  0.2		0.0		-1.0
	5265.00000000	5.89763		1.05607  0.2  0.2		0.0		-1.0
	5310.00000000	6.20488		0.78171  0.2  0.2		0.0		-1.0
	5355.00000000	6.54447		0.47273  0.2  0.2		0.0		-1.0
	5400.00000000	7.03573		0.54518  0.2  0.2		6.688618431		-1.0
	5445.00000000	6.39955		0.69478  0.2  0.2		0.0		-1.0
	5490.00000000	6.19053		1.07979  0.2  0.2		0.0		-1.0
	5535.00000000	6.09851		1.20929  0.2  0.2		0.0		-1.0
	5580.00000000	6.89241		1.3351  0.2  0.2		0.0		-1.0
	5625.00000000	6.92793		1.38454  0.2  0.2		0.0		-1.0
	5670.00000000	6.97878		1.74314  0.2  0.2		0.0		-1.0
	5715.00000000	6.44515		1.90617  0.2  0.2		0.0		-1.0
	5760.00000000	6.54123		2.04327  0.2  0.2		0.0		-1.0
	5805.00000000	6.38426		2.13483  0.2  0.2		0.0		-1.0
	5850.00000000	6.8673		2.28836  0.2  0.2		0.0		-1.0
	5895.00000000	6.88611		2.18989  0.2  0.2		0.0		-1.0
	5940.00000000	6.9375		2.3389  0.2  0.2		0.0		-1.0
	5985.00000000	6.77746		2.07838  0.2  0.2		0.0		-1.0
	6030.00000000	6.76087		2.23975  0.2  0.2		0.0		-1.0
	6075.00000000	6.8979		2.10155  0.2  0.2		0.0		-1.0
	6120.00000000	6.95689		2.20276  0.2  0.2		0.0		-1.0
	6165.00000000	6.73156		2.31411  0.2  0.2		0.0		-1.0
	6210.00000000	6.59935		2.67857  0.2  0.2		0.0		-1.0
	6255.00000000	6.47976		2.94856  0.2  0.2		0.0		-1.0
	6300.00000000	6.5193		-3.03826  0.2  0.2		0.0		-1.0
	6345.00000000	6.71129		-2.80406  0.2  0.2		0.0		-1.0
	6390.00000000	6.84455		-2.76502  0.2  0.2		0.0		-1.0
	6435.00000000	6.6756		-2.58326  0.2  0.2		0.0		-1.0
	6480.00000000	6.37614		-2.41039  0.2  0.2		0.0		-1.0
	6525.00000000	6.4913		-2.37632  0.2  0.2		0.0		-1.0
	6570.00000000	6.50136		-2.31719  0.2  0.2		0.0		-1.0
	6615.00000000	6.64462		-2.28429  0.2  0.2		0.0		-1.0
	6660.00000000	6.86899		-2.2869  0.2  0.2		0.0		-1.0
	6705.00000000	6.61962		-2.46411  0.2  0.2		0.0		-1.0
	6750.00000000	6.46683		-2.63031  0.2  0.2		0.0		-1.0
	6795.00000000	5.96553		-2.9466  0.2  0.2		0.0		-1.0
	6840.00000000	6.19778		-3.02208  0.2  0.2		0.0		-1.0
	6885.00000000	6.67476		-3.00816  0.2  0.2		0.0		-1.0
	6930.00000000	6.8844		-2.99316  0.2  0.2		0.0		-1.0
	6975.00000000	6.59821		3.12193  0.2  0.2		0.0		-1.0
	7020.00000000	6.21143		3.01439  0.2  0.2		0.0		-1.0
	7065.00000000	6.48301		3.04418  0.2  0.2		0.0		-1.0
	7110.00000000	6.87971		-3.07843  0.2  0.2		0.0		-1.0
	7155.00000000	6.52247		3.07266  0.2  0.2		0.0		-1.0
	7200.00000000	6.10946		-3.07998  0.2  0.2		0.0		-1.0
	7245.00000000	6.88512		-3.06341  0.2  0.2		0.0		-1.0
	7290.00000000	6.08055		-2.9206  0.2  0.2		0.0		-1.0
	7335.00000000	6.16659		-3.10111  0.2  0.2		0.0		-1.0
	7380.00000000	7.01815		-2.99935  0.2  0.2		1.7311718292		-1.0
	7425.00000000	6.89948		3.08169  0.2  0.2		0.0		-1.0
	7470.00000000	6.84481		3.12675  0.2  0.2		0.0		-1.0
	7515.00000000	6.95531		2.87054  0.2  0.2		0.0		-1.0
	7560.00000000	7.0155		2.71786  0.2  0.2		1.2590340576		-1.0
	7605.00000000	6.60998		2.61309  0.2  0.2		0.0		-1.0
	7650.00000000	6.30574		2.43994  0.2  0.2		0.0		-1.0
	7695.00000000	6.75401		2.45327  0.2  0.2		0.0		-1.0
	7740.00000000	6.81943		2.60743  0.2  0.2		0.0		-1.0
	7785.00000000	6.61329		3.10475  0.2  0.2		0.0		-1.0
	7830.00000000	6.96054		-2.60042  0.2  0.2		0.0		-1.0
	7875.00000000	6.79633		-2.8254  0.2  0.2		0.0		-1.0
	7920.00000000	6.63556		2.9505  0.2  0.2		0.0		-1.0
	7965.00000000	6.62538		2.5905  0.2  0.2		0.0		-1.0
	8010.00000000	6.81968		2.3026  0.2  0.2		0.0		-1.0
	8055.00000000	6.82893		2.41382  0.2  0.2		0.0		-1.0
	8100.00000000	6.48192		2.41255  0.2  0.2		0.0		-1.0
	8145.00000000	6.57203		2.59213  0.2  0.2		0.0		-1.0
	8190.00000000	6.55035		2.60797  0.2  0.2		0.0		-1.0
	8235.00000000	6.88226		2.64061  0.2  0.2		0.0		-1.0
	8280.00000000	6.72635		2.48265  0.2  0.2		0.0		-1.0
	8325.00000000	6.56819		2.40289  0.2  0.2		0.0		-1.0
	8370.00000000	6.39542		2.28236  0.2  0.2		0.0		-1.0
	8415.00000000	6.78998		2.24735  0.2  0.2		0.0		-1.0
	8460.00000000	6.91095		2.43017  0.2  0.2		0.0		-1.0
	8505.00000000	7.00634		2.92483  0.2  0.2		0.2098390096		-1.0
	8550.00000000	6.73737		-3.04914  0.2  0.2		0.0		-1.0
	8595.00000000	6.95508		-2.65281  0.2  0.2		0.0		-1.0
	8640.00000000	6.91586		-2.88986  0.2  0.2		0.0		-1.0
	8685.00000000	6.60205		-3.07504  0.2  0.2		0.0		-1.0
	8730.00000000	6.43182		-3.01526  0.2  0.2		0.0		-1.0
	8775.00000000	6.86199		-2.85249  0.2  0.2		0.0		-1.0
	8820.00000000	6.9213		-2.79751  0.2  0.2		0.0		-1.0
	8865.00000000	6.24656		-2.73651  0.2  0.2		0.0		-1.0
	8910.00000000	6.0742		-2.45075  0.2  0.2		0.0		-1.0
	8955.00000000	6.84187		-2.14571  0.2  0.2		0.0		-1.0
	9000.00000000	6.90198		-1.77274  0.2  0.2		0.0		-1.0
	9045.00000000	6.63674		-1.52739  0.2  0.2		0.0		-1.0
	9090.00000000	6.89688		-1.15509  0.2  0.2		0.0		-1.0
	9135.00000000	6.49201		-1.08552  0.2  0.2		0.0		-1.0
	9180.00000000	6.5374		-1.80504  0.2  0.2		0.0		-1.0
	9225.00000000	6.39222		-2.03188  0.2  0.2		0.0		-1.0
	9270.00000000	6.89951		-1.96661  0.2  0.2		0.0		-1.0
	9315.00000000	6.27532		-1.84689  0.2  0.2		0.0		-1.0
	9360.00000000	6.08921		-1.78882  0.2  0.2		0.0		-1.0
	9405.00000000	5.81706		-1.56942  0.2  0.2		0.0		-1.0
	9450.00000000	6.05614		-1.5225  0.2  0.2		0.0		-1.0
	9495.00000000	6.40692		-1.4606  0.2  0.2		0.0		-1.0
	9540.00000000	6.72528		-1.66081  0.2  0.2		0.0		-1.0
	9585.00000000	6.48752		-1.88005  0.2  0.2		0.0		-1.0
	9630.00000000	6.64504		-2.00582  0.2  0.2		0.0		-1.0
	9675.00000000	6.96832		-2.13084  0.2  0.2		0.0		-1.0
	9720.00000000	6.58167		-2.08359  0.2  0.2		0.0		-1.0
	9765.00000000	6.44907		-2.06595  0.2  0.2		0.0		-1.0
	9810.00000000	6.63357		-2.01616  0.2  0.2		0.0		-1.0
	9855.00000000	6.9926		-1.94439  0.2  0.2		0.0		-1.0
	9900.00000000	6.68411		-0.52852  0.2  0.2		0.0		-1.0
	9945.00000000	6.75537		0.35624  0.2  0.2		0.0		-1.0
	9990.00000000	6.98584		0.50116  0.2  0.2		0.0		-1.0
	10035.00000000	6.35174		-0.121  0.2  0.2		0.0		-1.0
	10080.00000000	6.5904		-0.30649  0.2  0.2		0.0		-1.0
	10125.00000000	6.95945		-0.10643  0.2  0.2		0.0		-1.0
	10170.00000000	6.94148		-0.45263  0.2  0.2		0.0		-1.0
	10215.00000000	6.81872		-0.29129  0.2  0.2		0.0		-1.0
	10260.00000000	6.71178		-0.3053  0.2  0.2		0.0		-1.0
	10305.00000000	6.21088		-0.12921  0.2  0.2		0.0		-1.0
	10350.00000000	6.99158		-0.29018  0.2  0.2		0.0		-1.0
	10395.00000000	6.63679		-0.43878  0.2  0.2		0.0		-1.0
	10440.00000000	6.99586		-0.5366  0.2  0.2		0.0		-1.0
	10485.00000000	6.72652		-0.41234  0.2  0.2		0.0		-1.0
	10530.00000000	6.79814		-0.66866  0.2  0.2		0.0		-1.0
	10575.00000000	6.76285		-0.91673  0.2  0.2		0.0		-1.0
	10620.00000000	6.80597		-1.25356  0.2  0.2		0.0		-1.0
	10665.00000000	6.62947		-1.56388  0.2  0.2		0.0		-1.0
	10710.00000000	6.1353		-2.17272  0.2  0.2		0.0		-1.0
	10755.00000000	6.43514		-2.20648  0.2  0.2		0.0		-1.0
	10800.00000000	6.99449		-2.31939  0.2  0.2		0.0		-1.0
	10845.00000001	6.73644		-2.19081  0.2  0.2		0.0		-1.0
	10890.00000001	6.39655		-2.44907  0.2  0.2		0.0		-1.0
	10935.00000001	6.27804		-2.43379  0.2  0.2		0.0		-1.0
	10980.00000001	6.78604		-2.52861  0.2  0.2		0.0		-1.0
	11025.00000001	6.91898		-2.54174  0.2  0.2		0.0		-1.0
	11070.00000001	6.70922		-2.1887  0.2  0.2		0.0		-1.0
	11115.00000001	6.00133		-2.16068  0.2  0.2		0.0		-1.0
	11160.00000001	6.6787		-2.11261  0.2  0.2		0.0		-1.0
	11205.00000001	6.76265		-2.24473  0.2  0.2		0.0		-1.0
	11250.00000001	6.51643		-2.14152  0.2  0.2		0.0		-1.0
	11295.00000001	6.26954		-2.30128  0.2  0.2		0.0		-1.0
	11340.00000001	6.35325		-2.17932  0.2  0.2		0.0		-1.0
	11385.00000001	6.47476		-2.29632  0.2  0.2		0.0		-1.0
	11430.00000001	6.85376		-2.19919  0.2  0.2		0.0		-1.0
	11475.00000001	6.93601		-2.34923  0.2  0.2		0.0		-1.0
	11520.00000001	6.7241		-2.18955  0.2  0.2		0.0		-1.0
	11565.00000001	6.95939		-2.37478  0.2  0.2		0.0		-1.0
	11610.00000001	6.73538		-2.35542  0.2  0.2		0.0		-1.0
	11655.00000001	6.62719		-2.76859  0.2  0.2		0.0		-1.0
	11700.00000001	6.637		-3.09696  0.2  0.2		0.0		-1.0
	11745.00000001	6.76396		2.64915  0.2  0.2		0.0		-1.0
	11790.00000001	6.97435		2.49171  0.2  0.2		0.0		-1.0
	11835.00000001	6.65704		2.11698  0.2  0.2		0.0		-1.0
	11880.00000001	6.62337		2.20554  0.2  0.2		0.0		-1.0
	11925.00000001	6.82595		1.92763  0.2  0.2		0.0		-1.0
	11970.00000001	6.94527		2.04629  0.2  0.2		0.0		-1.0
	12015.00000001	6.75811		1.86829  0.2  0.2		0.0		-1.0
	12060.00000001	6.93089		1.96362  0.2  0.2		0.0		-1.0
	12105.00000001	6.80525		1.82805  0.2  0.2		0.0		-1.0
	12150.00000001	6.85931		1.88773  0.2  0.2		0.0		-1.0
	12195.00000001	6.91662		1.92431  0.2  0.2		0.0		-1.0
	12240.00000001	6.84588		1.98746  0.2  0.2		0.0		-1.0
	12285.00000001	6.35023		2.0453  0.2  0.2		0.0		-1.0
	12330.00000001	6.18648		2.07099  0.2  0.2		0.0		-1.0
	12375.00000001	6.40903		2.07259  0.2  0.2		0.0		-1.0
	12420.00000001	6.92689		2.07282  0.2  0.2		0.0		-1.0
	12465.00000001	6.88089		2.04857  0.2  0.2		0.0		-1.0
	12510.00000001	6.64718		1.87535  0.2  0.2		0.0		-1.0
	12555.00000001	6.33294		1.93486  0.2  0.2		0.0		-1.0
	12600.00000001	6.77713		1.82514  0.2  0.2		0.0		-1.0
	12645.00000001	6.97075		2.01654  0.2  0.2		0.0		-1.0
	12690.00000001	6.76496		1.7522  0.2  0.2		0.0		-1.0
	12735.00000001	6.17772		1.78598  0.2  0.2		0.0		-1.0
	12780.00000001	6.28984		1.71901  0.2  0.2		0.0		-1.0
	12825.00000001	6.5887		1.6032  0.2  0.2		0.0		-1.0
	12870.00000001	6.69534		1.62306  0.2  0.2		0.0		-1.0
	12915.00000001	6.69133		1.52681  0.2  0.2		0.0		-1.0
	12960.00000001	6.37083		1.55134  0.2  0.2		0.0		-1.0
	13005.00000001	6.80112		1.45902  0.2  0.2		0.0		-1.0
	13050.00000001	6.90816		1.47955  0.2  0.2		0.0		-1.0
	13095.00000001	6.41938		1.56171  0.2  0.2		0.0		-1.0
	13140.00000001	5.20264		1.63753  0.2  0.2		0.0		-1.0
	13185.00000001	5.28681		1.36807  0.2  0.2		0.0		-1.0
	13230.00000001	5.54821		1.15386  0.2  0.2		0.0		-1.0
	13275.00000001	6.4927		0.67382  0.2  0.2		0.0		-1.0
	13320.00000001	6.66837		0.54385  0.2  0.2		0.0		-1.0
	13365.00000001	6.37847		0.13381  0.2  0.2		0.0		-1.0
	13410.00000001	6.02903		0.08027  0.2  0.2		0.0		-1.0
	13455.00000001	6.28026		-0.19175  0.2  0.2		0.0		-1.0
	13500.00000001	6.75336		-0.29168  0.2  0.2		0.0		-1.0
	13545.00000001	6.84926		-0.47357  0.2  0.2		0.0		-1.0
	13590.00000001	6.58363		-1.00089  0.2  0.2		0.0		-1.0
	13635.00000001	6.67506		-1.0263  0.2  0.2		0.0		-1.0
	13680.00000001	6.81267		-1.52708  0.2  0.2		0.0		-1.0
	13725.00000001	6.18743		-1.52072  0.2  0.2		0.0		-1.0
	13770.00000001	6.39106		-2.13676  0.2  0.2		0.0		-1.0
	13815.00000001	6.29209		-2.31193  0.2  0.2		0.0		-1.0
	13860.00000001	6.99373		-2.692  0.2  0.2		0.0		-1.0
	13905.00000001	6.52188		-2.80076  0.2  0.2		0.0		-1.0
	13950.00000001	6.22369		3.04163  0.2  0.2		0.0		-1.0
	13995.00000001	5.9198		2.92926  0.2  0.2		0.0		-1.0
	14040.00000001	6.15538		2.62454  0.2  0.2		0.0		-1.0
	14085.00000001	6.66495		2.57483  0.2  0.2		0.0		-1.0
	14130.00000001	6.94007		2.31675  0.2  0.2		0.0		-1.0
	14175.00000001	6.85338		2.455  0.2  0.2		0.0		-1.0
	14220.00000001	6.5837		2.24168  0.2  0.2		0.0		-1.0
	14265.00000000	6.75661		2.46545  0.2  0.2		0.0		-1.0
	14310.00000000	6.72553		2.07647  0.2  0.2		0.0		-1.0
	14355.00000000	6.92503		2.0922  0.2  0.2		0.0		-1.0
	14400.00000000	6.86624		1.63269  0.2  0.2		0.0		-1.0
	14445.00000000	6.51748		1.59083  0.2  0.2		0.0		-1.0
	14490.00000000	6.14025		1.10719  0.2  0.2		0.0		-1.0
	14535.00000000	5.81743		1.03449  0.2  0.2		0.0		-1.0
	14580.00000000	5.68152		0.43285  0.2  0.2		0.0		-1.0
	14625.00000000	6.07302		0.36401  0.2  0.2		0.0		-1.0
	14670.00000000	6.67084		-0.00573  0.2  0.2		0.0		-1.0
	14715.00000000	6.58743		0.12296  0.2  0.2		0.0		-1.0
	14760.00000000	6.05806		0.33529  0.2  0.2		0.0		-1.0
	14805.00000000	6.92091		0.20476  0.2  0.2		0.0		-1.0
	14850.00000000	6.77452		0.15811  0.2  0.2		0.0		-1.0
	14895.00000000	7.00643		0.03315  0.2  0.2		0.2098390096		-1.0
	14940.00000000	6.76149		-0.14331  0.2  0.2		0.0		-1.0
	14985.00000000	6.83587		-0.16911  0.2  0.2		0.0		-1.0
	15030.00000000	6.80422		-0.33707  0.2  0.2		0.0		-1.0
	15075.00000000	6.66715		-0.13311  0.2  0.2		0.0		-1.0
	15120.00000000	6.50935		-0.19333  0.2  0.2		0.0		-1.0
	15165.00000000	6.38075		0.09177  0.2  0.2		0.0		-1.0
	15210.00000000	6.1545		0.19637  0.2  0.2		0.0		-1.0
	15255.00000000	6.1427		0.50408  0.2  0.2		0.0		-1.0
	15300.00000000	6.12424		0.58331  0.2  0.2		0.0		-1.0
	15345.00000000	6.35956		0.85731  0.2  0.2		0.0		-1.0
	15390.00000000	6.29155		0.92798  0.2  0.2		0.0		-1.0
	15435.00000000	6.34459		1.31381  0.2  0.2		0.0		-1.0
	15480.00000000	6.12353		1.46  0.2  0.2		0.0		-1.0
	15525.00000000	6.1297		1.9358  0.2  0.2		0.0		-1.0
	15570.00000000	5.97023		2.19479  0.2  0.2		0.0		-1.0
	15615.00000000	6.47474		2.54004  0.2  0.2		0.0		-1.0
	15660.00000000	6.75407		2.55557  0.2  0.2		0.0		-1.0
	15705.00000000	6.89871		2.88809  0.2  0.2		0.0		-1.0
	15750.00000000	6.74602		2.94489  0.2  0.2		0.0		-1.0
	15795.00000000	6.46668		-3.06773  0.2  0.2		0.0		-1.0
	15840.00000000	6.28542		-2.79614  0.2  0.2		0.0		-1.0
	15885.00000000	6.29245		-2.47946  0.2  0.2		0.0		-1.0
	15930.00000000	6.45627		-2.24058  0.2  0.2		0.0		-1.0
	15975.00000000	6.76606		-1.92273  0.2  0.2		0.0		-1.0
	16020.00000000	6.98181		-1.62744  0.2  0.2		0.0		-1.0
	16065.00000000	6.87909		-1.36861  0.2  0.2		0.0		-1.0
	16110.00000000	6.43216		-1.34782  0.2  0.2		0.0		-1.0
	16155.00000000	6.15386		-1.15587  0.2  0.2		0.0		-1.0
	16200.00000000	5.93646		-0.97334  0.2  0.2		0.0		-1.0
	16245.00000000	6.1521		-0.61936  0.2  0.2		0.0		-1.0
	16290.00000000	6.2131		-0.45718  0.2  0.2		0.0		-1.0
	16335.00000000	6.33359		-0.30504  0.2  0.2		0.0		-1.0
	16380.00000000	6.25606		-0.1666  0.2  0.2		0.0		-1.0
	16425.00000000	6.32304		0.01124  0.2  0.2		0.0		-1.0
	16470.00000000	6.2542		0.06882  0.2  0.2		0.0		-1.0
	16515.00000000	6.08908		0.14756  0.2  0.2		0.0		-1.0
	16560.00000000	6.08635		0.10715  0.2  0.2		0.0		-1.0
	16605.00000000	6.47115		0.19983  0.2  0.2		0.0		-1.0
	16650.00000000	6.65065		0.1611  0.2  0.2		0.0		-1.0
	16695.00000000	6.42119		0.14448  0.2  0.2		0.0		-1.0
	16740.00000000	6.11676		-0.03103  0.2  0.2		0.0		-1.0
	16785.00000000	6.33411		-0.14321  0.2  0.2		0.0		-1.0
	16830.00000000	6.58628		-0.27615  0.2  0.2		0.0		-1.0
	16875.00000000	6.94872		-0.23828  0.2  0.2		0.0		-1.0
	16920.00000000	6.52299		-0.41387  0.2  0.2		0.0		-1.0
	16965.00000000	6.05535		-0.54099  0.2  0.2		0.0		-1.0
	17010.00000000	5.85084		-0.74127  0.2  0.2		0.0		-1.0
	17055.00000000	6.31563		-0.78886  0.2  0.2		0.0		-1.0
	17100.00000000	6.84066		-0.80953  0.2  0.2		0.0		-1.0
	17145.00000000	6.895		-0.73423  0.2  0.2		0.0		-1.0
	17190.00000000	6.89004		-0.89257  0.2  0.2		0.0		-1.0
	17235.00000000	6.65506		-0.98787  0.2  0.2		0.0		-1.0
	17280.00000000	6.87114		-1.12385  0.2  0.2		0.0		-1.0
	17325.00000000	6.925		-1.07293  0.2  0.2		0.0		-1.0
	17370.00000000	6.90019		-1.35062  0.2  0.2		0.0		-1.0
	17415.00000000	6.65812		-1.41891  0.2  0.2		0.0		-1.0
	17460.00000000	6.41495		-1.59981  0.2  0.2		0.0		-1.0
	17505.00000000	6.65839		-1.65776  0.2  0.2		0.0		-1.0
	17550.00000000	6.62981		-1.72948  0.2  0.2		0.0		-1.0
	17595.00000000	6.87548		-1.74947  0.2  0.2		0.0		-1.0
	17640.00000000	6.473		-1.74521  0.2  0.2		0.0		-1.0
	17685.00000000	6.59243		-1.69876  0.2  0.2		0.0		-1.0
	17730.00000000	6.67307		-1.57093  0.2  0.2		0.0		-1.0
	17775.00000000	6.85265		-1.563  0.2  0.2		0.0		-1.0
	17820.00000000	5.9472		-1.78648  0.2  0.2		0.0		-1.0
	17865.00000000	5.69405		-1.80496  0.2  0.2		0.0		-1.0
	17910.00000000	5.77834		-2.04324  0.2  0.2		0.0		-1.0
	17955.00000000	6.27594		-2.09375  0.2  0.2		0.0		-1.0
	18000.00000000	7.00968		-2.22293  0.2  0.2		0.4983676478		-1.0
	18045.00000000	6.80952		-1.97708  0.2  0.2		0.0		-1.0
	18090.00000000	6.75526		-1.68924  0.2  0.2		0.0		-1.0
	18135.00000000	6.79649		-1.48963  0.2  0.2		0.0		-1.0
	18180.00000000	6.31637		-1.62611  0.2  0.2		0.0		-1.0
	18225.00000000	5.56289		-1.86028  0.2  0.2		0.0		-1.0
	18270.00000000	5.67655		-2.12683  0.2  0.2		0.0		-1.0
	18315.00000000	6.5843		-2.19755  0.2  0.2		0.0		-1.0
	18360.00000000	7.01432		-2.39759  0.2  0.2		1.0754249242		-1.0
	18405.00000000	6.53731		-2.90262  0.2  0.2		0.0		-1.0
	18450.00000000	6.44941		2.84905  0.2  0.2		0.0		-1.0
	18495.00000000	6.93427		2.38164  0.2  0.2		0.0		-1.0
	18540.00000000	6.83586		2.07966  0.2  0.2		0.0		-1.0
	18585.00000000	6.46165		1.83779  0.2  0.2		0.0		-1.0
	18630.00000000	6.31167		1.69822  0.2  0.2		0.0		-1.0
	18675.00000000	6.63798		1.86468  0.2  0.2		0.0		-1.0
	18720.00000000	6.93393		2.11003  0.2  0.2		0.0		-1.0
	18765.00000000	6.50267		2.28681  0.2  0.2		0.0		-1.0
	18810.00000000	6.23458		2.52538  0.2  0.2		0.0		-1.0
	18855.00000000	6.18446		2.60408  0.2  0.2		0.0		-1.0
	18900.00000000	6.59918		2.66906  0.2  0.2		0.0		-1.0
	18945.00000000	6.96557		2.6056  0.2  0.2		0.0		-1.0
	18990.00000000	6.37904		2.66682  0.2  0.2		0.0		-1.0
	19035.00000000	6.25368		2.8643  0.2  0.2		0.0		-1.0
	19080.00000000	6.39464		3.11304  0.2  0.2		0.0		-1.0
	19125.00000000	7.00496		-2.92993  0.2  0.2		0.131149381		-1.0
	19170.00000000	6.98119		-3.03116  0.2  0.2		0.0		-1.0
	19215.00000000	6.77835		3.05381  0.2  0.2		0.0		-1.0
	19260.00000000	6.77381		2.82858  0.2  0.2		0.0		-1.0
	19305.00000000	6.9375		2.71334  0.2  0.2		0.0		-1.0
	19350.00000000	7.00272		2.40219  0.2  0.2		0.0262298762		-1.0
	19395.00000000	6.52284		2.18685  0.2  0.2		0.0		-1.0
	19440.00000000	6.259		1.88848  0.2  0.2		0.0		-1.0
	19485.00000000	6.37113		1.79162  0.2  0.2		0.0		-1.0
	19530.00000000	6.88257		1.72005  0.2  0.2		0.0		-1.0
	19575.00000000	6.22494		1.45157  0.2  0.2		0.0		-1.0
	19620.00000000	5.7394		1.26212  0.2  0.2		0.0		-1.0
	19665.00000000	6.14247		0.98957  0.2  0.2		0.0		-1.0
	19710.00000000	7.0316		0.93341  0.2  0.2		5.24597524		-1.0
	19755.00000000	6.91718		0.78951  0.2  0.2		0.0		-1.0
	19800.00000000	6.85008		0.64814  0.2  0.2		0.0		-1.0
	19845.00000000	6.71561		0.34484  0.2  0.2		0.0		-1.0
	19890.00000000	6.56181		0.3932  0.2  0.2		0.0		-1.0
	19935.00000000	6.63369		0.26541  0.2  0.2		0.0		-1.0
	19980.00000000	6.69922		1.20111  0.2  0.2		0.0		-1.0
	20025.00000000	5.93564		2.20319  0.2  0.2		0.0		-1.0
	20070.00000000	6.00327		2.58207  0.2  0.2		0.0		-1.0
	20115.00000000	6.41941		2.39844  0.2  0.2		0.0		-1.0
	20160.00000000	6.97817		2.46415  0.2  0.2		0.0		-1.0
	20205.00000000	6.83869		2.23364  0.2  0.2		0.0		-1.0
	20250.00000000	6.41039		2.35614  0.2  0.2		0.0		-1.0
	20295.00000000	5.52858		2.15541  0.2  0.2		0.0		-1.0
	20340.00000000	5.35593		2.19257  0.2  0.2		0.0		-1.0
	20385.00000000	5.52782		1.88293  0.2  0.2		0.0		-1.0
	20430.00000000	6.77862		1.56406  0.2  0.2		0.0		-1.0
	20475.00000000	6.63735		1.62683  0.2  0.2		0.0		-1.0
	20520.00000000	6.51119		1.42894  0.2  0.2		0.0		-1.0
	20565.00000000	6.69215		1.70592  0.2  0.2		0.0		-1.0
	20610.00000000	6.65493		1.79065  0.2  0.2		0.0		-1.0
	20655.00000000	6.28541		2.27997  0.2  0.2		0.0		-1.0
	20700.00000000	6.07991		2.52706  0.2  0.2		0.0		-1.0
	20744.99999999	6.72057		2.70665  0.2  0.2		0.0		-1.0
	20789.99999999	6.63403		2.53169  0.2  0.2		0.0		-1.0
	20834.99999999	6.59842		2.71796  0.2  0.2		0.0		-1.0
	20879.99999999	6.83393		2.50682  0.2  0.2		0.0		-1.0
	20924.99999999	6.88602		2.39856  0.2  0.2		0.0		-1.0
	20969.99999999	6.80327		2.09115  0.2  0.2		0.0		-1.0
	21014.99999999	6.12712		1.92475  0.2  0.2		0.0		-1.0
	21059.99999999	5.97381		1.65351  0.2  0.2		0.0		-1.0
	21104.99999999	6.63633		1.36313  0.2  0.2		0.0		-1.0
	21149.99999999	6.78878		0.87661  0.2  0.2		0.0		-1.0
	21194.99999999	6.50822		0.51804  0.2  0.2		0.0		-1.0
	21239.99999999	6.55565		0.04919  0.2  0.2		0.0		-1.0
	21284.99999999	6.83088		-0.28233  0.2  0.2		0.0		-1.0
	21329.99999999	6.66493		-0.67815  0.2  0.2		0.0		-1.0
	21374.99999999	6.99376		-0.81465  0.2  0.2		0.0		-1.0
	21419.99999999	6.92363		-0.95268  0.2  0.2		0.0		-1.0
	21464.99999999	6.80815		-1.14881  0.2  0.2		0.0		-1.0
	21509.99999999	6.96555		-1.49891  0.2  0.2		0.0		-1.0
	21554.99999999	6.86612		-1.61347  0.2  0.2		0.0		-1.0
	21599.99999999	6.83801		-1.80706  0.2  0.2		0.0		-1.0
	21644.99999999	6.81023		-1.81595  0.2  0.2		0.0		-1.0
	21689.99999999	6.82657		-1.78819  0.2  0.2		0.0		-1.0
	21734.99999999	6.75095		-1.79905  0.2  0.2		0.0		-1.0
	21779.99999999	6.99359		-1.75716  0.2  0.2		0.0		-1.0
	21824.99999999	7.00818		-1.7022  0.2  0.2		0.3409883906		-1.0
	21869.99999999	6.63191		-1.72839  0.2  0.2		0.0		-1.0
	21914.99999999	6.10362		-1.6767  0.2  0.2		0.0		-1.0
	21959.99999999	5.75968		-1.67935  0.2  0.2		0.0		-1.0
	22004.99999999	5.64054		-1.72955  0.2  0.2		0.0		-1.0
	22049.99999999	6.213		-1.71733  0.2  0.2		0.0		-1.0
	22094.99999999	6.81975		-1.72295  0.2  0.2		0.0		-1.0
	22139.99999999	6.87774		-1.68681  0.2  0.2		0.0		-1.0
	22184.99999999	6.87755		-1.62727  0.2  0.2		0.0		-1.0
	22229.99999999	6.57714		-1.91508  0.2  0.2		0.0		-1.0
	22274.99999999	6.98642		-1.91859  0.2  0.2		0.0		-1.0
	22319.99999999	6.90731		-2.05396  0.2  0.2		0.0		-1.0
	22364.99999999	6.76549		-1.89359  0.2  0.2		0.0		-1.0
	22409.99999999	6.55168		-2.12121  0.2  0.2		0.0		-1.0
	22454.99999999	6.50944		-2.00593  0.2  0.2		0.0		-1.0
	22499.99999999	6.58482		-2.2148  0.2  0.2		0.0		-1.0
	22544.99999999	6.67132		-2.16865  0.2  0.2		0.0		-1.0
	22589.99999999	6.78451		-2.203  0.2  0.2		0.0		-1.0
	22634.99999999	6.28685		-2.31658  0.2  0.2		0.0		-1.0
	22679.99999999	6.21439		-2.42418  0.2  0.2		0.0		-1.0
	22724.99999999	6.22033		-2.56385  0.2  0.2		0.0		-1.0
	22769.99999999	6.60035		-2.67882  0.2  0.2		0.0		-1.0
	22814.99999999	6.7695		-2.82304  0.2  0.2		0.0		-1.0
	22859.99999999	6.9418		-2.99861  0.2  0.2		0.0		-1.0
	22904.99999999	6.52498		3.10838  0.2  0.2		0.0		-1.0
	22949.99999999	6.12792		3.00579  0.2  0.2		0.0		-1.0
	22994.99999999	5.68027		2.85751  0.2  0.2		0.0		-1.0
	23039.99999999	5.54422		2.79388  0.2  0.2		0.0		-1.0
	23084.99999999	5.60254		2.72916  0.2  0.2		0.0		-1.0
	23129.99999999	6.10543		2.50284  0.2  0.2		0.0		-1.0
	23174.99999999	6.46809		2.48433  0.2  0.2		0.0		-1.0
	23219.99999999	6.8303		2.22268  0.2  0.2		0.0		-1.0
	23264.99999999	6.7825		2.16699  0.2  0.2		0.0		-1.0
	23309.99999999	6.52998		2.11345  0.2  0.2		0.0		-1.0
	23354.99999999	6.47878		2.11391  0.2  0.2		0.0		-1.0
	23399.99999999	6.69707		1.84833  0.2  0.2		0.0		-1.0
	23444.99999999	6.93312		1.55594  0.2  0.2		0.0		-1.0
	23489.99999999	6.85959		1.15189  0.2  0.2		0.0		-1.0
	23534.99999999	6.72367		0.97319  0.2  0.2		0.0		-1.0
	23579.99999999	6.09997		0.5715  0.2  0.2		0.0		-1.0
	23624.99999999	6.43087		0.24811  0.2  0.2		0.0		-1.0
	23669.99999999	6.56683		-0.18389  0.2  0.2		0.0		-1.0
	23714.99999999	6.85994		-0.25737  0.2  0.2		0.0		-1.0
	23759.99999999	6.67116		-0.41724  0.2  0.2		0.0		-1.0
	23804.99999999	6.38051		-0.41174  0.2  0.2		0.0		-1.0
	23849.99999999	6.12484		-0.60876  0.2  0.2		0.0		-1.0
	23894.99999999	5.70658		-0.67906  0.2  0.2		0.0		-1.0
	23939.99999999	5.95874		-0.8877  0.2  0.2		0.0		-1.0
	23984.99999999	5.96518		-1.10784  0.2  0.2		0.0		-1.0
	24029.99999999	6.59054		-1.2601  0.2  0.2		0.0		-1.0
	24074.99999999	6.78692		-1.65919  0.2  0.2		0.0		-1.0
	24119.99999999	7.01512		-1.77505  0.2  0.2		1.2065743052		-1.0
	24164.99999999	6.39506		-2.00276  0.2  0.2		0.0		-1.0
	24209.99999999	5.77922		-2.23785  0.2  0.2		0.0		-1.0
	24254.99999999	5.74679		-2.22972  0.2  0.2		0.0		-1.0
	24299.99999999	6.36814		-2.35887  0.2  0.2		0.0		-1.0
	24344.99999999	6.67418		-2.23335  0.2  0.2		0.0		-1.0
	24389.99999999	6.93252		-1.58386  0.2  0.2		0.0		-1.0
	24434.99999999	6.39536		-0.83033  0.2  0.2		0.0		-1.0
	24479.99999999	6.43557		-0.59356  0.2  0.2		0.0		-1.0
	24524.99999999	6.43879		-0.39604  0.2  0.2		0.0		-1.0
	24569.99999999	6.33417		-0.32939  0.2  0.2		0.0		-1.0
	24614.99999999	6.55453		-0.0852  0.2  0.2		0.0		-1.0
	24659.99999999	6.88307		-0.17308  0.2  0.2		0.0		-1.0
	24704.99999999	6.96267		-0.0641  0.2  0.2		0.0		-1.0
	24749.99999999	6.27725		0.18032  0.2  0.2		0.0		-1.0
	24794.99999999	5.8249		0.50197  0.2  0.2		0.0		-1.0
	24839.99999999	5.70797		0.69421  0.2  0.2		0.0		-1.0
	24884.99999999	6.21288		0.95556  0.2  0.2		0.0		-1.0
	24929.99999999	6.71459		0.93876  0.2  0.2		0.0		-1.0
	24974.99999999	6.8277		1.36284  0.2  0.2		0.0		-1.0
	25019.99999999	6.94394		-0.82364  0.2  0.2		0.0		-1.0
	25064.99999999	6.5981		-1.99646  0.2  0.2		0.0		-1.0
	25109.99999999	6.5257		-1.65601  0.2  0.2		0.0		-1.0
	25154.99999999	6.48034		-1.72992  0.2  0.2		0.0		-1.0
	25199.99999999	7.00787		-1.52936  0.2  0.2		0.3147585144		-1.0
	25244.99999999	6.94218		-1.57317  0.2  0.2		0.0		-1.0
	25289.99999999	6.92643		-1.36809  0.2  0.2		0.0		-1.0
	25334.99999999	6.34404		-1.34807  0.2  0.2		0.0		-1.0
	25379.99999999	5.91712		-1.29409  0.2  0.2		0.0		-1.0
	25424.99999999	5.87231		-1.45616  0.2  0.2		0.0		-1.0
	25469.99999999	6.34969		-1.56818  0.2  0.2		0.0		-1.0
	25514.99999999	6.7668		-1.80569  0.2  0.2		0.0		-1.0
	25559.99999999	6.75713		-1.85952  0.2  0.2		0.0		-1.0
	25604.99999999	6.51092		-1.93507  0.2  0.2		0.0		-1.0
	25649.99999999	6.39908		-1.88003  0.2  0.2		0.0		-1.0
	25694.99999999	6.85116		-2.10811  0.2  0.2		0.0		-1.0
	25739.99999999	6.64133		-2.03485  0.2  0.2		0.0		-1.0
	25784.99999999	6.69046		-2.34432  0.2  0.2		0.0		-1.0
	25829.99999999	6.61334		-2.4444  0.2  0.2		0.0		-1.0
	25874.99999999	6.993		-2.72371  0.2  0.2		0.0		-1.0
	25919.99999999	6.66818		-2.92249  0.2  0.2		0.0		-1.0
	25964.99999999	6.4106		3.13158  0.2  0.2		0.0		-1.0
	26009.99999999	6.05419		2.79663  0.2  0.2		0.0		-1.0
	26054.99999999	6.29767		2.34086  0.2  0.2		0.0		-1.0
	26099.99999999	6.77371		1.66549  0.2  0.2		0.0		-1.0
	26144.99999999	6.87548		1.34663  0.2  0.2		0.0		-1.0
	26189.99999999	6.27143		1.12091  0.2  0.2		0.0		-1.0
	26234.99999999	5.6073		1.09679  0.2  0.2		0.0		-1.0
	26279.99999999	5.70176		0.57552  0.2  0.2		0.0		-1.0
	26324.99999999	6.44974		0.29121  0.2  0.2		0.0		-1.0
	26369.99999999	6.81077		-0.26476  0.2  0.2		0.0		-1.0
	26414.99999999	6.79012		-0.59465  0.2  0.2		0.0		-1.0
	26459.99999999	6.53839		-1.12398  0.2  0.2		0.0		-1.0
	26504.99999999	6.57412		-1.53278  0.2  0.2		0.0		-1.0
	26549.99999999	6.30613		-2.22899  0.2  0.2		0.0		-1.0
	26594.99999999	6.67559		-2.64426  0.2  0.2		0.0		-1.0
	26639.99999999	7.00336		2.92764  0.2  0.2		0.0524597524		-1.0
	26684.99999999	6.98934		2.48127  0.2  0.2		0.0		-1.0
	26729.99999999	6.67008		1.79339  0.2  0.2		0.0		-1.0
	26774.99999999	6.35171		0.99324  0.2  0.2		0.0		-1.0
	26819.99999999	6.55177		0.09593  0.2  0.2		0.0		-1.0
	26864.99999999	6.6726		-0.63893  0.2  0.2		0.0		-1.0
	26909.99999999	6.99111		-1.21319  0.2  0.2		0.0		-1.0
	26954.99999999	6.66925		-1.54703  0.2  0.2		0.0		-1.0
	26999.99999999	6.3368		-1.81935  0.2  0.2		0.0		-1.0
	27044.99999999	6.21466		-2.09796  0.2  0.2		0.0		-1.0
	27089.99999999	6.3468		-2.50561  0.2  0.2		0.0		-1.0
	27134.99999999	6.7872		-2.95585  0.2  0.2		0.0		-1.0
	27179.99999999	6.74966		2.96716  0.2  0.2		0.0		-1.0
	27224.99999998	6.38721		2.59063  0.2  0.2		0.0		-1.0
	27269.99999998	6.69608		2.47345  0.2  0.2		0.0		-1.0
	27314.99999998	6.78783		2.3522  0.2  0.2		0.0		-1.0
	27359.99999998	6.21711		2.11442  0.2  0.2		0.0		-1.0
	27404.99999998	6.40478		2.14726  0.2  0.2		0.0		-1.0
	27449.99999998	6.85136		1.99643  0.2  0.2		0.0		-1.0
	27494.99999998	6.66763		2.09813  0.2  0.2		0.0		-1.0
	27539.99999998	6.08534		2.1546  0.2  0.2		0.0		-1.0
	27584.99999998	6.11892		2.06487  0.2  0.2		0.0		-1.0
	27629.99999998	5.91878		1.97816  0.2  0.2		0.0		-1.0
	27674.99999998	6.50375		1.60182  0.2  0.2		0.0		-1.0
	27719.99999998	6.89953		1.16619  0.2  0.2		0.0		-1.0
	27764.99999998	6.40134		0.89499  0.2  0.2		0.0		-1.0
	27809.99999998	5.67846		0.40105  0.2  0.2		0.0		-1.0
	27854.99999998	5.29496		0.07223  0.2  0.2		0.0		-1.0
	27899.99999998	5.87977		0.01604  0.2  0.2		0.0		-1.0
	27944.99999998	6.32744		-0.2068  0.2  0.2		0.0		-1.0
	27989.99999998	6.88464		-0.16036  0.2  0.2		0.0		-1.0
	28034.99999998	6.96244		-0.29177  0.2  0.2		0.0		-1.0
	28079.99999998	6.98226		-0.24161  0.2  0.2		0.0		-1.0
	28124.99999998	6.16411		-0.21543  0.2  0.2		0.0		-1.0
	28169.99999998	6.26798		-0.07573  0.2  0.2		0.0		-1.0
	28214.99999998	6.36348		-0.25801  0.2  0.2		0.0		-1.0
	28259.99999998	6.99117		-0.35055  0.2  0.2		0.0		-1.0
	28304.99999998	6.3795		-0.46298  0.2  0.2		0.0		-1.0
	28349.99999998	6.45699		-0.46537  0.2  0.2		0.0		-1.0
	28394.99999998	6.53307		-0.7922  0.2  0.2		0.0		-1.0
	28439.99999998	6.97142		-0.7648  0.2  0.2		0.0		-1.0
	28484.99999998	6.47184		-1.00517  0.2  0.2		0.0		-1.0
	28529.99999998	6.52922		-0.87187  0.2  0.2		0.0		-1.0
	28574.99999998	6.52911		-1.15162  0.2  0.2		0.0		-1.0
	28619.99999998	6.82485		-1.03464  0.2  0.2		0.0		-1.0
	28664.99999998	6.75537		-1.33371  0.2  0.2		0.0		-1.0
	28709.99999998	6.68361		-1.4271  0.2  0.2		0.0		-1.0
	28754.99999998	7.00284		-1.87557  0.2  0.2		0.0524597524		-1.0
	28799.99999998	6.95256		-2.21247  0.2  0.2		0.0		-1.0
	28844.99999998	6.79991		-2.79646  0.2  0.2		0.0		-1.0
	28889.99999998	6.39032		-2.74834  0.2  0.2		0.0		-1.0
	28934.99999998	6.1712		-3.06943  0.2  0.2		0.0		-1.0
	28979.99999998	6.50038		-2.96924  0.2  0.2		0.0		-1.0
	29024.99999998	6.56844		2.88059  0.2  0.2		0.0		-1.0
	29069.99999998	7.00473		2.9583  0.2  0.2		0.1049195048		-1.0
	29114.99999998	6.71215		2.66165  0.2  0.2		0.0		-1.0
	29159.99999998	6.84128		2.81295  0.2  0.2		0.0		-1.0
	29204.99999998	6.55844		2.62224  0.2  0.2		0.0		-1.0
	29249.99999998	6.80321		2.63866  0.2  0.2		0.0		-1.0
	29294.99999998	6.64621		2.43244  0.2  0.2		0.0		-1.0
	29339.99999998	6.93626		2.28367  0.2  0.2		0.0		-1.0
	29384.99999998	6.96215		1.88927  0.2  0.2		0.0		-1.0
	29429.99999998	6.44734		1.95752  0.2  0.2		0.0		-1.0
	29474.99999998	5.65817		1.76592  0.2  0.2		0.0		-1.0
	29519.99999998	5.71958		1.53972  0.2  0.2		0.0		-1.0
	29564.99999998	6.11456		0.97089  0.2  0.2		0.0		-1.0
	29609.99999998	6.77715		0.9127  0.2  0.2		0.0		-1.0
	29654.99999998	6.94474		0.57183  0.2  0.2		0.0		-1.0
	29699.99999998	6.22468		0.6039  0.2  0.2		0.0		-1.0
	29744.99999998	5.92707		0.35988  0.2  0.2		0.0		-1.0
	29789.99999998	5.95786		0.57913  0.2  0.2		0.0		-1.0
	29834.99999998	6.40509		0.50348  0.2  0.2		0.0		-1.0
	29879.99999998	6.91734		0.79538  0.2  0.2		0.0		-1.0
	29924.99999998	6.80189		1.1289  0.2  0.2		0.0		-1.0
	29969.99999998	6.74755		1.65425  0.2  0.2		0.0		-1.0
	30014.99999998	6.74265		2.17753  0.2  0.2		0.0		-1.0
	30059.99999998	6.93756		2.20149  0.2  0.2		0.0		-1.0
	30104.99999998	6.80287		2.48093  0.2  0.2		0.0		-1.0
	30149.99999998	6.81627		2.43231  0.2  0.2		0.0		-1.0
	30194.99999998	6.72212		2.49738  0.2  0.2		0.0		-1.0
	30239.99999998	6.83409		2.43429  0.2  0.2		0.0		-1.0
	30284.99999998	6.9301		2.75444  0.2  0.2		0.0		-1.0
	30329.99999998	6.93073		2.7199  0.2  0.2		0.0		-1.0
	30374.99999998	6.83838		3.06358  0.2  0.2		0.0		-1.0
	30419.99999998	6.85362		2.64758  0.2  0.2		0.0		-1.0
	30464.99999998	6.54735		2.80418  0.2  0.2		0.0		-1.0
	30509.99999998	6.15123		2.51342  0.2  0.2		0.0		-1.0
	30554.99999998	6.05263		2.37102  0.2  0.2		0.0		-1.0
	30599.99999998	6.2738		1.93263  0.2  0.2		0.0		-1.0
	30644.99999998	6.59138		1.55388  0.2  0.2		0.0		-1.0
	30689.99999998	6.82157		1.22845  0.2  0.2		0.0		-1.0
	30734.99999998	7.00615		1.16669  0.2  0.2		0.2098390096		-1.0
	30779.99999998	6.18474		0.6213  0.2  0.2		0.0		-1.0
	30824.99999998	5.49822		-0.06548  0.2  0.2		0.0		-1.0
	30869.99999998	5.94847		-1.02422  0.2  0.2		0.0		-1.0
	30914.99999998	6.59651		-1.63701  0.2  0.2		0.0		-1.0
	30959.99999998	6.75885		-1.93205  0.2  0.2		0.0		-1.0
	31004.99999998	6.40515		-1.68388  0.2  0.2		0.0		-1.0
	31049.99999998	6.34096		-3.08012  0.2  0.2		0.0		-1.0
	31094.99999998	6.62651		-3.07884  0.2  0.2		0.0		-1.0
	31139.99999998	6.98718		-3.12151  0.2  0.2		0.0		-1.0
	31184.99999998	6.5114		3.00556  0.2  0.2		0.0		-1.0
	31229.99999998	6.28473		3.06514  0.2  0.2		0.0		-1.0
	31274.99999998	6.50731		-2.92666  0.2  0.2		0.0		-1.0
	31319.99999998	6.86683		-2.78291  0.2  0.2		0.0		-1.0
	31364.99999998	6.66787		-2.54765  0.2  0.2		0.0		-1.0
	31409.99999998	6.32852		-2.65417  0.2  0.2		0.0		-1.0
	31454.99999998	6.07427		-2.39833  0.2  0.2		0.0		-1.0
	31499.99999998	6.31153		-2.35985  0.2  0.2		0.0		-1.0
	31544.99999998	6.73912		-2.04462  0.2  0.2		0.0		-1.0
	31589.99999998	6.89752		-2.1306  0.2  0.2		0.0		-1.0
	31634.99999998	6.63008		-1.95761  0.2  0.2		0.0		-1.0
	31679.99999998	6.0624		-2.20834  0.2  0.2		0.0		-1.0
	31724.99999998	5.67927		-2.02652  0.2  0.2		0.0		-1.0
	31769.99999998	5.83965		-2.09919  0.2  0.2		0.0		-1.0
	31814.99999998	6.2576		-1.90549  0.2  0.2		0.0		-1.0
	31859.99999998	6.94698		-2.14794  0.2  0.2		0.0		-1.0
	31904.99999998	6.40848		-2.07581  0.2  0.2		0.0		-1.0
	31949.99999998	6.34615		-2.28758  0.2  0.2		0.0		-1.0
	31994.99999998	6.42967		-2.30855  0.2  0.2		0.0		-1.0
	32039.99999998	6.98874		-2.46801  0.2  0.2		0.0		-1.0
	32084.99999998	6.55334		-2.54366  0.2  0.2		0.0		-1.0
	32129.99999998	6.33125		-2.76362  0.2  0.2		0.0		-1.0
	32174.99999998	5.88682		-2.8425  0.2  0.2		0.0		-1.0
	32219.99999998	6.04203		-2.96202  0.2  0.2		0.0		-1.0
	32264.99999998	6.16613		-3.01713  0.2  0.2		0.0		-1.0
	32309.99999998	6.66167		-3.05064  0.2  0.2		0.0		-1.0
	32354.99999998	6.85322		-3.0657  0.2  0.2		0.0		-1.0
	32399.99999998	6.56274		-3.12506  0.2  0.2		0.0		-1.0
	32444.99999998	6.15719		2.94086  0.2  0.2		0.0		-1.0
	32489.99999998	6.00832		2.95496  0.2  0.2		0.0		-1.0
	32534.99999998	6.56418		-3.13135  0.2  0.2		0.0		-1.0
	32579.99999998	6.75845		-2.93528  0.2  0.2		0.0		-1.0
	32624.99999998	6.58812		-2.92515  0.2  0.2		0.0		-1.0
	32669.99999998	6.25523		-2.98806  0.2  0.2		0.0		-1.0
	32714.99999998	6.5973		-2.43752  0.2  0.2		0.0		-1.0
	32759.99999998	6.93202		-2.20677  0.2  0.2		0.0		-1.0
	32804.99999998	6.75674		-1.96422  0.2  0.2		0.0		-1.0
	32849.99999998	6.44764		-2.19439  0.2  0.2		0.0		-1.0
	32894.99999998	6.39657		-2.42414  0.2  0.2		0.0		-1.0
	32939.99999998	6.60917		-2.71129  0.2  0.2		0.0		-1.0
	32984.99999998	6.68879		3.07445  0.2  0.2		0.0		-1.0
	33029.99999998	6.79626		2.81434  0.2  0.2		0.0		-1.0
	33074.99999998	6.62541		2.734  0.2  0.2		0.0		-1.0
	33119.99999998	6.44743		2.41944  0.2  0.2		0.0		-1.0
	33164.99999998	6.73306		2.28172  0.2  0.2		0.0		-1.0
	33209.99999998	6.84847		2.14855  0.2  0.2		0.0		-1.0
	33254.99999998	6.64729		2.15261  0.2  0.2		0.0		-1.0
	33299.99999998	6.2968		1.94965  0.2  0.2		0.0		-1.0
	33344.99999998	6.35153		1.91878  0.2  0.2		0.0		-1.0
	33389.99999998	6.79076		1.86642  0.2  0.2		0.0		-1.0
	33434.99999998	6.42847		1.94295  0.2  0.2		0.0		-1.0
	33479.99999998	5.99116		2.03265  0.2  0.2		0.0		-1.0
	33524.99999998	6.5077		1.98435  0.2  0.2		0.0		-1.0
	33569.99999998	6.65108		1.76887  0.2  0.2		0.0		-1.0
	33614.99999998	6.14535		1.905  0.2  0.2		0.0		-1.0
	33659.99999998	6.0341		1.78044  0.2  0.2		0.0		-1.0
	33704.99999998	6.84337		1.73789  0.2  0.2		0.0		-1.0
	33749.99999997	6.92504		1.61216  0.2  0.2		0.0		-1.0
	33794.99999997	6.82263		1.72839  0.2  0.2		0.0		-1.0
	33839.99999997	6.68649		1.61658  0.2  0.2		0.0		-1.0
	33884.99999997	6.80181		1.88575  0.2  0.2		0.0		-1.0
	33929.99999997	6.9012		1.93849  0.2  0.2		0.0		-1.0
	33974.99999997	6.72206		2.07782  0.2  0.2		0.0		-1.0
	34019.99999997	6.55589		2.07806  0.2  0.2		0.0		-1.0
	34064.99999997	6.62314		2.06486  0.2  0.2		0.0		-1.0
	34109.99999997	6.7824		1.82401  0.2  0.2		0.0		-1.0
	34154.99999997	6.92586		1.80084  0.2  0.2		0.0		-1.0
	34199.99999997	6.67258		1.51652  0.2  0.2		0.0		-1.0
	34244.99999997	6.38798		1.63908  0.2  0.2		0.0		-1.0
	34289.99999997	6.89315		1.38499  0.2  0.2		0.0		-1.0
	34334.99999997	6.8906		1.59601  0.2  0.2		0.0		-1.0
	34379.99999997	6.75204		1.68606  0.2  0.2		0.0		-1.0
	34424.99999997	6.11441		2.16472  0.2  0.2		0.0		-1.0
	34469.99999997	6.04662		2.20204  0.2  0.2		0.0		-1.0
	34514.99999997	5.98977		2.39815  0.2  0.2		0.0		-1.0
	34559.99999997	6.35558		2.34775  0.2  0.2		0.0		-1.0
	34604.99999997	6.68741		2.40876  0.2  0.2		0.0		-1.0
	34649.99999997	6.90417		2.34615  0.2  0.2		0.0		-1.0
	34694.99999997	6.61799		2.37715  0.2  0.2		0.0		-1.0
	34739.99999997	6.32111		2.49909  0.2  0.2		0.0		-1.0
	34784.99999997	6.64217		2.51037  0.2  0.2		0.0		-1.0
	34829.99999997	6.87175		2.65023  0.2  0.2		0.0		-1.0
	34874.99999997	6.74645		2.6557  0.2  0.2		0.0		-1.0
	34919.99999997	6.13655		2.73439  0.2  0.2		0.0		-1.0
	34964.99999997	6.11881		2.77645  0.2  0.2		0.0		-1.0
	35009.99999997	6.74054		2.86826  0.2  0.2		0.0		-1.0
	35054.99999997	6.33526		2.69498  0.2  0.2		0.0		-1.0
	35099.99999997	5.72199		2.43808  0.2  0.2		0.0		-1.0
	35144.99999997	5.80736		2.40739  0.2  0.2		0.0		-1.0
	35189.99999997	6.66442		2.62678  0.2  0.2		0.0		-1.0
	35234.99999997	6.98805		2.46804  0.2  0.2		0.0		-1.0
	35279.99999997	6.70194		2.64967  0.2  0.2		0.0		-1.0
	35324.99999997	6.90945		2.55876  0.2  0.2		0.0		-1.0
	35369.99999997	6.58805		2.81855  0.2  0.2		0.0		-1.0
	35414.99999997	5.98471		-2.99962  0.2  0.2		0.0		-1.0
	35459.99999997	5.6644		-2.67945  0.2  0.2		0.0		-1.0
	35504.99999997	6.17855		-2.68716  0.2  0.2		0.0		-1.0
	35549.99999997	7.01404		-2.62958  0.2  0.2		1.0229651718		-1.0
	35594.99999997	6.58224		-2.96955  0.2  0.2		0.0		-1.0
	35639.99999997	6.40797		2.86939  0.2  0.2		0.0		-1.0
	35684.99999997	7.02386		2.38342  0.2  0.2		2.9902058868		-1.0
	35729.99999997	6.81029		2.45602  0.2  0.2		0.0		-1.0
	35774.99999997	6.70061		2.22964  0.2  0.2		0.0		-1.0
	35819.99999997	6.84065		2.38878  0.2  0.2		0.0		-1.0
	35864.99999997	6.79296		2.46096  0.2  0.2		0.0		-1.0
	35909.99999997	6.43359		2.64747  0.2  0.2		0.0		-1.0
	35954.99999997	6.15737		2.76638  0.2  0.2		0.0		-1.0
	35999.99999997	6.55147		2.91286  0.2  0.2		0.0		-1.0
	36044.99999997	6.98057		2.75239  0.2  0.2		0.0		-1.0
	36089.99999997	6.81503		3.05812  0.2  0.2		0.0		-1.0
	36134.99999997	6.54805		-2.90147  0.2  0.2		0.0		-1.0
	36179.99999997	6.66298		-2.4622  0.2  0.2		0.0		-1.0
	36224.99999997	6.76086		-1.96415  0.2  0.2		0.0		-1.0
	36269.99999997	6.92479		-1.65555  0.2  0.2		0.0		-1.0
	36314.99999997	6.67248		-1.33427  0.2  0.2		0.0		-1.0
	36359.99999997	6.76354		-1.40131  0.2  0.2		0.0		-1.0
	36404.99999997	6.87985		-1.34667  0.2  0.2		0.0		-1.0
	36449.99999997	6.59535		-1.61149  0.2  0.2		0.0		-1.0
	36494.99999997	6.28731		-2.00686  0.2  0.2		0.0		-1.0
	36539.99999997	6.58664		-2.18507  0.2  0.2		0.0		-1.0
	36584.99999997	7.00043		-2.28126  0.2  0.2		0.0		-1.0
	36629.99999997	6.65588		-1.98941  0.2  0.2		0.0		-1.0
	36674.99999997	6.35		-1.81122  0.2  0.2		0.0		-1.0
	36719.99999997	6.19118		-1.53771  0.2  0.2		0.0		-1.0
	36764.99999997	6.27069		-1.36245  0.2  0.2		0.0		-1.0
	36809.99999997	6.66207		-1.14748  0.2  0.2		0.0		-1.0
	36854.99999997	6.74114		-1.01434  0.2  0.2		0.0		-1.0
	36899.99999997	6.47373		-0.83928  0.2  0.2		0.0		-1.0
	36944.99999997	6.54792		-0.83585  0.2  0.2		0.0		-1.0
	36989.99999997	6.7714		-0.70215  0.2  0.2		0.0		-1.0
	37034.99999997	6.72337		-0.6838  0.2  0.2		0.0		-1.0
	37079.99999997	6.41817		-0.68909  0.2  0.2		0.0		-1.0
	37124.99999997	6.08994		-0.7599  0.2  0.2		0.0		-1.0
	37169.99999997	6.4909		-0.91351  0.2  0.2		0.0		-1.0
	37214.99999997	6.90743		-0.91861  0.2  0.2		0.0		-1.0
	37259.99999997	6.9737		-0.91888  0.2  0.2		0.0		-1.0
	37304.99999997	6.39495		-1.09253  0.2  0.2		0.0		-1.0
	37349.99999997	5.85059		-1.31809  0.2  0.2		0.0		-1.0
	37394.99999997	5.88081		-1.29262  0.2  0.2		0.0		-1.0
	37439.99999997	6.36597		-1.35736  0.2  0.2		0.0		-1.0
	37484.99999997	6.83206		-1.22973  0.2  0.2		0.0		-1.0
	37529.99999997	6.99153		-1.14488  0.2  0.2		0.0		-1.0
	37574.99999997	6.94763		-1.19548  0.2  0.2		0.0		-1.0
	37619.99999997	6.57359		-1.28851  0.2  0.2		0.0		-1.0
	37664.99999997	5.82479		-2.01653  0.2  0.2		0.0		-1.0
	37709.99999997	5.70068		-2.2534  0.2  0.2		0.0		-1.0
	37754.99999997	6.61421		-2.2373  0.2  0.2		0.0		-1.0
	37799.99999997	6.89879		-2.08966  0.2  0.2		0.0		-1.0
	37844.99999997	6.7939		-2.37617  0.2  0.2		0.0		-1.0
	37889.99999997	6.50108		-2.3854  0.2  0.2		0.0		-1.0
	37934.99999997	6.49778		-2.37524  0.2  0.2		0.0		-1.0
	37979.99999997	6.91968		-1.8174  0.2  0.2		0.0		-1.0
	38024.99999997	6.97496		-1.63172  0.2  0.2		0.0		-1.0
	38069.99999997	6.81977		-1.0695  0.2  0.2		0.0		-1.0
	38114.99999997	6.41954		-1.17974  0.2  0.2		0.0		-1.0
	38159.99999997	6.5315		-0.75322  0.2  0.2		0.0		-1.0
	38204.99999997	6.4305		-0.84406  0.2  0.2		0.0		-1.0
	38249.99999997	6.98891		-0.74194  0.2  0.2		0.0		-1.0
	38294.99999997	6.7815		-0.89695  0.2  0.2		0.0		-1.0
	38339.99999997	6.57045		-0.77171  0.2  0.2		0.0		-1.0
	38384.99999997	6.62214		-0.80063  0.2  0.2		0.0		-1.0
	38429.99999997	6.61587		-1.00588  0.2  0.2		0.0		-1.0
	38474.99999997	6.96914		-0.99283  0.2  0.2		0.0		-1.0
	38519.99999997	6.8388		-1.23104  0.2  0.2		0.0		-1.0
	38564.99999997	6.98162		-1.16547  0.2  0.2		0.0		-1.0
	38609.99999997	6.52036		-1.49713  0.2  0.2		0.0		-1.0
	38654.99999997	6.36416		-1.44136  0.2  0.2		0.0		-1.0
	38699.99999997	6.32333		-1.53186  0.2  0.2		0.0		-1.0
	38744.99999997	6.46188		-1.39665  0.2  0.2		0.0		-1.0
	38789.99999997	6.62858		-1.38903  0.2  0.2		0.0		-1.0
	38834.99999997	6.89896		-1.54478  0.2  0.2		0.0		-1.0
	38879.99999997	6.63406		-1.71069  0.2  0.2		0.0		-1.0
	38924.99999997	6.34841		-2.41803  0.2  0.2		0.0		-1.0
	38969.99999997	6.25658		-2.9925  0.2  0.2		0.0		-1.0
	39014.99999997	6.45414		2.83941  0.2  0.2		0.0		-1.0
	39059.99999997	6.80807		2.53037  0.2  0.2		0.0		-1.0
	39104.99999997	6.69528		2.07787  0.2  0.2		0.0		-1.0
	39149.99999997	6.95625		1.86677  0.2  0.2		0.0		-1.0
	39194.99999997	6.59471		1.40182  0.2  0.2		0.0		-1.0
	39239.99999997	7.00743		1.32066  0.2  0.2		0.2885286382		-1.0
	39284.99999997	6.51143		1.13477  0.2  0.2		0.0		-1.0
	39329.99999997	6.5972		1.02999  0.2  0.2		0.0		-1.0
	39374.99999997	6.38476		0.74613  0.2  0.2		0.0		-1.0
	39419.99999997	6.52806		0.87592  0.2  0.2		0.0		-1.0
	39464.99999997	6.52683		0.6532  0.2  0.2		0.0		-1.0
	39509.99999997	6.79353		0.87009  0.2  0.2		0.0		-1.0
	39554.99999997	6.68597		0.8205  0.2  0.2		0.0		-1.0
	39599.99999997	6.20371		0.88496  0.2  0.2		0.0		-1.0
	39644.99999997	6.18469		1.44461  0.2  0.2		0.0		-1.0
	39689.99999997	6.58904		1.9214  0.2  0.2		0.0		-1.0
	39734.99999997	6.51863		2.29585  0.2  0.2		0.0		-1.0
	39779.99999997	5.98794		2.67619  0.2  0.2		0.0		-1.0
	39824.99999997	6.25979		2.54094  0.2  0.2		0.0		-1.0
	39869.99999997	6.75096		2.41842  0.2  0.2		0.0		-1.0
	39914.99999997	6.35887		2.23826  0.2  0.2		0.0		-1.0
	39959.99999997	6.18443		2.08418  0.2  0.2		0.0		-1.0
	40004.99999997	6.04851		1.76105  0.2  0.2		0.0		-1.0
	40049.99999997	6.8041		1.31314  0.2  0.2		0.0		-1.0
	40094.99999997	6.95552		1.09821  0.2  0.2		0.0		-1.0
	40139.99999997	6.48012		0.96122  0.2  0.2		0.0		-1.0
	40184.99999997	6.80923		0.92743  0.2  0.2		0.0		-1.0
	40229.99999996	6.75557		0.85127  0.2  0.2		0.0		-1.0
	40274.99999996	6.80624		0.86752  0.2  0.2		0.0		-1.0
	40319.99999996	6.61624		0.99321  0.2  0.2		0.0		-1.0
	40364.99999996	6.83658		1.09837  0.2  0.2		0.0		-1.0
	40409.99999996	6.43978		1.4389  0.2  0.2		0.0		-1.0
	40454.99999996	6.33543		1.88894  0.2  0.2		0.0		-1.0
	40499.99999996	6.48976		2.36704  0.2  0.2		0.0		-1.0
	40544.99999996	6.86851		2.67542  0.2  0.2		0.0		-1.0
	40589.99999996	6.48204		2.79713  0.2  0.2		0.0		-1.0
	40634.99999996	5.96654		3.03664  0.2  0.2		0.0		-1.0
	40679.99999996	6.07248		-3.00227  0.2  0.2		0.0		-1.0
	40724.99999996	6.90403		-2.47355  0.2  0.2		0.0		-1.0
	40769.99999996	6.35572		-2.92589  0.2  0.2		0.0		-1.0
	40814.99999996	6.61478		-2.17774  0.2  0.2		0.0		-1.0
	40859.99999996	6.68597		-2.5055  0.2  0.2		0.0		-1.0
	40904.99999996	6.99408		-2.10918  0.2  0.2		0.0		-1.0
	40949.99999996	6.69846		-2.35087  0.2  0.2		0.0		-1.0
	40994.99999996	6.73147		-2.33641  0.2  0.2		0.0		-1.0
	41039.99999996	6.59979		-2.52584  0.2  0.2		0.0		-1.0
	41084.99999996	6.76103		-2.44724  0.2  0.2		0.0		-1.0
	41129.99999996	6.73503		-2.70197  0.2  0.2		0.0		-1.0
	41174.99999996	6.72132		-2.59284  0.2  0.2		0.0		-1.0
	41219.99999996	6.37665		-2.80375  0.2  0.2		0.0		-1.0
	41264.99999996	6.48761		-2.72143  0.2  0.2		0.0		-1.0
	41309.99999996	6.74578		-3.04495  0.2  0.2		0.0		-1.0
	41354.99999996	7.00233		-3.04843  0.2  0.2		0.0262298762		-1.0
	41399.99999996	6.56208		3.0216  0.2  0.2		0.0		-1.0
	41444.99999996	6.02748		3.01167  0.2  0.2		0.0		-1.0
	41489.99999996	6.00339		2.52767  0.2  0.2		0.0		-1.0
	41534.99999996	6.37479		2.50942  0.2  0.2		0.0		-1.0
	41579.99999996	6.95038		2.31133  0.2  0.2		0.0		-1.0
	41624.99999996	6.69801		2.50341  0.2  0.2		0.0		-1.0
	41669.99999996	6.85208		2.06641  0.2  0.2		0.0		-1.0
	41714.99999996	6.46562		2.066  0.2  0.2		0.0		-1.0
	41759.99999996	6.87705		1.77907  0.2  0.2		0.0		-1.0
	41804.99999996	6.93579		1.78419  0.2  0.2		0.0		-1.0
	41849.99999996	6.87947		1.45542  0.2  0.2		0.0		-1.0
	41894.99999996	6.28797		1.40634  0.2  0.2		0.0		-1.0
	41939.99999996	6.00848		1.20346  0.2  0.2		0.0		-1.0
	41984.99999996	5.97069		1.25667  0.2  0.2		0.0		-1.0
	42029.99999996	6.52523		0.80016  0.2  0.2		0.0		-1.0
	42074.99999996	6.81364		0.68117  0.2  0.2		0.0		-1.0
	42119.99999996	6.57601		0.34553  0.2  0.2		0.0		-1.0
	42164.99999996	5.6861		0.2505  0.2  0.2		0.0		-1.0
	42209.99999996	5.7156		-0.17627  0.2  0.2		0.0		-1.0
	42254.99999996	5.99979		-0.08644  0.2  0.2		0.0		-1.0
	42299.99999996	7.01293		-0.33083  0.2  0.2		0.8655859146		-1.0
	42344.99999996	6.76659		-0.33913  0.2  0.2		0.0		-1.0
	42389.99999996	6.74645		-0.49145  0.2  0.2		0.0		-1.0
	42434.99999996	6.26725		-0.56099  0.2  0.2		0.0		-1.0
	42479.99999996	6.19316		-0.82998  0.2  0.2		0.0		-1.0
	42524.99999996	6.39805		-1.01332  0.2  0.2		0.0		-1.0
	42569.99999996	6.75639		-1.23875  0.2  0.2		0.0		-1.0
	42614.99999996	6.65464		-1.33277  0.2  0.2		0.0		-1.0
	42659.99999996	6.47721		-1.50967  0.2  0.2		0.0		-1.0
	42704.99999996	6.72797		-1.70115  0.2  0.2		0.0		-1.0
	42749.99999996	6.99449		-1.94214  0.2  0.2		0.0		-1.0
	42794.99999996	6.33927		-2.03785  0.2  0.2		0.0		-1.0
	42839.99999996	5.83987		3.12673  0.2  0.2		0.0		-1.0
	42884.99999996	5.9901		2.57982  0.2  0.2		0.0		-1.0
	42929.99999996	6.65104		2.63073  0.2  0.2		0.0		-1.0
	42974.99999996	6.92758		2.60125  0.2  0.2		0.0		-1.0
	43019.99999996	6.14425		2.39813  0.2  0.2		0.0		-1.0
	43064.99999996	6.01462		2.64177  0.2  0.2		0.0		-1.0
	43109.99999996	6.27394		2.53961  0.2  0.2		0.0		-1.0
	43154.99999996	7.00155		2.76055  0.2  0.2		0.0		-1.0
	43199.99999996	6.91026		2.66178  0.2  0.2		0.0		-1.0
	43244.99999996	6.91347		2.69549  0.2  0.2		0.0		-1.0
	43289.99999996	6.6983		2.58583  0.2  0.2		0.0		-1.0
	43334.99999996	6.83188		2.58867  0.2  0.2		0.0		-1.0
	43379.99999996	6.75474		2.33099  0.2  0.2		0.0		-1.0
	43424.99999996	6.93036		2.31775  0.2  0.2		0.0		-1.0
	43469.99999996	6.85821		2.02028  0.2  0.2		0.0		-1.0
	43514.99999996	6.85737		1.95502  0.2  0.2		0.0		-1.0
	43559.99999996	6.55912		1.64408  0.2  0.2		0.0		-1.0
	43604.99999996	6.48477		1.51606  0.2  0.2		0.0		-1.0
	43649.99999996	6.82311		1.18364  0.2  0.2		0.0		-1.0
	43694.99999996	6.83626		1.22329  0.2  0.2		0.0		-1.0
	43739.99999996	6.74071		0.88225  0.2  0.2		0.0		-1.0
	43784.99999996	6.78575		0.91285  0.2  0.2		0.0		-1.0
	43829.99999996	6.80404		0.65298  0.2  0.2		0.0		-1.0
	43874.99999996	6.98555		0.79582  0.2  0.2		0.0		-1.0
	43919.99999996	6.76571		1.08582  0.2  0.2		0.0		-1.0
	43964.99999996	6.92145		1.17626  0.2  0.2		0.0		-1.0
	44009.99999996	6.80791		1.22389  0.2  0.2		0.0		-1.0
	44054.99999996	7.01199		0.93692  0.2  0.2		0.7606664098		-1.0
	44099.99999996	6.6295		0.97428  0.2  0.2		0.0		-1.0
	44144.99999996	6.70557		0.5836  0.2  0.2		0.0		-1.0
	44189.99999996	6.70043		0.51758  0.2  0.2		0.0		-1.0
	44234.99999996	6.74545		-0.10306  0.2  0.2		0.0		-1.0
	44279.99999996	6.76088		-0.36828  0.2  0.2		0.0		-1.0
	44324.99999996	6.8378		-0.94546  0.2  0.2		0.0		-1.0
	44369.99999996	6.75578		-1.42707  0.2  0.2		0.0		-1.0
	44414.99999996	6.31886		-2.0247  0.2  0.2		0.0		-1.0
	44459.99999996	6.10724		-2.01904  0.2  0.2		0.0		-1.0
	44504.99999996	6.34247		-2.154  0.2  0.2		0.0		-1.0
	44549.99999996	6.75934		-1.91267  0.2  0.2		0.0		-1.0
	44594.99999996	6.96441		-2.01149  0.2  0.2		0.0		-1.0
	44639.99999996	6.73481		-2.31449  0.2  0.2		0.0		-1.0
	44684.99999996	6.81601		-2.49254  0.2  0.2		0.0		-1.0
	44729.99999996	6.95633		-2.77465  0.2  0.2		0.0		-1.0
	44774.99999996	6.50087		-2.92068  0.2  0.2		0.0		-1.0
	44819.99999996	6.48032		3.09872  0.2  0.2		0.0		-1.0
	44864.99999996	6.72908		2.48673  0.2  0.2		0.0		-1.0
	44909.99999996	6.99831		2.16544  0.2  0.2		0.0		-1.0
	44954.99999996	6.55617		1.74298  0.2  0.2		0.0		-1.0
	44999.99999996	6.2832		1.49713  0.2  0.2		0.0		-1.0
	45044.99999996	6.08367		1.23665  0.2  0.2		0.0		-1.0
	45089.99999996	6.02679		1.01343  0.2  0.2		0.0		-1.0
	45134.99999996	6.26642		0.86156  0.2  0.2		0.0		-1.0
	45179.99999996	6.50785		0.71935  0.2  0.2		0.0		-1.0
	45224.99999996	6.98236		0.36117  0.2  0.2		0.0		-1.0
	45269.99999996	6.97429		0.05506  0.2  0.2		0.0		-1.0
	45314.99999996	6.54107		-0.42552  0.2  0.2		0.0		-1.0
	45359.99999996	6.57358		-0.2767  0.2  0.2		0.0		-1.0
	45404.99999996	6.59823		-0.27194  0.2  0.2		0.0		-1.0
	45449.99999996	7.0168		-0.34444  0.2  0.2		1.4688730672		-1.0
	45494.99999996	6.71687		-0.18725  0.2  0.2		0.0		-1.0
	45539.99999996	6.62933		-0.57893  0.2  0.2		0.0		-1.0
	45584.99999996	6.89908		-0.66806  0.2  0.2		0.0		-1.0
	45629.99999996	6.69704		-1.29399  0.2  0.2		0.0		-1.0
	45674.99999996	6.51666		-1.93482  0.2  0.2		0.0		-1.0
	45719.99999996	6.44366		-2.14898  0.2  0.2		0.0		-1.0
	45764.99999996	6.83925		-2.51348  0.2  0.2		0.0		-1.0
	45809.99999996	6.85021		-2.36011  0.2  0.2		0.0		-1.0
	45854.99999996	6.48928		-2.50528  0.2  0.2		0.0		-1.0
	45899.99999996	6.08963		-2.35963  0.2  0.2		0.0		-1.0
	45944.99999996	6.0997		-2.38434  0.2  0.2		0.0		-1.0
	45989.99999996	6.56931		-2.45105  0.2  0.2		0.0		-1.0
	46034.99999996	6.92282		-2.39374  0.2  0.2		0.0		-1.0
	46079.99999996	6.74579		-2.28141  0.2  0.2		0.0		-1.0
	46124.99999996	6.86607		-1.95831  0.2  0.2		0.0		-1.0
	46169.99999996	6.94352		-1.61889  0.2  0.2		0.0		-1.0
	46214.99999996	6.89898		-1.9291  0.2  0.2		0.0		-1.0
	46259.99999996	6.63452		-2.00041  0.2  0.2		0.0		-1.0
	46304.99999996	6.4831		-2.34629  0.2  0.2		0.0		-1.0
	46349.99999996	6.62973		-2.30799  0.2  0.2		0.0		-1.0
	46394.99999996	6.82261		-2.56928  0.2  0.2		0.0		-1.0
	46439.99999996	6.81551		-2.39832  0.2  0.2		0.0		-1.0
	46484.99999996	6.69167		-2.22308  0.2  0.2		0.0		-1.0
	46529.99999996	6.93638		-2.03287  0.2  0.2		0.0		-1.0
	46574.99999996	6.99778		-2.02678  0.2  0.2		0.0		-1.0
	46619.99999996	6.60717		-2.52155  0.2  0.2		0.0		-1.0
	46664.99999996	6.50838		2.59646  0.2  0.2		0.0		-1.0
	46709.99999996	6.58932		2.37418  0.2  0.2		0.0		-1.0
	46754.99999995	6.68491		1.60433  0.2  0.2		0.0		-1.0
	46799.99999995	6.57976		1.88667  0.2  0.2		0.0		-1.0
	46844.99999995	6.95046		1.8761  0.2  0.2		0.0		-1.0
	46889.99999995	6.57213		2.00296  0.2  0.2		0.0		-1.0
	46934.99999995	6.86742		1.86298  0.2  0.2		0.0		-1.0
	46979.99999995	6.56546		1.78717  0.2  0.2		0.0		-1.0
	47024.99999995	6.6462		1.41212  0.2  0.2		0.0		-1.0
	47069.99999995	6.98769		0.61726  0.2  0.2		0.0		-1.0
	47114.99999995	6.87827		-0.07066  0.2  0.2		0.0		-1.0
	47159.99999995	6.68952		-1.01622  0.2  0.2		0.0		-1.0
	47204.99999995	6.95526		-1.07622  0.2  0.2		0.0		-1.0
	47249.99999995	6.73046		-1.4336  0.2  0.2		0.0		-1.0
	47294.99999995	6.4694		-1.20681  0.2  0.2		0.0		-1.0
	47339.99999995	5.91512		-1.62181  0.2  0.2		0.0		-1.0
	47384.99999995	6.60401		-1.47985  0.2  0.2		0.0		-1.0
	47429.99999995	6.54392		-1.89426  0.2  0.2		0.0		-1.0
	47474.99999995	6.87675		-1.95483  0.2  0.2		0.0		-1.0
	47519.99999995	6.05764		-2.22149  0.2  0.2		0.0		-1.0
	47564.99999995	6.44465		-2.40756  0.2  0.2		0.0		-1.0
	47609.99999995	6.84121		-2.66318  0.2  0.2		0.0		-1.0
	47654.99999995	6.80095		-2.87527  0.2  0.2		0.0		-1.0
	47699.99999995	6.33943		2.84216  0.2  0.2		0.0		-1.0
	47744.99999995	6.34181		2.59374  0.2  0.2		0.0		-1.0
	47789.99999995	6.59018		2.23613  0.2  0.2		0.0		-1.0
	47834.99999995	6.60047		2.04512  0.2  0.2		0.0		-1.0
	47879.99999995	6.82611		1.64771  0.2  0.2		0.0		-1.0
	47924.99999995	6.96036		1.47482  0.2  0.2		0.0		-1.0
	47969.99999995	6.90843		1.22295  0.2  0.2		0.0		-1.0
	48014.99999995	6.38395		1.15666  0.2  0.2		0.0		-1.0
	48059.99999995	5.88651		1.08519  0.2  0.2		0.0		-1.0
	48104.99999995	6.06963		0.97726  0.2  0.2		0.0		-1.0
	48149.99999995	6.55604		0.95001  0.2  0.2		0.0		-1.0
	48194.99999995	6.99215		0.87012  0.2  0.2		0.0		-1.0
	48239.99999995	6.67391		0.86745  0.2  0.2		0.0		-1.0
	48284.99999995	6.25958		0.82512  0.2  0.2		0.0		-1.0
	48329.99999995	6.12576		0.70172  0.2  0.2		0.0		-1.0
	48374.99999995	6.44636		0.62376  0.2  0.2		0.0		-1.0
	48419.99999995	6.80502		0.3694  0.2  0.2		0.0		-1.0
	48464.99999995	6.76816		0.23804  0.2  0.2		0.0		-1.0
	48509.99999995	6.1674		0.16428  0.2  0.2		0.0		-1.0
	48554.99999995	5.92566		0.02774  0.2  0.2		0.0		-1.0
	48599.99999995	6.05675		-0.05496  0.2  0.2		0.0		-1.0
	48644.99999995	6.32861		-0.28251  0.2  0.2		0.0		-1.0
	48689.99999995	6.97488		-0.26895  0.2  0.2		0.0		-1.0
	48734.99999995	6.61261		-0.44436  0.2  0.2		0.0		-1.0
	48779.99999995	6.55497		-0.36367  0.2  0.2		0.0		-1.0
	48824.99999995	5.92106		-0.63466  0.2  0.2		0.0		-1.0
	48869.99999995	5.83491		-0.81681  0.2  0.2		0.0		-1.0
	48914.99999995	5.90732		-0.95266  0.2  0.2		0.0		-1.0
	48959.99999995	6.34255		-0.97401  0.2  0.2		0.0		-1.0
	49004.99999995	6.88624		-1.11515  0.2  0.2		0.0		-1.0
	49049.99999995	6.85088		-1.15721  0.2  0.2		0.0		-1.0
	49094.99999995	6.45659		-1.55508  0.2  0.2		0.0		-1.0
	49139.99999995	6.35972		-1.39883  0.2  0.2		0.0		-1.0
	49184.99999995	7.01563		-1.81882  0.2  0.2		1.2852639338		-1.0
	49229.99999995	6.48493		-1.65776  0.2  0.2		0.0		-1.0
	49274.99999995	6.51719		-2.1684  0.2  0.2		0.0		-1.0
	49319.99999995	6.81132		-2.01405  0.2  0.2		0.0		-1.0
	49364.99999995	6.55643		-2.47263  0.2  0.2		0.0		-1.0
	49409.99999995	6.21948		-2.56364  0.2  0.2		0.0		-1.0
	49454.99999995	6.87552		-2.61739  0.2  0.2		0.0		-1.0
	49499.99999995	6.79745		-2.62428  0.2  0.2		0.0		-1.0
	49544.99999995	6.59188		-2.66165  0.2  0.2		0.0		-1.0
	49589.99999995	6.29777		-2.39822  0.2  0.2		0.0		-1.0
	49634.99999995	6.5824		-2.34051  0.2  0.2		0.0		-1.0
	49679.99999995	6.64871		-2.10147  0.2  0.2		0.0		-1.0
	49724.99999995	6.77482		-2.87331  0.2  0.2		0.0		-1.0
	49769.99999995	5.85689		2.74236  0.2  0.2		0.0		-1.0
	49814.99999995	6.23388		1.914  0.2  0.2		0.0		-1.0
	49859.99999995	6.96493		1.54152  0.2  0.2		0.0		-1.0
	49904.99999995	6.72844		1.42534  0.2  0.2		0.0		-1.0
	49949.99999995	6.12427		1.34273  0.2  0.2		0.0		-1.0
	49994.99999995	5.81081		1.30498  0.2  0.2		0.0		-1.0
