	45.00000000	2.86647		-0.49585  0.2  0.2		4.1705503158		-1.0
	90.00000000	2.96763		-0.34154  0.2  0.2		4.1705503158		-1.0
	135.00000000	2.91143		0.13462  0.2  0.2		4.1705503158		-1.0
	180.00000000	2.82416		0.73315  0.2  0.2		4.1705503158		-1.0
	225.00000000	2.9919		0.96327  0.2  0.2		4.1705503158		-1.0
	270.00000000	2.83924		1.23765  0.2  0.2		4.1705503158		-1.0
	315.00000000	2.9709		1.54133  0.2  0.2		4.1705503158		-1.0
	360.00000000	2.84976		1.81061  0.2  0.2		4.1705503158		-1.0
	405.00000000	2.97098		2.15558  0.2  0.2		4.1705503158		-1.0
	450.00000000	2.94398		2.61518  0.2  0.2		4.1705503158		-1.0
	495.00000000	2.86063		2.708  0.2  0.2		4.1705503158		-1.0
	540.00000000	3.01144		3.08952  0.2  0.2		4.1705503158		-1.0
	585.00000000	2.87983		-3.05965  0.2  0.2		4.1705503158		-1.0
	630.00000000	2.8847		-2.95987  0.2  0.2		4.1705503158		-1.0
	675.00000000	3.02331		-2.54689  0.2  0.2		4.1705503158		-1.0
	720.00000000	2.8601		-2.18396  0.2  0.2		4.1705503158		-1.0
	765.00000000	2.90082		-1.89076  0.2  0.2		4.1705503158		-1.0
	810.00000000	2.99937		-1.76345  0.2  0.2		4.1705503158		-1.0
	855.00000000	2.92332		-1.2413  0.2  0.2		4.1705503158		-1.0
	900.00000000	2.93285		-1.26692  0.2  0.2		4.1705503158		-1.0
	945.00000000	2.86585		-0.82998  0.2  0.2		4.1705503158		-1.0
	990.00000000	2.88607		-0.50207  0.2  0.2		4.1705503158		-1.0
	1035.00000000	2.9757		0.29217  0.2  0.2		4.1705503158		-1.0
	1080.00000000	3.00018		0.95178  0.2  0.2		4.1705503158		-1.0
	1125.00000000	2.88153		1.0549  0.2  0.2		4.1705503158		-1.0
	1170.00000000	2.81992		1.62554  0.2  0.2		4.1705503158		-1.0
	1215.00000000	2.88655		1.8384  0.2  0.2		4.1705503158		-1.0
	1260.00000000	2.95617		2.22785  0.2  0.2		4.1705503158		-1.0
	1305.00000000	3.08161		2.46598  0.2  0.2		4.1705503158		-1.0
	1350.00000000	2.97562		2.69193  0.2  0.2		4.1705503158		-1.0
	1395.00000000	2.86666		2.99056  0.2  0.2		4.1705503158		-1.0
	1440.00000000	2.77277		-3.09707  0.2  0.2		4.1705503158		-1.0
	1485.00000000	2.86324		-2.61817  0.2  0.2		4.1705503158		-1.0
	1530.00000000	2.94531		-2.42483  0.2  0.2		4.1705503158		-1.0
	1575.00000000	3.07243		-2.05141  0.2  0.2		4.1705503158		-1.0
	1620.00000000	2.89249		-1.77511  0.2  0.2		4.1705503158		-1.0
	1665.00000000	2.8216		-0.77023  0.2  0.2		4.1705503158		-1.0
	1710.00000000	2.8665		-0.6343  0.2  0.2		4.1705503158		-1.0
	1755.00000000	3.03702		0.43622  0.2  0.2		4.1705503158		-1.0
	1800.00000000	2.96653		0.77239  0.2  0.2		4.1705503158		-1.0
	1845.00000000	3.06613		0.70637  0.2  0.2		4.1705503158		-1.0
	1890.00000000	3.04053		1.11198  0.2  0.2		4.1705503158		-1.0
	1935.00000000	2.87036		0.70896  0.2  0.2		4.1705503158		-1.0
	1980.00000000	2.75425		0.27614  0.2  0.2		4.1705503158		-1.0
	2025.00000000	2.85102		0.15024  0.2  0.2		4.1705503158		-1.0
	2070.00000000	3.05669		-0.12582  0.2  0.2		4.1705503158		-1.0
	2115.00000000	3.06111		-0.03126  0.2  0.2		4.1705503158		-1.0
	2160.00000000	2.85402		0.01392  0.2  0.2		4.1705503158		-1.0
	2205.00000000	2.76521		0.44572  0.2  0.2		4.1705503158		-1.0
	2250.00000000	2.65898		0.55212  0.2  0.2		4.1705503158		-1.0
	2295.00000000	2.75022		0.26084  0.2  0.2		4.1705503158		-1.0
	2340.00000000	2.85638		0.39091  0.2  0.2		4.1705503158		-1.0
	2385.00000000	3.03971		-0.31677  0.2  0.2		4.1705503158		-1.0
	2430.00000000	3.04537		-0.92071  0.2  0.2		4.1705503158		-1.0
	2475.00000000	2.9616		-1.4295  0.2  0.2		4.1705503158		-1.0
	2520.00000000	2.89039		-2.01182  0.2  0.2		4.1705503158		-1.0
	2565.00000000	2.78012		-2.62088  0.2  0.2		4.1705503158		-1.0
	2610.00000000	2.87146		-2.55836  0.2  0.2		4.1705503158		-1.0
	2655.00000000	2.91383		-2.89667  0.2  0.2		4.1705503158		-1.0
	2700.00000000	2.83301		-2.42753  0.2  0.2		4.1705503158		-1.0
	2745.00000000	2.8475		-2.66016  0.2  0.2		4.1705503158		-1.0
	2790.00000000	2.86433		-2.09646  0.2  0.2		4.1705503158		-1.0
	2835.00000000	3.05084		-2.31795  0.2  0.2		4.1705503158		-1.0
	2880.00000000	2.92613		-2.00657  0.2  0.2		4.1705503158		-1.0
	2925.00000000	2.79362		-2.18853  0.2  0.2		4.1705503158		-1.0
	2970.00000000	2.83616		-1.69734  0.2  0.2		4.1705503158		-1.0
	3015.00000000	2.79454		-1.93759  0.2  0.2		4.1705503158		-1.0
	3060.00000000	3.02642		-1.91344  0.2  0.2		4.1705503158		-1.0
	3105.00000000	2.99922		-1.64544  0.2  0.2		4.1705503158		-1.0
	3150.00000000	3.03266		-1.32968  0.2  0.2		4.1705503158		-1.0
	3195.00000000	2.94973		-1.09011  0.2  0.2		4.1705503158		-1.0
	3240.00000000	2.98584		-0.4697  0.2  0.2		4.1705503158		-1.0
	3285.00000000	3.06673		0.29195  0.2  0.2		4.1705503158		-1.0
	3330.00000000	3.04108		1.13771  0.2  0.2		4.1705503158		-1.0
	3375.00000000	2.92327		1.3852  0.2  0.2		4.1705503158		-1.0
	3420.00000000	2.88026		1.80604  0.2  0.2		4.1705503158		-1.0
	3465.00000000	2.8071		2.3084  0.2  0.2		4.1705503158		-1.0
	3510.00000000	2.89281		2.54506  0.2  0.2		4.1705503158		-1.0
	3555.00000000	2.92906		1.93985  0.2  0.2		4.1705503158		-1.0
	3600.00000000	2.97594		2.02876  0.2  0.2		4.1705503158		-1.0
	3645.00000000	3.05078		1.73324  0.2  0.2		4.1705503158		-1.0
	3690.00000000	3.00113		1.70876  0.2  0.2		4.1705503158		-1.0
	3735.00000000	2.97781		1.49264  0.2  0.2		4.1705503158		-1.0
	3780.00000000	2.87375		1.1911  0.2  0.2		4.1705503158		-1.0
	3825.00000000	2.94192		0.61402  0.2  0.2		4.1705503158		-1.0
	3870.00000000	2.86088		-0.11391  0.2  0.2		4.1705503158		-1.0
	3915.00000000	2.80092		-0.5556  0.2  0.2		4.1705503158		-1.0
	3960.00000000	2.85722		-0.97938  0.2  0.2		4.1705503158		-1.0
	4005.00000000	2.77051		-0.8568  0.2  0.2		4.1705503158		-1.0
	4050.00000000	2.77532		-1.50519  0.2  0.2		4.1705503158		-1.0
	4095.00000000	2.81599		-1.57308  0.2  0.2		4.1705503158		-1.0
	4140.00000000	2.87464		-1.20842  0.2  0.2		4.1705503158		-1.0
	4185.00000000	3.10419		-1.5257  0.2  0.2		4.1705503158		-1.0
	4230.00000000	2.85233		-1.37653  0.2  0.2		4.1705503158		-1.0
	4275.00000000	2.96649		-1.43101  0.2  0.2		4.1705503158		-1.0
	4320.00000000	2.9683		-1.02371  0.2  0.2		4.1705503158		-1.0
	4365.00000000	2.89825		-0.9065  0.2  0.2		4.1705503158		-1.0
	4410.00000000	2.80228		-0.4116  0.2  0.2		4.1705503158		-1.0
	4455.00000000	2.91782		0.45013  0.2  0.2		4.1705503158		-1.0
	4500.00000000	3.0203		0.81539  0.2  0.2		4.1705503158		-1.0
	4545.00000000	2.90982		1.335  0.2  0.2		4.1705503158		-1.0
	4590.00000000	3.07043		1.52111  0.2  0.2		4.1705503158		-1.0
	4635.00000000	3.01647		1.9756  0.2  0.2		4.1705503158		-1.0
	4680.00000000	3.03515		2.30288  0.2  0.2		4.1705503158		-1.0
	4725.00000000	3.05618		2.38534  0.2  0.2		4.1705503158		-1.0
	4770.00000000	3.11691		2.74592  0.2  0.2		4.1705503158		-1.0
	4815.00000000	3.02455		2.92967  0.2  0.2		4.1705503158		-1.0
	4860.00000000	3.17707		-2.79373  0.2  0.2		4.1705503158		-1.0
	4905.00000000	3.16835		-2.66956  0.2  0.2		4.1705503158		-1.0
	4950.00000000	2.83719		-2.28161  0.2  0.2		4.1705503158		-1.0
	4995.00000000	3.18862		-2.20276  0.2  0.2		4.1705503158		-1.0
	5040.00000000	2.85945		-2.01778  0.2  0.2		4.1705503158		-1.0
	5085.00000000	2.90783		-1.62464  0.2  0.2		4.1705503158		-1.0
	5130.00000000	3.06678		-1.93285  0.2  0.2		4.1705503158		-1.0
	5175.00000000	2.75662		-1.58594  0.2  0.2		4.1705503158		-1.0
	5220.00000000	3.2209		-1.69053  0.2  0.2		4.1705503158		-1.0
	5265.00000000	3.26255		-1.56928  0.2  0.2		4.1705503158		-1.0
	5310.00000000	2.92628		-1.45216  0.2  0.2		4.1705503158		-1.0
	5355.00000000	2.88432		-1.24692  0.2  0.2		4.1705503158		-1.0
	5400.00000000	3.05365		-0.9228  0.2  0.2		4.1705503158		-1.0
	5445.00000000	3.0388		-0.26191  0.2  0.2		4.1705503158		-1.0
	5490.00000000	3.05188		-0.01745  0.2  0.2		4.1705503158		-1.0
	5535.00000000	2.95891		0.81491  0.2  0.2		4.1705503158		-1.0
	5580.00000000	3.12287		0.62728  0.2  0.2		4.1705503158		-1.0
	5625.00000000	2.72319		1.21616  0.2  0.2		4.1705503158		-1.0
	5670.00000000	2.82255		1.45724  0.2  0.2		4.1705503158		-1.0
	5715.00000000	3.19836		1.71744  0.2  0.2		4.1705503158		-1.0
	5760.00000000	2.91647		2.32477  0.2  0.2		4.1705503158		-1.0
	5805.00000000	2.87731		2.59857  0.2  0.2		4.1705503158		-1.0
	5850.00000000	3.0188		2.98586  0.2  0.2		4.1705503158		-1.0
	5895.00000000	3.09797		-2.99871  0.2  0.2		4.1705503158		-1.0
	5940.00000000	3.04392		-2.86556  0.2  0.2		4.1705503158		-1.0
	5985.00000000	2.78865		-2.4704  0.2  0.2		4.1705503158		-1.0
	6030.00000000	2.98283		-2.26968  0.2  0.2		4.1705503158		-1.0
	6075.00000000	3.00746		-2.25193  0.2  0.2		4.1705503158		-1.0
	6120.00000000	3.02164		-2.32094  0.2  0.2		4.1705503158		-1.0
	6165.00000000	2.98576		-2.58292  0.2  0.2		4.1705503158		-1.0
	6210.00000000	2.81795		-2.78566  0.2  0.2		4.1705503158		-1.0
	6255.00000000	3.06736		2.99998  0.2  0.2		4.1705503158		-1.0
	6300.00000000	3.1631		2.83153  0.2  0.2		4.1705503158		-1.0
	6345.00000000	2.91813		2.29348  0.2  0.2		4.1705503158		-1.0
	6390.00000000	2.87078		2.03577  0.2  0.2		4.1705503158		-1.0
	6435.00000000	3.23655		1.67667  0.2  0.2		4.1705503158		-1.0
	6480.00000000	3.1276		1.47997  0.2  0.2		4.1705503158		-1.0
	6525.00000000	2.94109		1.31287  0.2  0.2		4.1705503158		-1.0
	6570.00000000	2.6938		0.98497  0.2  0.2		4.1705503158		-1.0
	6615.00000000	3.06753		0.56351  0.2  0.2		4.1705503158		-1.0
	6660.00000000	2.77677		-0.3085  0.2  0.2		4.1705503158		-1.0
	6705.00000000	2.80429		-0.94256  0.2  0.2		4.1705503158		-1.0
	6750.00000000	3.36414		-1.10994  0.2  0.2		4.1705503158		-1.0
	6795.00000000	3.18245		-1.38165  0.2  0.2		4.1705503158		-1.0
	6840.00000000	2.74728		-1.72086  0.2  0.2		4.1705503158		-1.0
	6885.00000000	3.11762		-1.89684  0.2  0.2		4.1705503158		-1.0
	6930.00000000	2.86908		-2.13043  0.2  0.2		4.1705503158		-1.0
	6975.00000000	2.767		-2.53179  0.2  0.2		4.1705503158		-1.0
	7020.00000000	3.00921		-2.81692  0.2  0.2		4.1705503158		-1.0
	7065.00000000	2.80711		3.08442  0.2  0.2		4.1705503158		-1.0
	7110.00000000	2.8028		2.52295  0.2  0.2		4.1705503158		-1.0
	7155.00000000	2.89214		2.31471  0.2  0.2		4.1705503158		-1.0
	7200.00000000	2.77698		1.93762  0.2  0.2		4.1705503158		-1.0
	7245.00000000	2.75808		1.81587  0.2  0.2		4.1705503158		-1.0
	7290.00000000	2.75744		1.65782  0.2  0.2		4.1705503158		-1.0
	7335.00000000	2.73846		1.41748  0.2  0.2		4.1705503158		-1.0
	7380.00000000	3.19992		1.2372  0.2  0.2		4.1705503158		-1.0
	7425.00000000	2.8383		0.81212  0.2  0.2		4.1705503158		-1.0
	7470.00000000	2.9828		0.00814  0.2  0.2		4.1705503158		-1.0
	7515.00000000	3.04767		-0.50464  0.2  0.2		4.1705503158		-1.0
	7560.00000000	2.86248		-0.83216  0.2  0.2		4.1705503158		-1.0
	7605.00000000	2.83037		-0.686  0.2  0.2		4.1705503158		-1.0
	7650.00000000	3.1814		-0.65188  0.2  0.2		4.1705503158		-1.0
	7695.00000000	3.14878		-0.26863  0.2  0.2		4.1705503158		-1.0
	7740.00000000	2.70907		0.1425  0.2  0.2		4.1705503158		-1.0
	7785.00000000	2.6558		0.79317  0.2  0.2		4.1705503158		-1.0
	7830.00000000	3.15625		0.94016  0.2  0.2		4.1705503158		-1.0
	7875.00000000	2.75843		1.11737  0.2  0.2		4.1705503158		-1.0
	7920.00000000	3.14383		1.1425  0.2  0.2		4.1705503158		-1.0
	7965.00000000	2.92686		1.48061  0.2  0.2		4.1705503158		-1.0
	8010.00000000	2.81653		1.46863  0.2  0.2		4.1705503158		-1.0
	8055.00000000	3.10279		1.8459  0.2  0.2		4.1705503158		-1.0
	8100.00000000	2.71282		2.03618  0.2  0.2		4.1705503158		-1.0
	8145.00000000	3.23008		2.26556  0.2  0.2		4.1705503158		-1.0
	8190.00000000	2.8313		2.59429  0.2  0.2		4.1705503158		-1.0
	8235.00000000	2.83643		2.8641  0.2  0.2		4.1705503158		-1.0
	8280.00000000	2.93547		-2.9562  0.2  0.2		4.1705503158		-1.0
	8325.00000000	3.06005		-2.82129  0.2  0.2		4.1705503158		-1.0
	8370.00000000	3.16868		-2.60752  0.2  0.2		4.1705503158		-1.0
	8415.00000000	3.21359		-2.16393  0.2  0.2		4.1705503158		-1.0
	8460.00000000	3.28444		-2.3524  0.2  0.2		4.1705503158		-1.0
	8505.00000000	3.23604		-1.8525  0.2  0.2		4.1705503158		-1.0
	8550.00000000	3.27496		-1.91662  0.2  0.2		4.1705503158		-1.0
	8595.00000000	2.818		-1.64517  0.2  0.2		4.1705503158		-1.0
	8640.00000000	2.73313		-1.77047  0.2  0.2		4.1705503158		-1.0
	8685.00000000	3.1631		-1.43339  0.2  0.2		4.1705503158		-1.0
	8730.00000000	2.83987		-1.17647  0.2  0.2		4.1705503158		-1.0
	8775.00000000	2.9518		-0.68114  0.2  0.2		4.1705503158		-1.0
	8820.00000000	2.62653		-0.16283  0.2  0.2		4.1705503158		-1.0
	8865.00000000	2.70625		0.57611  0.2  0.2		4.1705503158		-1.0
	8910.00000000	2.90824		0.64558  0.2  0.2		4.1705503158		-1.0
	8955.00000000	3.22488		1.10355  0.2  0.2		4.1705503158		-1.0
	9000.00000000	2.95667		1.16668  0.2  0.2		4.1705503158		-1.0
	9045.00000000	2.98093		1.61156  0.2  0.2		4.1705503158		-1.0
	9090.00000000	3.40324		1.42915  0.2  0.2		4.1705503158		-1.0
	9135.00000000	2.9488		2.16433  0.2  0.2		4.1705503158		-1.0
	9180.00000000	2.78977		2.25231  0.2  0.2		4.1705503158		-1.0
	9225.00000000	2.83771		2.62249  0.2  0.2		4.1705503158		-1.0
	9270.00000000	2.83158		2.79184  0.2  0.2		4.1705503158		-1.0
	9315.00000000	2.88952		2.72929  0.2  0.2		4.1705503158		-1.0
	9360.00000000	2.82718		3.00794  0.2  0.2		4.1705503158		-1.0
	9405.00000000	2.76389		2.97446  0.2  0.2		4.1705503158		-1.0
	9450.00000000	3.25818		-3.12336  0.2  0.2		4.1705503158		-1.0
	9495.00000000	2.96681		-2.91475  0.2  0.2		4.1705503158		-1.0
	9540.00000000	2.91678		-2.78891  0.2  0.2		4.1705503158		-1.0
	9585.00000000	2.76587		-2.45761  0.2  0.2		4.1705503158		-1.0
	9630.00000000	2.69611		-2.55027  0.2  0.2		4.1705503158		-1.0
	9675.00000000	3.30997		-2.03345  0.2  0.2		4.1705503158		-1.0
	9720.00000000	2.72486		-2.11092  0.2  0.2		4.1705503158		-1.0
	9765.00000000	3.11909		-1.82953  0.2  0.2		4.1705503158		-1.0
	9810.00000000	2.84885		-1.975  0.2  0.2		4.1705503158		-1.0
	9855.00000000	2.97306		-1.74948  0.2  0.2		4.1705503158		-1.0
	9900.00000000	3.19526		-1.63275  0.2  0.2		4.1705503158		-1.0
	9945.00000000	3.16277		-1.27336  0.2  0.2		4.1705503158		-1.0
	9990.00000000	3.24951		-0.81738  0.2  0.2		4.1705503158		-1.0
	10035.00000000	3.04995		0.03412  0.2  0.2		4.1705503158		-1.0
	10080.00000000	3.28701		0.55274  0.2  0.2		4.1705503158		-1.0
	10125.00000000	2.83457		0.65393  0.2  0.2		4.1705503158		-1.0
	10170.00000000	2.71529		1.25168  0.2  0.2		4.1705503158		-1.0
	10215.00000000	3.35088		0.79786  0.2  0.2		4.1705503158		-1.0
	10260.00000000	2.64687		1.23176  0.2  0.2		4.1705503158		-1.0
	10305.00000000	2.91356		0.4652  0.2  0.2		4.1705503158		-1.0
	10350.00000000	3.23701		0.33997  0.2  0.2		4.1705503158		-1.0
	10395.00000000	2.69083		-0.33561  0.2  0.2		4.1705503158		-1.0
	10440.00000000	3.10384		-0.46314  0.2  0.2		4.1705503158		-1.0
	10485.00000000	3.20375		-0.73451  0.2  0.2		4.1705503158		-1.0
	10530.00000000	2.65977		-0.81528  0.2  0.2		4.1705503158		-1.0
	10575.00000000	3.11087		-0.79729  0.2  0.2		4.1705503158		-1.0
	10620.00000000	3.27304		-0.49673  0.2  0.2		4.1705503158		-1.0
	10665.00000000	2.74307		-0.07899  0.2  0.2		4.1705503158		-1.0
	10710.00000000	3.17922		0.36282  0.2  0.2		4.1705503158		-1.0
	10755.00000000	3.21029		0.35812  0.2  0.2		4.1705503158		-1.0
	10800.00000000	2.71518		0.51943  0.2  0.2		4.1705503158		-1.0
	10845.00000001	3.23384		0.03895  0.2  0.2		4.1705503158		-1.0
	10890.00000001	3.27183		-0.26311  0.2  0.2		4.1705503158		-1.0
	10935.00000001	2.87165		-0.23039  0.2  0.2		4.1705503158		-1.0
	10980.00000001	3.05114		-0.21191  0.2  0.2		4.1705503158		-1.0
	11025.00000001	3.17437		0.44585  0.2  0.2		4.1705503158		-1.0
	11070.00000001	3.2545		0.95255  0.2  0.2		4.1705503158		-1.0
	11115.00000001	2.85885		0.81409  0.2  0.2		4.1705503158		-1.0
	11160.00000001	3.0604		1.5257  0.2  0.2		4.1705503158		-1.0
	11205.00000001	3.15558		1.99577  0.2  0.2		4.1705503158		-1.0
	11250.00000001	3.14149		2.45269  0.2  0.2		4.1705503158		-1.0
	11295.00000001	3.07092		2.92824  0.2  0.2		4.1705503158		-1.0
	11340.00000001	3.0191		-2.98521  0.2  0.2		4.1705503158		-1.0
	11385.00000001	3.38031		-2.61751  0.2  0.2		4.1705503158		-1.0
	11430.00000001	2.8642		-2.33991  0.2  0.2		4.1705503158		-1.0
	11475.00000001	3.09842		-2.22234  0.2  0.2		4.1705503158		-1.0
	11520.00000001	3.26206		-2.01441  0.2  0.2		4.1705503158		-1.0
	11565.00000001	2.76575		-1.66844  0.2  0.2		4.1705503158		-1.0
	11610.00000001	2.75312		-1.51165  0.2  0.2		4.1705503158		-1.0
	11655.00000001	3.13046		-1.14497  0.2  0.2		4.1705503158		-1.0
	11700.00000001	2.81933		-0.53198  0.2  0.2		4.1705503158		-1.0
	11745.00000001	2.83698		0.39664  0.2  0.2		4.1705503158		-1.0
	11790.00000001	2.81228		0.05007  0.2  0.2		4.1705503158		-1.0
	11835.00000001	2.85336		0.29495  0.2  0.2		4.1705503158		-1.0
	11880.00000001	2.7282		-0.3315  0.2  0.2		4.1705503158		-1.0
	11925.00000001	2.73711		-0.59318  0.2  0.2		4.1705503158		-1.0
	11970.00000001	2.70787		-0.87268  0.2  0.2		4.1705503158		-1.0
	12015.00000001	3.26366		-0.75158  0.2  0.2		4.1705503158		-1.0
	12060.00000001	3.16987		-1.05155  0.2  0.2		4.1705503158		-1.0
	12105.00000001	3.30646		-1.06461  0.2  0.2		4.1705503158		-1.0
	12150.00000001	2.90494		-0.9969  0.2  0.2		4.1705503158		-1.0
	12195.00000001	2.80408		-1.14859  0.2  0.2		4.1705503158		-1.0
	12240.00000001	2.66974		-1.18807  0.2  0.2		4.1705503158		-1.0
	12285.00000001	2.69209		-1.29829  0.2  0.2		4.1705503158		-1.0
	12330.00000001	3.43453		-1.29148  0.2  0.2		4.1705503158		-1.0
	12375.00000001	2.71474		-1.32415  0.2  0.2		4.1705503158		-1.0
	12420.00000001	3.30237		-1.56343  0.2  0.2		4.1705503158		-1.0
	12465.00000001	3.37254		-1.40788  0.2  0.2		4.1705503158		-1.0
	12510.00000001	3.11686		-1.60002  0.2  0.2		4.1705503158		-1.0
	12555.00000001	3.44117		-1.93264  0.2  0.2		4.1705503158		-1.0
	12600.00000001	3.06529		-1.81586  0.2  0.2		4.1705503158		-1.0
	12645.00000001	2.84374		-2.33855  0.2  0.2		4.1705503158		-1.0
	12690.00000001	2.75861		-2.16033  0.2  0.2		4.1705503158		-1.0
	12735.00000001	3.30976		-2.54834  0.2  0.2		4.1705503158		-1.0
	12780.00000001	3.02896		-2.58163  0.2  0.2		4.1705503158		-1.0
	12825.00000001	3.22622		-2.71889  0.2  0.2		4.1705503158		-1.0
	12870.00000001	3.25336		-3.04164  0.2  0.2		4.1705503158		-1.0
	12915.00000001	3.24262		3.05298  0.2  0.2		4.1705503158		-1.0
	12960.00000001	3.25529		2.50499  0.2  0.2		4.1705503158		-1.0
	13005.00000001	3.20727		2.48853  0.2  0.2		4.1705503158		-1.0
	13050.00000001	3.12711		1.93235  0.2  0.2		4.1705503158		-1.0
	13095.00000001	3.15238		1.71471  0.2  0.2		4.1705503158		-1.0
	13140.00000001	3.23108		1.8458  0.2  0.2		4.1705503158		-1.0
	13185.00000001	3.24304		1.30412  0.2  0.2		4.1705503158		-1.0
	13230.00000001	3.34369		1.45178  0.2  0.2		4.1705503158		-1.0
	13275.00000001	2.97369		1.13146  0.2  0.2		4.1705503158		-1.0
	13320.00000001	3.18513		0.71661  0.2  0.2		4.1705503158		-1.0
	13365.00000001	3.13711		0.0092  0.2  0.2		4.1705503158		-1.0
	13410.00000001	3.10212		-0.44895  0.2  0.2		4.1705503158		-1.0
	13455.00000001	3.19967		-0.77142  0.2  0.2		4.1705503158		-1.0
	13500.00000001	3.08362		-1.26842  0.2  0.2		4.1705503158		-1.0
	13545.00000001	3.0064		-1.5361  0.2  0.2		4.1705503158		-1.0
	13590.00000001	3.47533		-1.99753  0.2  0.2		4.1705503158		-1.0
	13635.00000001	2.56699		-1.95414  0.2  0.2		4.1705503158		-1.0
	13680.00000001	3.3303		-2.44255  0.2  0.2		4.1705503158		-1.0
	13725.00000001	2.98615		-2.24762  0.2  0.2		4.1705503158		-1.0
	13770.00000001	2.96815		-2.5579  0.2  0.2		4.1705503158		-1.0
	13815.00000001	2.61337		-2.43086  0.2  0.2		4.1705503158		-1.0
	13860.00000001	2.71813		-3.02228  0.2  0.2		4.1705503158		-1.0
	13905.00000001	2.76911		-3.07284  0.2  0.2		4.1705503158		-1.0
	13950.00000001	2.75234		2.40878  0.2  0.2		4.1705503158		-1.0
	13995.00000001	2.72855		1.80182  0.2  0.2		4.1705503158		-1.0
	14040.00000001	2.69382		1.527  0.2  0.2		4.1705503158		-1.0
	14085.00000001	2.81111		0.97974  0.2  0.2		4.1705503158		-1.0
	14130.00000001	2.70709		0.62888  0.2  0.2		4.1705503158		-1.0
	14175.00000001	2.73137		-0.36765  0.2  0.2		4.1705503158		-1.0
	14220.00000001	2.72706		-0.94225  0.2  0.2		4.1705503158		-1.0
	14265.00000000	2.73689		-0.61371  0.2  0.2		4.1705503158		-1.0
	14310.00000000	2.71175		0.21656  0.2  0.2		4.1705503158		-1.0
	14355.00000000	3.33616		0.68071  0.2  0.2		4.1705503158		-1.0
	14400.00000000	3.19791		0.06242  0.2  0.2		4.1705503158		-1.0
	14445.00000000	2.64882		-0.10174  0.2  0.2		4.1705503158		-1.0
	14490.00000000	2.94427		-0.02016  0.2  0.2		4.1705503158		-1.0
	14535.00000000	3.40508		0.24558  0.2  0.2		4.1705503158		-1.0
	14580.00000000	2.91412		0.07913  0.2  0.2		4.1705503158		-1.0
	14625.00000000	2.78776		-0.2515  0.2  0.2		4.1705503158		-1.0
	14670.00000000	3.13189		-0.58931  0.2  0.2		4.1705503158		-1.0
	14715.00000000	3.41733		-0.6694  0.2  0.2		4.1705503158		-1.0
	14760.00000000	3.36914		-0.04627  0.2  0.2		4.1705503158		-1.0
	14805.00000000	3.02533		0.18527  0.2  0.2		4.1705503158		-1.0
	14850.00000000	2.91753		0.48467  0.2  0.2		4.1705503158		-1.0
	14895.00000000	2.73678		0.96029  0.2  0.2		4.1705503158		-1.0
	14940.00000000	2.69618		0.96521  0.2  0.2		4.1705503158		-1.0
	14985.00000000	3.17237		1.06796  0.2  0.2		4.1705503158		-1.0
	15030.00000000	3.10952		1.27011  0.2  0.2		4.1705503158		-1.0
	15075.00000000	3.07851		1.50656  0.2  0.2		4.1705503158		-1.0
	15120.00000000	2.86999		1.78249  0.2  0.2		4.1705503158		-1.0
	15165.00000000	2.77988		2.0243  0.2  0.2		4.1705503158		-1.0
	15210.00000000	3.33484		2.23401  0.2  0.2		4.1705503158		-1.0
	15255.00000000	3.19861		2.59119  0.2  0.2		4.1705503158		-1.0
	15300.00000000	3.21423		2.84324  0.2  0.2		4.1705503158		-1.0
	15345.00000000	3.01131		-3.11962  0.2  0.2		4.1705503158		-1.0
	15390.00000000	3.10912		-2.95824  0.2  0.2		4.1705503158		-1.0
	15435.00000000	3.2792		-2.72461  0.2  0.2		4.1705503158		-1.0
	15480.00000000	3.30312		-2.17872  0.2  0.2		4.1705503158		-1.0
	15525.00000000	3.19278		-2.38687  0.2  0.2		4.1705503158		-1.0
	15570.00000000	3.07158		-1.94928  0.2  0.2		4.1705503158		-1.0
	15615.00000000	2.59636		-2.00165  0.2  0.2		4.1705503158		-1.0
	15660.00000000	2.61469		-2.00284  0.2  0.2		4.1705503158		-1.0
	15705.00000000	2.59948		-1.9337  0.2  0.2		4.1705503158		-1.0
	15750.00000000	2.661		-2.21854  0.2  0.2		4.1705503158		-1.0
	15795.00000000	2.84804		-2.13779  0.2  0.2		4.1705503158		-1.0
	15840.00000000	2.86624		-2.31378  0.2  0.2		4.1705503158		-1.0
	15885.00000000	2.70119		-2.61031  0.2  0.2		4.1705503158		-1.0
	15930.00000000	2.69131		-2.85634  0.2  0.2		4.1705503158		-1.0
	15975.00000000	2.79184		2.95179  0.2  0.2		4.1705503158		-1.0
	16020.00000000	2.72613		2.51984  0.2  0.2		4.1705503158		-1.0
	16065.00000000	2.78325		2.17382  0.2  0.2		4.1705503158		-1.0
	16110.00000000	2.70786		1.80712  0.2  0.2		4.1705503158		-1.0
	16155.00000000	2.74277		1.50206  0.2  0.2		4.1705503158		-1.0
	16200.00000000	2.74899		0.92852  0.2  0.2		4.1705503158		-1.0
	16245.00000000	3.20759		0.7073  0.2  0.2		4.1705503158		-1.0
	16290.00000000	3.1931		0.89393  0.2  0.2		4.1705503158		-1.0
	16335.00000000	3.05379		0.46839  0.2  0.2		4.1705503158		-1.0
	16380.00000000	3.31482		-0.44421  0.2  0.2		4.1705503158		-1.0
	16425.00000000	3.28725		-0.18413  0.2  0.2		4.1705503158		-1.0
	16470.00000000	2.77018		-0.48225  0.2  0.2		4.1705503158		-1.0
	16515.00000000	3.51716		-0.66736  0.2  0.2		4.1705503158		-1.0
	16560.00000000	2.8963		-0.75437  0.2  0.2		4.1705503158		-1.0
	16605.00000000	3.22122		-0.82941  0.2  0.2		4.1705503158		-1.0
	16650.00000000	3.1332		-1.25057  0.2  0.2		4.1705503158		-1.0
	16695.00000000	3.18137		-1.02245  0.2  0.2		4.1705503158		-1.0
	16740.00000000	3.36006		-1.29552  0.2  0.2		4.1705503158		-1.0
	16785.00000000	2.70247		-1.08541  0.2  0.2		4.1705503158		-1.0
	16830.00000000	2.60378		-1.25485  0.2  0.2		4.1705503158		-1.0
	16875.00000000	3.35775		-0.80121  0.2  0.2		4.1705503158		-1.0
	16920.00000000	3.07483		-0.92716  0.2  0.2		4.1705503158		-1.0
	16965.00000000	3.13863		-0.26346  0.2  0.2		4.1705503158		-1.0
	17010.00000000	3.31535		-0.13564  0.2  0.2		4.1705503158		-1.0
	17055.00000000	3.16638		0.51349  0.2  0.2		4.1705503158		-1.0
	17100.00000000	3.25167		0.91575  0.2  0.2		4.1705503158		-1.0
	17145.00000000	3.26882		1.14981  0.2  0.2		4.1705503158		-1.0
	17190.00000000	2.92952		1.03157  0.2  0.2		4.1705503158		-1.0
	17235.00000000	3.51708		1.34281  0.2  0.2		4.1705503158		-1.0
	17280.00000000	2.71085		1.65227  0.2  0.2		4.1705503158		-1.0
	17325.00000000	3.3407		1.8288  0.2  0.2		4.1705503158		-1.0
	17370.00000000	3.2269		2.10629  0.2  0.2		4.1705503158		-1.0
	17415.00000000	3.10608		2.47327  0.2  0.2		4.1705503158		-1.0
	17460.00000000	3.20156		2.76794  0.2  0.2		4.1705503158		-1.0
	17505.00000000	2.98126		2.97953  0.2  0.2		4.1705503158		-1.0
	17550.00000000	2.8928		3.1115  0.2  0.2		4.1705503158		-1.0
	17595.00000000	2.68458		-2.76127  0.2  0.2		4.1705503158		-1.0
	17640.00000000	2.72966		-2.88583  0.2  0.2		4.1705503158		-1.0
	17685.00000000	2.77488		-2.57194  0.2  0.2		4.1705503158		-1.0
	17730.00000000	2.76533		-2.83864  0.2  0.2		4.1705503158		-1.0
	17775.00000000	2.69776		-2.83687  0.2  0.2		4.1705503158		-1.0
	17820.00000000	2.6901		3.0593  0.2  0.2		4.1705503158		-1.0
	17865.00000000	2.74072		2.70612  0.2  0.2		4.1705503158		-1.0
	17910.00000000	2.81026		2.42309  0.2  0.2		4.1705503158		-1.0
	17955.00000000	2.746		2.12447  0.2  0.2		4.1705503158		-1.0
	18000.00000000	2.76156		1.80491  0.2  0.2		4.1705503158		-1.0
	18045.00000000	3.32274		1.49976  0.2  0.2		4.1705503158		-1.0
	18090.00000000	2.89887		1.46273  0.2  0.2		4.1705503158		-1.0
	18135.00000000	2.67186		1.16667  0.2  0.2		4.1705503158		-1.0
	18180.00000000	2.66576		1.22986  0.2  0.2		4.1705503158		-1.0
	18225.00000000	3.04248		0.89939  0.2  0.2		4.1705503158		-1.0
	18270.00000000	3.21099		0.37853  0.2  0.2		4.1705503158		-1.0
	18315.00000000	2.81449		-0.32065  0.2  0.2		4.1705503158		-1.0
	18360.00000000	2.67553		-0.20845  0.2  0.2		4.1705503158		-1.0
	18405.00000000	2.67795		0.29186  0.2  0.2		4.1705503158		-1.0
	18450.00000000	2.72531		0.68528  0.2  0.2		4.1705503158		-1.0
	18495.00000000	2.73969		0.89359  0.2  0.2		4.1705503158		-1.0
	18540.00000000	2.6834		0.99605  0.2  0.2		4.1705503158		-1.0
	18585.00000000	2.68691		1.09891  0.2  0.2		4.1705503158		-1.0
	18630.00000000	3.48521		0.9789  0.2  0.2		4.1705503158		-1.0
	18675.00000000	3.02863		1.45979  0.2  0.2		4.1705503158		-1.0
	18720.00000000	3.06997		1.45819  0.2  0.2		4.1705503158		-1.0
	18765.00000000	2.87763		1.84317  0.2  0.2		4.1705503158		-1.0
	18810.00000000	2.86026		2.14434  0.2  0.2		4.1705503158		-1.0
	18855.00000000	3.12183		2.46809  0.2  0.2		4.1705503158		-1.0
	18900.00000000	3.26912		2.61522  0.2  0.2		4.1705503158		-1.0
	18945.00000000	3.28513		2.95443  0.2  0.2		4.1705503158		-1.0
	18990.00000000	3.16036		3.03768  0.2  0.2		4.1705503158		-1.0
	19035.00000000	3.24362		-2.92919  0.2  0.2		4.1705503158		-1.0
	19080.00000000	3.24219		-2.69852  0.2  0.2		4.1705503158		-1.0
	19125.00000000	3.48753		-2.64167  0.2  0.2		4.1705503158		-1.0
	19170.00000000	3.23367		-2.41057  0.2  0.2		4.1705503158		-1.0
	19215.00000000	3.11216		-2.20022  0.2  0.2		4.1705503158		-1.0
	19260.00000000	3.16534		-2.14373  0.2  0.2		4.1705503158		-1.0
	19305.00000000	3.26661		-1.92231  0.2  0.2		4.1705503158		-1.0
	19350.00000000	2.84689		-1.79135  0.2  0.2		4.1705503158		-1.0
	19395.00000000	2.7287		-1.40559  0.2  0.2		4.1705503158		-1.0
	19440.00000000	2.78555		-1.16998  0.2  0.2		4.1705503158		-1.0
	19485.00000000	2.65107		-0.58035  0.2  0.2		4.1705503158		-1.0
	19530.00000000	2.79709		0.2732  0.2  0.2		4.1705503158		-1.0
	19575.00000000	2.81115		0.7295  0.2  0.2		4.1705503158		-1.0
	19620.00000000	2.69373		0.90271  0.2  0.2		4.1705503158		-1.0
	19665.00000000	2.59753		1.4297  0.2  0.2		4.1705503158		-1.0
	19710.00000000	2.89486		1.26894  0.2  0.2		4.1705503158		-1.0
	19755.00000000	3.43294		1.45535  0.2  0.2		4.1705503158		-1.0
	19800.00000000	3.44739		1.83399  0.2  0.2		4.1705503158		-1.0
	19845.00000000	2.64647		2.36665  0.2  0.2		4.1705503158		-1.0
	19890.00000000	2.72744		2.81833  0.2  0.2		4.1705503158		-1.0
	19935.00000000	2.71301		2.77675  0.2  0.2		4.1705503158		-1.0
	19980.00000000	2.67034		2.61408  0.2  0.2		4.1705503158		-1.0
	20025.00000000	2.67106		2.29366  0.2  0.2		4.1705503158		-1.0
	20070.00000000	2.70406		2.12364  0.2  0.2		4.1705503158		-1.0
	20115.00000000	2.77423		2.02368  0.2  0.2		4.1705503158		-1.0
	20160.00000000	2.76189		1.49492  0.2  0.2		4.1705503158		-1.0
	20205.00000000	2.63859		1.45273  0.2  0.2		4.1705503158		-1.0
	20250.00000000	2.69592		1.68221  0.2  0.2		4.1705503158		-1.0
	20295.00000000	2.72009		1.3348  0.2  0.2		4.1705503158		-1.0
	20340.00000000	2.72276		1.35882  0.2  0.2		4.1705503158		-1.0
	20385.00000000	2.74598		1.77154  0.2  0.2		4.1705503158		-1.0
	20430.00000000	2.63685		1.92762  0.2  0.2		4.1705503158		-1.0
	20475.00000000	3.63947		2.08713  0.2  0.2		4.1705503158		-1.0
	20520.00000000	2.66406		2.56579  0.2  0.2		4.1705503158		-1.0
	20565.00000000	2.69317		2.83067  0.2  0.2		4.1705503158		-1.0
	20610.00000000	2.70301		-3.06179  0.2  0.2		4.1705503158		-1.0
	20655.00000000	2.79902		-2.92867  0.2  0.2		4.1705503158		-1.0
	20700.00000000	2.67031		-2.6224  0.2  0.2		4.1705503158		-1.0
	20744.99999999	2.67806		-2.14904  0.2  0.2		4.1705503158		-1.0
	20789.99999999	2.70437		-1.89253  0.2  0.2		4.1705503158		-1.0
	20834.99999999	2.79142		-1.57933  0.2  0.2		4.1705503158		-1.0
	20879.99999999	2.73751		-1.42404  0.2  0.2		4.1705503158		-1.0
	20924.99999999	3.05636		-0.78572  0.2  0.2		4.1705503158		-1.0
	20969.99999999	3.42131		-0.55926  0.2  0.2		4.1705503158		-1.0
	21014.99999999	3.45559		0.18499  0.2  0.2		4.1705503158		-1.0
	21059.99999999	3.5246		0.78213  0.2  0.2		4.1705503158		-1.0
	21104.99999999	3.40764		0.90029  0.2  0.2		4.1705503158		-1.0
	21149.99999999	3.4294		1.38992  0.2  0.2		4.1705503158		-1.0
	21194.99999999	3.35196		2.11641  0.2  0.2		4.1705503158		-1.0
	21239.99999999	3.25113		2.04809  0.2  0.2		4.1705503158		-1.0
	21284.99999999	3.41519		2.5828  0.2  0.2		4.1705503158		-1.0
	21329.99999999	3.46092		2.99006  0.2  0.2		4.1705503158		-1.0
	21374.99999999	3.42921		-3.00001  0.2  0.2		4.1705503158		-1.0
	21419.99999999	3.51226		-2.42234  0.2  0.2		4.1705503158		-1.0
	21464.99999999	3.49555		-2.37443  0.2  0.2		4.1705503158		-1.0
	21509.99999999	3.4658		-2.04612  0.2  0.2		4.1705503158		-1.0
	21554.99999999	3.30214		-1.70217  0.2  0.2		4.1705503158		-1.0
	21599.99999999	3.11977		-1.5233  0.2  0.2		4.1705503158		-1.0
	21644.99999999	3.28767		-1.18081  0.2  0.2		4.1705503158		-1.0
	21689.99999999	3.44599		-0.76762  0.2  0.2		4.1705503158		-1.0
	21734.99999999	2.92387		-0.21272  0.2  0.2		4.1705503158		-1.0
	21779.99999999	2.63378		0.37631  0.2  0.2		4.1705503158		-1.0
	21824.99999999	2.64166		0.16832  0.2  0.2		4.1705503158		-1.0
	21869.99999999	3.12319		-0.13332  0.2  0.2		4.1705503158		-1.0
	21914.99999999	3.28803		-0.15681  0.2  0.2		4.1705503158		-1.0
	21959.99999999	3.00169		0.23958  0.2  0.2		4.1705503158		-1.0
	22004.99999999	2.70717		-0.02241  0.2  0.2		4.1705503158		-1.0
	22049.99999999	2.71243		0.06408  0.2  0.2		4.1705503158		-1.0
	22094.99999999	2.66445		-0.1831  0.2  0.2		4.1705503158		-1.0
	22139.99999999	3.0491		0.2381  0.2  0.2		4.1705503158		-1.0
	22184.99999999	3.13395		0.60792  0.2  0.2		4.1705503158		-1.0
	22229.99999999	3.16868		0.43716  0.2  0.2		4.1705503158		-1.0
	22274.99999999	3.08611		0.75034  0.2  0.2		4.1705503158		-1.0
	22319.99999999	2.7287		0.79327  0.2  0.2		4.1705503158		-1.0
	22364.99999999	3.04545		-0.083  0.2  0.2		4.1705503158		-1.0
	22409.99999999	2.59279		-0.64517  0.2  0.2		4.1705503158		-1.0
	22454.99999999	3.22684		-1.01515  0.2  0.2		4.1705503158		-1.0
	22499.99999999	3.14941		-0.98056  0.2  0.2		4.1705503158		-1.0
	22544.99999999	3.0718		-1.18189  0.2  0.2		4.1705503158		-1.0
	22589.99999999	2.93371		-1.44456  0.2  0.2		4.1705503158		-1.0
	22634.99999999	3.43465		-1.2792  0.2  0.2		4.1705503158		-1.0
	22679.99999999	3.55895		-1.70369  0.2  0.2		4.1705503158		-1.0
	22724.99999999	3.38984		-1.73108  0.2  0.2		4.1705503158		-1.0
	22769.99999999	2.53729		-2.1973  0.2  0.2		4.1705503158		-1.0
	22814.99999999	2.66694		-2.4875  0.2  0.2		4.1705503158		-1.0
	22859.99999999	3.14859		-2.59159  0.2  0.2		4.1705503158		-1.0
	22904.99999999	3.32744		-2.93222  0.2  0.2		4.1705503158		-1.0
	22949.99999999	2.74722		2.66259  0.2  0.2		4.1705503158		-1.0
	22994.99999999	3.27371		2.13747  0.2  0.2		4.1705503158		-1.0
	23039.99999999	3.31831		1.95683  0.2  0.2		4.1705503158		-1.0
	23084.99999999	3.22665		1.68357  0.2  0.2		4.1705503158		-1.0
	23129.99999999	3.3681		1.76535  0.2  0.2		4.1705503158		-1.0
	23174.99999999	3.49817		1.73422  0.2  0.2		4.1705503158		-1.0
	23219.99999999	2.66332		2.17867  0.2  0.2		4.1705503158		-1.0
	23264.99999999	3.53852		2.47817  0.2  0.2		4.1705503158		-1.0
	23309.99999999	2.87233		2.21118  0.2  0.2		4.1705503158		-1.0
	23354.99999999	3.3007		2.53901  0.2  0.2		4.1705503158		-1.0
	23399.99999999	3.19468		2.032  0.2  0.2		4.1705503158		-1.0
	23444.99999999	3.27768		2.19318  0.2  0.2		4.1705503158		-1.0
	23489.99999999	3.23838		2.13914  0.2  0.2		4.1705503158		-1.0
	23534.99999999	3.04472		2.03807  0.2  0.2		4.1705503158		-1.0
	23579.99999999	2.65998		2.34583  0.2  0.2		4.1705503158		-1.0
	23624.99999999	3.42347		2.23071  0.2  0.2		4.1705503158		-1.0
	23669.99999999	2.73299		2.61184  0.2  0.2		4.1705503158		-1.0
	23714.99999999	2.7245		2.35212  0.2  0.2		4.1705503158		-1.0
	23759.99999999	3.50568		2.69762  0.2  0.2		4.1705503158		-1.0
	23804.99999999	2.97181		2.89605  0.2  0.2		4.1705503158		-1.0
	23849.99999999	3.55443		2.6864  0.2  0.2		4.1705503158		-1.0
	23894.99999999	2.8041		-3.07012  0.2  0.2		4.1705503158		-1.0
	23939.99999999	2.65954		3.09447  0.2  0.2		4.1705503158		-1.0
	23984.99999999	2.64855		2.96016  0.2  0.2		4.1705503158		-1.0
	24029.99999999	3.59023		3.09307  0.2  0.2		4.1705503158		-1.0
	24074.99999999	3.20896		-3.09276  0.2  0.2		4.1705503158		-1.0
	24119.99999999	3.10213		3.04478  0.2  0.2		4.1705503158		-1.0
	24164.99999999	3.16817		3.07763  0.2  0.2		4.1705503158		-1.0
	24209.99999999	3.4108		2.87985  0.2  0.2		4.1705503158		-1.0
	24254.99999999	3.19952		2.51127  0.2  0.2		4.1705503158		-1.0
	24299.99999999	3.1846		2.65534  0.2  0.2		4.1705503158		-1.0
	24344.99999999	3.48379		1.99215  0.2  0.2		4.1705503158		-1.0
	24389.99999999	3.35507		2.24559  0.2  0.2		4.1705503158		-1.0
	24434.99999999	3.57298		1.5772  0.2  0.2		4.1705503158		-1.0
	24479.99999999	2.78332		1.93808  0.2  0.2		4.1705503158		-1.0
	24524.99999999	3.34635		1.49594  0.2  0.2		4.1705503158		-1.0
	24569.99999999	2.90406		1.82729  0.2  0.2		4.1705503158		-1.0
	24614.99999999	3.72226		1.55993  0.2  0.2		4.1705503158		-1.0
	24659.99999999	2.54288		1.79726  0.2  0.2		4.1705503158		-1.0
	24704.99999999	3.60881		1.54029  0.2  0.2		4.1705503158		-1.0
	24749.99999999	3.06665		1.69195  0.2  0.2		4.1705503158		-1.0
	24794.99999999	3.23802		1.8783  0.2  0.2		4.1705503158		-1.0
	24839.99999999	2.5316		1.87477  0.2  0.2		4.1705503158		-1.0
	24884.99999999	3.09408		2.28599  0.2  0.2		4.1705503158		-1.0
	24929.99999999	2.69031		2.36697  0.2  0.2		4.1705503158		-1.0
	24974.99999999	2.77495		2.92414  0.2  0.2		4.1705503158		-1.0
	25019.99999999	2.87232		2.48187  0.2  0.2		4.1705503158		-1.0
	25064.99999999	3.30789		2.76861  0.2  0.2		4.1705503158		-1.0
	25109.99999999	2.74623		2.69787  0.2  0.2		4.1705503158		-1.0
	25154.99999999	3.37516		2.68974  0.2  0.2		4.1705503158		-1.0
	25199.99999999	3.29279		2.86971  0.2  0.2		4.1705503158		-1.0
	25244.99999999	3.2417		2.45548  0.2  0.2		4.1705503158		-1.0
	25289.99999999	2.644		2.34414  0.2  0.2		4.1705503158		-1.0
	25334.99999999	2.62249		1.86529  0.2  0.2		4.1705503158		-1.0
	25379.99999999	2.73123		1.69323  0.2  0.2		4.1705503158		-1.0
	25424.99999999	3.00352		1.37908  0.2  0.2		4.1705503158		-1.0
	25469.99999999	3.11832		1.0899  0.2  0.2		4.1705503158		-1.0
	25514.99999999	3.04682		0.41714  0.2  0.2		4.1705503158		-1.0
	25559.99999999	2.85939		-0.2687  0.2  0.2		4.1705503158		-1.0
	25604.99999999	3.07952		-0.6668  0.2  0.2		4.1705503158		-1.0
	25649.99999999	3.44679		-0.36889  0.2  0.2		4.1705503158		-1.0
	25694.99999999	3.33097		-0.46654  0.2  0.2		4.1705503158		-1.0
	25739.99999999	3.36545		0.70338  0.2  0.2		4.1705503158		-1.0
	25784.99999999	3.40257		0.37111  0.2  0.2		4.1705503158		-1.0
	25829.99999999	3.39423		-0.03955  0.2  0.2		4.1705503158		-1.0
	25874.99999999	3.30499		-0.61876  0.2  0.2		4.1705503158		-1.0
	25919.99999999	2.79878		-0.7305  0.2  0.2		4.1705503158		-1.0
	25964.99999999	3.05085		-0.38295  0.2  0.2		4.1705503158		-1.0
	26009.99999999	3.23501		0.14515  0.2  0.2		4.1705503158		-1.0
	26054.99999999	3.21657		0.88401  0.2  0.2		4.1705503158		-1.0
	26099.99999999	2.72882		0.94592  0.2  0.2		4.1705503158		-1.0
	26144.99999999	2.79419		0.4188  0.2  0.2		4.1705503158		-1.0
	26189.99999999	2.6338		0.0313  0.2  0.2		4.1705503158		-1.0
	26234.99999999	2.58954		-0.49576  0.2  0.2		4.1705503158		-1.0
	26279.99999999	3.33661		-0.52015  0.2  0.2		4.1705503158		-1.0
	26324.99999999	3.2653		-0.50198  0.2  0.2		4.1705503158		-1.0
	26369.99999999	2.8489		0.17527  0.2  0.2		4.1705503158		-1.0
	26414.99999999	2.74096		0.9476  0.2  0.2		4.1705503158		-1.0
	26459.99999999	2.70201		0.60981  0.2  0.2		4.1705503158		-1.0
	26504.99999999	2.68663		0.24316  0.2  0.2		4.1705503158		-1.0
	26549.99999999	3.44229		0.15322  0.2  0.2		4.1705503158		-1.0
	26594.99999999	3.03427		-0.3585  0.2  0.2		4.1705503158		-1.0
	26639.99999999	2.75523		-1.08406  0.2  0.2		4.1705503158		-1.0
	26684.99999999	2.69168		-1.24656  0.2  0.2		4.1705503158		-1.0
	26729.99999999	2.71612		-1.54531  0.2  0.2		4.1705503158		-1.0
	26774.99999999	2.72371		-1.67322  0.2  0.2		4.1705503158		-1.0
	26819.99999999	2.69523		-1.93321  0.2  0.2		4.1705503158		-1.0
	26864.99999999	3.69964		-2.01476  0.2  0.2		4.1705503158		-1.0
	26909.99999999	2.72601		-2.3568  0.2  0.2		4.1705503158		-1.0
	26954.99999999	3.50296		-2.57167  0.2  0.2		4.1705503158		-1.0
	26999.99999999	2.78368		-2.85836  0.2  0.2		4.1705503158		-1.0
	27044.99999999	3.5057		-2.97129  0.2  0.2		4.1705503158		-1.0
	27089.99999999	3.03802		-3.1132  0.2  0.2		4.1705503158		-1.0
	27134.99999999	3.6943		2.89991  0.2  0.2		4.1705503158		-1.0
	27179.99999999	2.72968		2.95974  0.2  0.2		4.1705503158		-1.0
	27224.99999998	3.52196		3.07967  0.2  0.2		4.1705503158		-1.0
	27269.99999998	3.0587		2.66875  0.2  0.2		4.1705503158		-1.0
	27314.99999998	3.10972		2.68434  0.2  0.2		4.1705503158		-1.0
	27359.99999998	3.55561		2.5983  0.2  0.2		4.1705503158		-1.0
	27404.99999998	3.60705		2.19035  0.2  0.2		4.1705503158		-1.0
	27449.99999998	2.89675		2.14714  0.2  0.2		4.1705503158		-1.0
	27494.99999998	3.49282		1.88736  0.2  0.2		4.1705503158		-1.0
	27539.99999998	3.22685		1.57315  0.2  0.2		4.1705503158		-1.0
	27584.99999998	3.34538		1.30436  0.2  0.2		4.1705503158		-1.0
	27629.99999998	3.45349		0.96046  0.2  0.2		4.1705503158		-1.0
	27674.99999998	3.46981		0.67507  0.2  0.2		4.1705503158		-1.0
	27719.99999998	3.37133		0.05115  0.2  0.2		4.1705503158		-1.0
	27764.99999998	3.41845		-0.27953  0.2  0.2		4.1705503158		-1.0
	27809.99999998	3.38427		-0.52051  0.2  0.2		4.1705503158		-1.0
	27854.99999998	2.76542		-0.92998  0.2  0.2		4.1705503158		-1.0
	27899.99999998	2.72766		-0.87264  0.2  0.2		4.1705503158		-1.0
	27944.99999998	2.66305		-0.37589  0.2  0.2		4.1705503158		-1.0
	27989.99999998	2.65967		0.35519  0.2  0.2		4.1705503158		-1.0
	28034.99999998	2.70126		0.75387  0.2  0.2		4.1705503158		-1.0
	28079.99999998	3.24383		0.02523  0.2  0.2		4.1705503158		-1.0
	28124.99999998	2.99998		0.02492  0.2  0.2		4.1705503158		-1.0
	28169.99999998	2.73206		0.01832  0.2  0.2		4.1705503158		-1.0
	28214.99999998	2.65245		-0.28244  0.2  0.2		4.1705503158		-1.0
	28259.99999998	2.65747		-0.5805  0.2  0.2		4.1705503158		-1.0
	28304.99999998	2.67266		-0.91444  0.2  0.2		4.1705503158		-1.0
	28349.99999998	2.68932		-1.3288  0.2  0.2		4.1705503158		-1.0
	28394.99999998	3.19212		-1.66905  0.2  0.2		4.1705503158		-1.0
	28439.99999998	3.04758		-1.96778  0.2  0.2		4.1705503158		-1.0
	28484.99999998	3.25044		-2.51736  0.2  0.2		4.1705503158		-1.0
	28529.99999998	3.23991		-2.32614  0.2  0.2		4.1705503158		-1.0
	28574.99999998	2.95724		-2.36618  0.2  0.2		4.1705503158		-1.0
	28619.99999998	2.7177		-2.74172  0.2  0.2		4.1705503158		-1.0
	28664.99999998	2.63228		-2.69496  0.2  0.2		4.1705503158		-1.0
	28709.99999998	3.31532		-2.58972  0.2  0.2		4.1705503158		-1.0
	28754.99999998	3.29089		-2.81419  0.2  0.2		4.1705503158		-1.0
	28799.99999998	2.64103		-2.56569  0.2  0.2		4.1705503158		-1.0
	28844.99999998	3.66769		-2.9692  0.2  0.2		4.1705503158		-1.0
	28889.99999998	2.84759		-2.57569  0.2  0.2		4.1705503158		-1.0
	28934.99999998	3.33148		-2.77827  0.2  0.2		4.1705503158		-1.0
	28979.99999998	3.47142		-2.48567  0.2  0.2		4.1705503158		-1.0
	29024.99999998	3.14551		-2.22576  0.2  0.2		4.1705503158		-1.0
	29069.99999998	3.18981		-2.11731  0.2  0.2		4.1705503158		-1.0
	29114.99999998	3.35643		-2.11723  0.2  0.2		4.1705503158		-1.0
	29159.99999998	3.33354		-1.62668  0.2  0.2		4.1705503158		-1.0
	29204.99999998	3.43274		-1.51776  0.2  0.2		4.1705503158		-1.0
	29249.99999998	3.31069		-1.24407  0.2  0.2		4.1705503158		-1.0
	29294.99999998	3.39642		-0.94969  0.2  0.2		4.1705503158		-1.0
	29339.99999998	3.54665		-1.00078  0.2  0.2		4.1705503158		-1.0
	29384.99999998	2.62393		-0.69296  0.2  0.2		4.1705503158		-1.0
	29429.99999998	2.67931		-0.44942  0.2  0.2		4.1705503158		-1.0
	29474.99999998	3.27633		-0.44076  0.2  0.2		4.1705503158		-1.0
	29519.99999998	3.26148		0.20322  0.2  0.2		4.1705503158		-1.0
	29564.99999998	3.30162		0.51183  0.2  0.2		4.1705503158		-1.0
	29609.99999998	3.33762		0.50885  0.2  0.2		4.1705503158		-1.0
	29654.99999998	3.59262		0.83406  0.2  0.2		4.1705503158		-1.0
	29699.99999998	3.18345		1.15616  0.2  0.2		4.1705503158		-1.0
	29744.99999998	3.95689		1.01752  0.2  0.2		4.1705503158		-1.0
	29789.99999998	3.14157		1.36137  0.2  0.2		4.1705503158		-1.0
	29834.99999998	3.49851		1.41211  0.2  0.2		4.1705503158		-1.0
	29879.99999998	3.16473		1.46485  0.2  0.2		4.1705503158		-1.0
	29924.99999998	3.91597		1.50838  0.2  0.2		4.1705503158		-1.0
	29969.99999998	5.30705		1.5225  0.2  0.2		4.1705503158		-1.0
	30014.99999998	7.37223		1.46614  0.2  0.2		4.1705503158		-1.0
	30059.99999998	9.45263		1.43432  0.2  0.2		4.1705503158		-1.0
	30104.99999998	11.122		1.78297  0.2  0.2		4.1705503158		-1.0
	30149.99999998	12.49075		1.71023  0.2  0.2		4.1705503158		-1.0
	30194.99999998	13.41084		1.49395  0.2  0.2		4.1705503158		-1.0
	30239.99999998	14.4446		1.25885  0.2  0.2		4.1705503158		-1.0
	30284.99999998	15.15465		1.0688  0.2  0.2		4.1705503158		-1.0
	30329.99999998	16.21136		1.06588  0.2  0.2		4.1705503158		-1.0
	30374.99999998	17.20392		0.93675  0.2  0.2		4.1705503158		-1.0
	30419.99999998	18.24092		0.82149  0.2  0.2		4.1705503158		-1.0
	30464.99999998	19.22		0.80455  0.2  0.2		4.1705503158		-1.0
	30509.99999998	20.09582		0.66047  0.2  0.2		4.1705503158		-1.0
	30554.99999998	21.24432		0.50177  0.2  0.2		4.1705503158		-1.0
	30599.99999998	22.06966		0.49713  0.2  0.2		4.1705503158		-1.0
	30644.99999998	23.16521		0.2645  0.2  0.2		4.1705503158		-1.0
	30689.99999998	24.03624		0.26973  0.2  0.2		4.1705503158		-1.0
	30734.99999998	25.24857		-0.05036  0.2  0.2		4.1705503158		-1.0
	30779.99999998	26.20874		-0.26257  0.2  0.2		4.1705503158		-1.0
	30824.99999998	27.38446		-0.74901  0.2  0.2		4.1705503158		-1.0
	30869.99999998	28.57614		-1.3372  0.2  0.2		4.1705503158		-1.0
	30914.99999998	29.60176		-1.65799  0.2  0.2		4.1705503158		-1.0
	30959.99999998	29.90898		-1.8824  0.2  0.2		4.1705503158		-1.0
	31004.99999998	30.06758		-3.13533  0.2  0.2		4.1705503158		-1.0
	31049.99999998	30.37123		-2.76837  0.2  0.2		4.1705503158		-1.0
	31094.99999998	30.95518		-2.40882  0.2  0.2		4.1705503158		-1.0
	31139.99999998	31.82139		-1.94662  0.2  0.2		4.1705503158		-1.0
	31184.99999998	32.76891		-1.35562  0.2  0.2		4.1705503158		-1.0
	31229.99999998	33.70355		-0.57835  0.2  0.2		4.1705503158		-1.0
	31274.99999998	33.40386		0.33824  0.2  0.2		4.1705503158		-1.0
	31319.99999998	32.18372		-1.19463  0.2  0.2		4.1705503158		-1.0
	31364.99999998	31.0469		-1.53451  0.2  0.2		4.1705503158		-1.0
	31409.99999998	29.58751		-1.2318  0.2  0.2		4.1705503158		-1.0
	31454.99999998	28.27487		-1.4894  0.2  0.2		4.1705503158		-1.0
	31499.99999998	26.78832		-1.03708  0.2  0.2		4.1705503158		-1.0
	31544.99999998	25.7072		-0.63784  0.2  0.2		4.1705503158		-1.0
	31589.99999998	24.507		-0.8336  0.2  0.2		4.1705503158		-1.0
	31634.99999998	23.31999		-0.93249  0.2  0.2		4.1705503158		-1.0
	31679.99999998	21.9537		-1.27755  0.2  0.2		4.1705503158		-1.0
	31724.99999998	20.61838		-1.51529  0.2  0.2		4.1705503158		-1.0
	31769.99999998	19.15156		-1.7751  0.2  0.2		4.1705503158		-1.0
	31814.99999998	17.79643		-2.14847  0.2  0.2		4.1705503158		-1.0
	31859.99999998	16.70074		-2.4832  0.2  0.2		4.1705503158		-1.0
	31904.99999998	15.40488		-2.9309  0.2  0.2		4.1705503158		-1.0
	31949.99999998	14.28792		2.98201  0.2  0.2		4.1705503158		-1.0
	31994.99999998	13.07372		2.39258  0.2  0.2		4.1705503158		-1.0
	32039.99999998	12.10946		2.04979  0.2  0.2		4.1705503158		-1.0
	32084.99999998	10.74793		1.5377  0.2  0.2		4.1705503158		-1.0
	32129.99999998	9.73042		1.3785  0.2  0.2		4.1705503158		-1.0
	32174.99999998	8.68582		0.9308  0.2  0.2		4.1705503158		-1.0
	32219.99999998	7.65844		0.77067  0.2  0.2		4.1705503158		-1.0
	32264.99999998	6.40129		0.52597  0.2  0.2		4.1705503158		-1.0
	32309.99999998	5.77627		0.46988  0.2  0.2		4.1705503158		-1.0
	32354.99999998	6.05646		0.39302  0.2  0.2		4.1705503158		-1.0
	32399.99999998	7.15525		0.21846  0.2  0.2		4.1705503158		-1.0
	32444.99999998	8.84295		-0.08665  0.2  0.2		4.1705503158		-1.0
	32489.99999998	10.43861		-0.2171  0.2  0.2		4.1705503158		-1.0
	32534.99999998	11.95844		-0.01628  0.2  0.2		4.1705503158		-1.0
	32579.99999998	13.42599		0.50992  0.2  0.2		4.1705503158		-1.0
	32624.99999998	14.21362		1.29275  0.2  0.2		4.1705503158		-1.0
	32669.99999998	14.40128		1.83007  0.2  0.2		4.1705503158		-1.0
	32714.99999998	13.84354		2.25694  0.2  0.2		4.1705503158		-1.0
	32759.99999998	13.08599		2.81547  0.2  0.2		4.1705503158		-1.0
	32804.99999998	12.15491		-2.78498  0.2  0.2		4.1705503158		-1.0
	32849.99999998	11.35824		-2.15399  0.2  0.2		4.1705503158		-1.0
	32894.99999998	10.68979		-1.33693  0.2  0.2		4.1705503158		-1.0
	32939.99999998	10.02552		-0.50172  0.2  0.2		4.1705503158		-1.0
	32984.99999998	9.56127		1.26087  0.2  0.2		4.1705503158		-1.0
	33029.99999998	9.29369		2.01221  0.2  0.2		4.1705503158		-1.0
	33074.99999998	9.45014		2.80302  0.2  0.2		4.1705503158		-1.0
	33119.99999998	9.98255		-2.85652  0.2  0.2		4.1705503158		-1.0
	33164.99999998	11.0923		-2.30924  0.2  0.2		4.1705503158		-1.0
	33209.99999998	12.41765		-1.86318  0.2  0.2		4.1705503158		-1.0
	33254.99999998	14.03125		-1.31781  0.2  0.2		4.1705503158		-1.0
	33299.99999998	14.82555		-0.92952  0.2  0.2		4.1705503158		-1.0
	33344.99999998	15.60095		-0.37284  0.2  0.2		4.1705503158		-1.0
	33389.99999998	15.69344		0.27233  0.2  0.2		4.1705503158		-1.0
	33434.99999998	15.76717		1.40029  0.2  0.2		4.1705503158		-1.0
	33479.99999998	15.5781		2.82124  0.2  0.2		4.1705503158		-1.0
	33524.99999998	15.55189		-1.6784  0.2  0.2		4.1705503158		-1.0
	33569.99999998	15.32418		-0.24657  0.2  0.2		4.1705503158		-1.0
	33614.99999998	14.72662		0.76454  0.2  0.2		4.1705503158		-1.0
	33659.99999998	13.6043		1.37833  0.2  0.2		4.1705503158		-1.0
	33704.99999998	12.51992		2.07101  0.2  0.2		4.1705503158		-1.0
	33749.99999997	11.60951		-2.87744  0.2  0.2		4.1705503158		-1.0
	33794.99999997	11.0585		-1.9124  0.2  0.2		4.1705503158		-1.0
	33839.99999997	10.6488		-1.30237  0.2  0.2		4.1705503158		-1.0
	33884.99999997	10.31429		-0.67507  0.2  0.2		4.1705503158		-1.0
	33929.99999997	10.04929		-0.01588  0.2  0.2		4.1705503158		-1.0
	33974.99999997	9.87415		1.07179  0.2  0.2		4.1705503158		-1.0
	34019.99999997	10.28662		2.72592  0.2  0.2		4.1705503158		-1.0
	34064.99999997	11.15609		-2.689  0.2  0.2		4.1705503158		-1.0
	34109.99999997	12.36802		-1.9976  0.2  0.2		4.1705503158		-1.0
	34154.99999997	13.63917		-1.72353  0.2  0.2		4.1705503158		-1.0
	34199.99999997	14.90824		-1.12928  0.2  0.2		4.1705503158		-1.0
	34244.99999997	15.40595		-1.70076  0.2  0.2		4.1705503158		-1.0
	34289.99999997	15.73538		-2.7171  0.2  0.2		4.1705503158		-1.0
	34334.99999997	15.37713		-2.50285  0.2  0.2		4.1705503158		-1.0
	34379.99999997	15.24302		-1.71788  0.2  0.2		4.1705503158		-1.0
	34424.99999997	14.36819		-1.1012  0.2  0.2		4.1705503158		-1.0
	34469.99999997	13.41833		-0.72787  0.2  0.2		4.1705503158		-1.0
	34514.99999997	12.25496		-0.41584  0.2  0.2		4.1705503158		-1.0
	34559.99999997	11.09561		-0.24376  0.2  0.2		4.1705503158		-1.0
	34604.99999997	9.73238		-0.10582  0.2  0.2		4.1705503158		-1.0
	34649.99999997	8.44626		-0.45813  0.2  0.2		4.1705503158		-1.0
	34694.99999997	7.72951		-1.55812  0.2  0.2		4.1705503158		-1.0
	34739.99999997	8.21527		-2.06366  0.2  0.2		4.1705503158		-1.0
	34784.99999997	8.78719		-2.16206  0.2  0.2		4.1705503158		-1.0
	34829.99999997	9.89361		-2.33258  0.2  0.2		4.1705503158		-1.0
	34874.99999997	10.81593		-2.294  0.2  0.2		4.1705503158		-1.0
	34919.99999997	11.91138		-2.46581  0.2  0.2		4.1705503158		-1.0
	34964.99999997	13.02877		-2.41424  0.2  0.2		4.1705503158		-1.0
	35009.99999997	14.42024		-2.51292  0.2  0.2		4.1705503158		-1.0
	35054.99999997	15.78226		-2.53641  0.2  0.2		4.1705503158		-1.0
	35099.99999997	17.19384		-1.53327  0.2  0.2		4.1705503158		-1.0
	35144.99999997	18.13158		-1.37192  0.2  0.2		4.1705503158		-1.0
	35189.99999997	19.3042		-1.16106  0.2  0.2		4.1705503158		-1.0
	35234.99999997	20.3022		-1.20637  0.2  0.2		4.1705503158		-1.0
	35279.99999997	21.60438		-1.15784  0.2  0.2		4.1705503158		-1.0
	35324.99999997	22.74676		-0.92894  0.2  0.2		4.1705503158		-1.0
	35369.99999997	24.0521		-0.44925  0.2  0.2		4.1705503158		-1.0
	35414.99999997	24.93158		0.36908  0.2  0.2		4.1705503158		-1.0
	35459.99999997	25.77805		1.49823  0.2  0.2		4.1705503158		-1.0
	35504.99999997	26.22975		2.21079  0.2  0.2		4.1705503158		-1.0
	35549.99999997	26.55849		2.87995  0.2  0.2		4.1705503158		-1.0
	35594.99999997	26.60749		-2.77032  0.2  0.2		4.1705503158		-1.0
	35639.99999997	26.70384		-1.98389  0.2  0.2		4.1705503158		-1.0
	35684.99999997	27.01501		-1.12289  0.2  0.2		4.1705503158		-1.0
	35729.99999997	27.62888		-0.58837  0.2  0.2		4.1705503158		-1.0
	35774.99999997	29.05202		-0.2493  0.2  0.2		4.1705503158		-1.0
	35819.99999997	30.02178		-0.05709  0.2  0.2		4.1705503158		-1.0
	35864.99999997	29.92501		-0.08659  0.2  0.2		4.1705503158		-1.0
	35909.99999997	28.68492		0.19305  0.2  0.2		4.1705503158		-1.0
	35954.99999997	28.09214		2.00105  0.2  0.2		4.1705503158		-1.0
	35999.99999997	27.79508		2.36308  0.2  0.2		4.1705503158		-1.0
	36044.99999997	27.62375		2.11332  0.2  0.2		4.1705503158		-1.0
	36089.99999997	27.16202		1.78695  0.2  0.2		4.1705503158		-1.0
	36134.99999997	26.20744		1.26989  0.2  0.2		4.1705503158		-1.0
	36179.99999997	25.25428		0.81872  0.2  0.2		4.1705503158		-1.0
	36224.99999997	24.18003		0.22926  0.2  0.2		4.1705503158		-1.0
	36269.99999997	23.21741		-0.45695  0.2  0.2		4.1705503158		-1.0
	36314.99999997	22.2637		-1.10647  0.2  0.2		4.1705503158		-1.0
	36359.99999997	21.36874		-1.69359  0.2  0.2		4.1705503158		-1.0
	36404.99999997	20.61679		-2.25946  0.2  0.2		4.1705503158		-1.0
	36449.99999997	19.75099		-2.82836  0.2  0.2		4.1705503158		-1.0
	36494.99999997	18.80412		2.9015  0.2  0.2		4.1705503158		-1.0
	36539.99999997	17.66022		2.45284  0.2  0.2		4.1705503158		-1.0
	36584.99999997	16.52019		2.02381  0.2  0.2		4.1705503158		-1.0
	36629.99999997	15.15103		1.57233  0.2  0.2		4.1705503158		-1.0
	36674.99999997	14.22905		-2.94869  0.2  0.2		4.1705503158		-1.0
	36719.99999997	13.55524		-2.58544  0.2  0.2		4.1705503158		-1.0
	36764.99999997	12.93898		3.04728  0.2  0.2		4.1705503158		-1.0
	36809.99999997	12.32296		2.81995  0.2  0.2		4.1705503158		-1.0
	36854.99999997	11.40676		2.35196  0.2  0.2		4.1705503158		-1.0
	36899.99999997	10.45944		2.01004  0.2  0.2		4.1705503158		-1.0
	36944.99999997	9.43869		1.73598  0.2  0.2		4.1705503158		-1.0
	36989.99999997	8.24437		1.5509  0.2  0.2		4.1705503158		-1.0
	37034.99999997	7.05106		1.52844  0.2  0.2		4.1705503158		-1.0
	37079.99999997	5.55155		1.49847  0.2  0.2		4.1705503158		-1.0
	37124.99999997	6.61994		1.17915  0.2  0.2		4.1705503158		-1.0
	37169.99999997	7.90863		1.19002  0.2  0.2		4.1705503158		-1.0
	37214.99999997	9.05281		1.40197  0.2  0.2		4.1705503158		-1.0
	37259.99999997	9.64594		1.80254  0.2  0.2		4.1705503158		-1.0
	37304.99999997	10.39812		2.19523  0.2  0.2		4.1705503158		-1.0
	37349.99999997	11.0517		2.31451  0.2  0.2		4.1705503158		-1.0
	37394.99999997	11.88714		2.16377  0.2  0.2		4.1705503158		-1.0
	37439.99999997	12.8125		2.87255  0.2  0.2		4.1705503158		-1.0
	37484.99999997	13.8179		-2.1631  0.2  0.2		4.1705503158		-1.0
	37529.99999997	14.62607		2.18609  0.2  0.2		4.1705503158		-1.0
	37574.99999997	15.32983		2.39243  0.2  0.2		4.1705503158		-1.0
	37619.99999997	15.83034		2.37285  0.2  0.2		4.1705503158		-1.0
	37664.99999997	16.92945		2.62126  0.2  0.2		4.1705503158		-1.0
	37709.99999997	17.64596		2.80036  0.2  0.2		4.1705503158		-1.0
	37754.99999997	18.71083		-3.00644  0.2  0.2		4.1705503158		-1.0
	37799.99999997	19.3718		-2.80265  0.2  0.2		4.1705503158		-1.0
	37844.99999997	20.31481		-1.74345  0.2  0.2		4.1705503158		-1.0
	37889.99999997	20.57324		-1.40462  0.2  0.2		4.1705503158		-1.0
	37934.99999997	21.22419		0.15026  0.2  0.2		4.1705503158		-1.0
	37979.99999997	21.38678		1.06768  0.2  0.2		4.1705503158		-1.0
	38024.99999997	21.76777		1.71587  0.2  0.2		4.1705503158		-1.0
	38069.99999997	21.87488		2.20042  0.2  0.2		4.1705503158		-1.0
	38114.99999997	22.15699		2.671  0.2  0.2		4.1705503158		-1.0
	38159.99999997	22.84942		3.04993  0.2  0.2		4.1705503158		-1.0
	38204.99999997	23.57723		-2.58245  0.2  0.2		4.1705503158		-1.0
	38249.99999997	24.57871		-2.38955  0.2  0.2		4.1705503158		-1.0
	38294.99999997	25.19842		-1.51121  0.2  0.2		4.1705503158		-1.0
	38339.99999997	26.49624		-1.13082  0.2  0.2		4.1705503158		-1.0
	38384.99999997	27.17829		0.00026  0.2  0.2		4.1705503158		-1.0
	38429.99999997	28.4382		0.99296  0.2  0.2		4.1705503158		-1.0
	38474.99999997	29.06988		2.23669  0.2  0.2		4.1705503158		-1.0
	38519.99999997	28.70455		2.73902  0.2  0.2		4.1705503158		-1.0
	38564.99999997	27.93533		2.78359  0.2  0.2		4.1705503158		-1.0
	38609.99999997	26.38008		3.10197  0.2  0.2		4.1705503158		-1.0
	38654.99999997	25.32735		3.11909  0.2  0.2		4.1705503158		-1.0
	38699.99999997	24.03349		3.0527  0.2  0.2		4.1705503158		-1.0
	38744.99999997	23.07554		1.10098  0.2  0.2		4.1705503158		-1.0
	38789.99999997	22.30142		0.5659  0.2  0.2		4.1705503158		-1.0
	38834.99999997	21.86796		0.03988  0.2  0.2		4.1705503158		-1.0
	38879.99999997	21.54716		-0.35827  0.2  0.2		4.1705503158		-1.0
	38924.99999997	21.21554		-1.14342  0.2  0.2		4.1705503158		-1.0
	38969.99999997	20.94391		-1.27053  0.2  0.2		4.1705503158		-1.0
	39014.99999997	20.84735		-2.18958  0.2  0.2		4.1705503158		-1.0
	39059.99999997	21.245		-0.34175  0.2  0.2		4.1705503158		-1.0
	39104.99999997	21.66733		0.15659  0.2  0.2		4.1705503158		-1.0
	39149.99999997	21.80591		-0.80155  0.2  0.2		4.1705503158		-1.0
	39194.99999997	22.32549		-0.78016  0.2  0.2		4.1705503158		-1.0
	39239.99999997	22.94934		-1.70405  0.2  0.2		4.1705503158		-1.0
	39284.99999997	23.90609		-1.73261  0.2  0.2		4.1705503158		-1.0
	39329.99999997	24.23142		-2.67715  0.2  0.2		4.1705503158		-1.0
	39374.99999997	24.6127		3.10672  0.2  0.2		4.1705503158		-1.0
	39419.99999997	24.26305		2.49309  0.2  0.2		4.1705503158		-1.0
	39464.99999997	23.82417		2.06447  0.2  0.2		4.1705503158		-1.0
	39509.99999997	22.97087		1.49109  0.2  0.2		4.1705503158		-1.0
	39554.99999997	21.96294		1.00785  0.2  0.2		4.1705503158		-1.0
	39599.99999997	21.31344		0.41162  0.2  0.2		4.1705503158		-1.0
	39644.99999997	20.29806		-0.18303  0.2  0.2		4.1705503158		-1.0
	39689.99999997	19.54261		-0.27581  0.2  0.2		4.1705503158		-1.0
	39734.99999997	18.67226		-0.9742  0.2  0.2		4.1705503158		-1.0
	39779.99999997	18.13102		-1.26257  0.2  0.2		4.1705503158		-1.0
	39824.99999997	17.89045		-1.92897  0.2  0.2		4.1705503158		-1.0
	39869.99999997	18.64111		-2.15804  0.2  0.2		4.1705503158		-1.0
	39914.99999997	19.88503		-2.67495  0.2  0.2		4.1705503158		-1.0
	39959.99999997	21.69146		-2.6693  0.2  0.2		4.1705503158		-1.0
	40004.99999997	23.43432		-2.74605  0.2  0.2		4.1705503158		-1.0
	40049.99999997	24.28358		-3.01456  0.2  0.2		4.1705503158		-1.0
	40094.99999997	24.2121		1.68213  0.2  0.2		4.1705503158		-1.0
	40139.99999997	24.45466		-1.39857  0.2  0.2		4.1705503158		-1.0
	40184.99999997	25.05866		-1.1426  0.2  0.2		4.1705503158		-1.0
	40229.99999996	25.88732		-1.07818  0.2  0.2		4.1705503158		-1.0
	40274.99999996	26.00608		-0.83354  0.2  0.2		4.1705503158		-1.0
	40319.99999996	25.30026		0.76981  0.2  0.2		4.1705503158		-1.0
	40364.99999996	24.27225		0.67273  0.2  0.2		4.1705503158		-1.0
	40409.99999996	23.00456		0.5561  0.2  0.2		4.1705503158		-1.0
	40454.99999996	22.03936		0.83293  0.2  0.2		4.1705503158		-1.0
	40499.99999996	21.13283		1.32913  0.2  0.2		4.1705503158		-1.0
	40544.99999996	20.97246		2.39144  0.2  0.2		4.1705503158		-1.0
	40589.99999996	21.06377		2.89594  0.2  0.2		4.1705503158		-1.0
	40634.99999996	21.66668		-2.96736  0.2  0.2		4.1705503158		-1.0
	40679.99999996	22.74146		-2.73996  0.2  0.2		4.1705503158		-1.0
	40724.99999996	24.07178		-2.30059  0.2  0.2		4.1705503158		-1.0
	40769.99999996	24.04046		-1.77903  0.2  0.2		4.1705503158		-1.0
	40814.99999996	24.32005		-1.70818  0.2  0.2		4.1705503158		-1.0
	40859.99999996	25.27935		-1.56739  0.2  0.2		4.1705503158		-1.0
	40904.99999996	26.82091		-1.92084  0.2  0.2		4.1705503158		-1.0
	40949.99999996	27.53804		-2.19575  0.2  0.2		4.1705503158		-1.0
	40994.99999996	27.42426		-2.75431  0.2  0.2		4.1705503158		-1.0
	41039.99999996	27.09058		2.6742  0.2  0.2		4.1705503158		-1.0
	41084.99999996	25.87026		1.6272  0.2  0.2		4.1705503158		-1.0
	41129.99999996	25.24494		1.11308  0.2  0.2		4.1705503158		-1.0
	41174.99999996	23.86024		1.07662  0.2  0.2		4.1705503158		-1.0
	41219.99999996	22.64549		1.04511  0.2  0.2		4.1705503158		-1.0
	41264.99999996	21.46167		1.22842  0.2  0.2		4.1705503158		-1.0
	41309.99999996	20.66414		1.23222  0.2  0.2		4.1705503158		-1.0
	41354.99999996	20.03454		0.99726  0.2  0.2		4.1705503158		-1.0
	41399.99999996	19.20869		0.67157  0.2  0.2		4.1705503158		-1.0
	41444.99999996	18.55745		-0.07994  0.2  0.2		4.1705503158		-1.0
	41489.99999996	17.99546		-0.60589  0.2  0.2		4.1705503158		-1.0
	41534.99999996	17.89473		-0.92052  0.2  0.2		4.1705503158		-1.0
	41579.99999996	17.69871		-1.03071  0.2  0.2		4.1705503158		-1.0
	41624.99999996	16.82397		-1.13946  0.2  0.2		4.1705503158		-1.0
	41669.99999996	15.63231		-1.31075  0.2  0.2		4.1705503158		-1.0
	41714.99999996	14.62648		-1.4404  0.2  0.2		4.1705503158		-1.0
	41759.99999996	13.93421		-1.60744  0.2  0.2		4.1705503158		-1.0
	41804.99999996	13.24265		-2.01936  0.2  0.2		4.1705503158		-1.0
	41849.99999996	12.61422		-2.24456  0.2  0.2		4.1705503158		-1.0
	41894.99999996	11.9271		-2.4474  0.2  0.2		4.1705503158		-1.0
	41939.99999996	11.22486		-2.62342  0.2  0.2		4.1705503158		-1.0
	41984.99999996	10.13704		-2.74887  0.2  0.2		4.1705503158		-1.0
	42029.99999996	9.02738		-2.94986  0.2  0.2		4.1705503158		-1.0
	42074.99999996	7.744		-3.1294  0.2  0.2		4.1705503158		-1.0
	42119.99999996	7.44716		2.98953  0.2  0.2		4.1705503158		-1.0
	42164.99999996	7.12144		2.70397  0.2  0.2		4.1705503158		-1.0
	42209.99999996	6.53803		2.7681  0.2  0.2		4.1705503158		-1.0
	42254.99999996	6.08983		-3.07193  0.2  0.2		4.1705503158		-1.0
	42299.99999996	7.06332		-2.65195  0.2  0.2		4.1705503158		-1.0
	42344.99999996	8.44225		-2.10768  0.2  0.2		4.1705503158		-1.0
	42389.99999996	9.90958		-1.2834  0.2  0.2		4.1705503158		-1.0
	42434.99999996	11.19986		-0.81832  0.2  0.2		4.1705503158		-1.0
	42479.99999996	12.45477		-0.79716  0.2  0.2		4.1705503158		-1.0
	42524.99999996	13.54914		-0.86476  0.2  0.2		4.1705503158		-1.0
	42569.99999996	14.29511		0.48421  0.2  0.2		4.1705503158		-1.0
	42614.99999996	15.16727		-0.3725  0.2  0.2		4.1705503158		-1.0
	42659.99999996	15.60678		-1.30151  0.2  0.2		4.1705503158		-1.0
	42704.99999996	16.33688		-1.68053  0.2  0.2		4.1705503158		-1.0
	42749.99999996	16.70783		-2.21678  0.2  0.2		4.1705503158		-1.0
	42794.99999996	17.15352		-2.5925  0.2  0.2		4.1705503158		-1.0
	42839.99999996	17.31579		-3.05982  0.2  0.2		4.1705503158		-1.0
	42884.99999996	17.62127		2.88826  0.2  0.2		4.1705503158		-1.0
	42929.99999996	17.40015		2.56008  0.2  0.2		4.1705503158		-1.0
	42974.99999996	16.52145		2.51017  0.2  0.2		4.1705503158		-1.0
	43019.99999996	15.70809		3.01499  0.2  0.2		4.1705503158		-1.0
	43064.99999996	15.40317		-2.77637  0.2  0.2		4.1705503158		-1.0
	43109.99999996	14.99147		-2.64297  0.2  0.2		4.1705503158		-1.0
	43154.99999996	13.66939		-2.88562  0.2  0.2		4.1705503158		-1.0
	43199.99999996	12.22863		-2.91267  0.2  0.2		4.1705503158		-1.0
	43244.99999996	11.50102		2.7283  0.2  0.2		4.1705503158		-1.0
	43289.99999996	10.36872		2.30032  0.2  0.2		4.1705503158		-1.0
	43334.99999996	10.121		0.95914  0.2  0.2		4.1705503158		-1.0
	43379.99999996	9.8306		0.30109  0.2  0.2		4.1705503158		-1.0
	43424.99999996	10.20906		0.07425  0.2  0.2		4.1705503158		-1.0
	43469.99999996	11.05425		-0.04696  0.2  0.2		4.1705503158		-1.0
	43514.99999996	12.37478		-0.11201  0.2  0.2		4.1705503158		-1.0
	43559.99999996	14.05011		-0.0105  0.2  0.2		4.1705503158		-1.0
	43604.99999996	15.5852		-1.21151  0.2  0.2		4.1705503158		-1.0
	43649.99999996	16.74116		-0.58853  0.2  0.2		4.1705503158		-1.0
	43694.99999996	17.53453		-2.13827  0.2  0.2		4.1705503158		-1.0
	43739.99999996	17.62322		-2.8252  0.2  0.2		4.1705503158		-1.0
	43784.99999996	18.35833		3.07649  0.2  0.2		4.1705503158		-1.0
	43829.99999996	18.03993		-2.97672  0.2  0.2		4.1705503158		-1.0
	43874.99999996	18.21487		-3.07088  0.2  0.2		4.1705503158		-1.0
	43919.99999996	17.53638		-2.867  0.2  0.2		4.1705503158		-1.0
	43964.99999996	17.25917		-3.01222  0.2  0.2		4.1705503158		-1.0
	44009.99999996	16.39415		3.11422  0.2  0.2		4.1705503158		-1.0
	44054.99999996	15.45446		-3.12665  0.2  0.2		4.1705503158		-1.0
	44099.99999996	14.2888		2.68518  0.2  0.2		4.1705503158		-1.0
	44144.99999996	13.50973		2.68622  0.2  0.2		4.1705503158		-1.0
	44189.99999996	12.76969		2.07633  0.2  0.2		4.1705503158		-1.0
	44234.99999996	12.72304		-0.01005  0.2  0.2		4.1705503158		-1.0
	44279.99999996	13.21452		-0.31718  0.2  0.2		4.1705503158		-1.0
	44324.99999996	14.13656		-0.37552  0.2  0.2		4.1705503158		-1.0
	44369.99999996	14.75035		0.28138  0.2  0.2		4.1705503158		-1.0
	44414.99999996	15.14649		2.20978  0.2  0.2		4.1705503158		-1.0
	44459.99999996	15.61091		2.03076  0.2  0.2		4.1705503158		-1.0
	44504.99999996	16.4411		1.4494  0.2  0.2		4.1705503158		-1.0
	44549.99999996	17.62129		1.02779  0.2  0.2		4.1705503158		-1.0
	44594.99999996	18.90558		0.64854  0.2  0.2		4.1705503158		-1.0
	44639.99999996	20.17129		0.2237  0.2  0.2		4.1705503158		-1.0
	44684.99999996	21.42261		-0.25273  0.2  0.2		4.1705503158		-1.0
	44729.99999996	22.98761		-0.64303  0.2  0.2		4.1705503158		-1.0
	44774.99999996	23.23624		1.10182  0.2  0.2		4.1705503158		-1.0
	44819.99999996	21.79479		1.04909  0.2  0.2		4.1705503158		-1.0
	44864.99999996	20.29641		0.80929  0.2  0.2		4.1705503158		-1.0
	44909.99999996	19.34304		0.47185  0.2  0.2		4.1705503158		-1.0
	44954.99999996	18.69688		-0.1814  0.2  0.2		4.1705503158		-1.0
	44999.99999996	18.5412		-0.75842  0.2  0.2		4.1705503158		-1.0
	45044.99999996	18.47252		-1.40339  0.2  0.2		4.1705503158		-1.0
	45089.99999996	19.01285		-2.28342  0.2  0.2		4.1705503158		-1.0
	45134.99999996	19.87757		-3.08497  0.2  0.2		4.1705503158		-1.0
	45179.99999996	20.74305		2.08986  0.2  0.2		4.1705503158		-1.0
	45224.99999996	21.70636		1.14909  0.2  0.2		4.1705503158		-1.0
	45269.99999996	22.91019		0.20909  0.2  0.2		4.1705503158		-1.0
	45314.99999996	24.16859		-1.34295  0.2  0.2		4.1705503158		-1.0
	45359.99999996	25.06211		-2.76461  0.2  0.2		4.1705503158		-1.0
	45404.99999996	25.7547		1.81518  0.2  0.2		4.1705503158		-1.0
	45449.99999996	26.60941		1.17835  0.2  0.2		4.1705503158		-1.0
	45494.99999996	27.36832		0.41675  0.2  0.2		4.1705503158		-1.0
	45539.99999996	28.05994		0.04239  0.2  0.2		4.1705503158		-1.0
	45584.99999996	28.96414		-0.47715  0.2  0.2		4.1705503158		-1.0
	45629.99999996	29.33013		-0.96291  0.2  0.2		4.1705503158		-1.0
	45674.99999996	28.46451		-1.51281  0.2  0.2		4.1705503158		-1.0
	45719.99999996	27.51298		-1.99691  0.2  0.2		4.1705503158		-1.0
	45764.99999996	26.98496		-2.90943  0.2  0.2		4.1705503158		-1.0
	45809.99999996	27.02072		-2.56531  0.2  0.2		4.1705503158		-1.0
	45854.99999996	27.16352		-2.14837  0.2  0.2		4.1705503158		-1.0
	45899.99999996	26.93809		-1.59588  0.2  0.2		4.1705503158		-1.0
	45944.99999996	26.84292		-1.23389  0.2  0.2		4.1705503158		-1.0
	45989.99999996	27.20245		-2.07152  0.2  0.2		4.1705503158		-1.0
	46034.99999996	28.07143		3.07232  0.2  0.2		4.1705503158		-1.0
	46079.99999996	29.44082		2.93214  0.2  0.2		4.1705503158		-1.0
	46124.99999996	31.19411		-3.08312  0.2  0.2		4.1705503158		-1.0
	46169.99999996	31.87017		1.09342  0.2  0.2		4.1705503158		-1.0
	46214.99999996	30.99707		0.42584  0.2  0.2		4.1705503158		-1.0
	46259.99999996	30.30576		-0.32381  0.2  0.2		4.1705503158		-1.0
	46304.99999996	30.19279		-0.92316  0.2  0.2		4.1705503158		-1.0
	46349.99999996	29.83035		-0.57852  0.2  0.2		4.1705503158		-1.0
	46394.99999996	28.98182		-0.00698  0.2  0.2		4.1705503158		-1.0
	46439.99999996	28.04606		0.43371  0.2  0.2		4.1705503158		-1.0
	46484.99999996	27.22091		0.87063  0.2  0.2		4.1705503158		-1.0
	46529.99999996	26.55767		1.18281  0.2  0.2		4.1705503158		-1.0
	46574.99999996	26.36395		-1.90305  0.2  0.2		4.1705503158		-1.0
	46619.99999996	25.86337		-1.23311  0.2  0.2		4.1705503158		-1.0
	46664.99999996	25.28776		-0.92839  0.2  0.2		4.1705503158		-1.0
	46709.99999996	24.59548		-0.5019  0.2  0.2		4.1705503158		-1.0
	46754.99999995	23.92584		0.28443  0.2  0.2		4.1705503158		-1.0
	46799.99999995	23.47593		2.10832  0.2  0.2		4.1705503158		-1.0
	46844.99999995	22.99614		-2.85327  0.2  0.2		4.1705503158		-1.0
	46889.99999995	23.15669		-2.09478  0.2  0.2		4.1705503158		-1.0
	46934.99999995	23.17276		-1.17013  0.2  0.2		4.1705503158		-1.0
	46979.99999995	22.8448		-0.53691  0.2  0.2		4.1705503158		-1.0
	47024.99999995	21.90693		0.08022  0.2  0.2		4.1705503158		-1.0
	47069.99999995	20.52379		0.26043  0.2  0.2		4.1705503158		-1.0
	47114.99999995	19.85387		-0.29009  0.2  0.2		4.1705503158		-1.0
	47159.99999995	19.60416		-0.91823  0.2  0.2		4.1705503158		-1.0
	47204.99999995	19.66355		-0.69763  0.2  0.2		4.1705503158		-1.0
	47249.99999995	19.87784		-0.50928  0.2  0.2		4.1705503158		-1.0
	47294.99999995	19.92778		0.47371  0.2  0.2		4.1705503158		-1.0
	47339.99999995	19.17067		0.77811  0.2  0.2		4.1705503158		-1.0
	47384.99999995	18.24996		0.78864  0.2  0.2		4.1705503158		-1.0
	47429.99999995	17.61535		0.28009  0.2  0.2		4.1705503158		-1.0
	47474.99999995	16.65366		-0.19318  0.2  0.2		4.1705503158		-1.0
	47519.99999995	16.22463		-0.44983  0.2  0.2		4.1705503158		-1.0
	47564.99999995	15.26703		-0.53953  0.2  0.2		4.1705503158		-1.0
	47609.99999995	14.44619		-0.31199  0.2  0.2		4.1705503158		-1.0
	47654.99999995	13.25399		-0.23759  0.2  0.2		4.1705503158		-1.0
	47699.99999995	11.83997		0.22956  0.2  0.2		4.1705503158		-1.0
	47744.99999995	10.43668		0.5915  0.2  0.2		4.1705503158		-1.0
	47789.99999995	8.9933		1.19523  0.2  0.2		4.1705503158		-1.0
	47834.99999995	8.08696		1.99496  0.2  0.2		4.1705503158		-1.0
	47879.99999995	7.42741		2.73271  0.2  0.2		4.1705503158		-1.0
	47924.99999995	7.14791		-3.06426  0.2  0.2		4.1705503158		-1.0
	47969.99999995	6.55316		-2.70407  0.2  0.2		4.1705503158		-1.0
	48014.99999995	5.62937		-2.39963  0.2  0.2		4.1705503158		-1.0
	48059.99999995	5.32423		-2.0616  0.2  0.2		4.1705503158		-1.0
	48104.99999995	6.15413		-2.14162  0.2  0.2		4.1705503158		-1.0
	48149.99999995	7.59725		-2.10376  0.2  0.2		4.1705503158		-1.0
	48194.99999995	9.40748		-2.15776  0.2  0.2		4.1705503158		-1.0
	48239.99999995	10.7663		-2.06623  0.2  0.2		4.1705503158		-1.0
	48284.99999995	12.05322		-1.69268  0.2  0.2		4.1705503158		-1.0
	48329.99999995	12.71029		-1.36749  0.2  0.2		4.1705503158		-1.0
	48374.99999995	12.94677		-0.67733  0.2  0.2		4.1705503158		-1.0
	48419.99999995	12.83961		0.02582  0.2  0.2		4.1705503158		-1.0
	48464.99999995	12.84895		0.70593  0.2  0.2		4.1705503158		-1.0
	48509.99999995	12.53756		0.79727  0.2  0.2		4.1705503158		-1.0
	48554.99999995	12.34415		0.23346  0.2  0.2		4.1705503158		-1.0
	48599.99999995	11.47352		0.69365  0.2  0.2		4.1705503158		-1.0
	48644.99999995	10.51942		1.28155  0.2  0.2		4.1705503158		-1.0
	48689.99999995	9.55158		1.90042  0.2  0.2		4.1705503158		-1.0
	48734.99999995	9.1829		2.67056  0.2  0.2		4.1705503158		-1.0
	48779.99999995	8.86552		-2.84027  0.2  0.2		4.1705503158		-1.0
	48824.99999995	9.01846		-2.14414  0.2  0.2		4.1705503158		-1.0
	48869.99999995	9.83556		-1.52624  0.2  0.2		4.1705503158		-1.0
	48914.99999995	11.22816		-0.99198  0.2  0.2		4.1705503158		-1.0
	48959.99999995	12.69992		-0.59586  0.2  0.2		4.1705503158		-1.0
	49004.99999995	14.10543		-0.17162  0.2  0.2		4.1705503158		-1.0
	49049.99999995	15.37585		0.29269  0.2  0.2		4.1705503158		-1.0
	49094.99999995	16.4602		0.44213  0.2  0.2		4.1705503158		-1.0
	49139.99999995	17.02992		-1.66734  0.2  0.2		4.1705503158		-1.0
	49184.99999995	16.74161		-2.01634  0.2  0.2		4.1705503158		-1.0
	49229.99999995	16.16546		-2.41556  0.2  0.2		4.1705503158		-1.0
	49274.99999995	15.51836		-2.72952  0.2  0.2		4.1705503158		-1.0
	49319.99999995	14.69628		-3.06167  0.2  0.2		4.1705503158		-1.0
	49364.99999995	13.6735		3.05  0.2  0.2		4.1705503158		-1.0
	49409.99999995	12.65164		-3.01301  0.2  0.2		4.1705503158		-1.0
	49454.99999995	11.97035		-2.58259  0.2  0.2		4.1705503158		-1.0
	49499.99999995	11.1319		-1.93423  0.2  0.2		4.1705503158		-1.0
	49544.99999995	10.65128		-1.08839  0.2  0.2		4.1705503158		-1.0
	49589.99999995	9.79321		-0.7101  0.2  0.2		4.1705503158		-1.0
	49634.99999995	9.47491		2.8197  0.2  0.2		4.1705503158		-1.0
	49679.99999995	9.51875		-2.40457  0.2  0.2		4.1705503158		-1.0
	49724.99999995	10.08159		-1.73316  0.2  0.2		4.1705503158		-1.0
	49769.99999995	10.50238		-0.89724  0.2  0.2		4.1705503158		-1.0
	49814.99999995	10.78802		-0.22832  0.2  0.2		4.1705503158		-1.0
	49859.99999995	11.23008		1.34464  0.2  0.2		4.1705503158		-1.0
	49904.99999995	11.8767		2.52967  0.2  0.2		4.1705503158		-1.0
	49949.99999995	12.57864		-3.12827  0.2  0.2		4.1705503158		-1.0
	49994.99999995	12.55745		-2.65159  0.2  0.2		4.1705503158		-1.0
