	45.00000000	2.84354		2.12228     0.2    0.2		4.1705503158		-1.0
	90.00000000	3.05783		1.88003     0.2    0.2		4.1705503158		-1.0
	135.00000000	2.78368		2.0267     0.2    0.2		4.1705503158		-1.0
	180.00000000	3.0164		1.66247     0.2    0.2		4.1705503158		-1.0
	225.00000000	2.84436		1.75541     0.2    0.2		4.1705503158		-1.0
	270.00000000	3.08305		1.5893     0.2    0.2		4.1705503158		-1.0
	315.00000000	2.83025		1.29714     0.2    0.2		4.1705503158		-1.0
	360.00000000	2.96461		1.07385     0.2    0.2		4.1705503158		-1.0
	405.00000000	2.85377		0.68971     0.2    0.2		4.1705503158		-1.0
	450.00000000	2.97557		-0.11724     0.2    0.2		4.1705503158		-1.0
	495.00000000	2.90859		-0.77041     0.2    0.2		4.1705503158		-1.0
	540.00000000	2.92818		-1.09941     0.2    0.2		4.1705503158		-1.0
	585.00000000	2.94204		-1.39232     0.2    0.2		4.1705503158		-1.0
	630.00000000	2.90402		-1.76523     0.2    0.2		4.1705503158		-1.0
	675.00000000	2.87351		-2.14546     0.2    0.2		4.1705503158		-1.0
	720.00000000	2.93669		-2.47209     0.2    0.2		4.1705503158		-1.0
	765.00000000	2.96113		-2.60172     0.2    0.2		4.1705503158		-1.0
	810.00000000	2.8723		-2.75089     0.2    0.2		4.1705503158		-1.0
	855.00000000	2.89617		-3.06517     0.2    0.2		4.1705503158		-1.0
	900.00000000	2.94269		2.95562     0.2    0.2		4.1705503158		-1.0
	945.00000000	2.89422		2.45726     0.2    0.2		4.1705503158		-1.0
	990.00000000	2.98131		2.02318     0.2    0.2		4.1705503158		-1.0
	1035.00000000	2.94112		1.76861     0.2    0.2		4.1705503158		-1.0
	1080.00000000	2.91782		1.29226     0.2    0.2		4.1705503158		-1.0
	1125.00000000	2.86464		0.7836     0.2    0.2		4.1705503158		-1.0
	1170.00000000	2.92696		0.24342     0.2    0.2		4.1705503158		-1.0
	1215.00000000	2.96184		-0.33268     0.2    0.2		4.1705503158		-1.0
	1260.00000000	2.9724		-1.12975     0.2    0.2		4.1705503158		-1.0
	1305.00000000	2.84467		-1.04522     0.2    0.2		4.1705503158		-1.0
	1350.00000000	2.85062		-1.54798     0.2    0.2		4.1705503158		-1.0
	1395.00000000	2.90948		-1.7041     0.2    0.2		4.1705503158		-1.0
	1440.00000000	2.98484		-1.94883     0.2    0.2		4.1705503158		-1.0
	1485.00000000	2.94745		-2.23002     0.2    0.2		4.1705503158		-1.0
	1530.00000000	2.9985		-2.45747     0.2    0.2		4.1705503158		-1.0
	1575.00000000	2.87919		-2.63899     0.2    0.2		4.1705503158		-1.0
	1620.00000000	2.94604		-3.07337     0.2    0.2		4.1705503158		-1.0
	1665.00000000	2.89685		2.73284     0.2    0.2		4.1705503158		-1.0
	1710.00000000	2.95482		2.24841     0.2    0.2		4.1705503158		-1.0
	1755.00000000	3.02576		2.06833     0.2    0.2		4.1705503158		-1.0
	1800.00000000	3.0071		1.53557     0.2    0.2		4.1705503158		-1.0
	1845.00000000	2.9817		1.17864     0.2    0.2		4.1705503158		-1.0
	1890.00000000	2.85596		0.29226     0.2    0.2		4.1705503158		-1.0
	1935.00000000	2.87906		-0.50977     0.2    0.2		4.1705503158		-1.0
	1980.00000000	2.89338		-0.84     0.2    0.2		4.1705503158		-1.0
	2025.00000000	2.97124		-0.54322     0.2    0.2		4.1705503158		-1.0
	2070.00000000	2.96266		-0.20829     0.2    0.2		4.1705503158		-1.0
	2115.00000000	2.89132		0.54293     0.2    0.2		4.1705503158		-1.0
	2160.00000000	2.84798		1.00869     0.2    0.2		4.1705503158		-1.0
	2205.00000000	2.82914		1.29962     0.2    0.2		4.1705503158		-1.0
	2250.00000000	2.79585		1.65728     0.2    0.2		4.1705503158		-1.0
	2295.00000000	2.76837		1.98685     0.2    0.2		4.1705503158		-1.0
	2340.00000000	2.83635		2.34895     0.2    0.2		4.1705503158		-1.0
	2385.00000000	2.83105		2.50932     0.2    0.2		4.1705503158		-1.0
	2430.00000000	2.83807		2.69203     0.2    0.2		4.1705503158		-1.0
	2475.00000000	2.94445		-2.91157     0.2    0.2		4.1705503158		-1.0
	2520.00000000	2.89396		-2.99506     0.2    0.2		4.1705503158		-1.0
	2565.00000000	2.89161		-2.61596     0.2    0.2		4.1705503158		-1.0
	2610.00000000	2.88689		-2.21601     0.2    0.2		4.1705503158		-1.0
	2655.00000000	3.03131		-2.07254     0.2    0.2		4.1705503158		-1.0
	2700.00000000	3.03247		-1.77438     0.2    0.2		4.1705503158		-1.0
	2745.00000000	3.055		-1.69216     0.2    0.2		4.1705503158		-1.0
	2790.00000000	3.00551		-1.27     0.2    0.2		4.1705503158		-1.0
	2835.00000000	2.95386		-0.98637     0.2    0.2		4.1705503158		-1.0
	2880.00000000	2.97525		0.16664     0.2    0.2		4.1705503158		-1.0
	2925.00000000	2.94355		0.70005     0.2    0.2		4.1705503158		-1.0
	2970.00000000	3.06292		0.96446     0.2    0.2		4.1705503158		-1.0
	3015.00000000	2.96432		1.58871     0.2    0.2		4.1705503158		-1.0
	3060.00000000	2.79024		1.70868     0.2    0.2		4.1705503158		-1.0
	3105.00000000	3.02768		2.37359     0.2    0.2		4.1705503158		-1.0
	3150.00000000	3.06692		2.49296     0.2    0.2		4.1705503158		-1.0
	3195.00000000	3.13201		2.65103     0.2    0.2		4.1705503158		-1.0
	3240.00000000	3.13217		-3.12358     0.2    0.2		4.1705503158		-1.0
	3285.00000000	3.10608		-3.13251     0.2    0.2		4.1705503158		-1.0
	3330.00000000	3.18037		-2.8429     0.2    0.2		4.1705503158		-1.0
	3375.00000000	3.1775		-2.42372     0.2    0.2		4.1705503158		-1.0
	3420.00000000	2.98952		-2.46205     0.2    0.2		4.1705503158		-1.0
	3465.00000000	2.95128		-1.91903     0.2    0.2		4.1705503158		-1.0
	3510.00000000	2.84364		-1.89047     0.2    0.2		4.1705503158		-1.0
	3555.00000000	3.01761		-1.31779     0.2    0.2		4.1705503158		-1.0
	3600.00000000	2.79278		-1.28399     0.2    0.2		4.1705503158		-1.0
	3645.00000000	2.8411		-0.56659     0.2    0.2		4.1705503158		-1.0
	3690.00000000	2.79424		-0.14268     0.2    0.2		4.1705503158		-1.0
	3735.00000000	2.85662		0.60622     0.2    0.2		4.1705503158		-1.0
	3780.00000000	2.7741		0.7568     0.2    0.2		4.1705503158		-1.0
	3825.00000000	2.86033		1.31997     0.2    0.2		4.1705503158		-1.0
	3870.00000000	2.98949		1.32251     0.2    0.2		4.1705503158		-1.0
	3915.00000000	3.06222		1.59642     0.2    0.2		4.1705503158		-1.0
	3960.00000000	3.03837		1.73628     0.2    0.2		4.1705503158		-1.0
	4005.00000000	3.11336		2.17937     0.2    0.2		4.1705503158		-1.0
	4050.00000000	2.92792		2.387     0.2    0.2		4.1705503158		-1.0
	4095.00000000	2.99915		2.64926     0.2    0.2		4.1705503158		-1.0
	4140.00000000	2.85315		2.9483     0.2    0.2		4.1705503158		-1.0
	4185.00000000	2.90642		3.12173     0.2    0.2		4.1705503158		-1.0
	4230.00000000	2.82816		3.13807     0.2    0.2		4.1705503158		-1.0
	4275.00000000	2.94695		2.82005     0.2    0.2		4.1705503158		-1.0
	4320.00000000	3.00763		2.78342     0.2    0.2		4.1705503158		-1.0
	4365.00000000	3.08883		2.21972     0.2    0.2		4.1705503158		-1.0
	4410.00000000	2.84263		1.90661     0.2    0.2		4.1705503158		-1.0
	4455.00000000	3.0051		1.7289     0.2    0.2		4.1705503158		-1.0
	4500.00000000	3.10895		1.29088     0.2    0.2		4.1705503158		-1.0
	4545.00000000	2.8277		1.08446     0.2    0.2		4.1705503158		-1.0
	4590.00000000	2.84358		0.10081     0.2    0.2		4.1705503158		-1.0
	4635.00000000	2.85769		-0.51694     0.2    0.2		4.1705503158		-1.0
	4680.00000000	2.9302		-0.9332     0.2    0.2		4.1705503158		-1.0
	4725.00000000	2.86605		-1.38737     0.2    0.2		4.1705503158		-1.0
	4770.00000000	2.9864		-1.6602     0.2    0.2		4.1705503158		-1.0
	4815.00000000	2.8072		-1.99657     0.2    0.2		4.1705503158		-1.0
	4860.00000000	2.89371		-2.24136     0.2    0.2		4.1705503158		-1.0
	4905.00000000	2.81433		-2.64473     0.2    0.2		4.1705503158		-1.0
	4950.00000000	2.82892		-3.04257     0.2    0.2		4.1705503158		-1.0
	4995.00000000	3.15998		2.88222     0.2    0.2		4.1705503158		-1.0
	5040.00000000	2.94658		2.86166     0.2    0.2		4.1705503158		-1.0
	5085.00000000	3.13633		2.8493     0.2    0.2		4.1705503158		-1.0
	5130.00000000	2.82395		2.55633     0.2    0.2		4.1705503158		-1.0
	5175.00000000	2.7816		2.46018     0.2    0.2		4.1705503158		-1.0
	5220.00000000	3.16731		2.12919     0.2    0.2		4.1705503158		-1.0
	5265.00000000	2.91812		2.01822     0.2    0.2		4.1705503158		-1.0
	5310.00000000	2.7709		1.73355     0.2    0.2		4.1705503158		-1.0
	5355.00000000	3.13625		1.41053     0.2    0.2		4.1705503158		-1.0
	5400.00000000	3.10752		1.30752     0.2    0.2		4.1705503158		-1.0
	5445.00000000	3.04402		0.58867     0.2    0.2		4.1705503158		-1.0
	5490.00000000	2.96041		0.03841     0.2    0.2		4.1705503158		-1.0
	5535.00000000	3.01614		0.08787     0.2    0.2		4.1705503158		-1.0
	5580.00000000	2.99371		-0.2442     0.2    0.2		4.1705503158		-1.0
	5625.00000000	2.84553		-0.14746     0.2    0.2		4.1705503158		-1.0
	5670.00000000	2.85142		-0.61775     0.2    0.2		4.1705503158		-1.0
	5715.00000000	3.00291		-0.58946     0.2    0.2		4.1705503158		-1.0
	5760.00000000	3.10226		-0.95045     0.2    0.2		4.1705503158		-1.0
	5805.00000000	2.96369		-0.83534     0.2    0.2		4.1705503158		-1.0
	5850.00000000	2.81123		-0.67667     0.2    0.2		4.1705503158		-1.0
	5895.00000000	2.85768		0.06198     0.2    0.2		4.1705503158		-1.0
	5940.00000000	2.87716		0.51277     0.2    0.2		4.1705503158		-1.0
	5985.00000000	3.09356		0.46693     0.2    0.2		4.1705503158		-1.0
	6030.00000000	3.12285		1.03096     0.2    0.2		4.1705503158		-1.0
	6075.00000000	2.82977		1.17959     0.2    0.2		4.1705503158		-1.0
	6120.00000000	3.1396		0.85046     0.2    0.2		4.1705503158		-1.0
	6165.00000000	2.95231		0.75652     0.2    0.2		4.1705503158		-1.0
	6210.00000000	3.04685		0.18694     0.2    0.2		4.1705503158		-1.0
	6255.00000000	3.24668		-0.28474     0.2    0.2		4.1705503158		-1.0
	6300.00000000	3.05593		-0.57143     0.2    0.2		4.1705503158		-1.0
	6345.00000000	2.75374		-0.8537     0.2    0.2		4.1705503158		-1.0
	6390.00000000	2.7353		-0.98795     0.2    0.2		4.1705503158		-1.0
	6435.00000000	3.05381		-1.1912     0.2    0.2		4.1705503158		-1.0
	6480.00000000	3.00802		-1.20717     0.2    0.2		4.1705503158		-1.0
	6525.00000000	3.09103		-1.60141     0.2    0.2		4.1705503158		-1.0
	6570.00000000	3.01469		-1.76548     0.2    0.2		4.1705503158		-1.0
	6615.00000000	2.77743		-2.15361     0.2    0.2		4.1705503158		-1.0
	6660.00000000	3.17285		-2.37644     0.2    0.2		4.1705503158		-1.0
	6705.00000000	3.01395		-2.75549     0.2    0.2		4.1705503158		-1.0
	6750.00000000	2.75707		-2.81992     0.2    0.2		4.1705503158		-1.0
	6795.00000000	3.20008		-3.03582     0.2    0.2		4.1705503158		-1.0
	6840.00000000	2.88405		2.92476     0.2    0.2		4.1705503158		-1.0
	6885.00000000	3.36381		2.99802     0.2    0.2		4.1705503158		-1.0
	6930.00000000	2.8687		2.80029     0.2    0.2		4.1705503158		-1.0
	6975.00000000	2.74309		2.42385     0.2    0.2		4.1705503158		-1.0
	7020.00000000	2.92111		2.2901     0.2    0.2		4.1705503158		-1.0
	7065.00000000	2.87855		1.94233     0.2    0.2		4.1705503158		-1.0
	7110.00000000	2.82867		1.65002     0.2    0.2		4.1705503158		-1.0
	7155.00000000	2.79479		1.34544     0.2    0.2		4.1705503158		-1.0
	7200.00000000	2.91365		0.94663     0.2    0.2		4.1705503158		-1.0
	7245.00000000	3.01135		0.46352     0.2    0.2		4.1705503158		-1.0
	7290.00000000	2.88839		-0.11121     0.2    0.2		4.1705503158		-1.0
	7335.00000000	3.11039		-0.44859     0.2    0.2		4.1705503158		-1.0
	7380.00000000	3.16098		-0.86555     0.2    0.2		4.1705503158		-1.0
	7425.00000000	2.89541		-0.62549     0.2    0.2		4.1705503158		-1.0
	7470.00000000	2.95269		-0.32051     0.2    0.2		4.1705503158		-1.0
	7515.00000000	2.76758		0.23072     0.2    0.2		4.1705503158		-1.0
	7560.00000000	2.82323		0.88341     0.2    0.2		4.1705503158		-1.0
	7605.00000000	2.85042		0.54531     0.2    0.2		4.1705503158		-1.0
	7650.00000000	3.10553		0.17749     0.2    0.2		4.1705503158		-1.0
	7695.00000000	3.08222		-0.03208     0.2    0.2		4.1705503158		-1.0
	7740.00000000	2.7657		0.43875     0.2    0.2		4.1705503158		-1.0
	7785.00000000	2.96643		0.81376     0.2    0.2		4.1705503158		-1.0
	7830.00000000	2.6454		0.12532     0.2    0.2		4.1705503158		-1.0
	7875.00000000	3.18312		-0.58869     0.2    0.2		4.1705503158		-1.0
	7920.00000000	3.04409		-1.24786     0.2    0.2		4.1705503158		-1.0
	7965.00000000	3.16771		-1.45207     0.2    0.2		4.1705503158		-1.0
	8010.00000000	2.70691		-1.92973     0.2    0.2		4.1705503158		-1.0
	8055.00000000	3.1076		-2.27582     0.2    0.2		4.1705503158		-1.0
	8100.00000000	2.89916		-2.4295     0.2    0.2		4.1705503158		-1.0
	8145.00000000	2.74913		-2.3661     0.2    0.2		4.1705503158		-1.0
	8190.00000000	2.90624		-2.34097     0.2    0.2		4.1705503158		-1.0
	8235.00000000	2.87575		-2.59734     0.2    0.2		4.1705503158		-1.0
	8280.00000000	3.17653		-2.62742     0.2    0.2		4.1705503158		-1.0
	8325.00000000	3.01238		-2.23457     0.2    0.2		4.1705503158		-1.0
	8370.00000000	3.18944		-2.13803     0.2    0.2		4.1705503158		-1.0
	8415.00000000	3.08304		-2.03627     0.2    0.2		4.1705503158		-1.0
	8460.00000000	3.21626		-1.81165     0.2    0.2		4.1705503158		-1.0
	8505.00000000	2.82064		-1.61877     0.2    0.2		4.1705503158		-1.0
	8550.00000000	3.06403		-1.49959     0.2    0.2		4.1705503158		-1.0
	8595.00000000	3.02785		-1.33969     0.2    0.2		4.1705503158		-1.0
	8640.00000000	2.98408		-1.21521     0.2    0.2		4.1705503158		-1.0
	8685.00000000	2.70654		-1.33537     0.2    0.2		4.1705503158		-1.0
	8730.00000000	2.68927		-1.42573     0.2    0.2		4.1705503158		-1.0
	8775.00000000	2.77442		-1.47579     0.2    0.2		4.1705503158		-1.0
	8820.00000000	2.93153		-1.46552     0.2    0.2		4.1705503158		-1.0
	8865.00000000	2.72666		-1.79293     0.2    0.2		4.1705503158		-1.0
	8910.00000000	2.82186		-2.15131     0.2    0.2		4.1705503158		-1.0
	8955.00000000	2.77242		-2.33123     0.2    0.2		4.1705503158		-1.0
	9000.00000000	2.77971		-2.75854     0.2    0.2		4.1705503158		-1.0
	9045.00000000	2.8733		-3.10095     0.2    0.2		4.1705503158		-1.0
	9090.00000000	2.72778		2.59922     0.2    0.2		4.1705503158		-1.0
	9135.00000000	3.34076		2.20748     0.2    0.2		4.1705503158		-1.0
	9180.00000000	2.8879		1.93224     0.2    0.2		4.1705503158		-1.0
	9225.00000000	3.33654		1.57238     0.2    0.2		4.1705503158		-1.0
	9270.00000000	3.38641		1.21437     0.2    0.2		4.1705503158		-1.0
	9315.00000000	2.9319		0.93619     0.2    0.2		4.1705503158		-1.0
	9360.00000000	3.19207		0.44838     0.2    0.2		4.1705503158		-1.0
	9405.00000000	3.00713		-0.13367     0.2    0.2		4.1705503158		-1.0
	9450.00000000	3.02811		-0.31385     0.2    0.2		4.1705503158		-1.0
	9495.00000000	2.82743		0.32637     0.2    0.2		4.1705503158		-1.0
	9540.00000000	2.79656		0.26417     0.2    0.2		4.1705503158		-1.0
	9585.00000000	3.28851		0.02576     0.2    0.2		4.1705503158		-1.0
	9630.00000000	2.69955		0.42275     0.2    0.2		4.1705503158		-1.0
	9675.00000000	3.10815		0.57319     0.2    0.2		4.1705503158		-1.0
	9720.00000000	3.21461		0.43675     0.2    0.2		4.1705503158		-1.0
	9765.00000000	2.70966		0.25768     0.2    0.2		4.1705503158		-1.0
	9810.00000000	2.84243		0.40866     0.2    0.2		4.1705503158		-1.0
	9855.00000000	2.70795		1.02545     0.2    0.2		4.1705503158		-1.0
	9900.00000000	3.1204		0.41139     0.2    0.2		4.1705503158		-1.0
	9945.00000000	2.74818		0.97704     0.2    0.2		4.1705503158		-1.0
	9990.00000000	2.86086		1.03439     0.2    0.2		4.1705503158		-1.0
	10035.00000000	3.04003		1.1899     0.2    0.2		4.1705503158		-1.0
	10080.00000000	3.31816		1.1558     0.2    0.2		4.1705503158		-1.0
	10125.00000000	3.18049		0.91076     0.2    0.2		4.1705503158		-1.0
	10170.00000000	3.18113		0.77849     0.2    0.2		4.1705503158		-1.0
	10215.00000000	3.15803		0.56168     0.2    0.2		4.1705503158		-1.0
	10260.00000000	3.22099		0.03715     0.2    0.2		4.1705503158		-1.0
	10305.00000000	3.19158		-0.76282     0.2    0.2		4.1705503158		-1.0
	10350.00000000	3.24624		-1.10245     0.2    0.2		4.1705503158		-1.0
	10395.00000000	3.35674		-1.06643     0.2    0.2		4.1705503158		-1.0
	10440.00000000	2.95581		-0.76525     0.2    0.2		4.1705503158		-1.0
	10485.00000000	3.12126		-1.07488     0.2    0.2		4.1705503158		-1.0
	10530.00000000	3.1295		-0.67106     0.2    0.2		4.1705503158		-1.0
	10575.00000000	2.87263		-0.18694     0.2    0.2		4.1705503158		-1.0
	10620.00000000	2.92431		0.07313     0.2    0.2		4.1705503158		-1.0
	10665.00000000	3.10098		0.45498     0.2    0.2		4.1705503158		-1.0
	10710.00000000	3.30701		0.29973     0.2    0.2		4.1705503158		-1.0
	10755.00000000	3.09565		-0.23134     0.2    0.2		4.1705503158		-1.0
	10800.00000000	3.00868		-0.6138     0.2    0.2		4.1705503158		-1.0
	10845.00000001	2.74111		-0.56422     0.2    0.2		4.1705503158		-1.0
	10890.00000001	2.72375		-0.34988     0.2    0.2		4.1705503158		-1.0
	10935.00000001	2.73052		-0.1748     0.2    0.2		4.1705503158		-1.0
	10980.00000001	2.79123		-0.40547     0.2    0.2		4.1705503158		-1.0
	11025.00000001	2.7738		-0.26608     0.2    0.2		4.1705503158		-1.0
	11070.00000001	2.79593		-0.08113     0.2    0.2		4.1705503158		-1.0
	11115.00000001	2.72638		0.81085     0.2    0.2		4.1705503158		-1.0
	11160.00000001	2.7059		1.4521     0.2    0.2		4.1705503158		-1.0
	11205.00000001	2.75125		1.74791     0.2    0.2		4.1705503158		-1.0
	11250.00000001	2.83916		2.30618     0.2    0.2		4.1705503158		-1.0
	11295.00000001	2.78106		2.41813     0.2    0.2		4.1705503158		-1.0
	11340.00000001	3.14078		2.4756     0.2    0.2		4.1705503158		-1.0
	11385.00000001	3.26511		2.47754     0.2    0.2		4.1705503158		-1.0
	11430.00000001	3.17352		2.55338     0.2    0.2		4.1705503158		-1.0
	11475.00000001	3.19669		2.37881     0.2    0.2		4.1705503158		-1.0
	11520.00000001	3.31805		1.88852     0.2    0.2		4.1705503158		-1.0
	11565.00000001	3.2305		1.63091     0.2    0.2		4.1705503158		-1.0
	11610.00000001	3.28055		1.13037     0.2    0.2		4.1705503158		-1.0
	11655.00000001	2.59542		1.47368     0.2    0.2		4.1705503158		-1.0
	11700.00000001	3.21317		0.79446     0.2    0.2		4.1705503158		-1.0
	11745.00000001	3.31826		1.11798     0.2    0.2		4.1705503158		-1.0
	11790.00000001	2.72599		1.04756     0.2    0.2		4.1705503158		-1.0
	11835.00000001	3.25689		0.6437     0.2    0.2		4.1705503158		-1.0
	11880.00000001	2.85655		0.6588     0.2    0.2		4.1705503158		-1.0
	11925.00000001	2.62163		0.58741     0.2    0.2		4.1705503158		-1.0
	11970.00000001	2.69291		-0.48912     0.2    0.2		4.1705503158		-1.0
	12015.00000001	2.82481		-1.11884     0.2    0.2		4.1705503158		-1.0
	12060.00000001	2.72086		-0.83497     0.2    0.2		4.1705503158		-1.0
	12105.00000001	2.74742		-1.2193     0.2    0.2		4.1705503158		-1.0
	12150.00000001	2.76523		-1.57311     0.2    0.2		4.1705503158		-1.0
	12195.00000001	2.79655		-1.69893     0.2    0.2		4.1705503158		-1.0
	12240.00000001	3.30391		-1.99383     0.2    0.2		4.1705503158		-1.0
	12285.00000001	3.174		-2.29829     0.2    0.2		4.1705503158		-1.0
	12330.00000001	3.14746		-2.29698     0.2    0.2		4.1705503158		-1.0
	12375.00000001	3.27126		-2.44003     0.2    0.2		4.1705503158		-1.0
	12420.00000001	3.02347		-2.673     0.2    0.2		4.1705503158		-1.0
	12465.00000001	3.03903		-2.86574     0.2    0.2		4.1705503158		-1.0
	12510.00000001	2.82765		2.92031     0.2    0.2		4.1705503158		-1.0
	12555.00000001	2.79148		2.74808     0.2    0.2		4.1705503158		-1.0
	12600.00000001	2.9593		2.47202     0.2    0.2		4.1705503158		-1.0
	12645.00000001	3.22245		1.87971     0.2    0.2		4.1705503158		-1.0
	12690.00000001	2.84226		2.07979     0.2    0.2		4.1705503158		-1.0
	12735.00000001	2.79194		1.87507     0.2    0.2		4.1705503158		-1.0
	12780.00000001	2.86076		1.35061     0.2    0.2		4.1705503158		-1.0
	12825.00000001	2.6859		1.23492     0.2    0.2		4.1705503158		-1.0
	12870.00000001	2.89275		1.48378     0.2    0.2		4.1705503158		-1.0
	12915.00000001	2.72817		1.7414     0.2    0.2		4.1705503158		-1.0
	12960.00000001	2.79375		1.60635     0.2    0.2		4.1705503158		-1.0
	13005.00000001	3.30151		1.97129     0.2    0.2		4.1705503158		-1.0
	13050.00000001	2.73579		1.93568     0.2    0.2		4.1705503158		-1.0
	13095.00000001	3.34072		2.18567     0.2    0.2		4.1705503158		-1.0
	13140.00000001	2.98358		2.52757     0.2    0.2		4.1705503158		-1.0
	13185.00000001	3.20288		2.77558     0.2    0.2		4.1705503158		-1.0
	13230.00000001	3.09299		-3.00044     0.2    0.2		4.1705503158		-1.0
	13275.00000001	2.64702		-2.45605     0.2    0.2		4.1705503158		-1.0
	13320.00000001	2.82246		-2.13826     0.2    0.2		4.1705503158		-1.0
	13365.00000001	2.7767		-1.73286     0.2    0.2		4.1705503158		-1.0
	13410.00000001	2.88801		-1.82128     0.2    0.2		4.1705503158		-1.0
	13455.00000001	2.98404		-1.75763     0.2    0.2		4.1705503158		-1.0
	13500.00000001	3.40762		-1.96567     0.2    0.2		4.1705503158		-1.0
	13545.00000001	3.25102		-1.99027     0.2    0.2		4.1705503158		-1.0
	13590.00000001	2.7185		-2.41927     0.2    0.2		4.1705503158		-1.0
	13635.00000001	2.75563		-2.143     0.2    0.2		4.1705503158		-1.0
	13680.00000001	2.77563		-2.03784     0.2    0.2		4.1705503158		-1.0
	13725.00000001	2.64965		-1.86948     0.2    0.2		4.1705503158		-1.0
	13770.00000001	2.68312		-1.8629     0.2    0.2		4.1705503158		-1.0
	13815.00000001	3.15414		-2.00144     0.2    0.2		4.1705503158		-1.0
	13860.00000001	3.31885		-2.0418     0.2    0.2		4.1705503158		-1.0
	13905.00000001	2.62536		-2.55409     0.2    0.2		4.1705503158		-1.0
	13950.00000001	2.96092		-2.76027     0.2    0.2		4.1705503158		-1.0
	13995.00000001	3.48017		-2.90631     0.2    0.2		4.1705503158		-1.0
	14040.00000001	2.96741		-2.92066     0.2    0.2		4.1705503158		-1.0
	14085.00000001	3.04097		-2.95039     0.2    0.2		4.1705503158		-1.0
	14130.00000001	2.65396		-2.92743     0.2    0.2		4.1705503158		-1.0
	14175.00000001	2.85631		-3.0757     0.2    0.2		4.1705503158		-1.0
	14220.00000001	2.79231		2.99772     0.2    0.2		4.1705503158		-1.0
	14265.00000000	2.78646		2.96952     0.2    0.2		4.1705503158		-1.0
	14310.00000000	2.69365		2.63989     0.2    0.2		4.1705503158		-1.0
	14355.00000000	2.8352		2.59217     0.2    0.2		4.1705503158		-1.0
	14400.00000000	2.69346		2.13674     0.2    0.2		4.1705503158		-1.0
	14445.00000000	2.86418		2.08287     0.2    0.2		4.1705503158		-1.0
	14490.00000000	3.09426		1.63652     0.2    0.2		4.1705503158		-1.0
	14535.00000000	3.04162		1.36093     0.2    0.2		4.1705503158		-1.0
	14580.00000000	2.96499		1.32518     0.2    0.2		4.1705503158		-1.0
	14625.00000000	2.76208		0.9484     0.2    0.2		4.1705503158		-1.0
	14670.00000000	2.68169		0.16756     0.2    0.2		4.1705503158		-1.0
	14715.00000000	2.61348		-0.26501     0.2    0.2		4.1705503158		-1.0
	14760.00000000	3.10636		-0.64672     0.2    0.2		4.1705503158		-1.0
	14805.00000000	3.30459		-0.7483     0.2    0.2		4.1705503158		-1.0
	14850.00000000	2.85751		-0.92942     0.2    0.2		4.1705503158		-1.0
	14895.00000000	2.80434		-1.0625     0.2    0.2		4.1705503158		-1.0
	14940.00000000	3.42935		-0.7575     0.2    0.2		4.1705503158		-1.0
	14985.00000000	3.35665		-0.16618     0.2    0.2		4.1705503158		-1.0
	15030.00000000	3.31055		0.2942     0.2    0.2		4.1705503158		-1.0
	15075.00000000	3.27852		-0.11127     0.2    0.2		4.1705503158		-1.0
	15120.00000000	3.33744		-0.45403     0.2    0.2		4.1705503158		-1.0
	15165.00000000	3.3438		-0.49964     0.2    0.2		4.1705503158		-1.0
	15210.00000000	3.14414		-0.75745     0.2    0.2		4.1705503158		-1.0
	15255.00000000	3.19501		-0.9746     0.2    0.2		4.1705503158		-1.0
	15300.00000000	3.25434		-1.33918     0.2    0.2		4.1705503158		-1.0
	15345.00000000	3.11919		-1.60692     0.2    0.2		4.1705503158		-1.0
	15390.00000000	3.22511		-2.08167     0.2    0.2		4.1705503158		-1.0
	15435.00000000	3.23745		-2.89647     0.2    0.2		4.1705503158		-1.0
	15480.00000000	3.29616		-2.67776     0.2    0.2		4.1705503158		-1.0
	15525.00000000	3.37577		2.9945     0.2    0.2		4.1705503158		-1.0
	15570.00000000	3.28349		2.99376     0.2    0.2		4.1705503158		-1.0
	15615.00000000	3.3305		2.85689     0.2    0.2		4.1705503158		-1.0
	15660.00000000	3.35486		2.47573     0.2    0.2		4.1705503158		-1.0
	15705.00000000	3.39001		2.3693     0.2    0.2		4.1705503158		-1.0
	15750.00000000	3.18613		2.01539     0.2    0.2		4.1705503158		-1.0
	15795.00000000	3.14453		1.88881     0.2    0.2		4.1705503158		-1.0
	15840.00000000	3.28969		1.52677     0.2    0.2		4.1705503158		-1.0
	15885.00000000	3.30708		1.43016     0.2    0.2		4.1705503158		-1.0
	15930.00000000	3.20495		1.10037     0.2    0.2		4.1705503158		-1.0
	15975.00000000	3.14214		0.8076     0.2    0.2		4.1705503158		-1.0
	16020.00000000	3.21489		0.17622     0.2    0.2		4.1705503158		-1.0
	16065.00000000	3.22972		-0.26061     0.2    0.2		4.1705503158		-1.0
	16110.00000000	3.31883		-0.7627     0.2    0.2		4.1705503158		-1.0
	16155.00000000	3.32112		-1.01685     0.2    0.2		4.1705503158		-1.0
	16200.00000000	3.32731		-1.54134     0.2    0.2		4.1705503158		-1.0
	16245.00000000	3.29391		-1.68198     0.2    0.2		4.1705503158		-1.0
	16290.00000000	3.34273		-2.13044     0.2    0.2		4.1705503158		-1.0
	16335.00000000	2.88602		-2.48473     0.2    0.2		4.1705503158		-1.0
	16380.00000000	3.12389		-2.7396     0.2    0.2		4.1705503158		-1.0
	16425.00000000	3.25244		-3.06485     0.2    0.2		4.1705503158		-1.0
	16470.00000000	2.68708		2.94492     0.2    0.2		4.1705503158		-1.0
	16515.00000000	2.70803		2.69197     0.2    0.2		4.1705503158		-1.0
	16560.00000000	3.40398		2.47578     0.2    0.2		4.1705503158		-1.0
	16605.00000000	2.59151		2.19732     0.2    0.2		4.1705503158		-1.0
	16650.00000000	2.62456		2.02131     0.2    0.2		4.1705503158		-1.0
	16695.00000000	3.41408		1.82916     0.2    0.2		4.1705503158		-1.0
	16740.00000000	2.59654		1.79408     0.2    0.2		4.1705503158		-1.0
	16785.00000000	3.33178		1.69227     0.2    0.2		4.1705503158		-1.0
	16830.00000000	2.94586		1.4729     0.2    0.2		4.1705503158		-1.0
	16875.00000000	3.3426		1.50946     0.2    0.2		4.1705503158		-1.0
	16920.00000000	3.06003		1.25323     0.2    0.2		4.1705503158		-1.0
	16965.00000000	3.2222		1.2525     0.2    0.2		4.1705503158		-1.0
	17010.00000000	3.23191		0.67496     0.2    0.2		4.1705503158		-1.0
	17055.00000000	3.30045		0.57311     0.2    0.2		4.1705503158		-1.0
	17100.00000000	2.76611		-0.18399     0.2    0.2		4.1705503158		-1.0
	17145.00000000	3.42748		-0.36727     0.2    0.2		4.1705503158		-1.0
	17190.00000000	2.8787		-0.72752     0.2    0.2		4.1705503158		-1.0
	17235.00000000	2.72391		-0.70787     0.2    0.2		4.1705503158		-1.0
	17280.00000000	2.69666		-1.02325     0.2    0.2		4.1705503158		-1.0
	17325.00000000	2.7397		-0.76337     0.2    0.2		4.1705503158		-1.0
	17370.00000000	2.67939		-1.21571     0.2    0.2		4.1705503158		-1.0
	17415.00000000	2.69928		-0.92409     0.2    0.2		4.1705503158		-1.0
	17460.00000000	2.74233		-1.43571     0.2    0.2		4.1705503158		-1.0
	17505.00000000	2.83855		-1.36487     0.2    0.2		4.1705503158		-1.0
	17550.00000000	2.72141		-1.92473     0.2    0.2		4.1705503158		-1.0
	17595.00000000	2.85673		-1.94408     0.2    0.2		4.1705503158		-1.0
	17640.00000000	2.63601		-2.5009     0.2    0.2		4.1705503158		-1.0
	17685.00000000	2.90558		-2.57342     0.2    0.2		4.1705503158		-1.0
	17730.00000000	2.68351		-3.02585     0.2    0.2		4.1705503158		-1.0
	17775.00000000	2.742		-3.12294     0.2    0.2		4.1705503158		-1.0
	17820.00000000	2.74823		2.75495     0.2    0.2		4.1705503158		-1.0
	17865.00000000	3.38614		2.47549     0.2    0.2		4.1705503158		-1.0
	17910.00000000	2.81107		2.24732     0.2    0.2		4.1705503158		-1.0
	17955.00000000	2.70931		2.0914     0.2    0.2		4.1705503158		-1.0
	18000.00000000	3.43345		1.93316     0.2    0.2		4.1705503158		-1.0
	18045.00000000	3.2042		1.7417     0.2    0.2		4.1705503158		-1.0
	18090.00000000	3.26038		2.01431     0.2    0.2		4.1705503158		-1.0
	18135.00000000	2.71959		2.02273     0.2    0.2		4.1705503158		-1.0
	18180.00000000	2.6393		1.83765     0.2    0.2		4.1705503158		-1.0
	18225.00000000	2.91365		1.65036     0.2    0.2		4.1705503158		-1.0
	18270.00000000	2.70887		1.61504     0.2    0.2		4.1705503158		-1.0
	18315.00000000	2.96193		1.60514     0.2    0.2		4.1705503158		-1.0
	18360.00000000	3.4593		1.70573     0.2    0.2		4.1705503158		-1.0
	18405.00000000	3.27777		1.76167     0.2    0.2		4.1705503158		-1.0
	18450.00000000	3.16663		2.15356     0.2    0.2		4.1705503158		-1.0
	18495.00000000	3.22339		2.27219     0.2    0.2		4.1705503158		-1.0
	18540.00000000	3.4192		2.68251     0.2    0.2		4.1705503158		-1.0
	18585.00000000	3.27174		2.91079     0.2    0.2		4.1705503158		-1.0
	18630.00000000	3.13899		-2.95628     0.2    0.2		4.1705503158		-1.0
	18675.00000000	3.25504		-2.6155     0.2    0.2		4.1705503158		-1.0
	18720.00000000	3.20885		-2.24749     0.2    0.2		4.1705503158		-1.0
	18765.00000000	3.25916		-2.11488     0.2    0.2		4.1705503158		-1.0
	18810.00000000	3.32685		-1.5021     0.2    0.2		4.1705503158		-1.0
	18855.00000000	3.32989		-1.53328     0.2    0.2		4.1705503158		-1.0
	18900.00000000	3.3041		-1.12554     0.2    0.2		4.1705503158		-1.0
	18945.00000000	3.35735		-0.78059     0.2    0.2		4.1705503158		-1.0
	18990.00000000	3.26165		0.12711     0.2    0.2		4.1705503158		-1.0
	19035.00000000	3.04182		0.40683     0.2    0.2		4.1705503158		-1.0
	19080.00000000	2.647		0.96949     0.2    0.2		4.1705503158		-1.0
	19125.00000000	2.74403		1.3267     0.2    0.2		4.1705503158		-1.0
	19170.00000000	2.78559		1.17927     0.2    0.2		4.1705503158		-1.0
	19215.00000000	2.60721		1.35833     0.2    0.2		4.1705503158		-1.0
	19260.00000000	2.78134		1.06849     0.2    0.2		4.1705503158		-1.0
	19305.00000000	2.69349		0.62734     0.2    0.2		4.1705503158		-1.0
	19350.00000000	2.67566		0.28209     0.2    0.2		4.1705503158		-1.0
	19395.00000000	2.70208		-0.76205     0.2    0.2		4.1705503158		-1.0
	19440.00000000	2.7378		-0.70187     0.2    0.2		4.1705503158		-1.0
	19485.00000000	2.64606		-1.23571     0.2    0.2		4.1705503158		-1.0
	19530.00000000	2.71696		-1.08998     0.2    0.2		4.1705503158		-1.0
	19575.00000000	2.79331		-1.40159     0.2    0.2		4.1705503158		-1.0
	19620.00000000	2.69434		-1.39068     0.2    0.2		4.1705503158		-1.0
	19665.00000000	2.68857		-1.69757     0.2    0.2		4.1705503158		-1.0
	19710.00000000	2.89833		-1.99652     0.2    0.2		4.1705503158		-1.0
	19755.00000000	2.66284		-2.12666     0.2    0.2		4.1705503158		-1.0
	19800.00000000	2.64928		-2.57438     0.2    0.2		4.1705503158		-1.0
	19845.00000000	2.7526		-2.82473     0.2    0.2		4.1705503158		-1.0
	19890.00000000	2.77982		-3.1246     0.2    0.2		4.1705503158		-1.0
	19935.00000000	3.10205		2.84653     0.2    0.2		4.1705503158		-1.0
	19980.00000000	3.09757		2.66939     0.2    0.2		4.1705503158		-1.0
	20025.00000000	2.8608		2.09145     0.2    0.2		4.1705503158		-1.0
	20070.00000000	3.37973		2.04038     0.2    0.2		4.1705503158		-1.0
	20115.00000000	3.18164		1.7069     0.2    0.2		4.1705503158		-1.0
	20160.00000000	3.03401		1.90231     0.2    0.2		4.1705503158		-1.0
	20205.00000000	3.43363		1.48353     0.2    0.2		4.1705503158		-1.0
	20250.00000000	3.47752		1.37898     0.2    0.2		4.1705503158		-1.0
	20295.00000000	3.44111		0.90173     0.2    0.2		4.1705503158		-1.0
	20340.00000000	3.51518		0.65536     0.2    0.2		4.1705503158		-1.0
	20385.00000000	3.11532		-0.19833     0.2    0.2		4.1705503158		-1.0
	20430.00000000	3.36238		-0.46513     0.2    0.2		4.1705503158		-1.0
	20475.00000000	3.40137		-1.37113     0.2    0.2		4.1705503158		-1.0
	20520.00000000	3.10675		-1.51247     0.2    0.2		4.1705503158		-1.0
	20565.00000000	3.18338		-1.82966     0.2    0.2		4.1705503158		-1.0
	20610.00000000	3.20194		-1.9463     0.2    0.2		4.1705503158		-1.0
	20655.00000000	2.8769		-2.31075     0.2    0.2		4.1705503158		-1.0
	20700.00000000	2.66414		-2.3166     0.2    0.2		4.1705503158		-1.0
	20744.99999999	2.68118		-2.78425     0.2    0.2		4.1705503158		-1.0
	20789.99999999	2.74244		-2.78672     0.2    0.2		4.1705503158		-1.0
	20834.99999999	2.85559		3.10487     0.2    0.2		4.1705503158		-1.0
	20879.99999999	3.37767		3.06697     0.2    0.2		4.1705503158		-1.0
	20924.99999999	3.23508		2.79933     0.2    0.2		4.1705503158		-1.0
	20969.99999999	3.3425		2.64525     0.2    0.2		4.1705503158		-1.0
	21014.99999999	2.95832		2.32757     0.2    0.2		4.1705503158		-1.0
	21059.99999999	3.46387		2.19954     0.2    0.2		4.1705503158		-1.0
	21104.99999999	2.56257		1.984     0.2    0.2		4.1705503158		-1.0
	21149.99999999	3.66523		1.73727     0.2    0.2		4.1705503158		-1.0
	21194.99999999	2.80852		1.48549     0.2    0.2		4.1705503158		-1.0
	21239.99999999	2.71238		1.5401     0.2    0.2		4.1705503158		-1.0
	21284.99999999	2.64484		1.0183     0.2    0.2		4.1705503158		-1.0
	21329.99999999	2.82828		0.50411     0.2    0.2		4.1705503158		-1.0
	21374.99999999	2.64211		0.45683     0.2    0.2		4.1705503158		-1.0
	21419.99999999	2.75201		-0.29974     0.2    0.2		4.1705503158		-1.0
	21464.99999999	2.7087		-0.45522     0.2    0.2		4.1705503158		-1.0
	21509.99999999	3.49458		0.10417     0.2    0.2		4.1705503158		-1.0
	21554.99999999	2.64404		0.47873     0.2    0.2		4.1705503158		-1.0
	21599.99999999	2.84528		0.26555     0.2    0.2		4.1705503158		-1.0
	21644.99999999	2.72166		0.06211     0.2    0.2		4.1705503158		-1.0
	21689.99999999	2.64932		-0.18674     0.2    0.2		4.1705503158		-1.0
	21734.99999999	2.7738		-0.18529     0.2    0.2		4.1705503158		-1.0
	21779.99999999	2.73065		0.14658     0.2    0.2		4.1705503158		-1.0
	21824.99999999	2.80054		0.40771     0.2    0.2		4.1705503158		-1.0
	21869.99999999	2.62339		0.71954     0.2    0.2		4.1705503158		-1.0
	21914.99999999	2.75596		0.66796     0.2    0.2		4.1705503158		-1.0
	21959.99999999	2.67183		0.99017     0.2    0.2		4.1705503158		-1.0
	22004.99999999	3.41157		0.62945     0.2    0.2		4.1705503158		-1.0
	22049.99999999	3.16962		0.87177     0.2    0.2		4.1705503158		-1.0
	22094.99999999	3.30693		0.74283     0.2    0.2		4.1705503158		-1.0
	22139.99999999	2.68267		0.8029     0.2    0.2		4.1705503158		-1.0
	22184.99999999	3.37417		0.23013     0.2    0.2		4.1705503158		-1.0
	22229.99999999	3.53947		-0.49752     0.2    0.2		4.1705503158		-1.0
	22274.99999999	2.88831		-0.47977     0.2    0.2		4.1705503158		-1.0
	22319.99999999	3.49915		-0.24368     0.2    0.2		4.1705503158		-1.0
	22364.99999999	3.3733		0.15018     0.2    0.2		4.1705503158		-1.0
	22409.99999999	3.11454		0.35831     0.2    0.2		4.1705503158		-1.0
	22454.99999999	3.32326		0.55905     0.2    0.2		4.1705503158		-1.0
	22499.99999999	3.64901		0.46637     0.2    0.2		4.1705503158		-1.0
	22544.99999999	2.91041		0.36984     0.2    0.2		4.1705503158		-1.0
	22589.99999999	3.09431		-0.05498     0.2    0.2		4.1705503158		-1.0
	22634.99999999	3.16935		-0.05502     0.2    0.2		4.1705503158		-1.0
	22679.99999999	3.3321		-0.64278     0.2    0.2		4.1705503158		-1.0
	22724.99999999	3.36921		-0.75503     0.2    0.2		4.1705503158		-1.0
	22769.99999999	3.2536		-1.09545     0.2    0.2		4.1705503158		-1.0
	22814.99999999	3.25911		-1.27185     0.2    0.2		4.1705503158		-1.0
	22859.99999999	3.54275		-1.52     0.2    0.2		4.1705503158		-1.0
	22904.99999999	3.52622		-1.91577     0.2    0.2		4.1705503158		-1.0
	22949.99999999	2.87929		-2.21209     0.2    0.2		4.1705503158		-1.0
	22994.99999999	3.61573		-2.3662     0.2    0.2		4.1705503158		-1.0
	23039.99999999	3.40482		-2.65335     0.2    0.2		4.1705503158		-1.0
	23084.99999999	3.43399		-2.72824     0.2    0.2		4.1705503158		-1.0
	23129.99999999	3.37966		-3.12491     0.2    0.2		4.1705503158		-1.0
	23174.99999999	2.72246		2.94258     0.2    0.2		4.1705503158		-1.0
	23219.99999999	2.62941		2.61337     0.2    0.2		4.1705503158		-1.0
	23264.99999999	2.75156		2.29242     0.2    0.2		4.1705503158		-1.0
	23309.99999999	2.75025		2.13038     0.2    0.2		4.1705503158		-1.0
	23354.99999999	2.63257		1.65285     0.2    0.2		4.1705503158		-1.0
	23399.99999999	2.71885		1.56164     0.2    0.2		4.1705503158		-1.0
	23444.99999999	2.65058		1.19418     0.2    0.2		4.1705503158		-1.0
	23489.99999999	2.9264		0.78957     0.2    0.2		4.1705503158		-1.0
	23534.99999999	3.39785		0.55584     0.2    0.2		4.1705503158		-1.0
	23579.99999999	3.30678		-0.16018     0.2    0.2		4.1705503158		-1.0
	23624.99999999	3.21189		-0.38618     0.2    0.2		4.1705503158		-1.0
	23669.99999999	3.06902		-0.90281     0.2    0.2		4.1705503158		-1.0
	23714.99999999	2.68629		-1.02657     0.2    0.2		4.1705503158		-1.0
	23759.99999999	3.6438		-1.10069     0.2    0.2		4.1705503158		-1.0
	23804.99999999	2.99338		-1.4895     0.2    0.2		4.1705503158		-1.0
	23849.99999999	3.19184		-1.55762     0.2    0.2		4.1705503158		-1.0
	23894.99999999	3.50569		-1.85272     0.2    0.2		4.1705503158		-1.0
	23939.99999999	3.32128		-1.83222     0.2    0.2		4.1705503158		-1.0
	23984.99999999	3.17166		-2.28411     0.2    0.2		4.1705503158		-1.0
	24029.99999999	3.2506		-2.59953     0.2    0.2		4.1705503158		-1.0
	24074.99999999	3.21765		-2.74881     0.2    0.2		4.1705503158		-1.0
	24119.99999999	2.65621		-2.99647     0.2    0.2		4.1705503158		-1.0
	24164.99999999	2.71508		2.94187     0.2    0.2		4.1705503158		-1.0
	24209.99999999	2.70501		2.70983     0.2    0.2		4.1705503158		-1.0
	24254.99999999	2.67576		2.29878     0.2    0.2		4.1705503158		-1.0
	24299.99999999	2.67365		2.1097     0.2    0.2		4.1705503158		-1.0
	24344.99999999	3.25013		2.14494     0.2    0.2		4.1705503158		-1.0
	24389.99999999	3.36686		2.43329     0.2    0.2		4.1705503158		-1.0
	24434.99999999	2.58041		2.64892     0.2    0.2		4.1705503158		-1.0
	24479.99999999	3.36158		2.87743     0.2    0.2		4.1705503158		-1.0
	24524.99999999	3.13609		3.12061     0.2    0.2		4.1705503158		-1.0
	24569.99999999	3.36315		-3.06797     0.2    0.2		4.1705503158		-1.0
	24614.99999999	3.24166		-2.55289     0.2    0.2		4.1705503158		-1.0
	24659.99999999	3.51142		-2.29475     0.2    0.2		4.1705503158		-1.0
	24704.99999999	3.49845		-2.361     0.2    0.2		4.1705503158		-1.0
	24749.99999999	3.29803		-2.33518     0.2    0.2		4.1705503158		-1.0
	24794.99999999	3.24634		-2.27117     0.2    0.2		4.1705503158		-1.0
	24839.99999999	2.8799		-2.19849     0.2    0.2		4.1705503158		-1.0
	24884.99999999	2.67228		-1.98186     0.2    0.2		4.1705503158		-1.0
	24929.99999999	2.66588		-1.73433     0.2    0.2		4.1705503158		-1.0
	24974.99999999	2.75667		-1.50419     0.2    0.2		4.1705503158		-1.0
	25019.99999999	2.69966		-1.15598     0.2    0.2		4.1705503158		-1.0
	25064.99999999	2.64183		-0.68662     0.2    0.2		4.1705503158		-1.0
	25109.99999999	2.71649		-0.24241     0.2    0.2		4.1705503158		-1.0
	25154.99999999	2.67607		0.55475     0.2    0.2		4.1705503158		-1.0
	25199.99999999	3.34756		1.15331     0.2    0.2		4.1705503158		-1.0
	25244.99999999	2.88211		1.08689     0.2    0.2		4.1705503158		-1.0
	25289.99999999	3.79914		1.3011     0.2    0.2		4.1705503158		-1.0
	25334.99999999	3.13662		1.52089     0.2    0.2		4.1705503158		-1.0
	25379.99999999	3.18626		1.47925     0.2    0.2		4.1705503158		-1.0
	25424.99999999	3.37242		0.9064     0.2    0.2		4.1705503158		-1.0
	25469.99999999	3.10663		0.86964     0.2    0.2		4.1705503158		-1.0
	25514.99999999	3.61793		0.84229     0.2    0.2		4.1705503158		-1.0
	25559.99999999	2.82575		1.02992     0.2    0.2		4.1705503158		-1.0
	25604.99999999	3.25099		0.70806     0.2    0.2		4.1705503158		-1.0
	25649.99999999	2.70996		0.21672     0.2    0.2		4.1705503158		-1.0
	25694.99999999	2.68424		-0.05248     0.2    0.2		4.1705503158		-1.0
	25739.99999999	2.79787		-0.11042     0.2    0.2		4.1705503158		-1.0
	25784.99999999	2.86689		-0.41789     0.2    0.2		4.1705503158		-1.0
	25829.99999999	2.67167		-0.56368     0.2    0.2		4.1705503158		-1.0
	25874.99999999	2.7576		-0.11805     0.2    0.2		4.1705503158		-1.0
	25919.99999999	2.61078		0.11912     0.2    0.2		4.1705503158		-1.0
	25964.99999999	3.34357		0.19911     0.2    0.2		4.1705503158		-1.0
	26009.99999999	3.13997		-0.26269     0.2    0.2		4.1705503158		-1.0
	26054.99999999	3.19759		-0.5104     0.2    0.2		4.1705503158		-1.0
	26099.99999999	3.46003		-0.07598     0.2    0.2		4.1705503158		-1.0
	26144.99999999	3.33319		0.205     0.2    0.2		4.1705503158		-1.0
	26189.99999999	2.63707		0.4898     0.2    0.2		4.1705503158		-1.0
	26234.99999999	3.10524		1.04894     0.2    0.2		4.1705503158		-1.0
	26279.99999999	3.3656		1.08119     0.2    0.2		4.1705503158		-1.0
	26324.99999999	3.063		0.83831     0.2    0.2		4.1705503158		-1.0
	26369.99999999	2.80378		0.77708     0.2    0.2		4.1705503158		-1.0
	26414.99999999	2.73242		1.34042     0.2    0.2		4.1705503158		-1.0
	26459.99999999	2.62837		1.06568     0.2    0.2		4.1705503158		-1.0
	26504.99999999	2.68678		0.60957     0.2    0.2		4.1705503158		-1.0
	26549.99999999	2.75259		0.89626     0.2    0.2		4.1705503158		-1.0
	26594.99999999	2.86395		0.65312     0.2    0.2		4.1705503158		-1.0
	26639.99999999	3.26048		-0.51749     0.2    0.2		4.1705503158		-1.0
	26684.99999999	3.40779		-1.28933     0.2    0.2		4.1705503158		-1.0
	26729.99999999	3.33527		-1.16388     0.2    0.2		4.1705503158		-1.0
	26774.99999999	3.23399		-1.32286     0.2    0.2		4.1705503158		-1.0
	26819.99999999	3.50888		-1.65303     0.2    0.2		4.1705503158		-1.0
	26864.99999999	2.7116		-1.78792     0.2    0.2		4.1705503158		-1.0
	26909.99999999	2.65204		-2.22988     0.2    0.2		4.1705503158		-1.0
	26954.99999999	2.72312		-2.58377     0.2    0.2		4.1705503158		-1.0
	26999.99999999	2.80519		-2.62071     0.2    0.2		4.1705503158		-1.0
	27044.99999999	2.65142		-3.02114     0.2    0.2		4.1705503158		-1.0
	27089.99999999	2.70425		2.88844     0.2    0.2		4.1705503158		-1.0
	27134.99999999	2.74828		2.29568     0.2    0.2		4.1705503158		-1.0
	27179.99999999	2.72489		2.29366     0.2    0.2		4.1705503158		-1.0
	27224.99999998	3.06674		2.42297     0.2    0.2		4.1705503158		-1.0
	27269.99999998	3.2841		1.89544     0.2    0.2		4.1705503158		-1.0
	27314.99999998	3.59485		2.00574     0.2    0.2		4.1705503158		-1.0
	27359.99999998	3.39014		2.28852     0.2    0.2		4.1705503158		-1.0
	27404.99999998	3.59909		1.97327     0.2    0.2		4.1705503158		-1.0
	27449.99999998	3.10908		2.14479     0.2    0.2		4.1705503158		-1.0
	27494.99999998	3.11491		2.40017     0.2    0.2		4.1705503158		-1.0
	27539.99999998	3.34666		2.39846     0.2    0.2		4.1705503158		-1.0
	27584.99999998	3.49519		2.72489     0.2    0.2		4.1705503158		-1.0
	27629.99999998	3.12565		2.87144     0.2    0.2		4.1705503158		-1.0
	27674.99999998	3.20764		2.95817     0.2    0.2		4.1705503158		-1.0
	27719.99999998	3.1406		-2.7912     0.2    0.2		4.1705503158		-1.0
	27764.99999998	2.79699		-2.83824     0.2    0.2		4.1705503158		-1.0
	27809.99999998	2.69455		-2.4351     0.2    0.2		4.1705503158		-1.0
	27854.99999998	2.59707		-2.26783     0.2    0.2		4.1705503158		-1.0
	27899.99999998	2.68273		-1.75281     0.2    0.2		4.1705503158		-1.0
	27944.99999998	3.43873		-1.49348     0.2    0.2		4.1705503158		-1.0
	27989.99999998	3.16775		-1.02763     0.2    0.2		4.1705503158		-1.0
	28034.99999998	2.64051		-0.95662     0.2    0.2		4.1705503158		-1.0
	28079.99999998	3.83901		-0.7911     0.2    0.2		4.1705503158		-1.0
	28124.99999998	2.71413		-0.61616     0.2    0.2		4.1705503158		-1.0
	28169.99999998	2.73131		-0.22659     0.2    0.2		4.1705503158		-1.0
	28214.99999998	2.67099		-0.40455     0.2    0.2		4.1705503158		-1.0
	28259.99999998	2.61137		-0.46744     0.2    0.2		4.1705503158		-1.0
	28304.99999998	2.62034		-0.61443     0.2    0.2		4.1705503158		-1.0
	28349.99999998	2.83532		0.18505     0.2    0.2		4.1705503158		-1.0
	28394.99999998	3.56343		-0.05153     0.2    0.2		4.1705503158		-1.0
	28439.99999998	2.63245		0.32056     0.2    0.2		4.1705503158		-1.0
	28484.99999998	3.56764		0.18625     0.2    0.2		4.1705503158		-1.0
	28529.99999998	3.48057		0.74609     0.2    0.2		4.1705503158		-1.0
	28574.99999998	3.02106		0.02068     0.2    0.2		4.1705503158		-1.0
	28619.99999998	3.63713		0.14769     0.2    0.2		4.1705503158		-1.0
	28664.99999998	3.25541		-0.44391     0.2    0.2		4.1705503158		-1.0
	28709.99999998	3.40039		-0.30916     0.2    0.2		4.1705503158		-1.0
	28754.99999998	3.07909		-0.88582     0.2    0.2		4.1705503158		-1.0
	28799.99999998	3.67685		-0.5267     0.2    0.2		4.1705503158		-1.0
	28844.99999998	2.67939		-1.49932     0.2    0.2		4.1705503158		-1.0
	28889.99999998	2.73861		-1.50475     0.2    0.2		4.1705503158		-1.0
	28934.99999998	3.58474		-2.13562     0.2    0.2		4.1705503158		-1.0
	28979.99999998	2.96967		-2.34223     0.2    0.2		4.1705503158		-1.0
	29024.99999998	3.09949		-2.96316     0.2    0.2		4.1705503158		-1.0
	29069.99999998	3.45951		-3.02842     0.2    0.2		4.1705503158		-1.0
	29114.99999998	3.41483		-3.08297     0.2    0.2		4.1705503158		-1.0
	29159.99999998	3.5856		2.90396     0.2    0.2		4.1705503158		-1.0
	29204.99999998	2.64671		2.55021     0.2    0.2		4.1705503158		-1.0
	29249.99999998	3.18039		2.55942     0.2    0.2		4.1705503158		-1.0
	29294.99999998	2.69622		2.37829     0.2    0.2		4.1705503158		-1.0
	29339.99999998	2.68227		2.41982     0.2    0.2		4.1705503158		-1.0
	29384.99999998	2.57304		2.17192     0.2    0.2		4.1705503158		-1.0
	29429.99999998	2.62307		2.26638     0.2    0.2		4.1705503158		-1.0
	29474.99999998	2.67412		2.37792     0.2    0.2		4.1705503158		-1.0
	29519.99999998	3.27969		2.27802     0.2    0.2		4.1705503158		-1.0
	29564.99999998	3.47495		1.98493     0.2    0.2		4.1705503158		-1.0
	29609.99999998	2.64285		1.97195     0.2    0.2		4.1705503158		-1.0
	29654.99999998	2.63908		1.4673     0.2    0.2		4.1705503158		-1.0
	29699.99999998	2.65668		1.51346     0.2    0.2		4.1705503158		-1.0
	29744.99999998	2.6602		1.28503     0.2    0.2		4.1705503158		-1.0
	29789.99999998	2.68187		1.01478     0.2    0.2		4.1705503158		-1.0
	29834.99999998	2.64163		0.31949     0.2    0.2		4.1705503158		-1.0
	29879.99999998	2.61945		-0.36037     0.2    0.2		4.1705503158		-1.0
	29924.99999998	2.68678		-0.77042     0.2    0.2		4.1705503158		-1.0
	29969.99999998	3.41241		-0.94612     0.2    0.2		4.1705503158		-1.0
	30014.99999998	3.32116		-1.02332     0.2    0.2		4.1705503158		-1.0
	30059.99999998	3.42552		-1.08522     0.2    0.2		4.1705503158		-1.0
	30104.99999998	3.28532		-1.64651     0.2    0.2		4.1705503158		-1.0
	30149.99999998	2.86722		-1.88891     0.2    0.2		4.1705503158		-1.0
	30194.99999998	3.12479		-2.10591     0.2    0.2		4.1705503158		-1.0
	30239.99999998	3.67563		-2.32465     0.2    0.2		4.1705503158		-1.0
	30284.99999998	3.45313		-2.67408     0.2    0.2		4.1705503158		-1.0
	30329.99999998	2.9147		-3.03128     0.2    0.2		4.1705503158		-1.0
	30374.99999998	3.2912		3.06957     0.2    0.2		4.1705503158		-1.0
	30419.99999998	3.50145		2.7333     0.2    0.2		4.1705503158		-1.0
	30464.99999998	3.64295		2.54086     0.2    0.2		4.1705503158		-1.0
	30509.99999998	3.5857		2.16312     0.2    0.2		4.1705503158		-1.0
	30554.99999998	3.2611		1.95877     0.2    0.2		4.1705503158		-1.0
	30599.99999998	3.04797		1.7622     0.2    0.2		4.1705503158		-1.0
	30644.99999998	4.13589		1.49686     0.2    0.2		4.1705503158		-1.0
	30689.99999998	6.1058		1.16031     0.2    0.2		4.1705503158		-1.0
	30734.99999998	8.27299		1.09496     0.2    0.2		4.1705503158		-1.0
	30779.99999998	9.87613		1.16078     0.2    0.2		4.1705503158		-1.0
	30824.99999998	11.20249		1.11278     0.2    0.2		4.1705503158		-1.0
	30869.99999998	11.95073		0.72133     0.2    0.2		4.1705503158		-1.0
	30914.99999998	12.60681		0.46673     0.2    0.2		4.1705503158		-1.0
	30959.99999998	13.4596		0.36331     0.2    0.2		4.1705503158		-1.0
	31004.99999998	14.46301		0.41224     0.2    0.2		4.1705503158		-1.0
	31049.99999998	15.65763		0.45234     0.2    0.2		4.1705503158		-1.0
	31094.99999998	16.74856		0.52497     0.2    0.2		4.1705503158		-1.0
	31139.99999998	17.83006		0.54095     0.2    0.2		4.1705503158		-1.0
	31184.99999998	18.79864		0.57009     0.2    0.2		4.1705503158		-1.0
	31229.99999998	19.71283		0.44087     0.2    0.2		4.1705503158		-1.0
	31274.99999998	20.61196		0.32358     0.2    0.2		4.1705503158		-1.0
	31319.99999998	21.32793		-1.39352     0.2    0.2		4.1705503158		-1.0
	31364.99999998	21.90123		-2.33147     0.2    0.2		4.1705503158		-1.0
	31409.99999998	21.80632		-2.59197     0.2    0.2		4.1705503158		-1.0
	31454.99999998	21.21826		-2.77156     0.2    0.2		4.1705503158		-1.0
	31499.99999998	20.26611		-3.03329     0.2    0.2		4.1705503158		-1.0
	31544.99999998	19.56914		-1.6632     0.2    0.2		4.1705503158		-1.0
	31589.99999998	18.68138		-1.76012     0.2    0.2		4.1705503158		-1.0
	31634.99999998	17.48964		-1.49797     0.2    0.2		4.1705503158		-1.0
	31679.99999998	16.20197		-1.58836     0.2    0.2		4.1705503158		-1.0
	31724.99999998	14.78363		-1.42153     0.2    0.2		4.1705503158		-1.0
	31769.99999998	13.22844		-1.37797     0.2    0.2		4.1705503158		-1.0
	31814.99999998	11.59977		-1.14734     0.2    0.2		4.1705503158		-1.0
	31859.99999998	10.33162		-1.0066     0.2    0.2		4.1705503158		-1.0
	31904.99999998	8.9396		-0.87611     0.2    0.2		4.1705503158		-1.0
	31949.99999998	7.68141		-0.64423     0.2    0.2		4.1705503158		-1.0
	31994.99999998	6.62939		-0.48399     0.2    0.2		4.1705503158		-1.0
	32039.99999998	6.34967		-0.57017     0.2    0.2		4.1705503158		-1.0
	32084.99999998	6.4207		-0.81166     0.2    0.2		4.1705503158		-1.0
	32129.99999998	7.14906		-1.15487     0.2    0.2		4.1705503158		-1.0
	32174.99999998	8.3641		-1.30017     0.2    0.2		4.1705503158		-1.0
	32219.99999998	9.61772		-2.08461     0.2    0.2		4.1705503158		-1.0
	32264.99999998	10.98829		2.25005     0.2    0.2		4.1705503158		-1.0
	32309.99999998	12.06197		1.74621     0.2    0.2		4.1705503158		-1.0
	32354.99999998	13.0906		1.43131     0.2    0.2		4.1705503158		-1.0
	32399.99999998	14.03156		1.07566     0.2    0.2		4.1705503158		-1.0
	32444.99999998	15.03464		0.83968     0.2    0.2		4.1705503158		-1.0
	32489.99999998	15.95848		0.71514     0.2    0.2		4.1705503158		-1.0
	32534.99999998	16.68014		0.53517     0.2    0.2		4.1705503158		-1.0
	32579.99999998	17.51255		0.43945     0.2    0.2		4.1705503158		-1.0
	32624.99999998	18.03129		0.06619     0.2    0.2		4.1705503158		-1.0
	32669.99999998	18.64961		-0.31316     0.2    0.2		4.1705503158		-1.0
	32714.99999998	18.96046		-0.92183     0.2    0.2		4.1705503158		-1.0
	32759.99999998	19.22163		-1.54235     0.2    0.2		4.1705503158		-1.0
	32804.99999998	19.07591		-2.28727     0.2    0.2		4.1705503158		-1.0
	32849.99999998	18.77638		-3.10345     0.2    0.2		4.1705503158		-1.0
	32894.99999998	18.30849		2.58438     0.2    0.2		4.1705503158		-1.0
	32939.99999998	17.51806		1.95788     0.2    0.2		4.1705503158		-1.0
	32984.99999998	16.75915		1.84582     0.2    0.2		4.1705503158		-1.0
	33029.99999998	15.75417		1.56179     0.2    0.2		4.1705503158		-1.0
	33074.99999998	15.02273		1.73176     0.2    0.2		4.1705503158		-1.0
	33119.99999998	14.36214		1.58792     0.2    0.2		4.1705503158		-1.0
	33164.99999998	13.75357		1.54938     0.2    0.2		4.1705503158		-1.0
	33209.99999998	13.54449		1.09268     0.2    0.2		4.1705503158		-1.0
	33254.99999998	13.13328		0.31078     0.2    0.2		4.1705503158		-1.0
	33299.99999998	13.61219		-0.16567     0.2    0.2		4.1705503158		-1.0
	33344.99999998	14.15418		-0.67607     0.2    0.2		4.1705503158		-1.0
	33389.99999998	15.28787		-0.89904     0.2    0.2		4.1705503158		-1.0
	33434.99999998	16.3129		-1.31718     0.2    0.2		4.1705503158		-1.0
	33479.99999998	17.45824		-1.85355     0.2    0.2		4.1705503158		-1.0
	33524.99999998	18.22641		-2.70746     0.2    0.2		4.1705503158		-1.0
	33569.99999998	18.90651		2.95647     0.2    0.2		4.1705503158		-1.0
	33614.99999998	19.43882		2.54571     0.2    0.2		4.1705503158		-1.0
	33659.99999998	19.96653		2.18363     0.2    0.2		4.1705503158		-1.0
	33704.99999998	20.19024		1.72843     0.2    0.2		4.1705503158		-1.0
	33749.99999997	20.5171		1.17439     0.2    0.2		4.1705503158		-1.0
	33794.99999997	20.24408		0.66455     0.2    0.2		4.1705503158		-1.0
	33839.99999997	19.89159		0.0349     0.2    0.2		4.1705503158		-1.0
	33884.99999997	18.98327		-0.47132     0.2    0.2		4.1705503158		-1.0
	33929.99999997	18.17324		-1.18216     0.2    0.2		4.1705503158		-1.0
	33974.99999997	17.31807		-1.92911     0.2    0.2		4.1705503158		-1.0
	34019.99999997	16.58913		-3.01717     0.2    0.2		4.1705503158		-1.0
	34064.99999997	16.16114		2.4436     0.2    0.2		4.1705503158		-1.0
	34109.99999997	15.92906		1.70678     0.2    0.2		4.1705503158		-1.0
	34154.99999997	16.27631		1.44038     0.2    0.2		4.1705503158		-1.0
	34199.99999997	16.85149		-0.57607     0.2    0.2		4.1705503158		-1.0
	34244.99999997	17.40748		-1.5926     0.2    0.2		4.1705503158		-1.0
	34289.99999997	18.19256		-1.25121     0.2    0.2		4.1705503158		-1.0
	34334.99999997	18.48598		-0.11263     0.2    0.2		4.1705503158		-1.0
	34379.99999997	19.14996		0.33925     0.2    0.2		4.1705503158		-1.0
	34424.99999997	20.05854		-0.0079     0.2    0.2		4.1705503158		-1.0
	34469.99999997	21.15189		-0.3336     0.2    0.2		4.1705503158		-1.0
	34514.99999997	22.37071		-0.48243     0.2    0.2		4.1705503158		-1.0
	34559.99999997	23.5337		-0.56771     0.2    0.2		4.1705503158		-1.0
	34604.99999997	24.51039		-0.71474     0.2    0.2		4.1705503158		-1.0
	34649.99999997	25.4548		-1.06455     0.2    0.2		4.1705503158		-1.0
	34694.99999997	25.94318		-1.94935     0.2    0.2		4.1705503158		-1.0
	34739.99999997	26.25309		-2.84514     0.2    0.2		4.1705503158		-1.0
	34784.99999997	26.32259		2.83279     0.2    0.2		4.1705503158		-1.0
	34829.99999997	26.69845		2.24748     0.2    0.2		4.1705503158		-1.0
	34874.99999997	27.19528		1.67585     0.2    0.2		4.1705503158		-1.0
	34919.99999997	27.86501		1.37985     0.2    0.2		4.1705503158		-1.0
	34964.99999997	28.53183		1.65576     0.2    0.2		4.1705503158		-1.0
	35009.99999997	29.05376		2.74991     0.2    0.2		4.1705503158		-1.0
	35054.99999997	29.50413		2.23245     0.2    0.2		4.1705503158		-1.0
	35099.99999997	29.76315		1.80223     0.2    0.2		4.1705503158		-1.0
	35144.99999997	29.52849		1.15525     0.2    0.2		4.1705503158		-1.0
	35189.99999997	29.10894		-0.37167     0.2    0.2		4.1705503158		-1.0
	35234.99999997	28.46856		0.11997     0.2    0.2		4.1705503158		-1.0
	35279.99999997	28.65429		-2.80722     0.2    0.2		4.1705503158		-1.0
	35324.99999997	28.57784		-2.94628     0.2    0.2		4.1705503158		-1.0
	35369.99999997	28.25356		3.03856     0.2    0.2		4.1705503158		-1.0
	35414.99999997	27.35535		0.05165     0.2    0.2		4.1705503158		-1.0
	35459.99999997	26.26281		-0.57417     0.2    0.2		4.1705503158		-1.0
	35504.99999997	25.17714		-0.88478     0.2    0.2		4.1705503158		-1.0
	35549.99999997	23.86381		-1.1553     0.2    0.2		4.1705503158		-1.0
	35594.99999997	22.65726		-1.58111     0.2    0.2		4.1705503158		-1.0
	35639.99999997	21.08481		-1.48158     0.2    0.2		4.1705503158		-1.0
	35684.99999997	19.74065		-1.54998     0.2    0.2		4.1705503158		-1.0
	35729.99999997	18.36988		-1.186     0.2    0.2		4.1705503158		-1.0
	35774.99999997	17.44878		-0.73952     0.2    0.2		4.1705503158		-1.0
	35819.99999997	16.24076		0.03155     0.2    0.2		4.1705503158		-1.0
	35864.99999997	15.69382		0.38195     0.2    0.2		4.1705503158		-1.0
	35909.99999997	14.69869		0.82021     0.2    0.2		4.1705503158		-1.0
	35954.99999997	13.978		1.05326     0.2    0.2		4.1705503158		-1.0
	35999.99999997	13.07055		1.25603     0.2    0.2		4.1705503158		-1.0
	36044.99999997	11.96486		1.23017     0.2    0.2		4.1705503158		-1.0
	36089.99999997	10.78788		1.37413     0.2    0.2		4.1705503158		-1.0
	36134.99999997	9.90543		1.38119     0.2    0.2		4.1705503158		-1.0
	36179.99999997	9.01729		1.60268     0.2    0.2		4.1705503158		-1.0
	36224.99999997	7.95433		1.73784     0.2    0.2		4.1705503158		-1.0
	36269.99999997	7.29285		2.0413     0.2    0.2		4.1705503158		-1.0
	36314.99999997	6.78344		2.20489     0.2    0.2		4.1705503158		-1.0
	36359.99999997	5.99752		2.45711     0.2    0.2		4.1705503158		-1.0
	36404.99999997	5.6202		2.5178     0.2    0.2		4.1705503158		-1.0
	36449.99999997	6.29506		2.88808     0.2    0.2		4.1705503158		-1.0
	36494.99999997	7.62995		2.99915     0.2    0.2		4.1705503158		-1.0
	36539.99999997	8.90663		2.99819     0.2    0.2		4.1705503158		-1.0
	36584.99999997	10.13296		2.97242     0.2    0.2		4.1705503158		-1.0
	36629.99999997	11.33383		2.88411     0.2    0.2		4.1705503158		-1.0
	36674.99999997	12.239		2.88392     0.2    0.2		4.1705503158		-1.0
	36719.99999997	13.08731		2.55775     0.2    0.2		4.1705503158		-1.0
	36764.99999997	13.62764		-2.66314     0.2    0.2		4.1705503158		-1.0
	36809.99999997	14.03277		-1.60152     0.2    0.2		4.1705503158		-1.0
	36854.99999997	14.40211		-1.01953     0.2    0.2		4.1705503158		-1.0
	36899.99999997	14.53085		-1.58181     0.2    0.2		4.1705503158		-1.0
	36944.99999997	14.98152		-1.56444     0.2    0.2		4.1705503158		-1.0
	36989.99999997	15.59071		-1.60385     0.2    0.2		4.1705503158		-1.0
	37034.99999997	16.64477		-1.44872     0.2    0.2		4.1705503158		-1.0
	37079.99999997	17.65261		-1.28944     0.2    0.2		4.1705503158		-1.0
	37124.99999997	18.28543		-0.76333     0.2    0.2		4.1705503158		-1.0
	37169.99999997	18.80989		-0.07691     0.2    0.2		4.1705503158		-1.0
	37214.99999997	19.69218		0.59493     0.2    0.2		4.1705503158		-1.0
	37259.99999997	20.85465		1.25024     0.2    0.2		4.1705503158		-1.0
	37304.99999997	22.42104		1.65454     0.2    0.2		4.1705503158		-1.0
	37349.99999997	23.98931		1.6317     0.2    0.2		4.1705503158		-1.0
	37394.99999997	25.55145		0.60487     0.2    0.2		4.1705503158		-1.0
	37439.99999997	26.9184		0.27705     0.2    0.2		4.1705503158		-1.0
	37484.99999997	27.9136		0.14832     0.2    0.2		4.1705503158		-1.0
	37529.99999997	28.89429		0.13704     0.2    0.2		4.1705503158		-1.0
	37574.99999997	29.81339		0.19802     0.2    0.2		4.1705503158		-1.0
	37619.99999997	30.15268		0.3897     0.2    0.2		4.1705503158		-1.0
	37664.99999997	30.7047		0.76361     0.2    0.2		4.1705503158		-1.0
	37709.99999997	31.7596		-0.84299     0.2    0.2		4.1705503158		-1.0
	37754.99999997	31.89543		-1.46797     0.2    0.2		4.1705503158		-1.0
	37799.99999997	31.5665		-1.95284     0.2    0.2		4.1705503158		-1.0
	37844.99999997	31.61832		-2.60677     0.2    0.2		4.1705503158		-1.0
	37889.99999997	31.34602		2.9734     0.2    0.2		4.1705503158		-1.0
	37934.99999997	31.2211		1.79082     0.2    0.2		4.1705503158		-1.0
	37979.99999997	30.82592		0.6746     0.2    0.2		4.1705503158		-1.0
	38024.99999997	30.54643		-0.01489     0.2    0.2		4.1705503158		-1.0
	38069.99999997	30.20574		-0.18004     0.2    0.2		4.1705503158		-1.0
	38114.99999997	29.74245		-0.28888     0.2    0.2		4.1705503158		-1.0
	38159.99999997	29.21157		1.54415     0.2    0.2		4.1705503158		-1.0
	38204.99999997	28.68934		2.98932     0.2    0.2		4.1705503158		-1.0
	38249.99999997	28.30797		-2.50186     0.2    0.2		4.1705503158		-1.0
	38294.99999997	28.05834		-1.3412     0.2    0.2		4.1705503158		-1.0
	38339.99999997	28.2106		-0.72302     0.2    0.2		4.1705503158		-1.0
	38384.99999997	28.6397		0.09203     0.2    0.2		4.1705503158		-1.0
	38429.99999997	29.49373		0.50028     0.2    0.2		4.1705503158		-1.0
	38474.99999997	29.10421		1.09245     0.2    0.2		4.1705503158		-1.0
	38519.99999997	28.66534		1.27723     0.2    0.2		4.1705503158		-1.0
	38564.99999997	28.64712		1.7321     0.2    0.2		4.1705503158		-1.0
	38609.99999997	29.40789		1.99119     0.2    0.2		4.1705503158		-1.0
	38654.99999997	30.07111		2.82247     0.2    0.2		4.1705503158		-1.0
	38699.99999997	30.20014		-2.51375     0.2    0.2		4.1705503158		-1.0
	38744.99999997	29.58598		-2.55215     0.2    0.2		4.1705503158		-1.0
	38789.99999997	28.86965		-2.98873     0.2    0.2		4.1705503158		-1.0
	38834.99999997	29.67362		2.47814     0.2    0.2		4.1705503158		-1.0
	38879.99999997	31.15969		-2.15669     0.2    0.2		4.1705503158		-1.0
	38924.99999997	30.08052		-2.08126     0.2    0.2		4.1705503158		-1.0
	38969.99999997	29.06615		-2.18706     0.2    0.2		4.1705503158		-1.0
	39014.99999997	27.80759		-2.31019     0.2    0.2		4.1705503158		-1.0
	39059.99999997	27.24969		1.93668     0.2    0.2		4.1705503158		-1.0
	39104.99999997	26.29517		1.69767     0.2    0.2		4.1705503158		-1.0
	39149.99999997	25.49678		2.14777     0.2    0.2		4.1705503158		-1.0
	39194.99999997	24.54451		2.02001     0.2    0.2		4.1705503158		-1.0
	39239.99999997	23.00604		2.43108     0.2    0.2		4.1705503158		-1.0
	39284.99999997	21.77477		2.14105     0.2    0.2		4.1705503158		-1.0
	39329.99999997	20.23803		2.12347     0.2    0.2		4.1705503158		-1.0
	39374.99999997	19.53368		0.74975     0.2    0.2		4.1705503158		-1.0
	39419.99999997	18.39467		0.88837     0.2    0.2		4.1705503158		-1.0
	39464.99999997	17.90047		1.27603     0.2    0.2		4.1705503158		-1.0
	39509.99999997	16.87091		1.91324     0.2    0.2		4.1705503158		-1.0
	39554.99999997	16.26967		2.61538     0.2    0.2		4.1705503158		-1.0
	39599.99999997	15.22046		3.10331     0.2    0.2		4.1705503158		-1.0
	39644.99999997	13.98318		-3.11638     0.2    0.2		4.1705503158		-1.0
	39689.99999997	13.02973		2.99642     0.2    0.2		4.1705503158		-1.0
	39734.99999997	12.05313		2.2962     0.2    0.2		4.1705503158		-1.0
	39779.99999997	11.66007		1.63961     0.2    0.2		4.1705503158		-1.0
	39824.99999997	11.10167		1.53512     0.2    0.2		4.1705503158		-1.0
	39869.99999997	10.464		1.55376     0.2    0.2		4.1705503158		-1.0
	39914.99999997	9.39201		1.65368     0.2    0.2		4.1705503158		-1.0
	39959.99999997	8.40549		1.90478     0.2    0.2		4.1705503158		-1.0
	40004.99999997	7.35028		2.00284     0.2    0.2		4.1705503158		-1.0
	40049.99999997	6.00616		2.43056     0.2    0.2		4.1705503158		-1.0
	40094.99999997	5.01003		2.63787     0.2    0.2		4.1705503158		-1.0
	40139.99999997	5.60059		-3.0508     0.2    0.2		4.1705503158		-1.0
	40184.99999997	6.95581		-3.07183     0.2    0.2		4.1705503158		-1.0
	40229.99999996	8.47511		-2.85127     0.2    0.2		4.1705503158		-1.0
	40274.99999996	9.82408		-2.98004     0.2    0.2		4.1705503158		-1.0
	40319.99999996	11.21396		3.13962     0.2    0.2		4.1705503158		-1.0
	40364.99999996	12.13853		2.52108     0.2    0.2		4.1705503158		-1.0
	40409.99999996	13.15866		2.17678     0.2    0.2		4.1705503158		-1.0
	40454.99999996	13.68748		1.99831     0.2    0.2		4.1705503158		-1.0
	40499.99999996	14.34849		2.02358     0.2    0.2		4.1705503158		-1.0
	40544.99999996	14.83306		2.09502     0.2    0.2		4.1705503158		-1.0
	40589.99999996	15.43204		2.18251     0.2    0.2		4.1705503158		-1.0
	40634.99999996	16.13394		2.30653     0.2    0.2		4.1705503158		-1.0
	40679.99999996	17.15341		2.35641     0.2    0.2		4.1705503158		-1.0
	40724.99999996	18.41481		2.36259     0.2    0.2		4.1705503158		-1.0
	40769.99999996	19.71409		2.39793     0.2    0.2		4.1705503158		-1.0
	40814.99999996	20.8854		2.51094     0.2    0.2		4.1705503158		-1.0
	40859.99999996	22.15762		2.51014     0.2    0.2		4.1705503158		-1.0
	40904.99999996	23.52391		2.80909     0.2    0.2		4.1705503158		-1.0
	40949.99999996	24.89991		2.96521     0.2    0.2		4.1705503158		-1.0
	40994.99999996	26.23074		-2.68522     0.2    0.2		4.1705503158		-1.0
	41039.99999996	27.34008		-1.16384     0.2    0.2		4.1705503158		-1.0
	41084.99999996	28.3646		-0.81931     0.2    0.2		4.1705503158		-1.0
	41129.99999996	29.4391		-0.79681     0.2    0.2		4.1705503158		-1.0
	41174.99999996	30.34159		-0.77967     0.2    0.2		4.1705503158		-1.0
	41219.99999996	30.80048		-0.81792     0.2    0.2		4.1705503158		-1.0
	41264.99999996	30.64781		-0.30773     0.2    0.2		4.1705503158		-1.0
	41309.99999996	29.72526		1.05947     0.2    0.2		4.1705503158		-1.0
	41354.99999996	29.43145		1.03924     0.2    0.2		4.1705503158		-1.0
	41399.99999996	28.91793		0.77623     0.2    0.2		4.1705503158		-1.0
	41444.99999996	28.51319		0.40398     0.2    0.2		4.1705503158		-1.0
	41489.99999996	27.61125		0.18036     0.2    0.2		4.1705503158		-1.0
	41534.99999996	26.57515		0.08056     0.2    0.2		4.1705503158		-1.0
	41579.99999996	25.30703		0.0332     0.2    0.2		4.1705503158		-1.0
	41624.99999996	24.16022		-0.2599     0.2    0.2		4.1705503158		-1.0
	41669.99999996	22.63549		-0.37014     0.2    0.2		4.1705503158		-1.0
	41714.99999996	21.5159		-0.95807     0.2    0.2		4.1705503158		-1.0
	41759.99999996	20.37002		-1.17298     0.2    0.2		4.1705503158		-1.0
	41804.99999996	19.2506		-0.97283     0.2    0.2		4.1705503158		-1.0
	41849.99999996	17.94303		-0.79671     0.2    0.2		4.1705503158		-1.0
	41894.99999996	17.08953		-0.11716     0.2    0.2		4.1705503158		-1.0
	41939.99999996	15.9173		0.35924     0.2    0.2		4.1705503158		-1.0
	41984.99999996	14.99532		0.67203     0.2    0.2		4.1705503158		-1.0
	42029.99999996	14.15005		0.64816     0.2    0.2		4.1705503158		-1.0
	42074.99999996	13.19928		0.57629     0.2    0.2		4.1705503158		-1.0
	42119.99999996	12.33292		0.82624     0.2    0.2		4.1705503158		-1.0
	42164.99999996	11.34734		1.29379     0.2    0.2		4.1705503158		-1.0
	42209.99999996	10.51574		1.76467     0.2    0.2		4.1705503158		-1.0
	42254.99999996	9.76695		2.22458     0.2    0.2		4.1705503158		-1.0
	42299.99999996	9.02872		2.69903     0.2    0.2		4.1705503158		-1.0
	42344.99999996	8.20738		2.98318     0.2    0.2		4.1705503158		-1.0
	42389.99999996	7.2516		-2.83761     0.2    0.2		4.1705503158		-1.0
	42434.99999996	6.12119		-2.62254     0.2    0.2		4.1705503158		-1.0
	42479.99999996	5.50749		-2.0567     0.2    0.2		4.1705503158		-1.0
	42524.99999996	5.76377		-2.32536     0.2    0.2		4.1705503158		-1.0
	42569.99999996	7.27939		-2.15612     0.2    0.2		4.1705503158		-1.0
	42614.99999996	8.6978		-2.29374     0.2    0.2		4.1705503158		-1.0
	42659.99999996	10.14376		-2.30097     0.2    0.2		4.1705503158		-1.0
	42704.99999996	11.19525		-2.32658     0.2    0.2		4.1705503158		-1.0
	42749.99999996	12.59852		-2.39129     0.2    0.2		4.1705503158		-1.0
	42794.99999996	13.29487		-2.17802     0.2    0.2		4.1705503158		-1.0
	42839.99999996	14.22053		-1.8982     0.2    0.2		4.1705503158		-1.0
	42884.99999996	14.7397		-1.8546     0.2    0.2		4.1705503158		-1.0
	42929.99999996	15.5702		-2.12929     0.2    0.2		4.1705503158		-1.0
	42974.99999996	16.35221		3.02989     0.2    0.2		4.1705503158		-1.0
	43019.99999996	17.21914		1.41315     0.2    0.2		4.1705503158		-1.0
	43064.99999996	17.85055		1.00681     0.2    0.2		4.1705503158		-1.0
	43109.99999996	18.39379		0.43157     0.2    0.2		4.1705503158		-1.0
	43154.99999996	18.68037		0.09746     0.2    0.2		4.1705503158		-1.0
	43199.99999996	19.55349		-0.37057     0.2    0.2		4.1705503158		-1.0
	43244.99999996	20.47224		-0.65092     0.2    0.2		4.1705503158		-1.0
	43289.99999996	21.89641		-0.89938     0.2    0.2		4.1705503158		-1.0
	43334.99999996	23.25864		1.12182     0.2    0.2		4.1705503158		-1.0
	43379.99999996	22.29256		1.26441     0.2    0.2		4.1705503158		-1.0
	43424.99999996	21.36675		1.37092     0.2    0.2		4.1705503158		-1.0
	43469.99999996	20.46715		1.53746     0.2    0.2		4.1705503158		-1.0
	43514.99999996	19.39145		1.66088     0.2    0.2		4.1705503158		-1.0
	43559.99999996	18.36806		1.94447     0.2    0.2		4.1705503158		-1.0
	43604.99999996	16.76858		2.13855     0.2    0.2		4.1705503158		-1.0
	43649.99999996	15.93999		2.53277     0.2    0.2		4.1705503158		-1.0
	43694.99999996	14.72035		2.6831     0.2    0.2		4.1705503158		-1.0
	43739.99999996	13.97022		-3.13322     0.2    0.2		4.1705503158		-1.0
	43784.99999996	12.76093		-2.8379     0.2    0.2		4.1705503158		-1.0
	43829.99999996	11.94884		-2.28452     0.2    0.2		4.1705503158		-1.0
	43874.99999996	10.73576		-1.59385     0.2    0.2		4.1705503158		-1.0
	43919.99999996	9.79941		-0.36057     0.2    0.2		4.1705503158		-1.0
	43964.99999996	8.86316		1.24542     0.2    0.2		4.1705503158		-1.0
	44009.99999996	7.96846		2.25407     0.2    0.2		4.1705503158		-1.0
	44054.99999996	7.32719		2.90854     0.2    0.2		4.1705503158		-1.0
	44099.99999996	6.4675		-2.65778     0.2    0.2		4.1705503158		-1.0
	44144.99999996	6.41161		-1.90723     0.2    0.2		4.1705503158		-1.0
	44189.99999996	6.81716		-1.05692     0.2    0.2		4.1705503158		-1.0
	44234.99999996	7.67434		-0.50649     0.2    0.2		4.1705503158		-1.0
	44279.99999996	8.05061		0.00514     0.2    0.2		4.1705503158		-1.0
	44324.99999996	8.4116		0.31371     0.2    0.2		4.1705503158		-1.0
	44369.99999996	8.47666		0.70149     0.2    0.2		4.1705503158		-1.0
	44414.99999996	8.498		0.90362     0.2    0.2		4.1705503158		-1.0
	44459.99999996	9.00064		1.18352     0.2    0.2		4.1705503158		-1.0
	44504.99999996	9.92165		0.09736     0.2    0.2		4.1705503158		-1.0
	44549.99999996	11.24698		-0.29216     0.2    0.2		4.1705503158		-1.0
	44594.99999996	12.89884		-0.01711     0.2    0.2		4.1705503158		-1.0
	44639.99999996	14.52715		0.18296     0.2    0.2		4.1705503158		-1.0
	44684.99999996	15.85956		0.55953     0.2    0.2		4.1705503158		-1.0
	44729.99999996	17.01483		1.46828     0.2    0.2		4.1705503158		-1.0
	44774.99999996	17.86801		2.15411     0.2    0.2		4.1705503158		-1.0
	44819.99999996	18.97026		2.33335     0.2    0.2		4.1705503158		-1.0
	44864.99999996	19.77279		2.39481     0.2    0.2		4.1705503158		-1.0
	44909.99999996	20.98715		2.35777     0.2    0.2		4.1705503158		-1.0
	44954.99999996	22.05917		2.35287     0.2    0.2		4.1705503158		-1.0
	44999.99999996	23.39695		2.48571     0.2    0.2		4.1705503158		-1.0
	45044.99999996	24.20127		2.34548     0.2    0.2		4.1705503158		-1.0
	45089.99999996	25.36125		2.56714     0.2    0.2		4.1705503158		-1.0
	45134.99999996	26.06413		0.50248     0.2    0.2		4.1705503158		-1.0
	45179.99999996	26.91479		-0.11084     0.2    0.2		4.1705503158		-1.0
	45224.99999996	27.48417		0.18576     0.2    0.2		4.1705503158		-1.0
	45269.99999996	27.89329		0.03945     0.2    0.2		4.1705503158		-1.0
	45314.99999996	28.35902		-1.06389     0.2    0.2		4.1705503158		-1.0
	45359.99999996	28.78231		-1.29513     0.2    0.2		4.1705503158		-1.0
	45404.99999996	29.28639		-1.75558     0.2    0.2		4.1705503158		-1.0
	45449.99999996	30.08451		-2.21899     0.2    0.2		4.1705503158		-1.0
	45494.99999996	30.64027		3.02501     0.2    0.2		4.1705503158		-1.0
	45539.99999996	31.19506		2.639     0.2    0.2		4.1705503158		-1.0
	45584.99999996	31.76563		2.17194     0.2    0.2		4.1705503158		-1.0
	45629.99999996	31.76914		1.67302     0.2    0.2		4.1705503158		-1.0
	45674.99999996	31.3152		1.13319     0.2    0.2		4.1705503158		-1.0
	45719.99999996	30.87553		-0.2339     0.2    0.2		4.1705503158		-1.0
	45764.99999996	30.75821		0.14592     0.2    0.2		4.1705503158		-1.0
	45809.99999996	31.29736		-0.08562     0.2    0.2		4.1705503158		-1.0
	45854.99999996	31.98034		0.41001     0.2    0.2		4.1705503158		-1.0
	45899.99999996	32.57922		0.30938     0.2    0.2		4.1705503158		-1.0
	45944.99999996	32.38774		2.04771     0.2    0.2		4.1705503158		-1.0
	45989.99999996	32.03657		-2.53685     0.2    0.2		4.1705503158		-1.0
	46034.99999996	32.39169		-1.0231     0.2    0.2		4.1705503158		-1.0
	46079.99999996	32.85935		0.05431     0.2    0.2		4.1705503158		-1.0
	46124.99999996	33.67024		2.2841     0.2    0.2		4.1705503158		-1.0
	46169.99999996	34.04732		3.04228     0.2    0.2		4.1705503158		-1.0
	46214.99999996	34.49878		2.84057     0.2    0.2		4.1705503158		-1.0
	46259.99999996	35.25679		2.50146     0.2    0.2		4.1705503158		-1.0
	46304.99999996	35.77332		1.95771     0.2    0.2		4.1705503158		-1.0
	46349.99999996	36.61155		1.27908     0.2    0.2		4.1705503158		-1.0
	46394.99999996	35.93377		0.72199     0.2    0.2		4.1705503158		-1.0
	46439.99999996	34.93334		0.1825     0.2    0.2		4.1705503158		-1.0
	46484.99999996	34.18283		-0.63164     0.2    0.2		4.1705503158		-1.0
	46529.99999996	33.41456		-0.45836     0.2    0.2		4.1705503158		-1.0
	46574.99999996	32.74067		-1.34462     0.2    0.2		4.1705503158		-1.0
	46619.99999996	31.86879		-1.63198     0.2    0.2		4.1705503158		-1.0
	46664.99999996	30.98718		-1.6459     0.2    0.2		4.1705503158		-1.0
	46709.99999996	29.8359		-1.59507     0.2    0.2		4.1705503158		-1.0
	46754.99999995	28.84618		-1.29168     0.2    0.2		4.1705503158		-1.0
	46799.99999995	27.72506		-1.22433     0.2    0.2		4.1705503158		-1.0
	46844.99999995	26.71308		-0.70804     0.2    0.2		4.1705503158		-1.0
	46889.99999995	25.64074		1.63196     0.2    0.2		4.1705503158		-1.0
	46934.99999995	24.93427		1.5714     0.2    0.2		4.1705503158		-1.0
	46979.99999995	24.11862		1.66736     0.2    0.2		4.1705503158		-1.0
	47024.99999995	23.20222		1.458     0.2    0.2		4.1705503158		-1.0
	47069.99999995	22.51563		1.23476     0.2    0.2		4.1705503158		-1.0
	47114.99999995	21.88835		0.93984     0.2    0.2		4.1705503158		-1.0
	47159.99999995	21.42974		0.81783     0.2    0.2		4.1705503158		-1.0
	47204.99999995	20.31036		0.51975     0.2    0.2		4.1705503158		-1.0
	47249.99999995	19.83828		0.29488     0.2    0.2		4.1705503158		-1.0
	47294.99999995	18.84272		0.14449     0.2    0.2		4.1705503158		-1.0
	47339.99999995	18.27969		-0.18262     0.2    0.2		4.1705503158		-1.0
	47384.99999995	16.79359		-0.50479     0.2    0.2		4.1705503158		-1.0
	47429.99999995	15.84376		-0.78287     0.2    0.2		4.1705503158		-1.0
	47474.99999995	14.45676		-1.0328     0.2    0.2		4.1705503158		-1.0
	47519.99999995	13.46227		-1.7253     0.2    0.2		4.1705503158		-1.0
	47564.99999995	12.09658		-2.213     0.2    0.2		4.1705503158		-1.0
	47609.99999995	11.22079		-2.72798     0.2    0.2		4.1705503158		-1.0
	47654.99999995	10.12134		3.11058     0.2    0.2		4.1705503158		-1.0
	47699.99999995	9.30589		2.85156     0.2    0.2		4.1705503158		-1.0
	47744.99999995	8.42437		2.46718     0.2    0.2		4.1705503158		-1.0
	47789.99999995	7.78408		2.15644     0.2    0.2		4.1705503158		-1.0
	47834.99999995	6.96017		2.24794     0.2    0.2		4.1705503158		-1.0
	47879.99999995	6.47768		2.3725     0.2    0.2		4.1705503158		-1.0
	47924.99999995	6.13548		2.42451     0.2    0.2		4.1705503158		-1.0
	47969.99999995	6.92447		2.75099     0.2    0.2		4.1705503158		-1.0
	48014.99999995	8.57081		2.45507     0.2    0.2		4.1705503158		-1.0
	48059.99999995	9.88848		2.17208     0.2    0.2		4.1705503158		-1.0
	48104.99999995	10.63137		1.57703     0.2    0.2		4.1705503158		-1.0
	48149.99999995	11.18366		1.43757     0.2    0.2		4.1705503158		-1.0
	48194.99999995	10.99893		-0.14073     0.2    0.2		4.1705503158		-1.0
	48239.99999995	10.91289		-1.72872     0.2    0.2		4.1705503158		-1.0
	48284.99999995	10.84298		-1.85354     0.2    0.2		4.1705503158		-1.0
	48329.99999995	11.23643		-2.21557     0.2    0.2		4.1705503158		-1.0
	48374.99999995	11.76317		-2.29762     0.2    0.2		4.1705503158		-1.0
	48419.99999995	12.27803		-2.96093     0.2    0.2		4.1705503158		-1.0
	48464.99999995	13.3579		3.01821     0.2    0.2		4.1705503158		-1.0
	48509.99999995	14.14452		2.35034     0.2    0.2		4.1705503158		-1.0
	48554.99999995	15.42071		2.44898     0.2    0.2		4.1705503158		-1.0
	48599.99999995	16.60275		2.07593     0.2    0.2		4.1705503158		-1.0
	48644.99999995	17.48305		2.98474     0.2    0.2		4.1705503158		-1.0
	48689.99999995	17.90759		-2.69768     0.2    0.2		4.1705503158		-1.0
	48734.99999995	17.7107		-2.67234     0.2    0.2		4.1705503158		-1.0
	48779.99999995	16.64083		-2.82826     0.2    0.2		4.1705503158		-1.0
	48824.99999995	15.40997		-2.8784     0.2    0.2		4.1705503158		-1.0
	48869.99999995	14.26901		2.73249     0.2    0.2		4.1705503158		-1.0
	48914.99999995	13.2343		1.88539     0.2    0.2		4.1705503158		-1.0
	48959.99999995	12.08835		1.47964     0.2    0.2		4.1705503158		-1.0
	49004.99999995	11.81159		2.09473     0.2    0.2		4.1705503158		-1.0
	49049.99999995	11.06931		2.76111     0.2    0.2		4.1705503158		-1.0
	49094.99999995	11.02777		-2.33729     0.2    0.2		4.1705503158		-1.0
	49139.99999995	10.02927		-0.9065     0.2    0.2		4.1705503158		-1.0
	49184.99999995	9.07679		-0.77155     0.2    0.2		4.1705503158		-1.0
	49229.99999995	7.97569		0.29163     0.2    0.2		4.1705503158		-1.0
	49274.99999995	7.13556		0.48937     0.2    0.2		4.1705503158		-1.0
	49319.99999995	6.33		0.7179     0.2    0.2		4.1705503158		-1.0
	49364.99999995	6.40951		0.95407     0.2    0.2		4.1705503158		-1.0
	49409.99999995	7.65444		1.078     0.2    0.2		4.1705503158		-1.0
	49454.99999995	9.12861		1.0621     0.2    0.2		4.1705503158		-1.0
	49499.99999995	10.45515		0.97818     0.2    0.2		4.1705503158		-1.0
	49544.99999995	11.72934		0.72975     0.2    0.2		4.1705503158		-1.0
	49589.99999995	12.63688		-0.52718     0.2    0.2		4.1705503158		-1.0
	49634.99999995	12.82594		-1.50877     0.2    0.2		4.1705503158		-1.0
	49679.99999995	12.4403		-2.07832     0.2    0.2		4.1705503158		-1.0
	49724.99999995	12.1784		-2.43084     0.2    0.2		4.1705503158		-1.0
	49769.99999995	12.18861		-2.76148     0.2    0.2		4.1705503158		-1.0
	49814.99999995	11.87633		-2.82616     0.2    0.2		4.1705503158		-1.0
	49859.99999995	10.9849		-2.58014     0.2    0.2		4.1705503158		-1.0
	49904.99999995	9.43028		-2.44134     0.2    0.2		4.1705503158		-1.0
	49949.99999995	8.09586		-2.57236     0.2    0.2		4.1705503158		-1.0
	49994.99999995	7.60952		-2.7058     0.2    0.2		4.1705503158		-1.0
