	45.00000000	2.92325		-0.30214  0.2  0.2		4.1705503158		-1.0
	90.00000000	2.84849		-0.28522  0.2  0.2		4.1705503158		-1.0
	135.00000000	2.92762		-0.10504  0.2  0.2		4.1705503158		-1.0
	180.00000000	2.93498		0.65091  0.2  0.2		4.1705503158		-1.0
	225.00000000	2.95569		1.13346  0.2  0.2		4.1705503158		-1.0
	270.00000000	2.87115		1.20858  0.2  0.2		4.1705503158		-1.0
	315.00000000	2.88023		1.6594  0.2  0.2		4.1705503158		-1.0
	360.00000000	3.07466		1.702  0.2  0.2		4.1705503158		-1.0
	405.00000000	2.89135		1.97488  0.2  0.2		4.1705503158		-1.0
	450.00000000	2.86471		2.1762  0.2  0.2		4.1705503158		-1.0
	495.00000000	2.82203		2.25228  0.2  0.2		4.1705503158		-1.0
	540.00000000	3.03372		2.54746  0.2  0.2		4.1705503158		-1.0
	585.00000000	2.96079		2.77036  0.2  0.2		4.1705503158		-1.0
	630.00000000	2.81096		2.93598  0.2  0.2		4.1705503158		-1.0
	675.00000000	2.85699		-2.8782  0.2  0.2		4.1705503158		-1.0
	720.00000000	3.0871		-2.64431  0.2  0.2		4.1705503158		-1.0
	765.00000000	2.85261		-2.20772  0.2  0.2		4.1705503158		-1.0
	810.00000000	2.92721		-2.00267  0.2  0.2		4.1705503158		-1.0
	855.00000000	2.87483		-1.6276  0.2  0.2		4.1705503158		-1.0
	900.00000000	3.04629		-1.29347  0.2  0.2		4.1705503158		-1.0
	945.00000000	2.83858		-0.45422  0.2  0.2		4.1705503158		-1.0
	990.00000000	2.86422		0.40656  0.2  0.2		4.1705503158		-1.0
	1035.00000000	2.97002		0.73115  0.2  0.2		4.1705503158		-1.0
	1080.00000000	2.98849		0.2254  0.2  0.2		4.1705503158		-1.0
	1125.00000000	2.87583		0.13546  0.2  0.2		4.1705503158		-1.0
	1170.00000000	2.70995		0.69937  0.2  0.2		4.1705503158		-1.0
	1215.00000000	2.98024		0.88043  0.2  0.2		4.1705503158		-1.0
	1260.00000000	3.02235		0.22667  0.2  0.2		4.1705503158		-1.0
	1305.00000000	3.25174		-0.23879  0.2  0.2		4.1705503158		-1.0
	1350.00000000	2.79301		-1.05093  0.2  0.2		4.1705503158		-1.0
	1395.00000000	2.92169		-0.95537  0.2  0.2		4.1705503158		-1.0
	1440.00000000	2.95632		-0.66947  0.2  0.2		4.1705503158		-1.0
	1485.00000000	3.08397		-0.89518  0.2  0.2		4.1705503158		-1.0
	1530.00000000	2.80891		-0.51513  0.2  0.2		4.1705503158		-1.0
	1575.00000000	2.81968		-0.01537  0.2  0.2		4.1705503158		-1.0
	1620.00000000	2.80262		0.88877  0.2  0.2		4.1705503158		-1.0
	1665.00000000	2.90706		1.33724  0.2  0.2		4.1705503158		-1.0
	1710.00000000	2.92251		1.55935  0.2  0.2		4.1705503158		-1.0
	1755.00000000	2.99794		1.86682  0.2  0.2		4.1705503158		-1.0
	1800.00000000	3.02724		2.03295  0.2  0.2		4.1705503158		-1.0
	1845.00000000	2.94905		2.52485  0.2  0.2		4.1705503158		-1.0
	1890.00000000	2.86491		2.63594  0.2  0.2		4.1705503158		-1.0
	1935.00000000	2.85859		3.02456  0.2  0.2		4.1705503158		-1.0
	1980.00000000	2.95892		-2.92491  0.2  0.2		4.1705503158		-1.0
	2025.00000000	3.02046		-2.17607  0.2  0.2		4.1705503158		-1.0
	2070.00000000	2.88261		-2.14135  0.2  0.2		4.1705503158		-1.0
	2115.00000000	2.85684		-1.48382  0.2  0.2		4.1705503158		-1.0
	2160.00000000	2.88986		-1.24898  0.2  0.2		4.1705503158		-1.0
	2205.00000000	2.87176		-0.75453  0.2  0.2		4.1705503158		-1.0
	2250.00000000	2.90648		-0.0622  0.2  0.2		4.1705503158		-1.0
	2295.00000000	3.03937		0.55741  0.2  0.2		4.1705503158		-1.0
	2340.00000000	2.94458		0.79598  0.2  0.2		4.1705503158		-1.0
	2385.00000000	2.93691		1.24063  0.2  0.2		4.1705503158		-1.0
	2430.00000000	2.8431		1.32292  0.2  0.2		4.1705503158		-1.0
	2475.00000000	2.90758		1.37036  0.2  0.2		4.1705503158		-1.0
	2520.00000000	2.93463		1.64363  0.2  0.2		4.1705503158		-1.0
	2565.00000000	2.9503		2.19388  0.2  0.2		4.1705503158		-1.0
	2610.00000000	2.83704		2.25812  0.2  0.2		4.1705503158		-1.0
	2655.00000000	2.92089		2.98575  0.2  0.2		4.1705503158		-1.0
	2700.00000000	3.00404		-2.98801  0.2  0.2		4.1705503158		-1.0
	2745.00000000	2.90763		-2.44785  0.2  0.2		4.1705503158		-1.0
	2790.00000000	2.96884		-2.27241  0.2  0.2		4.1705503158		-1.0
	2835.00000000	2.89574		-1.68871  0.2  0.2		4.1705503158		-1.0
	2880.00000000	2.88611		-1.80846  0.2  0.2		4.1705503158		-1.0
	2925.00000000	2.87565		-1.43265  0.2  0.2		4.1705503158		-1.0
	2970.00000000	2.9797		-1.64098  0.2  0.2		4.1705503158		-1.0
	3015.00000000	2.85945		-1.71011  0.2  0.2		4.1705503158		-1.0
	3060.00000000	2.81723		-2.27296  0.2  0.2		4.1705503158		-1.0
	3105.00000000	2.83767		-2.76445  0.2  0.2		4.1705503158		-1.0
	3150.00000000	2.87755		-2.75976  0.2  0.2		4.1705503158		-1.0
	3195.00000000	3.00148		-2.86494  0.2  0.2		4.1705503158		-1.0
	3240.00000000	3.06519		-2.5536  0.2  0.2		4.1705503158		-1.0
	3285.00000000	3.05717		-3.03029  0.2  0.2		4.1705503158		-1.0
	3330.00000000	2.75784		-2.48871  0.2  0.2		4.1705503158		-1.0
	3375.00000000	2.72768		-2.39612  0.2  0.2		4.1705503158		-1.0
	3420.00000000	2.77249		-2.54528  0.2  0.2		4.1705503158		-1.0
	3465.00000000	2.8505		-2.4313  0.2  0.2		4.1705503158		-1.0
	3510.00000000	3.00776		-2.27162  0.2  0.2		4.1705503158		-1.0
	3555.00000000	2.98936		-1.81724  0.2  0.2		4.1705503158		-1.0
	3600.00000000	2.97409		-2.00179  0.2  0.2		4.1705503158		-1.0
	3645.00000000	2.92687		-1.44151  0.2  0.2		4.1705503158		-1.0
	3690.00000000	3.13725		-2.00073  0.2  0.2		4.1705503158		-1.0
	3735.00000000	3.14917		-1.49669  0.2  0.2		4.1705503158		-1.0
	3780.00000000	2.92841		-1.93438  0.2  0.2		4.1705503158		-1.0
	3825.00000000	2.78531		-2.05343  0.2  0.2		4.1705503158		-1.0
	3870.00000000	3.07029		-2.18926  0.2  0.2		4.1705503158		-1.0
	3915.00000000	2.85524		-2.70494  0.2  0.2		4.1705503158		-1.0
	3960.00000000	3.14818		-2.76074  0.2  0.2		4.1705503158		-1.0
	4005.00000000	3.01319		3.00356  0.2  0.2		4.1705503158		-1.0
	4050.00000000	2.98074		2.56981  0.2  0.2		4.1705503158		-1.0
	4095.00000000	2.88235		2.23456  0.2  0.2		4.1705503158		-1.0
	4140.00000000	2.81117		1.80591  0.2  0.2		4.1705503158		-1.0
	4185.00000000	2.99982		1.71424  0.2  0.2		4.1705503158		-1.0
	4230.00000000	2.94407		1.08859  0.2  0.2		4.1705503158		-1.0
	4275.00000000	2.82712		0.49856  0.2  0.2		4.1705503158		-1.0
	4320.00000000	2.83644		0.15954  0.2  0.2		4.1705503158		-1.0
	4365.00000000	2.91335		-0.89705  0.2  0.2		4.1705503158		-1.0
	4410.00000000	2.82422		-0.66466  0.2  0.2		4.1705503158		-1.0
	4455.00000000	2.8764		-0.26637  0.2  0.2		4.1705503158		-1.0
	4500.00000000	3.0025		0.33152  0.2  0.2		4.1705503158		-1.0
	4545.00000000	2.90806		1.29055  0.2  0.2		4.1705503158		-1.0
	4590.00000000	3.04741		1.33565  0.2  0.2		4.1705503158		-1.0
	4635.00000000	2.84661		1.70272  0.2  0.2		4.1705503158		-1.0
	4680.00000000	2.89474		1.90885  0.2  0.2		4.1705503158		-1.0
	4725.00000000	2.99834		2.0931  0.2  0.2		4.1705503158		-1.0
	4770.00000000	2.83273		2.56569  0.2  0.2		4.1705503158		-1.0
	4815.00000000	2.86471		2.8948  0.2  0.2		4.1705503158		-1.0
	4860.00000000	2.92116		-3.07198  0.2  0.2		4.1705503158		-1.0
	4905.00000000	3.13499		-2.38953  0.2  0.2		4.1705503158		-1.0
	4950.00000000	3.08817		-2.1056  0.2  0.2		4.1705503158		-1.0
	4995.00000000	3.02191		-1.87956  0.2  0.2		4.1705503158		-1.0
	5040.00000000	2.80957		-1.7725  0.2  0.2		4.1705503158		-1.0
	5085.00000000	2.89101		-1.57132  0.2  0.2		4.1705503158		-1.0
	5130.00000000	2.79871		-1.48739  0.2  0.2		4.1705503158		-1.0
	5175.00000000	3.0399		-1.22198  0.2  0.2		4.1705503158		-1.0
	5220.00000000	3.06188		-1.04182  0.2  0.2		4.1705503158		-1.0
	5265.00000000	3.01137		-0.49704  0.2  0.2		4.1705503158		-1.0
	5310.00000000	2.88474		0.04223  0.2  0.2		4.1705503158		-1.0
	5355.00000000	2.88858		0.64988  0.2  0.2		4.1705503158		-1.0
	5400.00000000	3.09836		1.05414  0.2  0.2		4.1705503158		-1.0
	5445.00000000	2.9757		1.41753  0.2  0.2		4.1705503158		-1.0
	5490.00000000	2.86135		1.79822  0.2  0.2		4.1705503158		-1.0
	5535.00000000	2.73855		2.31715  0.2  0.2		4.1705503158		-1.0
	5580.00000000	3.0895		2.81807  0.2  0.2		4.1705503158		-1.0
	5625.00000000	2.76444		-2.93124  0.2  0.2		4.1705503158		-1.0
	5670.00000000	3.03127		-2.8031  0.2  0.2		4.1705503158		-1.0
	5715.00000000	2.78606		-2.72097  0.2  0.2		4.1705503158		-1.0
	5760.00000000	3.03905		-2.51138  0.2  0.2		4.1705503158		-1.0
	5805.00000000	3.21559		-2.43333  0.2  0.2		4.1705503158		-1.0
	5850.00000000	3.14474		-1.79918  0.2  0.2		4.1705503158		-1.0
	5895.00000000	3.06521		-1.70944  0.2  0.2		4.1705503158		-1.0
	5940.00000000	3.06871		-1.12159  0.2  0.2		4.1705503158		-1.0
	5985.00000000	3.05632		-0.67773  0.2  0.2		4.1705503158		-1.0
	6030.00000000	2.92451		-0.43124  0.2  0.2		4.1705503158		-1.0
	6075.00000000	2.75074		0.76746  0.2  0.2		4.1705503158		-1.0
	6120.00000000	2.91565		0.96036  0.2  0.2		4.1705503158		-1.0
	6165.00000000	3.03513		1.42252  0.2  0.2		4.1705503158		-1.0
	6210.00000000	3.04442		1.70038  0.2  0.2		4.1705503158		-1.0
	6255.00000000	2.78752		2.04214  0.2  0.2		4.1705503158		-1.0
	6300.00000000	3.12825		2.3377  0.2  0.2		4.1705503158		-1.0
	6345.00000000	3.19104		2.76531  0.2  0.2		4.1705503158		-1.0
	6390.00000000	2.84075		2.83767  0.2  0.2		4.1705503158		-1.0
	6435.00000000	3.12476		3.0788  0.2  0.2		4.1705503158		-1.0
	6480.00000000	2.78633		-3.09076  0.2  0.2		4.1705503158		-1.0
	6525.00000000	2.87573		3.0962  0.2  0.2		4.1705503158		-1.0
	6570.00000000	2.76199		-3.086  0.2  0.2		4.1705503158		-1.0
	6615.00000000	3.0659		-3.09485  0.2  0.2		4.1705503158		-1.0
	6660.00000000	3.02727		-3.11237  0.2  0.2		4.1705503158		-1.0
	6705.00000000	2.87516		2.64496  0.2  0.2		4.1705503158		-1.0
	6750.00000000	2.80755		2.5634  0.2  0.2		4.1705503158		-1.0
	6795.00000000	3.12174		1.97106  0.2  0.2		4.1705503158		-1.0
	6840.00000000	2.84455		1.96824  0.2  0.2		4.1705503158		-1.0
	6885.00000000	2.80856		1.67255  0.2  0.2		4.1705503158		-1.0
	6930.00000000	2.80691		1.15764  0.2  0.2		4.1705503158		-1.0
	6975.00000000	3.13962		0.52232  0.2  0.2		4.1705503158		-1.0
	7020.00000000	3.07198		-0.1366  0.2  0.2		4.1705503158		-1.0
	7065.00000000	2.88162		-0.74612  0.2  0.2		4.1705503158		-1.0
	7110.00000000	2.79993		-0.88687  0.2  0.2		4.1705503158		-1.0
	7155.00000000	2.95988		-0.77693  0.2  0.2		4.1705503158		-1.0
	7200.00000000	2.7342		-1.22356  0.2  0.2		4.1705503158		-1.0
	7245.00000000	2.93835		-0.97576  0.2  0.2		4.1705503158		-1.0
	7290.00000000	3.17216		-1.1345  0.2  0.2		4.1705503158		-1.0
	7335.00000000	2.94165		-1.00461  0.2  0.2		4.1705503158		-1.0
	7380.00000000	2.74478		-1.1702  0.2  0.2		4.1705503158		-1.0
	7425.00000000	2.81037		-1.19349  0.2  0.2		4.1705503158		-1.0
	7470.00000000	3.09592		-1.37061  0.2  0.2		4.1705503158		-1.0
	7515.00000000	3.18874		-1.38862  0.2  0.2		4.1705503158		-1.0
	7560.00000000	3.04073		-1.63554  0.2  0.2		4.1705503158		-1.0
	7605.00000000	3.16326		-1.74571  0.2  0.2		4.1705503158		-1.0
	7650.00000000	2.77203		-2.05365  0.2  0.2		4.1705503158		-1.0
	7695.00000000	2.69923		-2.32967  0.2  0.2		4.1705503158		-1.0
	7740.00000000	2.69584		-2.12105  0.2  0.2		4.1705503158		-1.0
	7785.00000000	3.28569		-2.04016  0.2  0.2		4.1705503158		-1.0
	7830.00000000	2.78612		-2.30088  0.2  0.2		4.1705503158		-1.0
	7875.00000000	3.13814		-1.96342  0.2  0.2		4.1705503158		-1.0
	7920.00000000	3.1552		-2.41507  0.2  0.2		4.1705503158		-1.0
	7965.00000000	2.7118		-2.46153  0.2  0.2		4.1705503158		-1.0
	8010.00000000	3.26158		-2.90639  0.2  0.2		4.1705503158		-1.0
	8055.00000000	3.23952		-2.88663  0.2  0.2		4.1705503158		-1.0
	8100.00000000	3.02468		2.98313  0.2  0.2		4.1705503158		-1.0
	8145.00000000	3.09442		2.49937  0.2  0.2		4.1705503158		-1.0
	8190.00000000	3.27421		2.09619  0.2  0.2		4.1705503158		-1.0
	8235.00000000	3.19318		1.98349  0.2  0.2		4.1705503158		-1.0
	8280.00000000	3.27328		1.42707  0.2  0.2		4.1705503158		-1.0
	8325.00000000	3.24808		1.48752  0.2  0.2		4.1705503158		-1.0
	8370.00000000	3.13377		0.87449  0.2  0.2		4.1705503158		-1.0
	8415.00000000	2.94689		0.39244  0.2  0.2		4.1705503158		-1.0
	8460.00000000	2.94044		0.05109  0.2  0.2		4.1705503158		-1.0
	8505.00000000	2.96128		-0.55309  0.2  0.2		4.1705503158		-1.0
	8550.00000000	3.1013		-0.81748  0.2  0.2		4.1705503158		-1.0
	8595.00000000	3.09803		-1.04762  0.2  0.2		4.1705503158		-1.0
	8640.00000000	3.13096		-1.2896  0.2  0.2		4.1705503158		-1.0
	8685.00000000	3.24113		-1.22052  0.2  0.2		4.1705503158		-1.0
	8730.00000000	3.32289		-1.40756  0.2  0.2		4.1705503158		-1.0
	8775.00000000	3.062		-1.66411  0.2  0.2		4.1705503158		-1.0
	8820.00000000	3.10891		-1.96029  0.2  0.2		4.1705503158		-1.0
	8865.00000000	2.90124		-2.07944  0.2  0.2		4.1705503158		-1.0
	8910.00000000	3.32446		-2.66091  0.2  0.2		4.1705503158		-1.0
	8955.00000000	2.64166		-2.7065  0.2  0.2		4.1705503158		-1.0
	9000.00000000	3.05285		-3.10212  0.2  0.2		4.1705503158		-1.0
	9045.00000000	2.73982		3.05085  0.2  0.2		4.1705503158		-1.0
	9090.00000000	2.89704		2.37982  0.2  0.2		4.1705503158		-1.0
	9135.00000000	2.99943		2.31486  0.2  0.2		4.1705503158		-1.0
	9180.00000000	2.98249		1.90455  0.2  0.2		4.1705503158		-1.0
	9225.00000000	2.77497		1.75663  0.2  0.2		4.1705503158		-1.0
	9270.00000000	2.75309		1.37264  0.2  0.2		4.1705503158		-1.0
	9315.00000000	2.6669		1.34283  0.2  0.2		4.1705503158		-1.0
	9360.00000000	3.1505		0.80607  0.2  0.2		4.1705503158		-1.0
	9405.00000000	3.15966		0.31344  0.2  0.2		4.1705503158		-1.0
	9450.00000000	2.99081		-0.30564  0.2  0.2		4.1705503158		-1.0
	9495.00000000	3.15012		-0.42544  0.2  0.2		4.1705503158		-1.0
	9540.00000000	2.87611		-0.19892  0.2  0.2		4.1705503158		-1.0
	9585.00000000	2.72341		0.60795  0.2  0.2		4.1705503158		-1.0
	9630.00000000	2.80544		0.52937  0.2  0.2		4.1705503158		-1.0
	9675.00000000	2.93662		0.20923  0.2  0.2		4.1705503158		-1.0
	9720.00000000	2.96157		0.00586  0.2  0.2		4.1705503158		-1.0
	9765.00000000	3.02643		0.07392  0.2  0.2		4.1705503158		-1.0
	9810.00000000	2.77368		0.34673  0.2  0.2		4.1705503158		-1.0
	9855.00000000	2.85922		0.32737  0.2  0.2		4.1705503158		-1.0
	9900.00000000	2.97415		1.09584  0.2  0.2		4.1705503158		-1.0
	9945.00000000	2.73891		0.87881  0.2  0.2		4.1705503158		-1.0
	9990.00000000	3.03208		0.91804  0.2  0.2		4.1705503158		-1.0
	10035.00000000	2.88207		1.01073  0.2  0.2		4.1705503158		-1.0
	10080.00000000	2.77657		1.02479  0.2  0.2		4.1705503158		-1.0
	10125.00000000	3.34388		0.55689  0.2  0.2		4.1705503158		-1.0
	10170.00000000	2.82063		0.36993  0.2  0.2		4.1705503158		-1.0
	10215.00000000	3.08417		0.07994  0.2  0.2		4.1705503158		-1.0
	10260.00000000	2.9142		-0.61933  0.2  0.2		4.1705503158		-1.0
	10305.00000000	3.40792		-0.69625  0.2  0.2		4.1705503158		-1.0
	10350.00000000	3.06211		-0.82845  0.2  0.2		4.1705503158		-1.0
	10395.00000000	2.94766		-0.12856  0.2  0.2		4.1705503158		-1.0
	10440.00000000	2.88132		-0.32741  0.2  0.2		4.1705503158		-1.0
	10485.00000000	2.88354		0.33635  0.2  0.2		4.1705503158		-1.0
	10530.00000000	3.00682		0.83946  0.2  0.2		4.1705503158		-1.0
	10575.00000000	3.11883		0.33326  0.2  0.2		4.1705503158		-1.0
	10620.00000000	3.17738		0.95548  0.2  0.2		4.1705503158		-1.0
	10665.00000000	3.25187		1.02711  0.2  0.2		4.1705503158		-1.0
	10710.00000000	2.81236		0.71282  0.2  0.2		4.1705503158		-1.0
	10755.00000000	2.90429		0.56822  0.2  0.2		4.1705503158		-1.0
	10800.00000000	3.08655		0.67296  0.2  0.2		4.1705503158		-1.0
	10845.00000001	3.12563		-0.03515  0.2  0.2		4.1705503158		-1.0
	10890.00000001	3.14055		-0.49811  0.2  0.2		4.1705503158		-1.0
	10935.00000001	3.26085		-0.99383  0.2  0.2		4.1705503158		-1.0
	10980.00000001	2.86583		-0.93538  0.2  0.2		4.1705503158		-1.0
	11025.00000001	2.65323		-1.0415  0.2  0.2		4.1705503158		-1.0
	11070.00000001	2.74406		-0.35863  0.2  0.2		4.1705503158		-1.0
	11115.00000001	2.73007		-0.41787  0.2  0.2		4.1705503158		-1.0
	11160.00000001	2.74778		0.12976  0.2  0.2		4.1705503158		-1.0
	11205.00000001	2.70725		-0.00121  0.2  0.2		4.1705503158		-1.0
	11250.00000001	2.76022		-0.46357  0.2  0.2		4.1705503158		-1.0
	11295.00000001	2.71207		-0.95043  0.2  0.2		4.1705503158		-1.0
	11340.00000001	2.86577		-0.63527  0.2  0.2		4.1705503158		-1.0
	11385.00000001	2.65126		-0.74058  0.2  0.2		4.1705503158		-1.0
	11430.00000001	3.21286		-0.03751  0.2  0.2		4.1705503158		-1.0
	11475.00000001	3.15857		0.31666  0.2  0.2		4.1705503158		-1.0
	11520.00000001	3.12136		0.67804  0.2  0.2		4.1705503158		-1.0
	11565.00000001	3.18866		1.14732  0.2  0.2		4.1705503158		-1.0
	11610.00000001	3.26616		1.50611  0.2  0.2		4.1705503158		-1.0
	11655.00000001	2.80416		1.83641  0.2  0.2		4.1705503158		-1.0
	11700.00000001	3.08281		2.09187  0.2  0.2		4.1705503158		-1.0
	11745.00000001	3.06454		2.73454  0.2  0.2		4.1705503158		-1.0
	11790.00000001	2.9669		2.57425  0.2  0.2		4.1705503158		-1.0
	11835.00000001	3.22155		2.95263  0.2  0.2		4.1705503158		-1.0
	11880.00000001	2.68692		2.92064  0.2  0.2		4.1705503158		-1.0
	11925.00000001	2.98919		2.80578  0.2  0.2		4.1705503158		-1.0
	11970.00000001	3.35341		2.70374  0.2  0.2		4.1705503158		-1.0
	12015.00000001	2.92694		2.40005  0.2  0.2		4.1705503158		-1.0
	12060.00000001	2.99494		2.25638  0.2  0.2		4.1705503158		-1.0
	12105.00000001	2.96966		1.79016  0.2  0.2		4.1705503158		-1.0
	12150.00000001	3.25257		1.73495  0.2  0.2		4.1705503158		-1.0
	12195.00000001	3.02992		1.38551  0.2  0.2		4.1705503158		-1.0
	12240.00000001	3.16993		1.38813  0.2  0.2		4.1705503158		-1.0
	12285.00000001	3.1742		1.26253  0.2  0.2		4.1705503158		-1.0
	12330.00000001	3.43398		0.57278  0.2  0.2		4.1705503158		-1.0
	12375.00000001	3.39961		0.34031  0.2  0.2		4.1705503158		-1.0
	12420.00000001	3.2992		-0.04712  0.2  0.2		4.1705503158		-1.0
	12465.00000001	3.16593		-0.64009  0.2  0.2		4.1705503158		-1.0
	12510.00000001	3.09228		-0.83444  0.2  0.2		4.1705503158		-1.0
	12555.00000001	3.19603		-0.90562  0.2  0.2		4.1705503158		-1.0
	12600.00000001	3.23826		-0.49736  0.2  0.2		4.1705503158		-1.0
	12645.00000001	2.78392		-0.05465  0.2  0.2		4.1705503158		-1.0
	12690.00000001	2.67976		0.83526  0.2  0.2		4.1705503158		-1.0
	12735.00000001	2.74587		1.39963  0.2  0.2		4.1705503158		-1.0
	12780.00000001	2.734		1.80557  0.2  0.2		4.1705503158		-1.0
	12825.00000001	2.71785		2.16388  0.2  0.2		4.1705503158		-1.0
	12870.00000001	2.70785		2.43403  0.2  0.2		4.1705503158		-1.0
	12915.00000001	2.78533		2.68046  0.2  0.2		4.1705503158		-1.0
	12960.00000001	2.79716		-2.90028  0.2  0.2		4.1705503158		-1.0
	13005.00000001	3.12002		-2.44155  0.2  0.2		4.1705503158		-1.0
	13050.00000001	3.27355		-2.29659  0.2  0.2		4.1705503158		-1.0
	13095.00000001	3.21119		-1.75419  0.2  0.2		4.1705503158		-1.0
	13140.00000001	3.29797		-1.77275  0.2  0.2		4.1705503158		-1.0
	13185.00000001	3.18534		-1.40606  0.2  0.2		4.1705503158		-1.0
	13230.00000001	2.88129		-1.68364  0.2  0.2		4.1705503158		-1.0
	13275.00000001	2.81043		-1.59101  0.2  0.2		4.1705503158		-1.0
	13320.00000001	2.77164		-1.84081  0.2  0.2		4.1705503158		-1.0
	13365.00000001	2.8596		-2.07564  0.2  0.2		4.1705503158		-1.0
	13410.00000001	3.04142		-2.63624  0.2  0.2		4.1705503158		-1.0
	13455.00000001	3.1799		-2.51188  0.2  0.2		4.1705503158		-1.0
	13500.00000001	2.85799		-2.57111  0.2  0.2		4.1705503158		-1.0
	13545.00000001	2.81618		-2.82401  0.2  0.2		4.1705503158		-1.0
	13590.00000001	3.42138		-3.12643  0.2  0.2		4.1705503158		-1.0
	13635.00000001	2.69647		-3.13062  0.2  0.2		4.1705503158		-1.0
	13680.00000001	2.80046		2.75345  0.2  0.2		4.1705503158		-1.0
	13725.00000001	2.83152		2.45599  0.2  0.2		4.1705503158		-1.0
	13770.00000001	3.21885		2.22052  0.2  0.2		4.1705503158		-1.0
	13815.00000001	3.16848		1.7571  0.2  0.2		4.1705503158		-1.0
	13860.00000001	3.35458		1.74754  0.2  0.2		4.1705503158		-1.0
	13905.00000001	3.23072		1.12535  0.2  0.2		4.1705503158		-1.0
	13950.00000001	2.93517		1.53933  0.2  0.2		4.1705503158		-1.0
	13995.00000001	2.69789		0.84378  0.2  0.2		4.1705503158		-1.0
	14040.00000001	2.69593		1.2925  0.2  0.2		4.1705503158		-1.0
	14085.00000001	2.7932		0.74474  0.2  0.2		4.1705503158		-1.0
	14130.00000001	2.86744		0.56139  0.2  0.2		4.1705503158		-1.0
	14175.00000001	2.73248		-0.58084  0.2  0.2		4.1705503158		-1.0
	14220.00000001	2.71896		-1.26022  0.2  0.2		4.1705503158		-1.0
	14265.00000000	2.78916		-1.32492  0.2  0.2		4.1705503158		-1.0
	14310.00000000	2.71902		-1.74615  0.2  0.2		4.1705503158		-1.0
	14355.00000000	2.74188		-2.11166  0.2  0.2		4.1705503158		-1.0
	14400.00000000	2.73878		-2.41529  0.2  0.2		4.1705503158		-1.0
	14445.00000000	2.78421		-2.82048  0.2  0.2		4.1705503158		-1.0
	14490.00000000	2.76454		3.04171  0.2  0.2		4.1705503158		-1.0
	14535.00000000	2.71399		2.67492  0.2  0.2		4.1705503158		-1.0
	14580.00000000	2.71632		1.98253  0.2  0.2		4.1705503158		-1.0
	14625.00000000	2.73104		1.87151  0.2  0.2		4.1705503158		-1.0
	14670.00000000	2.71232		1.48287  0.2  0.2		4.1705503158		-1.0
	14715.00000000	2.72898		1.39425  0.2  0.2		4.1705503158		-1.0
	14760.00000000	2.72914		1.49568  0.2  0.2		4.1705503158		-1.0
	14805.00000000	2.74484		1.67881  0.2  0.2		4.1705503158		-1.0
	14850.00000000	2.63184		1.7566  0.2  0.2		4.1705503158		-1.0
	14895.00000000	2.65984		1.81355  0.2  0.2		4.1705503158		-1.0
	14940.00000000	3.54736		1.66577  0.2  0.2		4.1705503158		-1.0
	14985.00000000	3.45912		1.80421  0.2  0.2		4.1705503158		-1.0
	15030.00000000	3.38343		2.02864  0.2  0.2		4.1705503158		-1.0
	15075.00000000	3.01933		2.25886  0.2  0.2		4.1705503158		-1.0
	15120.00000000	3.30357		2.56607  0.2  0.2		4.1705503158		-1.0
	15165.00000000	3.36541		2.37976  0.2  0.2		4.1705503158		-1.0
	15210.00000000	3.389		2.64049  0.2  0.2		4.1705503158		-1.0
	15255.00000000	3.38768		2.54762  0.2  0.2		4.1705503158		-1.0
	15300.00000000	3.23829		2.44698  0.2  0.2		4.1705503158		-1.0
	15345.00000000	3.27995		2.29409  0.2  0.2		4.1705503158		-1.0
	15390.00000000	3.21314		2.01908  0.2  0.2		4.1705503158		-1.0
	15435.00000000	3.25802		2.12736  0.2  0.2		4.1705503158		-1.0
	15480.00000000	3.3452		1.39444  0.2  0.2		4.1705503158		-1.0
	15525.00000000	3.22898		1.22073  0.2  0.2		4.1705503158		-1.0
	15570.00000000	3.39905		0.81073  0.2  0.2		4.1705503158		-1.0
	15615.00000000	3.20201		-0.34726  0.2  0.2		4.1705503158		-1.0
	15660.00000000	3.33007		-0.5025  0.2  0.2		4.1705503158		-1.0
	15705.00000000	3.37264		-0.90179  0.2  0.2		4.1705503158		-1.0
	15750.00000000	3.22551		-0.53183  0.2  0.2		4.1705503158		-1.0
	15795.00000000	3.16988		-0.23789  0.2  0.2		4.1705503158		-1.0
	15840.00000000	3.14296		0.25484  0.2  0.2		4.1705503158		-1.0
	15885.00000000	3.23564		0.5233  0.2  0.2		4.1705503158		-1.0
	15930.00000000	3.18883		1.22066  0.2  0.2		4.1705503158		-1.0
	15975.00000000	3.26724		0.94579  0.2  0.2		4.1705503158		-1.0
	16020.00000000	3.40194		1.43131  0.2  0.2		4.1705503158		-1.0
	16065.00000000	3.37601		1.09169  0.2  0.2		4.1705503158		-1.0
	16110.00000000	3.10077		1.43885  0.2  0.2		4.1705503158		-1.0
	16155.00000000	3.43719		1.3085  0.2  0.2		4.1705503158		-1.0
	16200.00000000	2.67087		1.42969  0.2  0.2		4.1705503158		-1.0
	16245.00000000	3.52929		1.66381  0.2  0.2		4.1705503158		-1.0
	16290.00000000	3.28568		1.65487  0.2  0.2		4.1705503158		-1.0
	16335.00000000	2.75885		2.18996  0.2  0.2		4.1705503158		-1.0
	16380.00000000	2.75677		2.29922  0.2  0.2		4.1705503158		-1.0
	16425.00000000	3.19442		2.68266  0.2  0.2		4.1705503158		-1.0
	16470.00000000	3.01028		-3.10635  0.2  0.2		4.1705503158		-1.0
	16515.00000000	3.2501		3.10214  0.2  0.2		4.1705503158		-1.0
	16560.00000000	3.13993		-2.65266  0.2  0.2		4.1705503158		-1.0
	16605.00000000	3.2943		-2.50685  0.2  0.2		4.1705503158		-1.0
	16650.00000000	3.17599		-2.22185  0.2  0.2		4.1705503158		-1.0
	16695.00000000	3.33		-2.12033  0.2  0.2		4.1705503158		-1.0
	16740.00000000	3.25488		-2.26108  0.2  0.2		4.1705503158		-1.0
	16785.00000000	3.37848		-2.05396  0.2  0.2		4.1705503158		-1.0
	16830.00000000	3.26484		-2.21786  0.2  0.2		4.1705503158		-1.0
	16875.00000000	3.39479		-1.71155  0.2  0.2		4.1705503158		-1.0
	16920.00000000	3.17337		-1.4465  0.2  0.2		4.1705503158		-1.0
	16965.00000000	3.09278		-0.9061  0.2  0.2		4.1705503158		-1.0
	17010.00000000	2.83364		0.04437  0.2  0.2		4.1705503158		-1.0
	17055.00000000	2.64727		0.47883  0.2  0.2		4.1705503158		-1.0
	17100.00000000	2.71159		0.15068  0.2  0.2		4.1705503158		-1.0
	17145.00000000	2.8506		-0.19007  0.2  0.2		4.1705503158		-1.0
	17190.00000000	2.73723		-0.27438  0.2  0.2		4.1705503158		-1.0
	17235.00000000	2.77476		-0.46123  0.2  0.2		4.1705503158		-1.0
	17280.00000000	3.10505		-0.42993  0.2  0.2		4.1705503158		-1.0
	17325.00000000	3.07313		0.24954  0.2  0.2		4.1705503158		-1.0
	17370.00000000	2.78836		0.78982  0.2  0.2		4.1705503158		-1.0
	17415.00000000	2.71242		0.89456  0.2  0.2		4.1705503158		-1.0
	17460.00000000	2.68178		1.11019  0.2  0.2		4.1705503158		-1.0
	17505.00000000	3.46171		0.86671  0.2  0.2		4.1705503158		-1.0
	17550.00000000	2.62661		0.88317  0.2  0.2		4.1705503158		-1.0
	17595.00000000	2.7242		0.15286  0.2  0.2		4.1705503158		-1.0
	17640.00000000	2.74315		-0.30412  0.2  0.2		4.1705503158		-1.0
	17685.00000000	2.762		-0.29905  0.2  0.2		4.1705503158		-1.0
	17730.00000000	2.73853		-0.9078  0.2  0.2		4.1705503158		-1.0
	17775.00000000	2.70283		-0.90214  0.2  0.2		4.1705503158		-1.0
	17820.00000000	2.70474		-1.44911  0.2  0.2		4.1705503158		-1.0
	17865.00000000	2.71835		-1.30193  0.2  0.2		4.1705503158		-1.0
	17910.00000000	2.70095		-1.86446  0.2  0.2		4.1705503158		-1.0
	17955.00000000	2.71285		-1.70145  0.2  0.2		4.1705503158		-1.0
	18000.00000000	2.67507		-2.16776  0.2  0.2		4.1705503158		-1.0
	18045.00000000	2.84249		-2.30567  0.2  0.2		4.1705503158		-1.0
	18090.00000000	2.72192		-2.8319  0.2  0.2		4.1705503158		-1.0
	18135.00000000	3.00881		-2.72438  0.2  0.2		4.1705503158		-1.0
	18180.00000000	3.14247		2.94118  0.2  0.2		4.1705503158		-1.0
	18225.00000000	3.16285		3.05529  0.2  0.2		4.1705503158		-1.0
	18270.00000000	2.92467		2.77217  0.2  0.2		4.1705503158		-1.0
	18315.00000000	2.69392		2.50492  0.2  0.2		4.1705503158		-1.0
	18360.00000000	2.64173		2.38923  0.2  0.2		4.1705503158		-1.0
	18405.00000000	3.21435		2.01327  0.2  0.2		4.1705503158		-1.0
	18450.00000000	3.13425		1.9816  0.2  0.2		4.1705503158		-1.0
	18495.00000000	3.1447		1.57864  0.2  0.2		4.1705503158		-1.0
	18540.00000000	3.21108		1.66647  0.2  0.2		4.1705503158		-1.0
	18585.00000000	2.60518		1.61074  0.2  0.2		4.1705503158		-1.0
	18630.00000000	3.40585		1.62936  0.2  0.2		4.1705503158		-1.0
	18675.00000000	3.12708		1.66916  0.2  0.2		4.1705503158		-1.0
	18720.00000000	2.91412		2.08582  0.2  0.2		4.1705503158		-1.0
	18765.00000000	3.35514		2.32754  0.2  0.2		4.1705503158		-1.0
	18810.00000000	2.60077		2.8298  0.2  0.2		4.1705503158		-1.0
	18855.00000000	3.586		2.96048  0.2  0.2		4.1705503158		-1.0
	18900.00000000	2.91308		2.84422  0.2  0.2		4.1705503158		-1.0
	18945.00000000	2.67004		2.95786  0.2  0.2		4.1705503158		-1.0
	18990.00000000	2.69155		2.77063  0.2  0.2		4.1705503158		-1.0
	19035.00000000	2.76213		2.38784  0.2  0.2		4.1705503158		-1.0
	19080.00000000	2.69843		2.15504  0.2  0.2		4.1705503158		-1.0
	19125.00000000	2.66711		1.90496  0.2  0.2		4.1705503158		-1.0
	19170.00000000	2.77397		1.76882  0.2  0.2		4.1705503158		-1.0
	19215.00000000	2.74162		1.2953  0.2  0.2		4.1705503158		-1.0
	19260.00000000	2.73089		0.91067  0.2  0.2		4.1705503158		-1.0
	19305.00000000	2.75572		0.04105  0.2  0.2		4.1705503158		-1.0
	19350.00000000	2.73034		-0.86044  0.2  0.2		4.1705503158		-1.0
	19395.00000000	3.03334		-1.17989  0.2  0.2		4.1705503158		-1.0
	19440.00000000	3.47762		-1.57189  0.2  0.2		4.1705503158		-1.0
	19485.00000000	2.96678		-2.02282  0.2  0.2		4.1705503158		-1.0
	19530.00000000	3.43788		-2.44516  0.2  0.2		4.1705503158		-1.0
	19575.00000000	3.42553		-2.71359  0.2  0.2		4.1705503158		-1.0
	19620.00000000	2.59468		-2.78279  0.2  0.2		4.1705503158		-1.0
	19665.00000000	2.59528		-3.09807  0.2  0.2		4.1705503158		-1.0
	19710.00000000	3.24183		-3.04949  0.2  0.2		4.1705503158		-1.0
	19755.00000000	3.21681		3.08217  0.2  0.2		4.1705503158		-1.0
	19800.00000000	3.25216		-3.08665  0.2  0.2		4.1705503158		-1.0
	19845.00000000	3.23683		-2.95646  0.2  0.2		4.1705503158		-1.0
	19890.00000000	3.32905		-2.72852  0.2  0.2		4.1705503158		-1.0
	19935.00000000	3.34289		-2.73605  0.2  0.2		4.1705503158		-1.0
	19980.00000000	3.45506		-2.29795  0.2  0.2		4.1705503158		-1.0
	20025.00000000	3.41179		-1.83728  0.2  0.2		4.1705503158		-1.0
	20070.00000000	3.29011		-1.72349  0.2  0.2		4.1705503158		-1.0
	20115.00000000	3.16043		-1.45325  0.2  0.2		4.1705503158		-1.0
	20160.00000000	3.29221		-1.12331  0.2  0.2		4.1705503158		-1.0
	20205.00000000	3.23486		-0.76563  0.2  0.2		4.1705503158		-1.0
	20250.00000000	3.0931		-0.17595  0.2  0.2		4.1705503158		-1.0
	20295.00000000	3.39266		0.13114  0.2  0.2		4.1705503158		-1.0
	20340.00000000	3.29419		0.62679  0.2  0.2		4.1705503158		-1.0
	20385.00000000	3.12015		1.16098  0.2  0.2		4.1705503158		-1.0
	20430.00000000	3.26827		1.18928  0.2  0.2		4.1705503158		-1.0
	20475.00000000	3.00015		1.06803  0.2  0.2		4.1705503158		-1.0
	20520.00000000	3.34743		0.67281  0.2  0.2		4.1705503158		-1.0
	20565.00000000	3.3442		0.43073  0.2  0.2		4.1705503158		-1.0
	20610.00000000	3.37464		-0.04398  0.2  0.2		4.1705503158		-1.0
	20655.00000000	3.46084		-0.30783  0.2  0.2		4.1705503158		-1.0
	20700.00000000	3.35784		-1.03397  0.2  0.2		4.1705503158		-1.0
	20744.99999999	2.70383		-1.55962  0.2  0.2		4.1705503158		-1.0
	20789.99999999	2.70893		-2.09663  0.2  0.2		4.1705503158		-1.0
	20834.99999999	2.66295		-2.58726  0.2  0.2		4.1705503158		-1.0
	20879.99999999	3.04013		-2.60034  0.2  0.2		4.1705503158		-1.0
	20924.99999999	2.77923		-2.85684  0.2  0.2		4.1705503158		-1.0
	20969.99999999	2.75361		3.13106  0.2  0.2		4.1705503158		-1.0
	21014.99999999	2.7717		3.00229  0.2  0.2		4.1705503158		-1.0
	21059.99999999	2.70429		3.00147  0.2  0.2		4.1705503158		-1.0
	21104.99999999	2.74594		2.89626  0.2  0.2		4.1705503158		-1.0
	21149.99999999	2.6848		2.54045  0.2  0.2		4.1705503158		-1.0
	21194.99999999	2.69871		2.08908  0.2  0.2		4.1705503158		-1.0
	21239.99999999	3.34644		2.14789  0.2  0.2		4.1705503158		-1.0
	21284.99999999	2.55811		2.12457  0.2  0.2		4.1705503158		-1.0
	21329.99999999	3.50733		2.37763  0.2  0.2		4.1705503158		-1.0
	21374.99999999	3.22863		2.51141  0.2  0.2		4.1705503158		-1.0
	21419.99999999	3.11896		2.79054  0.2  0.2		4.1705503158		-1.0
	21464.99999999	3.32923		2.89485  0.2  0.2		4.1705503158		-1.0
	21509.99999999	3.17842		3.09439  0.2  0.2		4.1705503158		-1.0
	21554.99999999	3.16024		-2.8351  0.2  0.2		4.1705503158		-1.0
	21599.99999999	3.1206		-2.75878  0.2  0.2		4.1705503158		-1.0
	21644.99999999	2.76013		-2.34575  0.2  0.2		4.1705503158		-1.0
	21689.99999999	2.67473		-1.91965  0.2  0.2		4.1705503158		-1.0
	21734.99999999	2.7292		-1.32496  0.2  0.2		4.1705503158		-1.0
	21779.99999999	2.6082		-1.14526  0.2  0.2		4.1705503158		-1.0
	21824.99999999	3.34768		-0.72051  0.2  0.2		4.1705503158		-1.0
	21869.99999999	3.30468		-0.04686  0.2  0.2		4.1705503158		-1.0
	21914.99999999	3.36634		0.2572  0.2  0.2		4.1705503158		-1.0
	21959.99999999	3.22508		0.73491  0.2  0.2		4.1705503158		-1.0
	22004.99999999	3.29026		0.65886  0.2  0.2		4.1705503158		-1.0
	22049.99999999	2.72124		0.59521  0.2  0.2		4.1705503158		-1.0
	22094.99999999	2.66953		0.2558  0.2  0.2		4.1705503158		-1.0
	22139.99999999	2.61673		0.03167  0.2  0.2		4.1705503158		-1.0
	22184.99999999	2.65173		0.22584  0.2  0.2		4.1705503158		-1.0
	22229.99999999	2.72255		0.3039  0.2  0.2		4.1705503158		-1.0
	22274.99999999	2.71356		0.44383  0.2  0.2		4.1705503158		-1.0
	22319.99999999	2.66306		0.73359  0.2  0.2		4.1705503158		-1.0
	22364.99999999	3.59831		0.47789  0.2  0.2		4.1705503158		-1.0
	22409.99999999	2.59683		0.57813  0.2  0.2		4.1705503158		-1.0
	22454.99999999	3.45775		0.20122  0.2  0.2		4.1705503158		-1.0
	22499.99999999	2.72883		-0.27049  0.2  0.2		4.1705503158		-1.0
	22544.99999999	2.74483		-0.66488  0.2  0.2		4.1705503158		-1.0
	22589.99999999	2.79752		-1.0211  0.2  0.2		4.1705503158		-1.0
	22634.99999999	2.65825		-0.50934  0.2  0.2		4.1705503158		-1.0
	22679.99999999	2.68679		0.12862  0.2  0.2		4.1705503158		-1.0
	22724.99999999	3.04658		0.62949  0.2  0.2		4.1705503158		-1.0
	22769.99999999	3.12931		0.94429  0.2  0.2		4.1705503158		-1.0
	22814.99999999	2.83564		1.07713  0.2  0.2		4.1705503158		-1.0
	22859.99999999	2.7488		1.10529  0.2  0.2		4.1705503158		-1.0
	22904.99999999	2.6646		1.40165  0.2  0.2		4.1705503158		-1.0
	22949.99999999	2.79609		1.02116  0.2  0.2		4.1705503158		-1.0
	22994.99999999	2.77909		0.98011  0.2  0.2		4.1705503158		-1.0
	23039.99999999	2.70219		1.32123  0.2  0.2		4.1705503158		-1.0
	23084.99999999	2.65789		0.87341  0.2  0.2		4.1705503158		-1.0
	23129.99999999	3.62959		0.76901  0.2  0.2		4.1705503158		-1.0
	23174.99999999	3.59254		1.06623  0.2  0.2		4.1705503158		-1.0
	23219.99999999	3.45589		0.81182  0.2  0.2		4.1705503158		-1.0
	23264.99999999	3.20674		0.78744  0.2  0.2		4.1705503158		-1.0
	23309.99999999	3.56654		0.9268  0.2  0.2		4.1705503158		-1.0
	23354.99999999	2.99942		0.42501  0.2  0.2		4.1705503158		-1.0
	23399.99999999	3.1989		0.28762  0.2  0.2		4.1705503158		-1.0
	23444.99999999	3.26733		-0.20965  0.2  0.2		4.1705503158		-1.0
	23489.99999999	3.32117		-0.69446  0.2  0.2		4.1705503158		-1.0
	23534.99999999	3.3038		-0.96816  0.2  0.2		4.1705503158		-1.0
	23579.99999999	3.31967		-1.381  0.2  0.2		4.1705503158		-1.0
	23624.99999999	3.36018		-1.57289  0.2  0.2		4.1705503158		-1.0
	23669.99999999	3.27845		-1.97334  0.2  0.2		4.1705503158		-1.0
	23714.99999999	3.34158		-2.02912  0.2  0.2		4.1705503158		-1.0
	23759.99999999	3.25082		-2.42825  0.2  0.2		4.1705503158		-1.0
	23804.99999999	2.77465		-2.60906  0.2  0.2		4.1705503158		-1.0
	23849.99999999	2.81747		-2.75671  0.2  0.2		4.1705503158		-1.0
	23894.99999999	2.67024		-2.90912  0.2  0.2		4.1705503158		-1.0
	23939.99999999	2.57153		-3.07061  0.2  0.2		4.1705503158		-1.0
	23984.99999999	3.57724		-3.04072  0.2  0.2		4.1705503158		-1.0
	24029.99999999	3.57618		2.97974  0.2  0.2		4.1705503158		-1.0
	24074.99999999	3.26013		2.73094  0.2  0.2		4.1705503158		-1.0
	24119.99999999	3.09888		2.50615  0.2  0.2		4.1705503158		-1.0
	24164.99999999	3.53011		2.04026  0.2  0.2		4.1705503158		-1.0
	24209.99999999	2.67944		2.1182  0.2  0.2		4.1705503158		-1.0
	24254.99999999	3.48425		1.61705  0.2  0.2		4.1705503158		-1.0
	24299.99999999	2.60496		1.57508  0.2  0.2		4.1705503158		-1.0
	24344.99999999	3.42957		1.37927  0.2  0.2		4.1705503158		-1.0
	24389.99999999	3.2495		1.1302  0.2  0.2		4.1705503158		-1.0
	24434.99999999	3.45935		0.42921  0.2  0.2		4.1705503158		-1.0
	24479.99999999	2.81535		-0.49081  0.2  0.2		4.1705503158		-1.0
	24524.99999999	3.42836		-0.90178  0.2  0.2		4.1705503158		-1.0
	24569.99999999	3.51313		-1.34289  0.2  0.2		4.1705503158		-1.0
	24614.99999999	3.31087		-1.11582  0.2  0.2		4.1705503158		-1.0
	24659.99999999	3.39261		-1.31432  0.2  0.2		4.1705503158		-1.0
	24704.99999999	3.30534		-1.13846  0.2  0.2		4.1705503158		-1.0
	24749.99999999	2.92941		-1.42108  0.2  0.2		4.1705503158		-1.0
	24794.99999999	3.10803		-1.22415  0.2  0.2		4.1705503158		-1.0
	24839.99999999	2.70697		-1.51187  0.2  0.2		4.1705503158		-1.0
	24884.99999999	2.77669		-1.92691  0.2  0.2		4.1705503158		-1.0
	24929.99999999	2.69522		-1.954  0.2  0.2		4.1705503158		-1.0
	24974.99999999	2.63225		-2.34423  0.2  0.2		4.1705503158		-1.0
	25019.99999999	2.85897		-2.31574  0.2  0.2		4.1705503158		-1.0
	25064.99999999	2.72408		-2.69261  0.2  0.2		4.1705503158		-1.0
	25109.99999999	2.71585		-2.04131  0.2  0.2		4.1705503158		-1.0
	25154.99999999	2.69264		-2.32065  0.2  0.2		4.1705503158		-1.0
	25199.99999999	3.49614		-2.01924  0.2  0.2		4.1705503158		-1.0
	25244.99999999	3.1452		-2.13509  0.2  0.2		4.1705503158		-1.0
	25289.99999999	3.33421		-2.05118  0.2  0.2		4.1705503158		-1.0
	25334.99999999	2.54634		-2.21522  0.2  0.2		4.1705503158		-1.0
	25379.99999999	3.26037		-2.31598  0.2  0.2		4.1705503158		-1.0
	25424.99999999	3.47868		-2.54701  0.2  0.2		4.1705503158		-1.0
	25469.99999999	3.31655		-2.83107  0.2  0.2		4.1705503158		-1.0
	25514.99999999	3.42793		-2.71914  0.2  0.2		4.1705503158		-1.0
	25559.99999999	3.29748		-3.03753  0.2  0.2		4.1705503158		-1.0
	25604.99999999	3.42749		-2.95364  0.2  0.2		4.1705503158		-1.0
	25649.99999999	3.44601		2.93358  0.2  0.2		4.1705503158		-1.0
	25694.99999999	2.62476		3.04632  0.2  0.2		4.1705503158		-1.0
	25739.99999999	3.44799		2.91708  0.2  0.2		4.1705503158		-1.0
	25784.99999999	3.14609		2.53749  0.2  0.2		4.1705503158		-1.0
	25829.99999999	2.82865		2.41748  0.2  0.2		4.1705503158		-1.0
	25874.99999999	2.97323		2.17285  0.2  0.2		4.1705503158		-1.0
	25919.99999999	3.09112		1.99412  0.2  0.2		4.1705503158		-1.0
	25964.99999999	2.84594		1.61256  0.2  0.2		4.1705503158		-1.0
	26009.99999999	3.1762		1.64866  0.2  0.2		4.1705503158		-1.0
	26054.99999999	2.64259		1.37635  0.2  0.2		4.1705503158		-1.0
	26099.99999999	3.0581		1.23495  0.2  0.2		4.1705503158		-1.0
	26144.99999999	2.66939		1.47247  0.2  0.2		4.1705503158		-1.0
	26189.99999999	3.27047		1.4704  0.2  0.2		4.1705503158		-1.0
	26234.99999999	3.27162		1.77416  0.2  0.2		4.1705503158		-1.0
	26279.99999999	3.38207		2.03588  0.2  0.2		4.1705503158		-1.0
	26324.99999999	3.39211		2.23521  0.2  0.2		4.1705503158		-1.0
	26369.99999999	3.16473		2.49227  0.2  0.2		4.1705503158		-1.0
	26414.99999999	3.51521		2.72131  0.2  0.2		4.1705503158		-1.0
	26459.99999999	3.11867		2.58278  0.2  0.2		4.1705503158		-1.0
	26504.99999999	2.62717		2.54205  0.2  0.2		4.1705503158		-1.0
	26549.99999999	2.9043		1.92104  0.2  0.2		4.1705503158		-1.0
	26594.99999999	2.69575		1.56559  0.2  0.2		4.1705503158		-1.0
	26639.99999999	2.81465		1.67387  0.2  0.2		4.1705503158		-1.0
	26684.99999999	3.76825		1.03254  0.2  0.2		4.1705503158		-1.0
	26729.99999999	4.69125		1.24409  0.2  0.2		4.1705503158		-1.0
	26774.99999999	7.15288		0.9274  0.2  0.2		4.1705503158		-1.0
	26819.99999999	8.73357		1.17969  0.2  0.2		4.1705503158		-1.0
	26864.99999999	10.27094		1.43265  0.2  0.2		4.1705503158		-1.0
	26909.99999999	11.41675		2.06887  0.2  0.2		4.1705503158		-1.0
	26954.99999999	12.24444		2.78631  0.2  0.2		4.1705503158		-1.0
	26999.99999999	12.63437		-2.96626  0.2  0.2		4.1705503158		-1.0
	27044.99999999	13.07958		-2.38785  0.2  0.2		4.1705503158		-1.0
	27089.99999999	13.81465		-2.41308  0.2  0.2		4.1705503158		-1.0
	27134.99999999	14.59107		-2.24838  0.2  0.2		4.1705503158		-1.0
	27179.99999999	15.56334		-2.2108  0.2  0.2		4.1705503158		-1.0
	27224.99999998	16.48827		-2.29114  0.2  0.2		4.1705503158		-1.0
	27269.99999998	17.30648		-2.22657  0.2  0.2		4.1705503158		-1.0
	27314.99999998	18.26537		-1.78052  0.2  0.2		4.1705503158		-1.0
	27359.99999998	19.21496		-1.66994  0.2  0.2		4.1705503158		-1.0
	27404.99999998	20.13233		0.43412  0.2  0.2		4.1705503158		-1.0
	27449.99999998	20.77603		0.38123  0.2  0.2		4.1705503158		-1.0
	27494.99999998	21.46374		1.77481  0.2  0.2		4.1705503158		-1.0
	27539.99999998	21.97512		2.63433  0.2  0.2		4.1705503158		-1.0
	27584.99999998	22.61658		3.00882  0.2  0.2		4.1705503158		-1.0
	27629.99999998	23.09503		-2.78007  0.2  0.2		4.1705503158		-1.0
	27674.99999998	24.08226		-2.42995  0.2  0.2		4.1705503158		-1.0
	27719.99999998	25.03151		-2.1985  0.2  0.2		4.1705503158		-1.0
	27764.99999998	25.10902		-2.01879  0.2  0.2		4.1705503158		-1.0
	27809.99999998	24.2023		0.12372  0.2  0.2		4.1705503158		-1.0
	27854.99999998	23.59154		0.19535  0.2  0.2		4.1705503158		-1.0
	27899.99999998	22.88911		0.09387  0.2  0.2		4.1705503158		-1.0
	27944.99999998	22.32435		0.11747  0.2  0.2		4.1705503158		-1.0
	27989.99999998	21.73649		0.09533  0.2  0.2		4.1705503158		-1.0
	28034.99999998	21.19743		0.23161  0.2  0.2		4.1705503158		-1.0
	28079.99999998	20.57645		1.09948  0.2  0.2		4.1705503158		-1.0
	28124.99999998	20.30197		2.51223  0.2  0.2		4.1705503158		-1.0
	28169.99999998	20.24523		-3.09162  0.2  0.2		4.1705503158		-1.0
	28214.99999998	20.2867		-2.62206  0.2  0.2		4.1705503158		-1.0
	28259.99999998	20.35334		-1.84065  0.2  0.2		4.1705503158		-1.0
	28304.99999998	20.4678		-1.1658  0.2  0.2		4.1705503158		-1.0
	28349.99999998	20.11271		-0.48501  0.2  0.2		4.1705503158		-1.0
	28394.99999998	19.74348		0.00782  0.2  0.2		4.1705503158		-1.0
	28439.99999998	19.19129		0.04114  0.2  0.2		4.1705503158		-1.0
	28484.99999998	18.93262		-1.34761  0.2  0.2		4.1705503158		-1.0
	28529.99999998	18.4615		-0.99626  0.2  0.2		4.1705503158		-1.0
	28574.99999998	18.36863		-0.33516  0.2  0.2		4.1705503158		-1.0
	28619.99999998	17.72356		0.31613  0.2  0.2		4.1705503158		-1.0
	28664.99999998	16.97563		1.22123  0.2  0.2		4.1705503158		-1.0
	28709.99999998	15.80146		1.91043  0.2  0.2		4.1705503158		-1.0
	28754.99999998	14.65182		2.53832  0.2  0.2		4.1705503158		-1.0
	28799.99999998	13.23526		-2.93093  0.2  0.2		4.1705503158		-1.0
	28844.99999998	11.92347		-2.06842  0.2  0.2		4.1705503158		-1.0
	28889.99999998	11.20546		-1.12363  0.2  0.2		4.1705503158		-1.0
	28934.99999998	10.43227		-0.22974  0.2  0.2		4.1705503158		-1.0
	28979.99999998	10.20642		0.72639  0.2  0.2		4.1705503158		-1.0
	29024.99999998	9.53483		1.45536  0.2  0.2		4.1705503158		-1.0
	29069.99999998	9.10112		2.4194  0.2  0.2		4.1705503158		-1.0
	29114.99999998	8.41033		-2.93476  0.2  0.2		4.1705503158		-1.0
	29159.99999998	8.07712		-1.96145  0.2  0.2		4.1705503158		-1.0
	29204.99999998	7.56457		-1.02308  0.2  0.2		4.1705503158		-1.0
	29249.99999998	7.0299		0.03354  0.2  0.2		4.1705503158		-1.0
	29294.99999998	6.30859		0.8816  0.2  0.2		4.1705503158		-1.0
	29339.99999998	6.33325		1.62008  0.2  0.2		4.1705503158		-1.0
	29384.99999998	6.92629		1.9354  0.2  0.2		4.1705503158		-1.0
	29429.99999998	7.7985		0.24134  0.2  0.2		4.1705503158		-1.0
	29474.99999998	9.13771		0.23013  0.2  0.2		4.1705503158		-1.0
	29519.99999998	10.48608		0.16985  0.2  0.2		4.1705503158		-1.0
	29564.99999998	11.31767		0.17913  0.2  0.2		4.1705503158		-1.0
	29609.99999998	11.92251		0.62096  0.2  0.2		4.1705503158		-1.0
	29654.99999998	12.30371		1.23196  0.2  0.2		4.1705503158		-1.0
	29699.99999998	12.56235		1.50847  0.2  0.2		4.1705503158		-1.0
	29744.99999998	13.24206		1.59344  0.2  0.2		4.1705503158		-1.0
	29789.99999998	14.20078		1.48773  0.2  0.2		4.1705503158		-1.0
	29834.99999998	15.43105		1.45505  0.2  0.2		4.1705503158		-1.0
	29879.99999998	16.5299		1.31943  0.2  0.2		4.1705503158		-1.0
	29924.99999998	17.64469		1.17538  0.2  0.2		4.1705503158		-1.0
	29969.99999998	18.62164		0.04397  0.2  0.2		4.1705503158		-1.0
	30014.99999998	19.40083		-1.161  0.2  0.2		4.1705503158		-1.0
	30059.99999998	20.32768		-1.06218  0.2  0.2		4.1705503158		-1.0
	30104.99999998	21.02941		-0.68778  0.2  0.2		4.1705503158		-1.0
	30149.99999998	22.00771		-0.27159  0.2  0.2		4.1705503158		-1.0
	30194.99999998	22.69778		0.06684  0.2  0.2		4.1705503158		-1.0
	30239.99999998	23.63188		0.48692  0.2  0.2		4.1705503158		-1.0
	30284.99999998	24.46004		0.86984  0.2  0.2		4.1705503158		-1.0
	30329.99999998	25.35455		1.35124  0.2  0.2		4.1705503158		-1.0
	30374.99999998	26.57616		1.72074  0.2  0.2		4.1705503158		-1.0
	30419.99999998	27.50593		2.30966  0.2  0.2		4.1705503158		-1.0
	30464.99999998	28.4233		2.55264  0.2  0.2		4.1705503158		-1.0
	30509.99999998	27.41525		2.12096  0.2  0.2		4.1705503158		-1.0
	30554.99999998	26.18986		2.11508  0.2  0.2		4.1705503158		-1.0
	30599.99999998	25.04268		2.1416  0.2  0.2		4.1705503158		-1.0
	30644.99999998	24.20477		2.23797  0.2  0.2		4.1705503158		-1.0
	30689.99999998	23.51068		2.88328  0.2  0.2		4.1705503158		-1.0
	30734.99999998	23.21647		-2.20389  0.2  0.2		4.1705503158		-1.0
	30779.99999998	22.89721		-2.19074  0.2  0.2		4.1705503158		-1.0
	30824.99999998	22.32516		-1.92971  0.2  0.2		4.1705503158		-1.0
	30869.99999998	21.48024		-1.72752  0.2  0.2		4.1705503158		-1.0
	30914.99999998	20.86148		-1.45461  0.2  0.2		4.1705503158		-1.0
	30959.99999998	20.01842		-1.33102  0.2  0.2		4.1705503158		-1.0
	31004.99999998	19.30212		-1.16706  0.2  0.2		4.1705503158		-1.0
	31049.99999998	18.18677		-0.97123  0.2  0.2		4.1705503158		-1.0
	31094.99999998	17.38136		-0.73713  0.2  0.2		4.1705503158		-1.0
	31139.99999998	16.23567		-0.50028  0.2  0.2		4.1705503158		-1.0
	31184.99999998	15.26958		-0.37294  0.2  0.2		4.1705503158		-1.0
	31229.99999998	14.17126		-0.15453  0.2  0.2		4.1705503158		-1.0
	31274.99999998	13.10121		-0.10153  0.2  0.2		4.1705503158		-1.0
	31319.99999998	12.03244		-0.0921  0.2  0.2		4.1705503158		-1.0
	31364.99999998	10.96797		-0.28814  0.2  0.2		4.1705503158		-1.0
	31409.99999998	9.94192		-1.51757  0.2  0.2		4.1705503158		-1.0
	31454.99999998	9.08972		-2.58139  0.2  0.2		4.1705503158		-1.0
	31499.99999998	8.44187		-2.93061  0.2  0.2		4.1705503158		-1.0
	31544.99999998	7.83854		2.97281  0.2  0.2		4.1705503158		-1.0
	31589.99999998	7.10791		2.58689  0.2  0.2		4.1705503158		-1.0
	31634.99999998	6.35635		2.17588  0.2  0.2		4.1705503158		-1.0
	31679.99999998	5.93699		1.85641  0.2  0.2		4.1705503158		-1.0
	31724.99999998	6.58224		1.5161  0.2  0.2		4.1705503158		-1.0
	31769.99999998	8.20799		1.23581  0.2  0.2		4.1705503158		-1.0
	31814.99999998	9.88661		1.38111  0.2  0.2		4.1705503158		-1.0
	31859.99999998	11.44702		1.63752  0.2  0.2		4.1705503158		-1.0
	31904.99999998	12.67599		2.11736  0.2  0.2		4.1705503158		-1.0
	31949.99999998	13.77925		2.53527  0.2  0.2		4.1705503158		-1.0
	31994.99999998	14.40535		2.88801  0.2  0.2		4.1705503158		-1.0
	32039.99999998	15.03613		3.04742  0.2  0.2		4.1705503158		-1.0
	32084.99999998	15.67468		-2.74689  0.2  0.2		4.1705503158		-1.0
	32129.99999998	16.13123		-0.12577  0.2  0.2		4.1705503158		-1.0
	32174.99999998	16.50895		-0.12954  0.2  0.2		4.1705503158		-1.0
	32219.99999998	17.15492		0.2599  0.2  0.2		4.1705503158		-1.0
	32264.99999998	18.02954		0.46566  0.2  0.2		4.1705503158		-1.0
	32309.99999998	19.00165		0.90507  0.2  0.2		4.1705503158		-1.0
	32354.99999998	20.15202		1.10418  0.2  0.2		4.1705503158		-1.0
	32399.99999998	21.27913		1.42684  0.2  0.2		4.1705503158		-1.0
	32444.99999998	22.71283		1.69403  0.2  0.2		4.1705503158		-1.0
	32489.99999998	24.21181		1.86941  0.2  0.2		4.1705503158		-1.0
	32534.99999998	25.83865		1.88017  0.2  0.2		4.1705503158		-1.0
	32579.99999998	27.44974		1.81628  0.2  0.2		4.1705503158		-1.0
	32624.99999998	28.49175		1.49998  0.2  0.2		4.1705503158		-1.0
	32669.99999998	27.76106		0.86526  0.2  0.2		4.1705503158		-1.0
	32714.99999998	26.84666		-2.13619  0.2  0.2		4.1705503158		-1.0
	32759.99999998	25.98375		-2.38476  0.2  0.2		4.1705503158		-1.0
	32804.99999998	25.08875		3.10888  0.2  0.2		4.1705503158		-1.0
	32849.99999998	24.38805		1.54645  0.2  0.2		4.1705503158		-1.0
	32894.99999998	23.92345		0.83352  0.2  0.2		4.1705503158		-1.0
	32939.99999998	23.2132		0.62198  0.2  0.2		4.1705503158		-1.0
	32984.99999998	22.80607		0.20575  0.2  0.2		4.1705503158		-1.0
	33029.99999998	22.40102		0.92842  0.2  0.2		4.1705503158		-1.0
	33074.99999998	22.58192		0.71634  0.2  0.2		4.1705503158		-1.0
	33119.99999998	22.49782		1.52638  0.2  0.2		4.1705503158		-1.0
	33164.99999998	22.94106		1.07944  0.2  0.2		4.1705503158		-1.0
	33209.99999998	23.43734		1.48087  0.2  0.2		4.1705503158		-1.0
	33254.99999998	24.54026		1.35853  0.2  0.2		4.1705503158		-1.0
	33299.99999998	25.60609		1.23494  0.2  0.2		4.1705503158		-1.0
	33344.99999998	26.50817		0.90017  0.2  0.2		4.1705503158		-1.0
	33389.99999998	27.31793		0.82462  0.2  0.2		4.1705503158		-1.0
	33434.99999998	27.07507		-0.66458  0.2  0.2		4.1705503158		-1.0
	33479.99999998	26.00923		-2.08641  0.2  0.2		4.1705503158		-1.0
	33524.99999998	24.67388		-2.51764  0.2  0.2		4.1705503158		-1.0
	33569.99999998	23.42821		-2.80719  0.2  0.2		4.1705503158		-1.0
	33614.99999998	21.93482		3.09063  0.2  0.2		4.1705503158		-1.0
	33659.99999998	20.918		0.8404  0.2  0.2		4.1705503158		-1.0
	33704.99999998	20.14186		1.79273  0.2  0.2		4.1705503158		-1.0
	33749.99999997	19.51844		2.47713  0.2  0.2		4.1705503158		-1.0
	33794.99999997	18.83723		-2.75451  0.2  0.2		4.1705503158		-1.0
	33839.99999997	17.99272		-1.94084  0.2  0.2		4.1705503158		-1.0
	33884.99999997	17.16758		-0.99315  0.2  0.2		4.1705503158		-1.0
	33929.99999997	16.16474		-0.23724  0.2  0.2		4.1705503158		-1.0
	33974.99999997	15.32156		0.63114  0.2  0.2		4.1705503158		-1.0
	34019.99999997	14.2745		1.42139  0.2  0.2		4.1705503158		-1.0
	34064.99999997	13.48919		2.39984  0.2  0.2		4.1705503158		-1.0
	34109.99999997	12.63043		-2.58492  0.2  0.2		4.1705503158		-1.0
	34154.99999997	12.03949		-1.17053  0.2  0.2		4.1705503158		-1.0
	34199.99999997	11.47362		-0.04362  0.2  0.2		4.1705503158		-1.0
	34244.99999997	11.08273		0.78924  0.2  0.2		4.1705503158		-1.0
	34289.99999997	10.79395		1.69693  0.2  0.2		4.1705503158		-1.0
	34334.99999997	10.45816		2.49227  0.2  0.2		4.1705503158		-1.0
	34379.99999997	10.07537		-2.81122  0.2  0.2		4.1705503158		-1.0
	34424.99999997	9.25467		-2.10341  0.2  0.2		4.1705503158		-1.0
	34469.99999997	8.5441		-1.16547  0.2  0.2		4.1705503158		-1.0
	34514.99999997	8.15675		1.48395  0.2  0.2		4.1705503158		-1.0
	34559.99999997	8.5721		2.38332  0.2  0.2		4.1705503158		-1.0
	34604.99999997	9.18294		-3.13369  0.2  0.2		4.1705503158		-1.0
	34649.99999997	9.72688		-2.27437  0.2  0.2		4.1705503158		-1.0
	34694.99999997	10.07846		-1.69718  0.2  0.2		4.1705503158		-1.0
	34739.99999997	10.77461		-1.52334  0.2  0.2		4.1705503158		-1.0
	34784.99999997	11.70977		-1.87327  0.2  0.2		4.1705503158		-1.0
	34829.99999997	12.89803		-2.13825  0.2  0.2		4.1705503158		-1.0
	34874.99999997	14.20112		-2.32735  0.2  0.2		4.1705503158		-1.0
	34919.99999997	15.45251		-2.51223  0.2  0.2		4.1705503158		-1.0
	34964.99999997	16.6456		-2.65331  0.2  0.2		4.1705503158		-1.0
	35009.99999997	17.87454		-2.77292  0.2  0.2		4.1705503158		-1.0
	35054.99999997	18.81678		-3.04674  0.2  0.2		4.1705503158		-1.0
	35099.99999997	19.48134		1.23753  0.2  0.2		4.1705503158		-1.0
	35144.99999997	19.47296		0.33126  0.2  0.2		4.1705503158		-1.0
	35189.99999997	19.75403		-0.08915  0.2  0.2		4.1705503158		-1.0
	35234.99999997	19.7839		-2.23611  0.2  0.2		4.1705503158		-1.0
	35279.99999997	20.39606		3.14148  0.2  0.2		4.1705503158		-1.0
	35324.99999997	20.95661		2.64057  0.2  0.2		4.1705503158		-1.0
	35369.99999997	22.1973		2.09597  0.2  0.2		4.1705503158		-1.0
	35414.99999997	22.88116		1.58212  0.2  0.2		4.1705503158		-1.0
	35459.99999997	23.11196		1.42068  0.2  0.2		4.1705503158		-1.0
	35504.99999997	22.59909		1.43959  0.2  0.2		4.1705503158		-1.0
	35549.99999997	21.89949		2.17713  0.2  0.2		4.1705503158		-1.0
	35594.99999997	21.09621		2.78065  0.2  0.2		4.1705503158		-1.0
	35639.99999997	20.63056		-2.5349  0.2  0.2		4.1705503158		-1.0
	35684.99999997	20.13937		-1.40809  0.2  0.2		4.1705503158		-1.0
	35729.99999997	19.81828		-0.09478  0.2  0.2		4.1705503158		-1.0
	35774.99999997	18.98225		1.29186  0.2  0.2		4.1705503158		-1.0
	35819.99999997	18.0832		2.76585  0.2  0.2		4.1705503158		-1.0
	35864.99999997	17.07012		-2.5968  0.2  0.2		4.1705503158		-1.0
	35909.99999997	16.42285		-1.24423  0.2  0.2		4.1705503158		-1.0
	35954.99999997	15.67618		0.38381  0.2  0.2		4.1705503158		-1.0
	35999.99999997	15.56535		1.42943  0.2  0.2		4.1705503158		-1.0
	36044.99999997	15.42311		2.58922  0.2  0.2		4.1705503158		-1.0
	36089.99999997	15.8384		-2.658  0.2  0.2		4.1705503158		-1.0
	36134.99999997	16.17972		-1.62353  0.2  0.2		4.1705503158		-1.0
	36179.99999997	16.26743		1.19521  0.2  0.2		4.1705503158		-1.0
	36224.99999997	15.60031		2.37062  0.2  0.2		4.1705503158		-1.0
	36269.99999997	14.88767		3.1232  0.2  0.2		4.1705503158		-1.0
	36314.99999997	14.25076		-2.20442  0.2  0.2		4.1705503158		-1.0
	36359.99999997	13.91671		0.43884  0.2  0.2		4.1705503158		-1.0
	36404.99999997	14.10543		2.16486  0.2  0.2		4.1705503158		-1.0
	36449.99999997	14.51326		3.12934  0.2  0.2		4.1705503158		-1.0
	36494.99999997	15.08033		-2.45641  0.2  0.2		4.1705503158		-1.0
	36539.99999997	15.17436		-1.51112  0.2  0.2		4.1705503158		-1.0
	36584.99999997	14.92687		-0.85202  0.2  0.2		4.1705503158		-1.0
	36629.99999997	14.15524		0.86762  0.2  0.2		4.1705503158		-1.0
	36674.99999997	13.53289		0.24232  0.2  0.2		4.1705503158		-1.0
	36719.99999997	13.24258		2.24536  0.2  0.2		4.1705503158		-1.0
	36764.99999997	12.88911		3.14118  0.2  0.2		4.1705503158		-1.0
	36809.99999997	12.87073		-1.83227  0.2  0.2		4.1705503158		-1.0
	36854.99999997	12.37565		-0.96293  0.2  0.2		4.1705503158		-1.0
	36899.99999997	12.39917		0.28292  0.2  0.2		4.1705503158		-1.0
	36944.99999997	12.25128		1.22148  0.2  0.2		4.1705503158		-1.0
	36989.99999997	11.94465		2.33564  0.2  0.2		4.1705503158		-1.0
	37034.99999997	11.67359		3.14079  0.2  0.2		4.1705503158		-1.0
	37079.99999997	11.01067		-2.10536  0.2  0.2		4.1705503158		-1.0
	37124.99999997	10.3257		-1.40701  0.2  0.2		4.1705503158		-1.0
	37169.99999997	9.54318		-0.33017  0.2  0.2		4.1705503158		-1.0
	37214.99999997	9.38667		1.25755  0.2  0.2		4.1705503158		-1.0
	37259.99999997	8.90829		2.35873  0.2  0.2		4.1705503158		-1.0
	37304.99999997	8.68768		3.06242  0.2  0.2		4.1705503158		-1.0
	37349.99999997	8.45849		-2.28329  0.2  0.2		4.1705503158		-1.0
	37394.99999997	8.2845		-0.86243  0.2  0.2		4.1705503158		-1.0
	37439.99999997	8.05531		0.51059  0.2  0.2		4.1705503158		-1.0
	37484.99999997	7.86579		1.82946  0.2  0.2		4.1705503158		-1.0
	37529.99999997	7.66563		-2.50363  0.2  0.2		4.1705503158		-1.0
	37574.99999997	7.48163		-1.68319  0.2  0.2		4.1705503158		-1.0
	37619.99999997	7.40642		-0.74851  0.2  0.2		4.1705503158		-1.0
	37664.99999997	6.91327		0.24864  0.2  0.2		4.1705503158		-1.0
	37709.99999997	6.32782		1.24307  0.2  0.2		4.1705503158		-1.0
	37754.99999997	5.7762		1.69  0.2  0.2		4.1705503158		-1.0
	37799.99999997	5.46364		1.98888  0.2  0.2		4.1705503158		-1.0
	37844.99999997	5.84197		1.20576  0.2  0.2		4.1705503158		-1.0
	37889.99999997	7.19186		0.5619  0.2  0.2		4.1705503158		-1.0
	37934.99999997	8.66354		0.50443  0.2  0.2		4.1705503158		-1.0
	37979.99999997	10.27823		0.58008  0.2  0.2		4.1705503158		-1.0
	38024.99999997	11.63011		0.90298  0.2  0.2		4.1705503158		-1.0
	38069.99999997	12.21079		1.68094  0.2  0.2		4.1705503158		-1.0
	38114.99999997	12.24214		1.85248  0.2  0.2		4.1705503158		-1.0
	38159.99999997	11.90014		1.79376  0.2  0.2		4.1705503158		-1.0
	38204.99999997	11.29328		1.31296  0.2  0.2		4.1705503158		-1.0
	38249.99999997	10.72505		1.12249  0.2  0.2		4.1705503158		-1.0
	38294.99999997	10.0651		1.00445  0.2  0.2		4.1705503158		-1.0
	38339.99999997	8.75543		1.65183  0.2  0.2		4.1705503158		-1.0
	38384.99999997	7.07033		2.4029  0.2  0.2		4.1705503158		-1.0
	38429.99999997	5.67162		2.95397  0.2  0.2		4.1705503158		-1.0
	38474.99999997	4.9988		2.82154  0.2  0.2		4.1705503158		-1.0
	38519.99999997	6.97934		2.74787  0.2  0.2		4.1705503158		-1.0
	38564.99999997	8.58634		-2.82763  0.2  0.2		4.1705503158		-1.0
	38609.99999997	9.81741		-2.26258  0.2  0.2		4.1705503158		-1.0
	38654.99999997	10.68509		-1.81725  0.2  0.2		4.1705503158		-1.0
	38699.99999997	11.56405		-1.79224  0.2  0.2		4.1705503158		-1.0
	38744.99999997	12.46484		-1.60423  0.2  0.2		4.1705503158		-1.0
	38789.99999997	13.69837		-1.63694  0.2  0.2		4.1705503158		-1.0
	38834.99999997	14.82707		-1.58119  0.2  0.2		4.1705503158		-1.0
	38879.99999997	15.99328		-1.67905  0.2  0.2		4.1705503158		-1.0
	38924.99999997	17.25517		-1.90124  0.2  0.2		4.1705503158		-1.0
	38969.99999997	18.36938		-1.6908  0.2  0.2		4.1705503158		-1.0
	39014.99999997	19.64138		-1.43316  0.2  0.2		4.1705503158		-1.0
	39059.99999997	20.86617		-1.20601  0.2  0.2		4.1705503158		-1.0
	39104.99999997	22.38569		-0.83874  0.2  0.2		4.1705503158		-1.0
	39149.99999997	23.34278		-0.52103  0.2  0.2		4.1705503158		-1.0
	39194.99999997	24.17225		-0.12994  0.2  0.2		4.1705503158		-1.0
	39239.99999997	25.04786		0.10681  0.2  0.2		4.1705503158		-1.0
	39284.99999997	25.99563		0.45484  0.2  0.2		4.1705503158		-1.0
	39329.99999997	27.01337		0.78776  0.2  0.2		4.1705503158		-1.0
	39374.99999997	28.13931		1.30938  0.2  0.2		4.1705503158		-1.0
	39419.99999997	29.12242		2.3755  0.2  0.2		4.1705503158		-1.0
	39464.99999997	29.94828		-2.55982  0.2  0.2		4.1705503158		-1.0
	39509.99999997	31.08962		-1.61483  0.2  0.2		4.1705503158		-1.0
	39554.99999997	31.97601		2.81232  0.2  0.2		4.1705503158		-1.0
	39599.99999997	32.65904		3.05711  0.2  0.2		4.1705503158		-1.0
	39644.99999997	33.09432		-1.60434  0.2  0.2		4.1705503158		-1.0
	39689.99999997	32.97439		-0.72265  0.2  0.2		4.1705503158		-1.0
	39734.99999997	33.01087		0.3149  0.2  0.2		4.1705503158		-1.0
	39779.99999997	32.76676		0.71937  0.2  0.2		4.1705503158		-1.0
	39824.99999997	32.28143		1.32047  0.2  0.2		4.1705503158		-1.0
	39869.99999997	31.22764		2.53134  0.2  0.2		4.1705503158		-1.0
	39914.99999997	29.8668		2.85988  0.2  0.2		4.1705503158		-1.0
	39959.99999997	28.04968		2.52402  0.2  0.2		4.1705503158		-1.0
	40004.99999997	26.44874		2.13454  0.2  0.2		4.1705503158		-1.0
	40049.99999997	25.08539		1.53147  0.2  0.2		4.1705503158		-1.0
	40094.99999997	24.13643		0.74909  0.2  0.2		4.1705503158		-1.0
	40139.99999997	23.92439		0.03948  0.2  0.2		4.1705503158		-1.0
	40184.99999997	23.52046		-0.13366  0.2  0.2		4.1705503158		-1.0
	40229.99999996	22.71188		-0.34532  0.2  0.2		4.1705503158		-1.0
	40274.99999996	21.45359		-0.2266  0.2  0.2		4.1705503158		-1.0
	40319.99999996	20.19705		-0.20354  0.2  0.2		4.1705503158		-1.0
	40364.99999996	18.77598		-0.41594  0.2  0.2		4.1705503158		-1.0
	40409.99999996	17.52993		-0.83125  0.2  0.2		4.1705503158		-1.0
	40454.99999996	16.35561		-1.32834  0.2  0.2		4.1705503158		-1.0
	40499.99999996	15.20772		-1.67866  0.2  0.2		4.1705503158		-1.0
	40544.99999996	14.3995		-1.98244  0.2  0.2		4.1705503158		-1.0
	40589.99999996	13.59446		-2.06252  0.2  0.2		4.1705503158		-1.0
	40634.99999996	12.86664		-2.18706  0.2  0.2		4.1705503158		-1.0
	40679.99999996	11.78299		-2.37265  0.2  0.2		4.1705503158		-1.0
	40724.99999996	10.45718		-2.74269  0.2  0.2		4.1705503158		-1.0
	40769.99999996	9.69744		3.0133  0.2  0.2		4.1705503158		-1.0
	40814.99999996	9.26068		2.4771  0.2  0.2		4.1705503158		-1.0
	40859.99999996	9.89036		2.28954  0.2  0.2		4.1705503158		-1.0
	40904.99999996	10.25281		1.86324  0.2  0.2		4.1705503158		-1.0
	40949.99999996	11.14061		1.78055  0.2  0.2		4.1705503158		-1.0
	40994.99999996	10.98028		0.95202  0.2  0.2		4.1705503158		-1.0
	41039.99999996	11.5202		-1.2508  0.2  0.2		4.1705503158		-1.0
	41084.99999996	11.34704		-2.05211  0.2  0.2		4.1705503158		-1.0
	41129.99999996	11.78405		-2.55265  0.2  0.2		4.1705503158		-1.0
	41174.99999996	12.37178		3.12461  0.2  0.2		4.1705503158		-1.0
	41219.99999996	12.75675		2.60175  0.2  0.2		4.1705503158		-1.0
	41264.99999996	13.58886		1.71649  0.2  0.2		4.1705503158		-1.0
	41309.99999996	13.83278		0.38873  0.2  0.2		4.1705503158		-1.0
	41354.99999996	13.86541		-0.58559  0.2  0.2		4.1705503158		-1.0
	41399.99999996	13.29537		-1.07942  0.2  0.2		4.1705503158		-1.0
	41444.99999996	12.84473		-1.74004  0.2  0.2		4.1705503158		-1.0
	41489.99999996	12.16743		-2.33547  0.2  0.2		4.1705503158		-1.0
	41534.99999996	12.19086		-3.04688  0.2  0.2		4.1705503158		-1.0
	41579.99999996	11.81504		2.79259  0.2  0.2		4.1705503158		-1.0
	41624.99999996	11.3731		2.49538  0.2  0.2		4.1705503158		-1.0
	41669.99999996	10.41441		-2.17607  0.2  0.2		4.1705503158		-1.0
	41714.99999996	9.06519		-1.81974  0.2  0.2		4.1705503158		-1.0
	41759.99999996	7.71627		-2.33605  0.2  0.2		4.1705503158		-1.0
	41804.99999996	5.88108		-2.48769  0.2  0.2		4.1705503158		-1.0
	41849.99999996	5.3931		-2.8443  0.2  0.2		4.1705503158		-1.0
	41894.99999996	6.28716		-2.27667  0.2  0.2		4.1705503158		-1.0
	41939.99999996	7.60323		-2.62893  0.2  0.2		4.1705503158		-1.0
	41984.99999996	8.29824		-3.09273  0.2  0.2		4.1705503158		-1.0
	42029.99999996	7.36618		2.36338  0.2  0.2		4.1705503158		-1.0
	42074.99999996	6.21576		1.84735  0.2  0.2		4.1705503158		-1.0
	42119.99999996	5.99236		2.25871  0.2  0.2		4.1705503158		-1.0
	42164.99999996	7.18376		2.76682  0.2  0.2		4.1705503158		-1.0
	42209.99999996	9.05881		-2.96253  0.2  0.2		4.1705503158		-1.0
	42254.99999996	10.82049		-2.56072  0.2  0.2		4.1705503158		-1.0
	42299.99999996	12.77245		-2.34535  0.2  0.2		4.1705503158		-1.0
	42344.99999996	14.55121		-2.11178  0.2  0.2		4.1705503158		-1.0
	42389.99999996	16.12081		-1.9451  0.2  0.2		4.1705503158		-1.0
	42434.99999996	17.82628		-1.75101  0.2  0.2		4.1705503158		-1.0
	42479.99999996	18.91426		-1.0852  0.2  0.2		4.1705503158		-1.0
	42524.99999996	20.23511		-0.1799  0.2  0.2		4.1705503158		-1.0
	42569.99999996	21.11779		0.04632  0.2  0.2		4.1705503158		-1.0
	42614.99999996	21.96507		-0.27717  0.2  0.2		4.1705503158		-1.0
	42659.99999996	22.25341		-0.69368  0.2  0.2		4.1705503158		-1.0
	42704.99999996	22.74053		-1.15938  0.2  0.2		4.1705503158		-1.0
	42749.99999996	23.42234		-1.51309  0.2  0.2		4.1705503158		-1.0
	42794.99999996	24.17399		-2.02554  0.2  0.2		4.1705503158		-1.0
	42839.99999996	25.00743		-2.4121  0.2  0.2		4.1705503158		-1.0
	42884.99999996	24.18579		-3.00082  0.2  0.2		4.1705503158		-1.0
	42929.99999996	23.12249		-1.01089  0.2  0.2		4.1705503158		-1.0
	42974.99999996	21.97536		-0.16435  0.2  0.2		4.1705503158		-1.0
	43019.99999996	21.38448		1.40741  0.2  0.2		4.1705503158		-1.0
	43064.99999996	20.64487		1.74786  0.2  0.2		4.1705503158		-1.0
	43109.99999996	20.17286		1.68002  0.2  0.2		4.1705503158		-1.0
	43154.99999996	19.11032		1.59696  0.2  0.2		4.1705503158		-1.0
	43199.99999996	18.45402		1.90481  0.2  0.2		4.1705503158		-1.0
	43244.99999996	17.80556		2.2787  0.2  0.2		4.1705503158		-1.0
	43289.99999996	17.2694		2.83273  0.2  0.2		4.1705503158		-1.0
	43334.99999996	16.62992		-2.86924  0.2  0.2		4.1705503158		-1.0
	43379.99999996	16.08049		-2.19216  0.2  0.2		4.1705503158		-1.0
	43424.99999996	15.49456		-1.78381  0.2  0.2		4.1705503158		-1.0
	43469.99999996	14.48851		-1.98557  0.2  0.2		4.1705503158		-1.0
	43514.99999996	13.99303		-1.14226  0.2  0.2		4.1705503158		-1.0
	43559.99999996	13.20434		-0.52006  0.2  0.2		4.1705503158		-1.0
	43604.99999996	12.44779		-0.38644  0.2  0.2		4.1705503158		-1.0
	43649.99999996	11.30503		-0.25397  0.2  0.2		4.1705503158		-1.0
	43694.99999996	10.37222		-0.40423  0.2  0.2		4.1705503158		-1.0
	43739.99999996	9.22114		-0.57508  0.2  0.2		4.1705503158		-1.0
	43784.99999996	8.51954		-0.94894  0.2  0.2		4.1705503158		-1.0
	43829.99999996	7.48841		-1.06583  0.2  0.2		4.1705503158		-1.0
	43874.99999996	6.88971		-1.44373  0.2  0.2		4.1705503158		-1.0
	43919.99999996	6.07784		-1.85449  0.2  0.2		4.1705503158		-1.0
	43964.99999996	6.34075		-2.42136  0.2  0.2		4.1705503158		-1.0
	44009.99999996	7.61734		-2.89671  0.2  0.2		4.1705503158		-1.0
	44054.99999996	8.64747		-2.7979  0.2  0.2		4.1705503158		-1.0
	44099.99999996	10.35309		-2.64008  0.2  0.2		4.1705503158		-1.0
	44144.99999996	11.38057		-2.34216  0.2  0.2		4.1705503158		-1.0
	44189.99999996	12.47948		-1.94691  0.2  0.2		4.1705503158		-1.0
	44234.99999996	13.11521		-1.62292  0.2  0.2		4.1705503158		-1.0
	44279.99999996	13.96509		-0.9358  0.2  0.2		4.1705503158		-1.0
	44324.99999996	14.65579		-0.25089  0.2  0.2		4.1705503158		-1.0
	44369.99999996	15.2666		0.55864  0.2  0.2		4.1705503158		-1.0
	44414.99999996	15.81315		0.92909  0.2  0.2		4.1705503158		-1.0
	44459.99999996	16.09027		1.38697  0.2  0.2		4.1705503158		-1.0
	44504.99999996	16.55067		1.59123  0.2  0.2		4.1705503158		-1.0
	44549.99999996	17.191		1.81252  0.2  0.2		4.1705503158		-1.0
	44594.99999996	17.84414		0.89362  0.2  0.2		4.1705503158		-1.0
	44639.99999996	18.69225		0.59314  0.2  0.2		4.1705503158		-1.0
	44684.99999996	19.58406		0.88825  0.2  0.2		4.1705503158		-1.0
	44729.99999996	20.76544		1.00882  0.2  0.2		4.1705503158		-1.0
	44774.99999996	22.02138		1.19167  0.2  0.2		4.1705503158		-1.0
	44819.99999996	23.11759		1.17069  0.2  0.2		4.1705503158		-1.0
	44864.99999996	24.21856		1.18828  0.2  0.2		4.1705503158		-1.0
	44909.99999996	24.83271		1.21119  0.2  0.2		4.1705503158		-1.0
	44954.99999996	25.55014		-1.03985  0.2  0.2		4.1705503158		-1.0
	44999.99999996	26.33026		-1.48494  0.2  0.2		4.1705503158		-1.0
	45044.99999996	26.71445		-1.68115  0.2  0.2		4.1705503158		-1.0
	45089.99999996	26.36833		-2.20516  0.2  0.2		4.1705503158		-1.0
	45134.99999996	26.2457		-2.6142  0.2  0.2		4.1705503158		-1.0
	45179.99999996	25.85869		2.76872  0.2  0.2		4.1705503158		-1.0
	45224.99999996	25.20739		1.85131  0.2  0.2		4.1705503158		-1.0
	45269.99999996	24.02453		1.36273  0.2  0.2		4.1705503158		-1.0
	45314.99999996	22.33965		1.16256  0.2  0.2		4.1705503158		-1.0
	45359.99999996	21.21253		1.48246  0.2  0.2		4.1705503158		-1.0
	45404.99999996	20.2655		1.98749  0.2  0.2		4.1705503158		-1.0
	45449.99999996	20.02578		2.48054  0.2  0.2		4.1705503158		-1.0
	45494.99999996	19.50663		2.89265  0.2  0.2		4.1705503158		-1.0
	45539.99999996	19.19321		-2.8935  0.2  0.2		4.1705503158		-1.0
	45584.99999996	19.06529		-3.0811  0.2  0.2		4.1705503158		-1.0
	45629.99999996	19.3276		2.60666  0.2  0.2		4.1705503158		-1.0
	45674.99999996	18.52487		1.79587  0.2  0.2		4.1705503158		-1.0
	45719.99999996	17.50412		1.02962  0.2  0.2		4.1705503158		-1.0
	45764.99999996	15.8585		0.42858  0.2  0.2		4.1705503158		-1.0
	45809.99999996	14.98702		-1.12876  0.2  0.2		4.1705503158		-1.0
	45854.99999996	14.67091		-2.7929  0.2  0.2		4.1705503158		-1.0
	45899.99999996	14.90392		3.05568  0.2  0.2		4.1705503158		-1.0
	45944.99999996	14.9797		2.50127  0.2  0.2		4.1705503158		-1.0
	45989.99999996	15.18857		1.98964  0.2  0.2		4.1705503158		-1.0
	46034.99999996	15.00662		1.64476  0.2  0.2		4.1705503158		-1.0
	46079.99999996	14.9537		2.74367  0.2  0.2		4.1705503158		-1.0
	46124.99999996	15.68079		2.82277  0.2  0.2		4.1705503158		-1.0
	46169.99999996	17.19458		2.38577  0.2  0.2		4.1705503158		-1.0
	46214.99999996	18.47181		1.60679  0.2  0.2		4.1705503158		-1.0
	46259.99999996	18.65923		0.86158  0.2  0.2		4.1705503158		-1.0
	46304.99999996	17.98631		0.46251  0.2  0.2		4.1705503158		-1.0
	46349.99999996	17.30361		0.94529  0.2  0.2		4.1705503158		-1.0
	46394.99999996	16.60443		1.4158  0.2  0.2		4.1705503158		-1.0
	46439.99999996	15.91919		1.41714  0.2  0.2		4.1705503158		-1.0
	46484.99999996	14.6847		1.212  0.2  0.2		4.1705503158		-1.0
	46529.99999996	13.47255		1.15832  0.2  0.2		4.1705503158		-1.0
	46574.99999996	11.90189		0.85754  0.2  0.2		4.1705503158		-1.0
	46619.99999996	10.63792		0.1283  0.2  0.2		4.1705503158		-1.0
	46664.99999996	9.47596		-1.18762  0.2  0.2		4.1705503158		-1.0
	46709.99999996	8.80151		-2.31853  0.2  0.2		4.1705503158		-1.0
	46754.99999995	7.87656		-2.75671  0.2  0.2		4.1705503158		-1.0
	46799.99999995	7.77408		-3.0979  0.2  0.2		4.1705503158		-1.0
	46844.99999995	7.28998		-3.07635  0.2  0.2		4.1705503158		-1.0
	46889.99999995	6.55627		-1.36659  0.2  0.2		4.1705503158		-1.0
	46934.99999995	5.77809		-1.30334  0.2  0.2		4.1705503158		-1.0
	46979.99999995	5.46913		-1.84765  0.2  0.2		4.1705503158		-1.0
	47024.99999995	5.96392		-2.27718  0.2  0.2		4.1705503158		-1.0
	47069.99999995	6.95402		-2.97006  0.2  0.2		4.1705503158		-1.0
	47114.99999995	8.45952		2.97503  0.2  0.2		4.1705503158		-1.0
	47159.99999995	9.79724		2.56427  0.2  0.2		4.1705503158		-1.0
	47204.99999995	11.28854		2.09709  0.2  0.2		4.1705503158		-1.0
	47249.99999995	12.66163		1.75164  0.2  0.2		4.1705503158		-1.0
	47294.99999995	13.85879		1.16068  0.2  0.2		4.1705503158		-1.0
	47339.99999995	14.94948		0.81569  0.2  0.2		4.1705503158		-1.0
	47384.99999995	15.70347		-0.03037  0.2  0.2		4.1705503158		-1.0
	47429.99999995	16.12527		-0.84829  0.2  0.2		4.1705503158		-1.0
	47474.99999995	15.80231		-1.80281  0.2  0.2		4.1705503158		-1.0
	47519.99999995	15.35972		-2.43035  0.2  0.2		4.1705503158		-1.0
	47564.99999995	14.80657		-2.98563  0.2  0.2		4.1705503158		-1.0
	47609.99999995	13.86133		2.79773  0.2  0.2		4.1705503158		-1.0
	47654.99999995	12.61211		2.69089  0.2  0.2		4.1705503158		-1.0
	47699.99999995	10.9045		2.54357  0.2  0.2		4.1705503158		-1.0
	47744.99999995	9.50162		2.45051  0.2  0.2		4.1705503158		-1.0
	47789.99999995	7.72788		2.26864  0.2  0.2		4.1705503158		-1.0
	47834.99999995	6.32488		1.6416  0.2  0.2		4.1705503158		-1.0
	47879.99999995	5.24231		0.96729  0.2  0.2		4.1705503158		-1.0
	47924.99999995	5.81439		2.1478  0.2  0.2		4.1705503158		-1.0
	47969.99999995	6.63187		2.36075  0.2  0.2		4.1705503158		-1.0
	48014.99999995	7.45376		2.24357  0.2  0.2		4.1705503158		-1.0
	48059.99999995	8.6145		1.99373  0.2  0.2		4.1705503158		-1.0
	48104.99999995	9.70847		1.42603  0.2  0.2		4.1705503158		-1.0
	48149.99999995	10.67671		0.98104  0.2  0.2		4.1705503158		-1.0
	48194.99999995	11.61884		-0.24389  0.2  0.2		4.1705503158		-1.0
	48239.99999995	12.13379		-0.99184  0.2  0.2		4.1705503158		-1.0
	48284.99999995	12.84426		-2.58396  0.2  0.2		4.1705503158		-1.0
	48329.99999995	13.40573		2.19019  0.2  0.2		4.1705503158		-1.0
	48374.99999995	14.19273		0.83823  0.2  0.2		4.1705503158		-1.0
	48419.99999995	14.85066		-0.47424  0.2  0.2		4.1705503158		-1.0
	48464.99999995	15.70577		-1.30016  0.2  0.2		4.1705503158		-1.0
	48509.99999995	16.20197		-1.27435  0.2  0.2		4.1705503158		-1.0
	48554.99999995	17.09693		-2.04128  0.2  0.2		4.1705503158		-1.0
	48599.99999995	17.3835		0.80255  0.2  0.2		4.1705503158		-1.0
	48644.99999995	18.31421		0.64047  0.2  0.2		4.1705503158		-1.0
	48689.99999995	19.22701		0.19978  0.2  0.2		4.1705503158		-1.0
	48734.99999995	20.25189		0.17978  0.2  0.2		4.1705503158		-1.0
	48779.99999995	21.26104		-0.16972  0.2  0.2		4.1705503158		-1.0
	48824.99999995	22.17476		-0.6117  0.2  0.2		4.1705503158		-1.0
	48869.99999995	22.45432		-0.93949  0.2  0.2		4.1705503158		-1.0
	48914.99999995	22.63111		-1.48138  0.2  0.2		4.1705503158		-1.0
	48959.99999995	23.22772		-1.30848  0.2  0.2		4.1705503158		-1.0
	49004.99999995	23.92605		-1.52105  0.2  0.2		4.1705503158		-1.0
	49049.99999995	25.24667		-1.29584  0.2  0.2		4.1705503158		-1.0
	49094.99999995	26.64966		-1.44026  0.2  0.2		4.1705503158		-1.0
	49139.99999995	27.93637		-1.25905  0.2  0.2		4.1705503158		-1.0
	49184.99999995	29.35028		-1.36509  0.2  0.2		4.1705503158		-1.0
	49229.99999995	29.13636		-0.91431  0.2  0.2		4.1705503158		-1.0
	49274.99999995	28.58171		1.3366  0.2  0.2		4.1705503158		-1.0
	49319.99999995	28.09708		1.16126  0.2  0.2		4.1705503158		-1.0
	49364.99999995	27.46205		1.32018  0.2  0.2		4.1705503158		-1.0
	49409.99999995	26.66841		1.43876  0.2  0.2		4.1705503158		-1.0
	49454.99999995	25.71833		1.62011  0.2  0.2		4.1705503158		-1.0
	49499.99999995	25.32762		2.53095  0.2  0.2		4.1705503158		-1.0
	49544.99999995	24.66092		2.34958  0.2  0.2		4.1705503158		-1.0
	49589.99999995	24.54288		-3.12331  0.2  0.2		4.1705503158		-1.0
	49634.99999995	24.03342		2.80856  0.2  0.2		4.1705503158		-1.0
	49679.99999995	23.72412		3.06976  0.2  0.2		4.1705503158		-1.0
	49724.99999995	23.26058		2.93344  0.2  0.2		4.1705503158		-1.0
	49769.99999995	22.75593		-3.07278  0.2  0.2		4.1705503158		-1.0
	49814.99999995	22.1909		-3.06048  0.2  0.2		4.1705503158		-1.0
	49859.99999995	21.74989		-2.58335  0.2  0.2		4.1705503158		-1.0
	49904.99999995	21.38602		-2.57301  0.2  0.2		4.1705503158		-1.0
	49949.99999995	20.82862		-1.90034  0.2  0.2		4.1705503158		-1.0
	49994.99999995	20.18737		-1.67478  0.2  0.2		4.1705503158		-1.0
