	45.00000000	3.02724		-0.02643  0.2  0.2		4.1705503158		-1.0
	90.00000000	2.94276		0.20252  0.2  0.2		4.1705503158		-1.0
	135.00000000	2.82537		0.5841  0.2  0.2		4.1705503158		-1.0
	180.00000000	2.918		0.75595  0.2  0.2		4.1705503158		-1.0
	225.00000000	2.92796		1.10805  0.2  0.2		4.1705503158		-1.0
	270.00000000	2.93423		1.49156  0.2  0.2		4.1705503158		-1.0
	315.00000000	2.92496		1.82044  0.2  0.2		4.1705503158		-1.0
	360.00000000	2.88672		2.49719  0.2  0.2		4.1705503158		-1.0
	405.00000000	2.97433		2.70542  0.2  0.2		4.1705503158		-1.0
	450.00000000	2.89938		-3.1371  0.2  0.2		4.1705503158		-1.0
	495.00000000	2.83968		-2.84458  0.2  0.2		4.1705503158		-1.0
	540.00000000	2.9513		-2.44874  0.2  0.2		4.1705503158		-1.0
	585.00000000	3.0126		-2.19375  0.2  0.2		4.1705503158		-1.0
	630.00000000	2.8072		-1.99967  0.2  0.2		4.1705503158		-1.0
	675.00000000	2.91848		-1.84123  0.2  0.2		4.1705503158		-1.0
	720.00000000	3.04095		-1.5542  0.2  0.2		4.1705503158		-1.0
	765.00000000	2.91755		-1.52032  0.2  0.2		4.1705503158		-1.0
	810.00000000	2.82126		-1.62889  0.2  0.2		4.1705503158		-1.0
	855.00000000	2.94995		-1.16387  0.2  0.2		4.1705503158		-1.0
	900.00000000	2.96802		-1.00052  0.2  0.2		4.1705503158		-1.0
	945.00000000	2.93866		-0.52584  0.2  0.2		4.1705503158		-1.0
	990.00000000	2.82666		-0.1357  0.2  0.2		4.1705503158		-1.0
	1035.00000000	2.89619		0.62264  0.2  0.2		4.1705503158		-1.0
	1080.00000000	3.00836		1.28449  0.2  0.2		4.1705503158		-1.0
	1125.00000000	3.03449		1.4556  0.2  0.2		4.1705503158		-1.0
	1170.00000000	2.85884		2.11584  0.2  0.2		4.1705503158		-1.0
	1215.00000000	2.85977		2.34892  0.2  0.2		4.1705503158		-1.0
	1260.00000000	2.98571		2.85642  0.2  0.2		4.1705503158		-1.0
	1305.00000000	3.15692		-3.02668  0.2  0.2		4.1705503158		-1.0
	1350.00000000	2.88328		-2.81786  0.2  0.2		4.1705503158		-1.0
	1395.00000000	2.84081		-2.50743  0.2  0.2		4.1705503158		-1.0
	1440.00000000	2.85198		-2.38298  0.2  0.2		4.1705503158		-1.0
	1485.00000000	2.9027		-2.01479  0.2  0.2		4.1705503158		-1.0
	1530.00000000	2.96153		-1.95584  0.2  0.2		4.1705503158		-1.0
	1575.00000000	3.02822		-1.38579  0.2  0.2		4.1705503158		-1.0
	1620.00000000	2.99197		-1.01998  0.2  0.2		4.1705503158		-1.0
	1665.00000000	2.89515		-0.42881  0.2  0.2		4.1705503158		-1.0
	1710.00000000	2.85273		0.36759  0.2  0.2		4.1705503158		-1.0
	1755.00000000	2.86484		0.44015  0.2  0.2		4.1705503158		-1.0
	1800.00000000	2.98572		1.11601  0.2  0.2		4.1705503158		-1.0
	1845.00000000	3.0313		1.68082  0.2  0.2		4.1705503158		-1.0
	1890.00000000	2.94451		1.53787  0.2  0.2		4.1705503158		-1.0
	1935.00000000	2.82271		2.11516  0.2  0.2		4.1705503158		-1.0
	1980.00000000	2.82642		2.42796  0.2  0.2		4.1705503158		-1.0
	2025.00000000	2.84577		2.69113  0.2  0.2		4.1705503158		-1.0
	2070.00000000	3.04133		-3.05796  0.2  0.2		4.1705503158		-1.0
	2115.00000000	3.03685		-2.71073  0.2  0.2		4.1705503158		-1.0
	2160.00000000	3.01555		-2.25959  0.2  0.2		4.1705503158		-1.0
	2205.00000000	3.05758		-2.08964  0.2  0.2		4.1705503158		-1.0
	2250.00000000	2.93862		-1.53458  0.2  0.2		4.1705503158		-1.0
	2295.00000000	2.98499		-1.12181  0.2  0.2		4.1705503158		-1.0
	2340.00000000	2.90342		-1.05365  0.2  0.2		4.1705503158		-1.0
	2385.00000000	2.89139		-0.03998  0.2  0.2		4.1705503158		-1.0
	2430.00000000	2.97242		0.2931  0.2  0.2		4.1705503158		-1.0
	2475.00000000	2.88604		1.06595  0.2  0.2		4.1705503158		-1.0
	2520.00000000	2.8906		1.31463  0.2  0.2		4.1705503158		-1.0
	2565.00000000	2.82665		1.66097  0.2  0.2		4.1705503158		-1.0
	2610.00000000	2.97877		1.88171  0.2  0.2		4.1705503158		-1.0
	2655.00000000	2.85446		2.24079  0.2  0.2		4.1705503158		-1.0
	2700.00000000	2.85546		2.6156  0.2  0.2		4.1705503158		-1.0
	2745.00000000	2.82992		3.03832  0.2  0.2		4.1705503158		-1.0
	2790.00000000	2.84135		-2.7044  0.2  0.2		4.1705503158		-1.0
	2835.00000000	2.77269		-2.36021  0.2  0.2		4.1705503158		-1.0
	2880.00000000	2.81432		-1.80074  0.2  0.2		4.1705503158		-1.0
	2925.00000000	2.93264		-1.52773  0.2  0.2		4.1705503158		-1.0
	2970.00000000	2.97143		-0.69539  0.2  0.2		4.1705503158		-1.0
	3015.00000000	2.89311		-0.46361  0.2  0.2		4.1705503158		-1.0
	3060.00000000	2.93604		0.48904  0.2  0.2		4.1705503158		-1.0
	3105.00000000	2.88558		0.92171  0.2  0.2		4.1705503158		-1.0
	3150.00000000	2.82049		1.07612  0.2  0.2		4.1705503158		-1.0
	3195.00000000	2.83378		0.40984  0.2  0.2		4.1705503158		-1.0
	3240.00000000	2.77342		0.02013  0.2  0.2		4.1705503158		-1.0
	3285.00000000	2.93781		0.23972  0.2  0.2		4.1705503158		-1.0
	3330.00000000	2.83129		-0.56186  0.2  0.2		4.1705503158		-1.0
	3375.00000000	2.74968		-0.94803  0.2  0.2		4.1705503158		-1.0
	3420.00000000	2.81485		-0.61742  0.2  0.2		4.1705503158		-1.0
	3465.00000000	2.83124		-0.23824  0.2  0.2		4.1705503158		-1.0
	3510.00000000	2.89805		0.08222  0.2  0.2		4.1705503158		-1.0
	3555.00000000	2.81132		-0.03537  0.2  0.2		4.1705503158		-1.0
	3600.00000000	2.95752		-0.25102  0.2  0.2		4.1705503158		-1.0
	3645.00000000	2.94217		-0.78613  0.2  0.2		4.1705503158		-1.0
	3690.00000000	2.79764		-0.91293  0.2  0.2		4.1705503158		-1.0
	3735.00000000	2.89316		-1.42494  0.2  0.2		4.1705503158		-1.0
	3780.00000000	3.01428		-0.73704  0.2  0.2		4.1705503158		-1.0
	3825.00000000	3.23118		-0.13753  0.2  0.2		4.1705503158		-1.0
	3870.00000000	3.05217		0.70587  0.2  0.2		4.1705503158		-1.0
	3915.00000000	3.13282		0.87011  0.2  0.2		4.1705503158		-1.0
	3960.00000000	2.89859		1.18687  0.2  0.2		4.1705503158		-1.0
	4005.00000000	2.76503		1.2918  0.2  0.2		4.1705503158		-1.0
	4050.00000000	3.02213		1.57644  0.2  0.2		4.1705503158		-1.0
	4095.00000000	2.98842		1.94697  0.2  0.2		4.1705503158		-1.0
	4140.00000000	3.13828		2.40811  0.2  0.2		4.1705503158		-1.0
	4185.00000000	2.99772		2.73276  0.2  0.2		4.1705503158		-1.0
	4230.00000000	3.08166		-3.03811  0.2  0.2		4.1705503158		-1.0
	4275.00000000	2.9992		-2.84466  0.2  0.2		4.1705503158		-1.0
	4320.00000000	3.11543		-2.40201  0.2  0.2		4.1705503158		-1.0
	4365.00000000	3.08136		-2.30073  0.2  0.2		4.1705503158		-1.0
	4410.00000000	3.05344		-1.85283  0.2  0.2		4.1705503158		-1.0
	4455.00000000	2.76038		-1.86293  0.2  0.2		4.1705503158		-1.0
	4500.00000000	2.76031		-1.44094  0.2  0.2		4.1705503158		-1.0
	4545.00000000	2.93942		-1.45489  0.2  0.2		4.1705503158		-1.0
	4590.00000000	3.21592		-0.92942  0.2  0.2		4.1705503158		-1.0
	4635.00000000	3.04271		-0.56975  0.2  0.2		4.1705503158		-1.0
	4680.00000000	2.77942		0.10979  0.2  0.2		4.1705503158		-1.0
	4725.00000000	2.76992		0.84327  0.2  0.2		4.1705503158		-1.0
	4770.00000000	3.05869		0.87991  0.2  0.2		4.1705503158		-1.0
	4815.00000000	2.84686		1.34095  0.2  0.2		4.1705503158		-1.0
	4860.00000000	2.76835		1.62215  0.2  0.2		4.1705503158		-1.0
	4905.00000000	2.96651		2.06235  0.2  0.2		4.1705503158		-1.0
	4950.00000000	3.04226		2.19961  0.2  0.2		4.1705503158		-1.0
	4995.00000000	3.16249		2.30405  0.2  0.2		4.1705503158		-1.0
	5040.00000000	2.96794		2.23282  0.2  0.2		4.1705503158		-1.0
	5085.00000000	2.8755		2.71207  0.2  0.2		4.1705503158		-1.0
	5130.00000000	2.89767		2.43096  0.2  0.2		4.1705503158		-1.0
	5175.00000000	3.28269		2.72603  0.2  0.2		4.1705503158		-1.0
	5220.00000000	2.93712		2.9816  0.2  0.2		4.1705503158		-1.0
	5265.00000000	2.9196		-2.87279  0.2  0.2		4.1705503158		-1.0
	5310.00000000	2.88055		-2.50494  0.2  0.2		4.1705503158		-1.0
	5355.00000000	3.02178		-2.14545  0.2  0.2		4.1705503158		-1.0
	5400.00000000	2.80687		-2.13363  0.2  0.2		4.1705503158		-1.0
	5445.00000000	2.9589		-2.02004  0.2  0.2		4.1705503158		-1.0
	5490.00000000	3.08827		-1.88136  0.2  0.2		4.1705503158		-1.0
	5535.00000000	3.11663		-2.28589  0.2  0.2		4.1705503158		-1.0
	5580.00000000	2.7327		-2.08183  0.2  0.2		4.1705503158		-1.0
	5625.00000000	2.73241		-2.28598  0.2  0.2		4.1705503158		-1.0
	5670.00000000	3.03582		-2.61631  0.2  0.2		4.1705503158		-1.0
	5715.00000000	2.85669		-2.94523  0.2  0.2		4.1705503158		-1.0
	5760.00000000	2.8854		3.00833  0.2  0.2		4.1705503158		-1.0
	5805.00000000	2.95236		3.12317  0.2  0.2		4.1705503158		-1.0
	5850.00000000	3.23874		2.87809  0.2  0.2		4.1705503158		-1.0
	5895.00000000	3.1155		2.9524  0.2  0.2		4.1705503158		-1.0
	5940.00000000	2.88171		2.58149  0.2  0.2		4.1705503158		-1.0
	5985.00000000	2.73058		2.24325  0.2  0.2		4.1705503158		-1.0
	6030.00000000	2.897		1.66214  0.2  0.2		4.1705503158		-1.0
	6075.00000000	3.10364		1.2406  0.2  0.2		4.1705503158		-1.0
	6120.00000000	2.94044		0.62616  0.2  0.2		4.1705503158		-1.0
	6165.00000000	2.90764		0.80754  0.2  0.2		4.1705503158		-1.0
	6210.00000000	3.09386		-0.10169  0.2  0.2		4.1705503158		-1.0
	6255.00000000	3.15518		-0.42685  0.2  0.2		4.1705503158		-1.0
	6300.00000000	3.21016		-0.78323  0.2  0.2		4.1705503158		-1.0
	6345.00000000	2.86039		-0.84877  0.2  0.2		4.1705503158		-1.0
	6390.00000000	2.73126		-1.05126  0.2  0.2		4.1705503158		-1.0
	6435.00000000	2.83933		-0.80488  0.2  0.2		4.1705503158		-1.0
	6480.00000000	2.91778		-0.5782  0.2  0.2		4.1705503158		-1.0
	6525.00000000	3.15368		0.0876  0.2  0.2		4.1705503158		-1.0
	6570.00000000	2.94731		0.93811  0.2  0.2		4.1705503158		-1.0
	6615.00000000	3.12011		0.98534  0.2  0.2		4.1705503158		-1.0
	6660.00000000	2.99029		1.63227  0.2  0.2		4.1705503158		-1.0
	6705.00000000	2.79456		1.83483  0.2  0.2		4.1705503158		-1.0
	6750.00000000	3.2267		1.92581  0.2  0.2		4.1705503158		-1.0
	6795.00000000	2.87594		2.43337  0.2  0.2		4.1705503158		-1.0
	6840.00000000	2.74242		2.73481  0.2  0.2		4.1705503158		-1.0
	6885.00000000	2.89919		-3.09859  0.2  0.2		4.1705503158		-1.0
	6930.00000000	3.09693		-2.5272  0.2  0.2		4.1705503158		-1.0
	6975.00000000	2.80862		-2.44991  0.2  0.2		4.1705503158		-1.0
	7020.00000000	2.98486		-1.87981  0.2  0.2		4.1705503158		-1.0
	7065.00000000	2.99292		-1.60929  0.2  0.2		4.1705503158		-1.0
	7110.00000000	2.68678		-1.09637  0.2  0.2		4.1705503158		-1.0
	7155.00000000	2.77134		-1.1716  0.2  0.2		4.1705503158		-1.0
	7200.00000000	2.93435		-1.07396  0.2  0.2		4.1705503158		-1.0
	7245.00000000	2.93913		-0.18139  0.2  0.2		4.1705503158		-1.0
	7290.00000000	3.1043		-0.18791  0.2  0.2		4.1705503158		-1.0
	7335.00000000	3.31845		-0.29766  0.2  0.2		4.1705503158		-1.0
	7380.00000000	3.14922		-0.19569  0.2  0.2		4.1705503158		-1.0
	7425.00000000	3.0315		-0.45819  0.2  0.2		4.1705503158		-1.0
	7470.00000000	3.15499		-0.78259  0.2  0.2		4.1705503158		-1.0
	7515.00000000	3.21165		-1.54932  0.2  0.2		4.1705503158		-1.0
	7560.00000000	3.1798		-1.18175  0.2  0.2		4.1705503158		-1.0
	7605.00000000	2.71223		-1.71793  0.2  0.2		4.1705503158		-1.0
	7650.00000000	3.04926		-1.79399  0.2  0.2		4.1705503158		-1.0
	7695.00000000	3.15613		-2.17778  0.2  0.2		4.1705503158		-1.0
	7740.00000000	3.06315		-2.36821  0.2  0.2		4.1705503158		-1.0
	7785.00000000	3.03718		-2.66757  0.2  0.2		4.1705503158		-1.0
	7830.00000000	3.2465		-2.90675  0.2  0.2		4.1705503158		-1.0
	7875.00000000	3.06122		2.92979  0.2  0.2		4.1705503158		-1.0
	7920.00000000	3.03559		2.7772  0.2  0.2		4.1705503158		-1.0
	7965.00000000	2.8306		2.29945  0.2  0.2		4.1705503158		-1.0
	8010.00000000	3.04194		1.81941  0.2  0.2		4.1705503158		-1.0
	8055.00000000	2.87541		1.54297  0.2  0.2		4.1705503158		-1.0
	8100.00000000	3.08491		1.16993  0.2  0.2		4.1705503158		-1.0
	8145.00000000	3.18435		0.88845  0.2  0.2		4.1705503158		-1.0
	8190.00000000	3.06691		0.2639  0.2  0.2		4.1705503158		-1.0
	8235.00000000	2.82366		0.27578  0.2  0.2		4.1705503158		-1.0
	8280.00000000	2.99827		0.70391  0.2  0.2		4.1705503158		-1.0
	8325.00000000	2.71157		0.17963  0.2  0.2		4.1705503158		-1.0
	8370.00000000	3.13863		0.5714  0.2  0.2		4.1705503158		-1.0
	8415.00000000	3.08344		0.47405  0.2  0.2		4.1705503158		-1.0
	8460.00000000	3.03901		0.07363  0.2  0.2		4.1705503158		-1.0
	8505.00000000	2.71687		-0.34818  0.2  0.2		4.1705503158		-1.0
	8550.00000000	3.09605		-0.76419  0.2  0.2		4.1705503158		-1.0
	8595.00000000	2.9447		-1.26562  0.2  0.2		4.1705503158		-1.0
	8640.00000000	3.06738		-1.20639  0.2  0.2		4.1705503158		-1.0
	8685.00000000	3.08904		-1.75566  0.2  0.2		4.1705503158		-1.0
	8730.00000000	3.21054		-1.87279  0.2  0.2		4.1705503158		-1.0
	8775.00000000	3.26998		-2.11834  0.2  0.2		4.1705503158		-1.0
	8820.00000000	3.20165		-2.4113  0.2  0.2		4.1705503158		-1.0
	8865.00000000	2.73065		-2.63769  0.2  0.2		4.1705503158		-1.0
	8910.00000000	2.74826		-2.77527  0.2  0.2		4.1705503158		-1.0
	8955.00000000	2.78535		3.13475  0.2  0.2		4.1705503158		-1.0
	9000.00000000	2.83905		-3.03526  0.2  0.2		4.1705503158		-1.0
	9045.00000000	2.91737		-2.70074  0.2  0.2		4.1705503158		-1.0
	9090.00000000	3.06609		-2.79945  0.2  0.2		4.1705503158		-1.0
	9135.00000000	3.26479		-2.32159  0.2  0.2		4.1705503158		-1.0
	9180.00000000	3.24827		-2.81843  0.2  0.2		4.1705503158		-1.0
	9225.00000000	3.15482		-2.52079  0.2  0.2		4.1705503158		-1.0
	9270.00000000	3.17151		-2.81803  0.2  0.2		4.1705503158		-1.0
	9315.00000000	2.97067		2.86798  0.2  0.2		4.1705503158		-1.0
	9360.00000000	2.75213		2.72197  0.2  0.2		4.1705503158		-1.0
	9405.00000000	3.11374		2.09103  0.2  0.2		4.1705503158		-1.0
	9450.00000000	2.97407		1.81465  0.2  0.2		4.1705503158		-1.0
	9495.00000000	2.88469		1.90654  0.2  0.2		4.1705503158		-1.0
	9540.00000000	3.35843		1.42479  0.2  0.2		4.1705503158		-1.0
	9585.00000000	3.12979		1.4268  0.2  0.2		4.1705503158		-1.0
	9630.00000000	2.627		1.56413  0.2  0.2		4.1705503158		-1.0
	9675.00000000	3.05231		1.10904  0.2  0.2		4.1705503158		-1.0
	9720.00000000	3.3245		1.31452  0.2  0.2		4.1705503158		-1.0
	9765.00000000	2.69515		1.18742  0.2  0.2		4.1705503158		-1.0
	9810.00000000	2.85609		0.51765  0.2  0.2		4.1705503158		-1.0
	9855.00000000	2.78466		0.39281  0.2  0.2		4.1705503158		-1.0
	9900.00000000	2.76337		-0.17679  0.2  0.2		4.1705503158		-1.0
	9945.00000000	3.09302		-0.51681  0.2  0.2		4.1705503158		-1.0
	9990.00000000	3.21986		-0.47463  0.2  0.2		4.1705503158		-1.0
	10035.00000000	2.90084		-0.45543  0.2  0.2		4.1705503158		-1.0
	10080.00000000	2.77397		-0.14985  0.2  0.2		4.1705503158		-1.0
	10125.00000000	3.18399		0.45121  0.2  0.2		4.1705503158		-1.0
	10170.00000000	3.19494		0.3558  0.2  0.2		4.1705503158		-1.0
	10215.00000000	3.36916		0.776  0.2  0.2		4.1705503158		-1.0
	10260.00000000	2.91355		1.06269  0.2  0.2		4.1705503158		-1.0
	10305.00000000	3.17596		0.87352  0.2  0.2		4.1705503158		-1.0
	10350.00000000	3.22743		0.91011  0.2  0.2		4.1705503158		-1.0
	10395.00000000	3.04053		1.20724  0.2  0.2		4.1705503158		-1.0
	10440.00000000	2.68711		1.42103  0.2  0.2		4.1705503158		-1.0
	10485.00000000	2.79458		1.21667  0.2  0.2		4.1705503158		-1.0
	10530.00000000	2.73084		1.61219  0.2  0.2		4.1705503158		-1.0
	10575.00000000	3.1003		1.85634  0.2  0.2		4.1705503158		-1.0
	10620.00000000	3.21407		2.16897  0.2  0.2		4.1705503158		-1.0
	10665.00000000	3.20755		2.56565  0.2  0.2		4.1705503158		-1.0
	10710.00000000	2.94926		2.47402  0.2  0.2		4.1705503158		-1.0
	10755.00000000	3.09886		2.38413  0.2  0.2		4.1705503158		-1.0
	10800.00000000	3.2131		2.51841  0.2  0.2		4.1705503158		-1.0
	10845.00000001	3.14874		2.12314  0.2  0.2		4.1705503158		-1.0
	10890.00000001	2.93861		2.03295  0.2  0.2		4.1705503158		-1.0
	10935.00000001	2.7849		1.80292  0.2  0.2		4.1705503158		-1.0
	10980.00000001	2.66009		2.01724  0.2  0.2		4.1705503158		-1.0
	11025.00000001	2.77783		2.27988  0.2  0.2		4.1705503158		-1.0
	11070.00000001	2.99089		2.47426  0.2  0.2		4.1705503158		-1.0
	11115.00000001	2.70857		2.7392  0.2  0.2		4.1705503158		-1.0
	11160.00000001	3.17689		3.00582  0.2  0.2		4.1705503158		-1.0
	11205.00000001	2.76897		-2.82364  0.2  0.2		4.1705503158		-1.0
	11250.00000001	2.64518		-2.57907  0.2  0.2		4.1705503158		-1.0
	11295.00000001	2.75708		-2.16144  0.2  0.2		4.1705503158		-1.0
	11340.00000001	2.69127		-1.9257  0.2  0.2		4.1705503158		-1.0
	11385.00000001	2.82716		-1.43973  0.2  0.2		4.1705503158		-1.0
	11430.00000001	2.7284		-1.45762  0.2  0.2		4.1705503158		-1.0
	11475.00000001	3.38212		-0.94193  0.2  0.2		4.1705503158		-1.0
	11520.00000001	2.843		-0.63155  0.2  0.2		4.1705503158		-1.0
	11565.00000001	2.73546		-0.19469  0.2  0.2		4.1705503158		-1.0
	11610.00000001	2.93542		0.30182  0.2  0.2		4.1705503158		-1.0
	11655.00000001	2.81274		0.79816  0.2  0.2		4.1705503158		-1.0
	11700.00000001	2.82046		0.9724  0.2  0.2		4.1705503158		-1.0
	11745.00000001	2.70302		0.57328  0.2  0.2		4.1705503158		-1.0
	11790.00000001	2.75198		0.67409  0.2  0.2		4.1705503158		-1.0
	11835.00000001	2.80298		0.49171  0.2  0.2		4.1705503158		-1.0
	11880.00000001	3.21237		0.30639  0.2  0.2		4.1705503158		-1.0
	11925.00000001	3.29594		0.12574  0.2  0.2		4.1705503158		-1.0
	11970.00000001	2.69111		0.1328  0.2  0.2		4.1705503158		-1.0
	12015.00000001	2.76478		-0.21683  0.2  0.2		4.1705503158		-1.0
	12060.00000001	2.74687		-0.70286  0.2  0.2		4.1705503158		-1.0
	12105.00000001	3.01224		-0.87853  0.2  0.2		4.1705503158		-1.0
	12150.00000001	3.21942		-1.24157  0.2  0.2		4.1705503158		-1.0
	12195.00000001	3.21814		-1.14844  0.2  0.2		4.1705503158		-1.0
	12240.00000001	3.23548		-1.84482  0.2  0.2		4.1705503158		-1.0
	12285.00000001	3.22419		-1.78866  0.2  0.2		4.1705503158		-1.0
	12330.00000001	3.19624		-2.08128  0.2  0.2		4.1705503158		-1.0
	12375.00000001	2.77364		-2.01875  0.2  0.2		4.1705503158		-1.0
	12420.00000001	2.71447		-2.18509  0.2  0.2		4.1705503158		-1.0
	12465.00000001	2.91042		-2.34159  0.2  0.2		4.1705503158		-1.0
	12510.00000001	2.65716		-2.47314  0.2  0.2		4.1705503158		-1.0
	12555.00000001	2.67603		-2.93269  0.2  0.2		4.1705503158		-1.0
	12600.00000001	2.68937		2.99439  0.2  0.2		4.1705503158		-1.0
	12645.00000001	2.6867		2.57721  0.2  0.2		4.1705503158		-1.0
	12690.00000001	2.76365		2.08474  0.2  0.2		4.1705503158		-1.0
	12735.00000001	2.79333		1.90283  0.2  0.2		4.1705503158		-1.0
	12780.00000001	3.05501		1.55848  0.2  0.2		4.1705503158		-1.0
	12825.00000001	3.15844		1.32553  0.2  0.2		4.1705503158		-1.0
	12870.00000001	3.06675		1.3053  0.2  0.2		4.1705503158		-1.0
	12915.00000001	3.25156		1.03395  0.2  0.2		4.1705503158		-1.0
	12960.00000001	3.2087		0.85644  0.2  0.2		4.1705503158		-1.0
	13005.00000001	2.95912		0.71694  0.2  0.2		4.1705503158		-1.0
	13050.00000001	2.65161		0.56301  0.2  0.2		4.1705503158		-1.0
	13095.00000001	2.82816		0.86539  0.2  0.2		4.1705503158		-1.0
	13140.00000001	2.76098		0.38675  0.2  0.2		4.1705503158		-1.0
	13185.00000001	3.42241		0.02364  0.2  0.2		4.1705503158		-1.0
	13230.00000001	2.7985		0.25889  0.2  0.2		4.1705503158		-1.0
	13275.00000001	3.03789		0.0187  0.2  0.2		4.1705503158		-1.0
	13320.00000001	2.73273		-0.66077  0.2  0.2		4.1705503158		-1.0
	13365.00000001	2.78994		-0.34772  0.2  0.2		4.1705503158		-1.0
	13410.00000001	3.0461		-1.07932  0.2  0.2		4.1705503158		-1.0
	13455.00000001	3.0179		-1.2023  0.2  0.2		4.1705503158		-1.0
	13500.00000001	3.40538		-1.26237  0.2  0.2		4.1705503158		-1.0
	13545.00000001	2.78645		-1.75344  0.2  0.2		4.1705503158		-1.0
	13590.00000001	3.05798		-1.83253  0.2  0.2		4.1705503158		-1.0
	13635.00000001	2.74135		-2.52639  0.2  0.2		4.1705503158		-1.0
	13680.00000001	2.75059		-2.14756  0.2  0.2		4.1705503158		-1.0
	13725.00000001	2.94451		-2.93068  0.2  0.2		4.1705503158		-1.0
	13770.00000001	2.84931		-2.98825  0.2  0.2		4.1705503158		-1.0
	13815.00000001	2.907		2.90052  0.2  0.2		4.1705503158		-1.0
	13860.00000001	2.87843		2.67959  0.2  0.2		4.1705503158		-1.0
	13905.00000001	2.71334		2.19737  0.2  0.2		4.1705503158		-1.0
	13950.00000001	2.81846		1.62307  0.2  0.2		4.1705503158		-1.0
	13995.00000001	2.67575		1.31449  0.2  0.2		4.1705503158		-1.0
	14040.00000001	2.66443		0.80129  0.2  0.2		4.1705503158		-1.0
	14085.00000001	2.80078		-0.36377  0.2  0.2		4.1705503158		-1.0
	14130.00000001	2.66776		-0.99404  0.2  0.2		4.1705503158		-1.0
	14175.00000001	2.79974		-0.95503  0.2  0.2		4.1705503158		-1.0
	14220.00000001	2.75163		-1.33305  0.2  0.2		4.1705503158		-1.0
	14265.00000000	2.78703		-1.54317  0.2  0.2		4.1705503158		-1.0
	14310.00000000	2.65065		-1.81019  0.2  0.2		4.1705503158		-1.0
	14355.00000000	3.37747		-1.90586  0.2  0.2		4.1705503158		-1.0
	14400.00000000	2.88876		-2.36512  0.2  0.2		4.1705503158		-1.0
	14445.00000000	2.79815		-2.10488  0.2  0.2		4.1705503158		-1.0
	14490.00000000	2.9977		-2.58088  0.2  0.2		4.1705503158		-1.0
	14535.00000000	3.22529		-2.32019  0.2  0.2		4.1705503158		-1.0
	14580.00000000	3.11029		-2.55873  0.2  0.2		4.1705503158		-1.0
	14625.00000000	3.23075		-2.90271  0.2  0.2		4.1705503158		-1.0
	14670.00000000	3.25342		-2.91685  0.2  0.2		4.1705503158		-1.0
	14715.00000000	3.23814		2.93798  0.2  0.2		4.1705503158		-1.0
	14760.00000000	3.18035		2.34277  0.2  0.2		4.1705503158		-1.0
	14805.00000000	3.41415		2.17304  0.2  0.2		4.1705503158		-1.0
	14850.00000000	3.31298		1.8379  0.2  0.2		4.1705503158		-1.0
	14895.00000000	3.33104		1.68632  0.2  0.2		4.1705503158		-1.0
	14940.00000000	3.23579		1.57461  0.2  0.2		4.1705503158		-1.0
	14985.00000000	3.16571		1.18096  0.2  0.2		4.1705503158		-1.0
	15030.00000000	3.39656		1.30094  0.2  0.2		4.1705503158		-1.0
	15075.00000000	3.51587		1.07301  0.2  0.2		4.1705503158		-1.0
	15120.00000000	2.82018		0.99222  0.2  0.2		4.1705503158		-1.0
	15165.00000000	2.79775		1.1019  0.2  0.2		4.1705503158		-1.0
	15210.00000000	2.79073		0.93473  0.2  0.2		4.1705503158		-1.0
	15255.00000000	2.80971		0.57995  0.2  0.2		4.1705503158		-1.0
	15300.00000000	2.91282		0.39141  0.2  0.2		4.1705503158		-1.0
	15345.00000000	3.31595		-0.58977  0.2  0.2		4.1705503158		-1.0
	15390.00000000	3.31632		-0.73923  0.2  0.2		4.1705503158		-1.0
	15435.00000000	3.28452		-1.12108  0.2  0.2		4.1705503158		-1.0
	15480.00000000	3.3395		-1.60237  0.2  0.2		4.1705503158		-1.0
	15525.00000000	3.17085		-1.57226  0.2  0.2		4.1705503158		-1.0
	15570.00000000	3.01458		-2.05652  0.2  0.2		4.1705503158		-1.0
	15615.00000000	3.38564		-1.93917  0.2  0.2		4.1705503158		-1.0
	15660.00000000	3.35162		-2.19263  0.2  0.2		4.1705503158		-1.0
	15705.00000000	3.36064		-2.23341  0.2  0.2		4.1705503158		-1.0
	15750.00000000	3.35983		-2.40081  0.2  0.2		4.1705503158		-1.0
	15795.00000000	3.2937		-2.46951  0.2  0.2		4.1705503158		-1.0
	15840.00000000	3.27045		-2.75821  0.2  0.2		4.1705503158		-1.0
	15885.00000000	3.36897		-2.87973  0.2  0.2		4.1705503158		-1.0
	15930.00000000	3.33147		2.8426  0.2  0.2		4.1705503158		-1.0
	15975.00000000	3.23098		2.60287  0.2  0.2		4.1705503158		-1.0
	16020.00000000	3.02984		2.07891  0.2  0.2		4.1705503158		-1.0
	16065.00000000	3.14796		1.79213  0.2  0.2		4.1705503158		-1.0
	16110.00000000	3.17754		1.75446  0.2  0.2		4.1705503158		-1.0
	16155.00000000	3.09846		1.20964  0.2  0.2		4.1705503158		-1.0
	16200.00000000	3.46791		1.09089  0.2  0.2		4.1705503158		-1.0
	16245.00000000	3.33113		0.62194  0.2  0.2		4.1705503158		-1.0
	16290.00000000	3.1584		0.21903  0.2  0.2		4.1705503158		-1.0
	16335.00000000	3.26646		-0.17969  0.2  0.2		4.1705503158		-1.0
	16380.00000000	3.36929		-0.68124  0.2  0.2		4.1705503158		-1.0
	16425.00000000	2.66547		-1.19648  0.2  0.2		4.1705503158		-1.0
	16470.00000000	3.40986		-1.43291  0.2  0.2		4.1705503158		-1.0
	16515.00000000	2.72317		-1.81348  0.2  0.2		4.1705503158		-1.0
	16560.00000000	2.73497		-2.01257  0.2  0.2		4.1705503158		-1.0
	16605.00000000	2.71794		-2.44491  0.2  0.2		4.1705503158		-1.0
	16650.00000000	2.83163		-2.80333  0.2  0.2		4.1705503158		-1.0
	16695.00000000	2.67563		3.11434  0.2  0.2		4.1705503158		-1.0
	16740.00000000	2.72314		2.70511  0.2  0.2		4.1705503158		-1.0
	16785.00000000	2.74696		2.29465  0.2  0.2		4.1705503158		-1.0
	16830.00000000	2.77915		1.91644  0.2  0.2		4.1705503158		-1.0
	16875.00000000	2.66461		1.5709  0.2  0.2		4.1705503158		-1.0
	16920.00000000	2.74246		0.90246  0.2  0.2		4.1705503158		-1.0
	16965.00000000	2.65574		0.3724  0.2  0.2		4.1705503158		-1.0
	17010.00000000	2.74849		-0.59745  0.2  0.2		4.1705503158		-1.0
	17055.00000000	2.77896		-1.01816  0.2  0.2		4.1705503158		-1.0
	17100.00000000	3.3538		-1.14641  0.2  0.2		4.1705503158		-1.0
	17145.00000000	2.93526		-1.47873  0.2  0.2		4.1705503158		-1.0
	17190.00000000	2.76904		-1.48985  0.2  0.2		4.1705503158		-1.0
	17235.00000000	2.73752		-1.79681  0.2  0.2		4.1705503158		-1.0
	17280.00000000	2.74319		-1.61962  0.2  0.2		4.1705503158		-1.0
	17325.00000000	2.99816		-1.94201  0.2  0.2		4.1705503158		-1.0
	17370.00000000	3.32381		-1.92324  0.2  0.2		4.1705503158		-1.0
	17415.00000000	2.90084		-2.09224  0.2  0.2		4.1705503158		-1.0
	17460.00000000	3.06721		-2.41787  0.2  0.2		4.1705503158		-1.0
	17505.00000000	3.31301		-1.80486  0.2  0.2		4.1705503158		-1.0
	17550.00000000	3.36685		-1.54058  0.2  0.2		4.1705503158		-1.0
	17595.00000000	2.81764		-1.32714  0.2  0.2		4.1705503158		-1.0
	17640.00000000	3.23436		-0.85881  0.2  0.2		4.1705503158		-1.0
	17685.00000000	2.937		-0.09941  0.2  0.2		4.1705503158		-1.0
	17730.00000000	2.67861		0.27769  0.2  0.2		4.1705503158		-1.0
	17775.00000000	3.38533		-0.34521  0.2  0.2		4.1705503158		-1.0
	17820.00000000	3.12571		-0.38595  0.2  0.2		4.1705503158		-1.0
	17865.00000000	2.76051		-0.54966  0.2  0.2		4.1705503158		-1.0
	17910.00000000	3.32259		-0.86774  0.2  0.2		4.1705503158		-1.0
	17955.00000000	2.94277		-0.85689  0.2  0.2		4.1705503158		-1.0
	18000.00000000	3.18955		-0.24974  0.2  0.2		4.1705503158		-1.0
	18045.00000000	3.31957		0.6715  0.2  0.2		4.1705503158		-1.0
	18090.00000000	3.31366		0.54254  0.2  0.2		4.1705503158		-1.0
	18135.00000000	3.15519		-0.01543  0.2  0.2		4.1705503158		-1.0
	18180.00000000	2.73455		-0.05332  0.2  0.2		4.1705503158		-1.0
	18225.00000000	2.70409		-0.53804  0.2  0.2		4.1705503158		-1.0
	18270.00000000	2.94237		-0.4573  0.2  0.2		4.1705503158		-1.0
	18315.00000000	3.10395		-0.18814  0.2  0.2		4.1705503158		-1.0
	18360.00000000	3.36807		0.10659  0.2  0.2		4.1705503158		-1.0
	18405.00000000	3.22345		0.41429  0.2  0.2		4.1705503158		-1.0
	18450.00000000	3.05833		0.74268  0.2  0.2		4.1705503158		-1.0
	18495.00000000	3.33604		0.82187  0.2  0.2		4.1705503158		-1.0
	18540.00000000	3.33895		0.61152  0.2  0.2		4.1705503158		-1.0
	18585.00000000	3.18811		0.31124  0.2  0.2		4.1705503158		-1.0
	18630.00000000	3.28125		-0.09443  0.2  0.2		4.1705503158		-1.0
	18675.00000000	3.40589		-0.67767  0.2  0.2		4.1705503158		-1.0
	18720.00000000	2.87161		-1.06248  0.2  0.2		4.1705503158		-1.0
	18765.00000000	3.21892		-1.47909  0.2  0.2		4.1705503158		-1.0
	18810.00000000	3.45939		-1.75418  0.2  0.2		4.1705503158		-1.0
	18855.00000000	2.76086		-1.97444  0.2  0.2		4.1705503158		-1.0
	18900.00000000	2.57293		-2.39146  0.2  0.2		4.1705503158		-1.0
	18945.00000000	2.73895		-2.42117  0.2  0.2		4.1705503158		-1.0
	18990.00000000	2.72314		-2.9271  0.2  0.2		4.1705503158		-1.0
	19035.00000000	2.82431		-3.07267  0.2  0.2		4.1705503158		-1.0
	19080.00000000	2.67282		2.8509  0.2  0.2		4.1705503158		-1.0
	19125.00000000	3.47163		2.5927  0.2  0.2		4.1705503158		-1.0
	19170.00000000	3.25853		2.3197  0.2  0.2		4.1705503158		-1.0
	19215.00000000	3.23916		1.97593  0.2  0.2		4.1705503158		-1.0
	19260.00000000	3.38455		1.92521  0.2  0.2		4.1705503158		-1.0
	19305.00000000	3.44031		1.54502  0.2  0.2		4.1705503158		-1.0
	19350.00000000	2.79358		1.56317  0.2  0.2		4.1705503158		-1.0
	19395.00000000	2.7679		1.38897  0.2  0.2		4.1705503158		-1.0
	19440.00000000	2.6897		1.27931  0.2  0.2		4.1705503158		-1.0
	19485.00000000	2.72741		1.08519  0.2  0.2		4.1705503158		-1.0
	19530.00000000	2.69043		0.83473  0.2  0.2		4.1705503158		-1.0
	19575.00000000	2.72316		0.23755  0.2  0.2		4.1705503158		-1.0
	19620.00000000	2.67635		-0.36655  0.2  0.2		4.1705503158		-1.0
	19665.00000000	2.70183		-1.0372  0.2  0.2		4.1705503158		-1.0
	19710.00000000	3.4151		-1.16099  0.2  0.2		4.1705503158		-1.0
	19755.00000000	3.02875		-1.5938  0.2  0.2		4.1705503158		-1.0
	19800.00000000	3.22528		-1.55282  0.2  0.2		4.1705503158		-1.0
	19845.00000000	2.90239		-2.21247  0.2  0.2		4.1705503158		-1.0
	19890.00000000	2.62964		-2.2173  0.2  0.2		4.1705503158		-1.0
	19935.00000000	2.66656		-2.64352  0.2  0.2		4.1705503158		-1.0
	19980.00000000	2.73687		-2.66394  0.2  0.2		4.1705503158		-1.0
	20025.00000000	2.75373		2.92158  0.2  0.2		4.1705503158		-1.0
	20070.00000000	2.71811		2.81107  0.2  0.2		4.1705503158		-1.0
	20115.00000000	3.44324		2.27712  0.2  0.2		4.1705503158		-1.0
	20160.00000000	2.68177		1.9357  0.2  0.2		4.1705503158		-1.0
	20205.00000000	2.82224		2.0101  0.2  0.2		4.1705503158		-1.0
	20250.00000000	2.73201		1.70588  0.2  0.2		4.1705503158		-1.0
	20295.00000000	2.63209		2.0383  0.2  0.2		4.1705503158		-1.0
	20340.00000000	3.4491		2.01132  0.2  0.2		4.1705503158		-1.0
	20385.00000000	3.29808		2.33007  0.2  0.2		4.1705503158		-1.0
	20430.00000000	2.61882		2.47225  0.2  0.2		4.1705503158		-1.0
	20475.00000000	3.5067		2.47163  0.2  0.2		4.1705503158		-1.0
	20520.00000000	3.34301		2.62932  0.2  0.2		4.1705503158		-1.0
	20565.00000000	2.6371		2.52138  0.2  0.2		4.1705503158		-1.0
	20610.00000000	3.11287		2.29609  0.2  0.2		4.1705503158		-1.0
	20655.00000000	3.17403		1.90322  0.2  0.2		4.1705503158		-1.0
	20700.00000000	3.22674		1.49988  0.2  0.2		4.1705503158		-1.0
	20744.99999999	3.26607		1.52612  0.2  0.2		4.1705503158		-1.0
	20789.99999999	3.33407		1.23433  0.2  0.2		4.1705503158		-1.0
	20834.99999999	3.24752		1.18349  0.2  0.2		4.1705503158		-1.0
	20879.99999999	3.30095		1.48382  0.2  0.2		4.1705503158		-1.0
	20924.99999999	2.97865		1.41479  0.2  0.2		4.1705503158		-1.0
	20969.99999999	3.40804		1.76164  0.2  0.2		4.1705503158		-1.0
	21014.99999999	2.60897		2.21445  0.2  0.2		4.1705503158		-1.0
	21059.99999999	2.68188		2.27407  0.2  0.2		4.1705503158		-1.0
	21104.99999999	3.2863		2.69186  0.2  0.2		4.1705503158		-1.0
	21149.99999999	3.06892		2.59885  0.2  0.2		4.1705503158		-1.0
	21194.99999999	3.27836		2.95082  0.2  0.2		4.1705503158		-1.0
	21239.99999999	3.2642		3.10441  0.2  0.2		4.1705503158		-1.0
	21284.99999999	3.23742		-3.02894  0.2  0.2		4.1705503158		-1.0
	21329.99999999	2.97053		-2.67665  0.2  0.2		4.1705503158		-1.0
	21374.99999999	3.46599		-2.68134  0.2  0.2		4.1705503158		-1.0
	21419.99999999	3.5367		-2.09168  0.2  0.2		4.1705503158		-1.0
	21464.99999999	3.25373		-2.02915  0.2  0.2		4.1705503158		-1.0
	21509.99999999	3.22876		-2.07385  0.2  0.2		4.1705503158		-1.0
	21554.99999999	3.42661		-1.98871  0.2  0.2		4.1705503158		-1.0
	21599.99999999	3.40974		-2.21949  0.2  0.2		4.1705503158		-1.0
	21644.99999999	3.31659		-2.54852  0.2  0.2		4.1705503158		-1.0
	21689.99999999	3.35202		-2.48198  0.2  0.2		4.1705503158		-1.0
	21734.99999999	3.30403		-2.8049  0.2  0.2		4.1705503158		-1.0
	21779.99999999	3.16936		-3.1186  0.2  0.2		4.1705503158		-1.0
	21824.99999999	3.29069		3.02172  0.2  0.2		4.1705503158		-1.0
	21869.99999999	2.93999		2.83579  0.2  0.2		4.1705503158		-1.0
	21914.99999999	2.99565		2.53284  0.2  0.2		4.1705503158		-1.0
	21959.99999999	3.09727		2.39243  0.2  0.2		4.1705503158		-1.0
	22004.99999999	2.76843		2.03096  0.2  0.2		4.1705503158		-1.0
	22049.99999999	2.77109		1.90132  0.2  0.2		4.1705503158		-1.0
	22094.99999999	2.66589		1.46389  0.2  0.2		4.1705503158		-1.0
	22139.99999999	2.67165		1.32369  0.2  0.2		4.1705503158		-1.0
	22184.99999999	2.70747		0.66961  0.2  0.2		4.1705503158		-1.0
	22229.99999999	2.76111		0.52002  0.2  0.2		4.1705503158		-1.0
	22274.99999999	2.63315		-0.63595  0.2  0.2		4.1705503158		-1.0
	22319.99999999	2.74759		-0.80161  0.2  0.2		4.1705503158		-1.0
	22364.99999999	2.74229		-1.34916  0.2  0.2		4.1705503158		-1.0
	22409.99999999	2.73834		-1.27869  0.2  0.2		4.1705503158		-1.0
	22454.99999999	2.67622		-1.77086  0.2  0.2		4.1705503158		-1.0
	22499.99999999	2.66003		-1.55124  0.2  0.2		4.1705503158		-1.0
	22544.99999999	3.87911		-1.70942  0.2  0.2		4.1705503158		-1.0
	22589.99999999	5.40645		-1.675  0.2  0.2		4.1705503158		-1.0
	22634.99999999	7.4215		-1.54828  0.2  0.2		4.1705503158		-1.0
	22679.99999999	8.98569		-1.32373  0.2  0.2		4.1705503158		-1.0
	22724.99999999	10.34781		-0.88481  0.2  0.2		4.1705503158		-1.0
	22769.99999999	11.06004		-0.12954  0.2  0.2		4.1705503158		-1.0
	22814.99999999	11.59851		0.95797  0.2  0.2		4.1705503158		-1.0
	22859.99999999	12.21515		1.15752  0.2  0.2		4.1705503158		-1.0
	22904.99999999	12.99876		1.32707  0.2  0.2		4.1705503158		-1.0
	22949.99999999	14.23011		1.39246  0.2  0.2		4.1705503158		-1.0
	22994.99999999	15.45882		1.58237  0.2  0.2		4.1705503158		-1.0
	23039.99999999	16.81881		1.56417  0.2  0.2		4.1705503158		-1.0
	23084.99999999	17.90722		2.10646  0.2  0.2		4.1705503158		-1.0
	23129.99999999	19.33559		2.66591  0.2  0.2		4.1705503158		-1.0
	23174.99999999	20.46525		2.87198  0.2  0.2		4.1705503158		-1.0
	23219.99999999	21.93152		3.01976  0.2  0.2		4.1705503158		-1.0
	23264.99999999	22.50365		-3.13869  0.2  0.2		4.1705503158		-1.0
	23309.99999999	21.22949		-2.87422  0.2  0.2		4.1705503158		-1.0
	23354.99999999	19.987		-1.89494  0.2  0.2		4.1705503158		-1.0
	23399.99999999	19.03684		-1.37884  0.2  0.2		4.1705503158		-1.0
	23444.99999999	18.12923		-1.07371  0.2  0.2		4.1705503158		-1.0
	23489.99999999	17.21803		-0.77724  0.2  0.2		4.1705503158		-1.0
	23534.99999999	16.35898		-0.62927  0.2  0.2		4.1705503158		-1.0
	23579.99999999	15.43563		-0.54672  0.2  0.2		4.1705503158		-1.0
	23624.99999999	14.50136		-0.3836  0.2  0.2		4.1705503158		-1.0
	23669.99999999	13.49956		-0.26178  0.2  0.2		4.1705503158		-1.0
	23714.99999999	12.36786		-0.09336  0.2  0.2		4.1705503158		-1.0
	23759.99999999	11.01791		0.18295  0.2  0.2		4.1705503158		-1.0
	23804.99999999	9.72288		0.58007  0.2  0.2		4.1705503158		-1.0
	23849.99999999	8.38569		1.44202  0.2  0.2		4.1705503158		-1.0
	23894.99999999	7.2031		2.40111  0.2  0.2		4.1705503158		-1.0
	23939.99999999	6.46158		2.95435  0.2  0.2		4.1705503158		-1.0
	23984.99999999	6.14045		-2.79832  0.2  0.2		4.1705503158		-1.0
	24029.99999999	6.82614		-2.36362  0.2  0.2		4.1705503158		-1.0
	24074.99999999	7.84314		-2.31533  0.2  0.2		4.1705503158		-1.0
	24119.99999999	8.92763		-2.32529  0.2  0.2		4.1705503158		-1.0
	24164.99999999	9.85991		-2.11778  0.2  0.2		4.1705503158		-1.0
	24209.99999999	10.74178		-2.45488  0.2  0.2		4.1705503158		-1.0
	24254.99999999	11.43459		-2.79658  0.2  0.2		4.1705503158		-1.0
	24299.99999999	12.13826		3.0129  0.2  0.2		4.1705503158		-1.0
	24344.99999999	12.8692		2.51066  0.2  0.2		4.1705503158		-1.0
	24389.99999999	13.46561		1.8363  0.2  0.2		4.1705503158		-1.0
	24434.99999999	13.99295		0.6878  0.2  0.2		4.1705503158		-1.0
	24479.99999999	13.95008		-0.00521  0.2  0.2		4.1705503158		-1.0
	24524.99999999	13.95386		-0.62409  0.2  0.2		4.1705503158		-1.0
	24569.99999999	13.85604		-1.1149  0.2  0.2		4.1705503158		-1.0
	24614.99999999	14.11062		-1.73406  0.2  0.2		4.1705503158		-1.0
	24659.99999999	14.60965		-2.14438  0.2  0.2		4.1705503158		-1.0
	24704.99999999	15.24013		-1.74802  0.2  0.2		4.1705503158		-1.0
	24749.99999999	15.79746		-1.33834  0.2  0.2		4.1705503158		-1.0
	24794.99999999	16.33365		-1.58008  0.2  0.2		4.1705503158		-1.0
	24839.99999999	17.15681		-1.93481  0.2  0.2		4.1705503158		-1.0
	24884.99999999	18.36018		-2.6841  0.2  0.2		4.1705503158		-1.0
	24929.99999999	19.67548		-2.75776  0.2  0.2		4.1705503158		-1.0
	24974.99999999	21.37488		-1.47802  0.2  0.2		4.1705503158		-1.0
	25019.99999999	22.88913		-1.89811  0.2  0.2		4.1705503158		-1.0
	25064.99999999	24.1815		-2.26247  0.2  0.2		4.1705503158		-1.0
	25109.99999999	25.36856		-2.68657  0.2  0.2		4.1705503158		-1.0
	25154.99999999	26.51862		2.31601  0.2  0.2		4.1705503158		-1.0
	25199.99999999	27.61413		0.40472  0.2  0.2		4.1705503158		-1.0
	25244.99999999	28.55187		-0.27835  0.2  0.2		4.1705503158		-1.0
	25289.99999999	28.91974		-1.01846  0.2  0.2		4.1705503158		-1.0
	25334.99999999	29.16539		-1.70115  0.2  0.2		4.1705503158		-1.0
	25379.99999999	29.93043		-2.63133  0.2  0.2		4.1705503158		-1.0
	25424.99999999	30.87174		-1.98782  0.2  0.2		4.1705503158		-1.0
	25469.99999999	31.842		-1.94028  0.2  0.2		4.1705503158		-1.0
	25514.99999999	32.60769		-0.53432  0.2  0.2		4.1705503158		-1.0
	25559.99999999	32.77289		-0.01627  0.2  0.2		4.1705503158		-1.0
	25604.99999999	32.57099		-0.48969  0.2  0.2		4.1705503158		-1.0
	25649.99999999	31.72294		-0.19774  0.2  0.2		4.1705503158		-1.0
	25694.99999999	30.56416		-0.49306  0.2  0.2		4.1705503158		-1.0
	25739.99999999	29.28891		-0.90293  0.2  0.2		4.1705503158		-1.0
	25784.99999999	28.48094		-1.40535  0.2  0.2		4.1705503158		-1.0
	25829.99999999	27.73584		-1.54496  0.2  0.2		4.1705503158		-1.0
	25874.99999999	26.60399		-1.45646  0.2  0.2		4.1705503158		-1.0
	25919.99999999	25.53089		-0.93364  0.2  0.2		4.1705503158		-1.0
	25964.99999999	24.13115		-0.28027  0.2  0.2		4.1705503158		-1.0
	26009.99999999	22.94142		0.22492  0.2  0.2		4.1705503158		-1.0
	26054.99999999	21.41465		0.67434  0.2  0.2		4.1705503158		-1.0
	26099.99999999	19.9255		0.69923  0.2  0.2		4.1705503158		-1.0
	26144.99999999	18.45002		0.81264  0.2  0.2		4.1705503158		-1.0
	26189.99999999	17.06263		0.53834  0.2  0.2		4.1705503158		-1.0
	26234.99999999	15.95596		0.20305  0.2  0.2		4.1705503158		-1.0
	26279.99999999	14.70245		0.18738  0.2  0.2		4.1705503158		-1.0
	26324.99999999	13.61073		0.53153  0.2  0.2		4.1705503158		-1.0
	26369.99999999	12.1164		0.75638  0.2  0.2		4.1705503158		-1.0
	26414.99999999	10.76323		0.94484  0.2  0.2		4.1705503158		-1.0
	26459.99999999	9.51405		1.07171  0.2  0.2		4.1705503158		-1.0
	26504.99999999	8.37498		1.28649  0.2  0.2		4.1705503158		-1.0
	26549.99999999	7.91955		1.45719  0.2  0.2		4.1705503158		-1.0
	26594.99999999	8.14599		1.86632  0.2  0.2		4.1705503158		-1.0
	26639.99999999	8.75499		2.20744  0.2  0.2		4.1705503158		-1.0
	26684.99999999	9.89433		2.56152  0.2  0.2		4.1705503158		-1.0
	26729.99999999	11.28806		2.60375  0.2  0.2		4.1705503158		-1.0
	26774.99999999	12.99111		2.8019  0.2  0.2		4.1705503158		-1.0
	26819.99999999	14.58974		2.70178  0.2  0.2		4.1705503158		-1.0
	26864.99999999	16.33104		2.74071  0.2  0.2		4.1705503158		-1.0
	26909.99999999	17.98722		2.60175  0.2  0.2		4.1705503158		-1.0
	26954.99999999	19.56213		2.39995  0.2  0.2		4.1705503158		-1.0
	26999.99999999	20.52121		2.11529  0.2  0.2		4.1705503158		-1.0
	27044.99999999	21.42194		1.72692  0.2  0.2		4.1705503158		-1.0
	27089.99999999	22.02428		1.27716  0.2  0.2		4.1705503158		-1.0
	27134.99999999	22.57212		0.09027  0.2  0.2		4.1705503158		-1.0
	27179.99999999	22.9298		-1.61056  0.2  0.2		4.1705503158		-1.0
	27224.99999998	23.46437		-3.12613  0.2  0.2		4.1705503158		-1.0
	27269.99999998	23.93034		2.37195  0.2  0.2		4.1705503158		-1.0
	27314.99999998	24.45125		1.7684  0.2  0.2		4.1705503158		-1.0
	27359.99999998	24.73967		1.12715  0.2  0.2		4.1705503158		-1.0
	27404.99999998	24.71824		0.42854  0.2  0.2		4.1705503158		-1.0
	27449.99999998	24.29637		-0.06402  0.2  0.2		4.1705503158		-1.0
	27494.99999998	23.93216		-0.63599  0.2  0.2		4.1705503158		-1.0
	27539.99999998	23.81675		-0.6171  0.2  0.2		4.1705503158		-1.0
	27584.99999998	23.70428		0.36474  0.2  0.2		4.1705503158		-1.0
	27629.99999998	24.43916		0.19588  0.2  0.2		4.1705503158		-1.0
	27674.99999998	25.58852		0.0105  0.2  0.2		4.1705503158		-1.0
	27719.99999998	26.21141		-0.4004  0.2  0.2		4.1705503158		-1.0
	27764.99999998	26.51178		-0.83491  0.2  0.2		4.1705503158		-1.0
	27809.99999998	25.94154		-1.13745  0.2  0.2		4.1705503158		-1.0
	27854.99999998	25.92345		-0.76062  0.2  0.2		4.1705503158		-1.0
	27899.99999998	26.55286		-0.0002  0.2  0.2		4.1705503158		-1.0
	27944.99999998	28.06639		0.71664  0.2  0.2		4.1705503158		-1.0
	27989.99999998	29.61042		2.11381  0.2  0.2		4.1705503158		-1.0
	28034.99999998	29.8951		-2.99985  0.2  0.2		4.1705503158		-1.0
	28079.99999998	28.89319		-2.2949  0.2  0.2		4.1705503158		-1.0
	28124.99999998	28.02437		-1.70931  0.2  0.2		4.1705503158		-1.0
	28169.99999998	27.67949		-1.01262  0.2  0.2		4.1705503158		-1.0
	28214.99999998	27.5025		-0.2276  0.2  0.2		4.1705503158		-1.0
	28259.99999998	26.85778		1.24043  0.2  0.2		4.1705503158		-1.0
	28304.99999998	26.03672		2.05594  0.2  0.2		4.1705503158		-1.0
	28349.99999998	25.32786		2.59824  0.2  0.2		4.1705503158		-1.0
	28394.99999998	24.80592		-2.97603  0.2  0.2		4.1705503158		-1.0
	28439.99999998	24.57983		-1.63586  0.2  0.2		4.1705503158		-1.0
	28484.99999998	24.44615		-0.04285  0.2  0.2		4.1705503158		-1.0
	28529.99999998	24.03857		1.80086  0.2  0.2		4.1705503158		-1.0
	28574.99999998	23.25605		2.83218  0.2  0.2		4.1705503158		-1.0
	28619.99999998	22.55504		-2.53286  0.2  0.2		4.1705503158		-1.0
	28664.99999998	22.1836		-1.6124  0.2  0.2		4.1705503158		-1.0
	28709.99999998	22.07496		-0.63445  0.2  0.2		4.1705503158		-1.0
	28754.99999998	21.91483		0.59626  0.2  0.2		4.1705503158		-1.0
	28799.99999998	21.32862		2.59036  0.2  0.2		4.1705503158		-1.0
	28844.99999998	20.79366		-2.45505  0.2  0.2		4.1705503158		-1.0
	28889.99999998	20.39686		-1.42738  0.2  0.2		4.1705503158		-1.0
	28934.99999998	20.69705		-0.53892  0.2  0.2		4.1705503158		-1.0
	28979.99999998	20.8606		0.58906  0.2  0.2		4.1705503158		-1.0
	29024.99999998	20.89708		2.09527  0.2  0.2		4.1705503158		-1.0
	29069.99999998	20.72816		-2.66194  0.2  0.2		4.1705503158		-1.0
	29114.99999998	20.80376		-1.45762  0.2  0.2		4.1705503158		-1.0
	29159.99999998	20.88835		-0.41798  0.2  0.2		4.1705503158		-1.0
	29204.99999998	21.28121		0.71187  0.2  0.2		4.1705503158		-1.0
	29249.99999998	21.62946		2.08877  0.2  0.2		4.1705503158		-1.0
	29294.99999998	21.85859		-2.83325  0.2  0.2		4.1705503158		-1.0
	29339.99999998	21.92681		-1.85968  0.2  0.2		4.1705503158		-1.0
	29384.99999998	22.11643		-0.92806  0.2  0.2		4.1705503158		-1.0
	29429.99999998	22.55755		-0.06915  0.2  0.2		4.1705503158		-1.0
	29474.99999998	22.91315		1.18415  0.2  0.2		4.1705503158		-1.0
	29519.99999998	22.80671		3.02804  0.2  0.2		4.1705503158		-1.0
	29564.99999998	22.89211		-2.23742  0.2  0.2		4.1705503158		-1.0
	29609.99999998	22.63663		-1.43888  0.2  0.2		4.1705503158		-1.0
	29654.99999998	22.73206		-0.60564  0.2  0.2		4.1705503158		-1.0
	29699.99999998	22.62221		0.06489  0.2  0.2		4.1705503158		-1.0
	29744.99999998	23.15592		1.12709  0.2  0.2		4.1705503158		-1.0
	29789.99999998	22.8919		2.83457  0.2  0.2		4.1705503158		-1.0
	29834.99999998	23.08778		-1.68658  0.2  0.2		4.1705503158		-1.0
	29879.99999998	23.17193		-0.77242  0.2  0.2		4.1705503158		-1.0
	29924.99999998	23.484		0.09207  0.2  0.2		4.1705503158		-1.0
	29969.99999998	23.64922		0.9989  0.2  0.2		4.1705503158		-1.0
	30014.99999998	24.25318		1.81077  0.2  0.2		4.1705503158		-1.0
	30059.99999998	25.30651		2.44051  0.2  0.2		4.1705503158		-1.0
	30104.99999998	25.5414		2.45996  0.2  0.2		4.1705503158		-1.0
	30149.99999998	25.6877		0.92259  0.2  0.2		4.1705503158		-1.0
	30194.99999998	25.20623		1.47339  0.2  0.2		4.1705503158		-1.0
	30239.99999998	24.36838		2.25998  0.2  0.2		4.1705503158		-1.0
	30284.99999998	24.29916		2.93789  0.2  0.2		4.1705503158		-1.0
	30329.99999998	24.59712		-2.43109  0.2  0.2		4.1705503158		-1.0
	30374.99999998	25.47825		-1.82634  0.2  0.2		4.1705503158		-1.0
	30419.99999998	26.4111		-1.12486  0.2  0.2		4.1705503158		-1.0
	30464.99999998	27.17733		-1.83802  0.2  0.2		4.1705503158		-1.0
	30509.99999998	27.62268		0.77754  0.2  0.2		4.1705503158		-1.0
	30554.99999998	27.52311		1.368  0.2  0.2		4.1705503158		-1.0
	30599.99999998	27.54738		-1.5331  0.2  0.2		4.1705503158		-1.0
	30644.99999998	28.13047		-0.84333  0.2  0.2		4.1705503158		-1.0
	30689.99999998	29.48836		-0.20285  0.2  0.2		4.1705503158		-1.0
	30734.99999998	28.66098		0.01433  0.2  0.2		4.1705503158		-1.0
	30779.99999998	27.54228		-0.03715  0.2  0.2		4.1705503158		-1.0
	30824.99999998	26.39241		0.27891  0.2  0.2		4.1705503158		-1.0
	30869.99999998	25.94967		0.96573  0.2  0.2		4.1705503158		-1.0
	30914.99999998	26.65218		1.44059  0.2  0.2		4.1705503158		-1.0
	30959.99999998	27.56938		1.75012  0.2  0.2		4.1705503158		-1.0
	31004.99999998	28.16517		1.46787  0.2  0.2		4.1705503158		-1.0
	31049.99999998	26.34994		0.50599  0.2  0.2		4.1705503158		-1.0
	31094.99999998	25.38896		0.73045  0.2  0.2		4.1705503158		-1.0
	31139.99999998	25.12017		1.26882  0.2  0.2		4.1705503158		-1.0
	31184.99999998	24.81525		1.87658  0.2  0.2		4.1705503158		-1.0
	31229.99999998	24.33034		1.11303  0.2  0.2		4.1705503158		-1.0
	31274.99999998	23.54012		0.65188  0.2  0.2		4.1705503158		-1.0
	31319.99999998	22.05154		0.51155  0.2  0.2		4.1705503158		-1.0
	31364.99999998	20.85235		0.31823  0.2  0.2		4.1705503158		-1.0
	31409.99999998	19.41839		0.24296  0.2  0.2		4.1705503158		-1.0
	31454.99999998	18.07047		0.22631  0.2  0.2		4.1705503158		-1.0
	31499.99999998	17.29437		0.32999  0.2  0.2		4.1705503158		-1.0
	31544.99999998	16.95309		0.08867  0.2  0.2		4.1705503158		-1.0
	31589.99999998	16.44238		-0.59032  0.2  0.2		4.1705503158		-1.0
	31634.99999998	16.09149		-1.22392  0.2  0.2		4.1705503158		-1.0
	31679.99999998	15.85293		-2.24068  0.2  0.2		4.1705503158		-1.0
	31724.99999998	15.70139		3.0396  0.2  0.2		4.1705503158		-1.0
	31769.99999998	15.09293		1.76312  0.2  0.2		4.1705503158		-1.0
	31814.99999998	14.46941		0.74377  0.2  0.2		4.1705503158		-1.0
	31859.99999998	13.55837		-0.00876  0.2  0.2		4.1705503158		-1.0
	31904.99999998	12.62723		-1.20218  0.2  0.2		4.1705503158		-1.0
	31949.99999998	11.67598		2.64639  0.2  0.2		4.1705503158		-1.0
	31994.99999998	10.82473		1.81929  0.2  0.2		4.1705503158		-1.0
	32039.99999998	9.86217		1.45272  0.2  0.2		4.1705503158		-1.0
	32084.99999998	8.57941		1.10588  0.2  0.2		4.1705503158		-1.0
	32129.99999998	7.72052		0.80033  0.2  0.2		4.1705503158		-1.0
	32174.99999998	6.92286		0.28688  0.2  0.2		4.1705503158		-1.0
	32219.99999998	6.47446		-0.11294  0.2  0.2		4.1705503158		-1.0
	32264.99999998	6.42997		-0.27166  0.2  0.2		4.1705503158		-1.0
	32309.99999998	6.95595		-0.74812  0.2  0.2		4.1705503158		-1.0
	32354.99999998	7.32248		-1.09118  0.2  0.2		4.1705503158		-1.0
	32399.99999998	7.26212		-1.46473  0.2  0.2		4.1705503158		-1.0
	32444.99999998	8.28829		-1.75983  0.2  0.2		4.1705503158		-1.0
	32489.99999998	9.47558		-2.11285  0.2  0.2		4.1705503158		-1.0
	32534.99999998	10.83595		-2.63294  0.2  0.2		4.1705503158		-1.0
	32579.99999998	12.02313		-3.01347  0.2  0.2		4.1705503158		-1.0
	32624.99999998	13.1892		2.70629  0.2  0.2		4.1705503158		-1.0
	32669.99999998	13.98165		1.83061  0.2  0.2		4.1705503158		-1.0
	32714.99999998	14.61338		-0.19472  0.2  0.2		4.1705503158		-1.0
	32759.99999998	15.13564		-0.88882  0.2  0.2		4.1705503158		-1.0
	32804.99999998	15.57081		-1.4825  0.2  0.2		4.1705503158		-1.0
	32849.99999998	15.67389		-2.18881  0.2  0.2		4.1705503158		-1.0
	32894.99999998	15.72895		-2.8151  0.2  0.2		4.1705503158		-1.0
	32939.99999998	15.757		2.59382  0.2  0.2		4.1705503158		-1.0
	32984.99999998	15.9888		0.43373  0.2  0.2		4.1705503158		-1.0
	33029.99999998	15.90842		-1.12512  0.2  0.2		4.1705503158		-1.0
	33074.99999998	16.24012		-0.83769  0.2  0.2		4.1705503158		-1.0
	33119.99999998	16.68269		-0.37088  0.2  0.2		4.1705503158		-1.0
	33164.99999998	17.93159		-0.10932  0.2  0.2		4.1705503158		-1.0
	33209.99999998	18.50277		0.38124  0.2  0.2		4.1705503158		-1.0
	33254.99999998	18.97496		0.68002  0.2  0.2		4.1705503158		-1.0
	33299.99999998	19.19382		0.99144  0.2  0.2		4.1705503158		-1.0
	33344.99999998	19.76412		1.26669  0.2  0.2		4.1705503158		-1.0
	33389.99999998	20.06803		1.69411  0.2  0.2		4.1705503158		-1.0
	33434.99999998	20.73771		2.12318  0.2  0.2		4.1705503158		-1.0
	33479.99999998	21.50709		2.43958  0.2  0.2		4.1705503158		-1.0
	33524.99999998	22.48037		2.66277  0.2  0.2		4.1705503158		-1.0
	33569.99999998	22.13183		2.74015  0.2  0.2		4.1705503158		-1.0
	33614.99999998	21.15898		2.8178  0.2  0.2		4.1705503158		-1.0
	33659.99999998	20.14739		3.05984  0.2  0.2		4.1705503158		-1.0
	33704.99999998	19.23041		2.98698  0.2  0.2		4.1705503158		-1.0
	33749.99999997	18.02567		2.86835  0.2  0.2		4.1705503158		-1.0
	33794.99999997	16.91916		3.10474  0.2  0.2		4.1705503158		-1.0
	33839.99999997	15.72522		-3.06772  0.2  0.2		4.1705503158		-1.0
	33884.99999997	14.59254		-2.86072  0.2  0.2		4.1705503158		-1.0
	33929.99999997	13.36962		-2.6042  0.2  0.2		4.1705503158		-1.0
	33974.99999997	12.09553		-2.27396  0.2  0.2		4.1705503158		-1.0
	34019.99999997	10.92519		-1.95981  0.2  0.2		4.1705503158		-1.0
	34064.99999997	9.62385		-1.61308  0.2  0.2		4.1705503158		-1.0
	34109.99999997	8.51629		-1.29792  0.2  0.2		4.1705503158		-1.0
	34154.99999997	7.49213		-0.83684  0.2  0.2		4.1705503158		-1.0
	34199.99999997	6.83914		-0.32764  0.2  0.2		4.1705503158		-1.0
	34244.99999997	7.31693		0.16321  0.2  0.2		4.1705503158		-1.0
	34289.99999997	8.64778		0.53536  0.2  0.2		4.1705503158		-1.0
	34334.99999997	10.10906		0.72379  0.2  0.2		4.1705503158		-1.0
	34379.99999997	11.70149		0.87545  0.2  0.2		4.1705503158		-1.0
	34424.99999997	13.54375		0.76986  0.2  0.2		4.1705503158		-1.0
	34469.99999997	15.51126		0.62288  0.2  0.2		4.1705503158		-1.0
	34514.99999997	16.85565		0.49472  0.2  0.2		4.1705503158		-1.0
	34559.99999997	17.89601		0.48524  0.2  0.2		4.1705503158		-1.0
	34604.99999997	18.65061		0.9292  0.2  0.2		4.1705503158		-1.0
	34649.99999997	19.34383		1.7449  0.2  0.2		4.1705503158		-1.0
	34694.99999997	19.73203		2.28243  0.2  0.2		4.1705503158		-1.0
	34739.99999997	20.30435		2.49591  0.2  0.2		4.1705503158		-1.0
	34784.99999997	20.80028		2.68019  0.2  0.2		4.1705503158		-1.0
	34829.99999997	21.16235		2.72375  0.2  0.2		4.1705503158		-1.0
	34874.99999997	21.61935		2.96805  0.2  0.2		4.1705503158		-1.0
	34919.99999997	22.00297		-2.79403  0.2  0.2		4.1705503158		-1.0
	34964.99999997	22.48674		-2.26364  0.2  0.2		4.1705503158		-1.0
	35009.99999997	22.68556		-1.58877  0.2  0.2		4.1705503158		-1.0
	35054.99999997	22.17169		-0.8852  0.2  0.2		4.1705503158		-1.0
	35099.99999997	21.72704		-0.12518  0.2  0.2		4.1705503158		-1.0
	35144.99999997	21.31074		0.51105  0.2  0.2		4.1705503158		-1.0
	35189.99999997	20.4266		1.10911  0.2  0.2		4.1705503158		-1.0
	35234.99999997	19.40306		1.69865  0.2  0.2		4.1705503158		-1.0
	35279.99999997	18.55907		2.23986  0.2  0.2		4.1705503158		-1.0
	35324.99999997	18.17725		2.91251  0.2  0.2		4.1705503158		-1.0
	35369.99999997	18.88254		0.24701  0.2  0.2		4.1705503158		-1.0
	35414.99999997	20.26057		0.80607  0.2  0.2		4.1705503158		-1.0
	35459.99999997	21.78854		1.21954  0.2  0.2		4.1705503158		-1.0
	35504.99999997	23.57918		1.60203  0.2  0.2		4.1705503158		-1.0
	35549.99999997	25.12593		2.16894  0.2  0.2		4.1705503158		-1.0
	35594.99999997	26.46086		2.36855  0.2  0.2		4.1705503158		-1.0
	35639.99999997	27.90348		2.81961  0.2  0.2		4.1705503158		-1.0
	35684.99999997	28.89574		2.36473  0.2  0.2		4.1705503158		-1.0
	35729.99999997	29.40467		1.20364  0.2  0.2		4.1705503158		-1.0
	35774.99999997	29.6218		0.81897  0.2  0.2		4.1705503158		-1.0
	35819.99999997	29.61885		0.79577  0.2  0.2		4.1705503158		-1.0
	35864.99999997	29.15357		0.58481  0.2  0.2		4.1705503158		-1.0
	35909.99999997	28.2996		0.34266  0.2  0.2		4.1705503158		-1.0
	35954.99999997	27.67788		-0.50635  0.2  0.2		4.1705503158		-1.0
	35999.99999997	27.34919		-1.20229  0.2  0.2		4.1705503158		-1.0
	36044.99999997	26.84011		-0.63241  0.2  0.2		4.1705503158		-1.0
	36089.99999997	26.05621		-0.30905  0.2  0.2		4.1705503158		-1.0
	36134.99999997	25.06663		0.15234  0.2  0.2		4.1705503158		-1.0
	36179.99999997	24.19014		0.62467  0.2  0.2		4.1705503158		-1.0
	36224.99999997	23.70963		1.82891  0.2  0.2		4.1705503158		-1.0
	36269.99999997	23.7355		2.86709  0.2  0.2		4.1705503158		-1.0
	36314.99999997	24.17847		-2.75423  0.2  0.2		4.1705503158		-1.0
	36359.99999997	24.60084		-2.24546  0.2  0.2		4.1705503158		-1.0
	36404.99999997	25.29223		-1.90637  0.2  0.2		4.1705503158		-1.0
	36449.99999997	25.27334		-1.80336  0.2  0.2		4.1705503158		-1.0
	36494.99999997	24.843		-2.38491  0.2  0.2		4.1705503158		-1.0
	36539.99999997	25.05756		-2.93419  0.2  0.2		4.1705503158		-1.0
	36584.99999997	25.9919		-2.89884  0.2  0.2		4.1705503158		-1.0
	36629.99999997	26.90481		-2.24056  0.2  0.2		4.1705503158		-1.0
	36674.99999997	27.15028		-1.18094  0.2  0.2		4.1705503158		-1.0
	36719.99999997	26.65236		-0.92222  0.2  0.2		4.1705503158		-1.0
	36764.99999997	26.78108		-1.44379  0.2  0.2		4.1705503158		-1.0
	36809.99999997	27.01471		-2.26233  0.2  0.2		4.1705503158		-1.0
	36854.99999997	27.90768		-3.08973  0.2  0.2		4.1705503158		-1.0
	36899.99999997	28.28224		1.80482  0.2  0.2		4.1705503158		-1.0
	36944.99999997	28.76825		0.12301  0.2  0.2		4.1705503158		-1.0
	36989.99999997	29.32339		-0.07566  0.2  0.2		4.1705503158		-1.0
	37034.99999997	30.27267		-0.17509  0.2  0.2		4.1705503158		-1.0
	37079.99999997	31.47624		0.00093  0.2  0.2		4.1705503158		-1.0
	37124.99999997	32.39704		0.39657  0.2  0.2		4.1705503158		-1.0
	37169.99999997	32.86425		0.8751  0.2  0.2		4.1705503158		-1.0
	37214.99999997	33.29485		1.00363  0.2  0.2		4.1705503158		-1.0
	37259.99999997	33.99625		1.49033  0.2  0.2		4.1705503158		-1.0
	37304.99999997	34.51144		1.92572  0.2  0.2		4.1705503158		-1.0
	37349.99999997	34.88012		3.10651  0.2  0.2		4.1705503158		-1.0
	37394.99999997	34.83473		-2.61565  0.2  0.2		4.1705503158		-1.0
	37439.99999997	35.27353		-2.80203  0.2  0.2		4.1705503158		-1.0
	37484.99999997	35.61569		-1.74396  0.2  0.2		4.1705503158		-1.0
	37529.99999997	36.43766		2.71159  0.2  0.2		4.1705503158		-1.0
	37574.99999997	36.55376		2.47222  0.2  0.2		4.1705503158		-1.0
	37619.99999997	35.9362		1.52634  0.2  0.2		4.1705503158		-1.0
	37664.99999997	35.2307		0.67316  0.2  0.2		4.1705503158		-1.0
	37709.99999997	33.9875		0.02176  0.2  0.2		4.1705503158		-1.0
	37754.99999997	33.27202		-0.52894  0.2  0.2		4.1705503158		-1.0
	37799.99999997	32.36341		-1.31931  0.2  0.2		4.1705503158		-1.0
	37844.99999997	32.17854		-1.9758  0.2  0.2		4.1705503158		-1.0
	37889.99999997	32.12158		-2.9831  0.2  0.2		4.1705503158		-1.0
	37934.99999997	32.41586		1.6121  0.2  0.2		4.1705503158		-1.0
	37979.99999997	32.33076		0.18966  0.2  0.2		4.1705503158		-1.0
	38024.99999997	31.91049		-0.46775  0.2  0.2		4.1705503158		-1.0
	38069.99999997	31.18231		-1.04043  0.2  0.2		4.1705503158		-1.0
	38114.99999997	30.59552		-1.66441  0.2  0.2		4.1705503158		-1.0
	38159.99999997	29.90957		-2.68299  0.2  0.2		4.1705503158		-1.0
	38204.99999997	29.15746		2.51345  0.2  0.2		4.1705503158		-1.0
	38249.99999997	28.61		2.02293  0.2  0.2		4.1705503158		-1.0
	38294.99999997	27.98284		1.91319  0.2  0.2		4.1705503158		-1.0
	38339.99999997	27.0934		2.70215  0.2  0.2		4.1705503158		-1.0
	38384.99999997	25.58221		3.12163  0.2  0.2		4.1705503158		-1.0
	38429.99999997	24.14285		2.82952  0.2  0.2		4.1705503158		-1.0
	38474.99999997	22.90679		2.5314  0.2  0.2		4.1705503158		-1.0
	38519.99999997	22.15036		1.53174  0.2  0.2		4.1705503158		-1.0
	38564.99999997	22.30027		0.76465  0.2  0.2		4.1705503158		-1.0
	38609.99999997	23.31741		0.61673  0.2  0.2		4.1705503158		-1.0
	38654.99999997	24.02389		0.75876  0.2  0.2		4.1705503158		-1.0
	38699.99999997	24.22256		1.41703  0.2  0.2		4.1705503158		-1.0
	38744.99999997	23.76927		1.53065  0.2  0.2		4.1705503158		-1.0
	38789.99999997	22.80256		1.2259  0.2  0.2		4.1705503158		-1.0
	38834.99999997	22.34223		0.31784  0.2  0.2		4.1705503158		-1.0
	38879.99999997	21.94633		-0.17872  0.2  0.2		4.1705503158		-1.0
	38924.99999997	21.64747		-0.48192  0.2  0.2		4.1705503158		-1.0
	38969.99999997	20.90386		-0.38936  0.2  0.2		4.1705503158		-1.0
	39014.99999997	19.79887		-0.13921  0.2  0.2		4.1705503158		-1.0
	39059.99999997	18.20837		0.17867  0.2  0.2		4.1705503158		-1.0
	39104.99999997	16.19711		0.03518  0.2  0.2		4.1705503158		-1.0
	39149.99999997	15.1682		-0.32844  0.2  0.2		4.1705503158		-1.0
	39194.99999997	14.33299		-1.6479  0.2  0.2		4.1705503158		-1.0
	39239.99999997	14.09727		-2.07259  0.2  0.2		4.1705503158		-1.0
	39284.99999997	13.55197		-2.06494  0.2  0.2		4.1705503158		-1.0
	39329.99999997	13.03594		-2.26538  0.2  0.2		4.1705503158		-1.0
	39374.99999997	12.0556		-2.29827  0.2  0.2		4.1705503158		-1.0
	39419.99999997	11.16613		-2.3326  0.2  0.2		4.1705503158		-1.0
	39464.99999997	10.04063		-2.41795  0.2  0.2		4.1705503158		-1.0
	39509.99999997	8.58228		-2.74921  0.2  0.2		4.1705503158		-1.0
	39554.99999997	7.35073		-3.01326  0.2  0.2		4.1705503158		-1.0
	39599.99999997	6.32299		2.49174  0.2  0.2		4.1705503158		-1.0
	39644.99999997	6.03512		1.7811  0.2  0.2		4.1705503158		-1.0
	39689.99999997	7.32307		1.37069  0.2  0.2		4.1705503158		-1.0
	39734.99999997	8.37611		1.11511  0.2  0.2		4.1705503158		-1.0
	39779.99999997	9.34751		1.06032  0.2  0.2		4.1705503158		-1.0
	39824.99999997	9.46358		0.73992  0.2  0.2		4.1705503158		-1.0
	39869.99999997	10.05988		0.46002  0.2  0.2		4.1705503158		-1.0
	39914.99999997	10.55683		-0.14579  0.2  0.2		4.1705503158		-1.0
	39959.99999997	11.25117		-0.43478  0.2  0.2		4.1705503158		-1.0
	40004.99999997	11.90949		-0.61512  0.2  0.2		4.1705503158		-1.0
	40049.99999997	12.85845		-0.25567  0.2  0.2		4.1705503158		-1.0
	40094.99999997	13.60991		-1.02035  0.2  0.2		4.1705503158		-1.0
	40139.99999997	14.25704		-1.34789  0.2  0.2		4.1705503158		-1.0
	40184.99999997	14.98626		-1.60375  0.2  0.2		4.1705503158		-1.0
	40229.99999996	15.55513		-1.60517  0.2  0.2		4.1705503158		-1.0
	40274.99999996	16.46179		-2.23551  0.2  0.2		4.1705503158		-1.0
	40319.99999996	17.11682		-2.64976  0.2  0.2		4.1705503158		-1.0
	40364.99999996	18.06127		3.09318  0.2  0.2		4.1705503158		-1.0
	40409.99999996	19.14392		2.77245  0.2  0.2		4.1705503158		-1.0
	40454.99999996	20.21669		2.45227  0.2  0.2		4.1705503158		-1.0
	40499.99999996	21.49959		2.21471  0.2  0.2		4.1705503158		-1.0
	40544.99999996	22.44298		2.03479  0.2  0.2		4.1705503158		-1.0
	40589.99999996	23.47803		1.90029  0.2  0.2		4.1705503158		-1.0
	40634.99999996	24.11152		2.04686  0.2  0.2		4.1705503158		-1.0
	40679.99999996	24.78284		2.19852  0.2  0.2		4.1705503158		-1.0
	40724.99999996	24.57921		2.63653  0.2  0.2		4.1705503158		-1.0
	40769.99999996	24.23296		2.54817  0.2  0.2		4.1705503158		-1.0
	40814.99999996	23.80064		2.98769  0.2  0.2		4.1705503158		-1.0
	40859.99999996	22.86071		2.32001  0.2  0.2		4.1705503158		-1.0
	40904.99999996	21.70982		2.46752  0.2  0.2		4.1705503158		-1.0
	40949.99999996	20.63007		2.16807  0.2  0.2		4.1705503158		-1.0
	40994.99999996	19.63623		1.87808  0.2  0.2		4.1705503158		-1.0
	41039.99999996	18.82184		1.51548  0.2  0.2		4.1705503158		-1.0
	41084.99999996	18.091		1.24309  0.2  0.2		4.1705503158		-1.0
	41129.99999996	17.28774		0.9967  0.2  0.2		4.1705503158		-1.0
	41174.99999996	16.56623		0.91861  0.2  0.2		4.1705503158		-1.0
	41219.99999996	15.65133		0.85778  0.2  0.2		4.1705503158		-1.0
	41264.99999996	14.40639		1.05674  0.2  0.2		4.1705503158		-1.0
	41309.99999996	13.32619		1.26276  0.2  0.2		4.1705503158		-1.0
	41354.99999996	12.29026		1.54359  0.2  0.2		4.1705503158		-1.0
	41399.99999996	11.40568		1.87739  0.2  0.2		4.1705503158		-1.0
	41444.99999996	10.06233		2.52933  0.2  0.2		4.1705503158		-1.0
	41489.99999996	9.35677		-3.02272  0.2  0.2		4.1705503158		-1.0
	41534.99999996	8.54684		-2.27321  0.2  0.2		4.1705503158		-1.0
	41579.99999996	7.94731		-1.64481  0.2  0.2		4.1705503158		-1.0
	41624.99999996	7.30399		-1.15154  0.2  0.2		4.1705503158		-1.0
	41669.99999996	6.44998		-0.63348  0.2  0.2		4.1705503158		-1.0
	41714.99999996	5.97263		-0.33491  0.2  0.2		4.1705503158		-1.0
	41759.99999996	5.87862		-0.59136  0.2  0.2		4.1705503158		-1.0
	41804.99999996	6.90347		-0.34667  0.2  0.2		4.1705503158		-1.0
	41849.99999996	8.43646		-0.25433  0.2  0.2		4.1705503158		-1.0
	41894.99999996	9.89765		-0.17184  0.2  0.2		4.1705503158		-1.0
	41939.99999996	11.58734		-0.17932  0.2  0.2		4.1705503158		-1.0
	41984.99999996	12.93843		-0.36555  0.2  0.2		4.1705503158		-1.0
	42029.99999996	14.31465		-0.6711  0.2  0.2		4.1705503158		-1.0
	42074.99999996	15.25004		-1.29075  0.2  0.2		4.1705503158		-1.0
	42119.99999996	15.77496		-1.74087  0.2  0.2		4.1705503158		-1.0
	42164.99999996	16.44385		-2.27728  0.2  0.2		4.1705503158		-1.0
	42209.99999996	17.05425		3.14158  0.2  0.2		4.1705503158		-1.0
	42254.99999996	17.63942		1.96055  0.2  0.2		4.1705503158		-1.0
	42299.99999996	17.75105		0.66161  0.2  0.2		4.1705503158		-1.0
	42344.99999996	17.36631		-0.17026  0.2  0.2		4.1705503158		-1.0
	42389.99999996	16.5978		-1.03531  0.2  0.2		4.1705503158		-1.0
	42434.99999996	15.98294		-1.97772  0.2  0.2		4.1705503158		-1.0
	42479.99999996	15.95776		-2.94993  0.2  0.2		4.1705503158		-1.0
	42524.99999996	16.92932		2.65025  0.2  0.2		4.1705503158		-1.0
	42569.99999996	17.88976		2.26379  0.2  0.2		4.1705503158		-1.0
	42614.99999996	18.77517		2.60237  0.2  0.2		4.1705503158		-1.0
	42659.99999996	18.81197		-3.06709  0.2  0.2		4.1705503158		-1.0
	42704.99999996	18.50837		-1.80297  0.2  0.2		4.1705503158		-1.0
	42749.99999996	17.92776		-1.32681  0.2  0.2		4.1705503158		-1.0
	42794.99999996	17.27907		-1.36826  0.2  0.2		4.1705503158		-1.0
	42839.99999996	16.56212		-1.97517  0.2  0.2		4.1705503158		-1.0
	42884.99999996	16.91226		-2.55011  0.2  0.2		4.1705503158		-1.0
	42929.99999996	17.65394		-2.65266  0.2  0.2		4.1705503158		-1.0
	42974.99999996	19.08113		-2.39279  0.2  0.2		4.1705503158		-1.0
	43019.99999996	20.35607		-1.95687  0.2  0.2		4.1705503158		-1.0
	43064.99999996	21.48441		-1.6141  0.2  0.2		4.1705503158		-1.0
	43109.99999996	21.78592		-1.23381  0.2  0.2		4.1705503158		-1.0
	43154.99999996	20.59496		1.98236  0.2  0.2		4.1705503158		-1.0
	43199.99999996	19.83685		-2.09737  0.2  0.2		4.1705503158		-1.0
	43244.99999996	18.9612		-2.17155  0.2  0.2		4.1705503158		-1.0
	43289.99999996	17.90434		-2.12937  0.2  0.2		4.1705503158		-1.0
	43334.99999996	16.78757		-2.06423  0.2  0.2		4.1705503158		-1.0
	43379.99999996	16.15544		-1.41913  0.2  0.2		4.1705503158		-1.0
	43424.99999996	15.66922		-0.63175  0.2  0.2		4.1705503158		-1.0
	43469.99999996	15.69997		-0.09315  0.2  0.2		4.1705503158		-1.0
	43514.99999996	15.40318		0.31603  0.2  0.2		4.1705503158		-1.0
	43559.99999996	14.81218		0.55196  0.2  0.2		4.1705503158		-1.0
	43604.99999996	14.06415		0.83413  0.2  0.2		4.1705503158		-1.0
	43649.99999996	13.36665		1.48229  0.2  0.2		4.1705503158		-1.0
	43694.99999996	13.11123		2.46215  0.2  0.2		4.1705503158		-1.0
	43739.99999996	12.8185		-3.13383  0.2  0.2		4.1705503158		-1.0
	43784.99999996	12.70418		-2.79278  0.2  0.2		4.1705503158		-1.0
	43829.99999996	12.25119		-2.35471  0.2  0.2		4.1705503158		-1.0
	43874.99999996	12.78016		-2.00211  0.2  0.2		4.1705503158		-1.0
	43919.99999996	13.32217		-1.46538  0.2  0.2		4.1705503158		-1.0
	43964.99999996	13.20687		-0.41928  0.2  0.2		4.1705503158		-1.0
	44009.99999996	13.01389		-0.12008  0.2  0.2		4.1705503158		-1.0
	44054.99999996	13.20037		0.23772  0.2  0.2		4.1705503158		-1.0
	44099.99999996	13.65354		0.42288  0.2  0.2		4.1705503158		-1.0
	44144.99999996	14.21255		0.6704  0.2  0.2		4.1705503158		-1.0
	44189.99999996	15.00155		0.49823  0.2  0.2		4.1705503158		-1.0
	44234.99999996	16.37388		0.46881  0.2  0.2		4.1705503158		-1.0
	44279.99999996	17.04902		0.06987  0.2  0.2		4.1705503158		-1.0
	44324.99999996	17.7722		0.1278  0.2  0.2		4.1705503158		-1.0
	44369.99999996	17.27957		0.43474  0.2  0.2		4.1705503158		-1.0
	44414.99999996	16.72472		1.4629  0.2  0.2		4.1705503158		-1.0
	44459.99999996	15.53255		1.98117  0.2  0.2		4.1705503158		-1.0
	44504.99999996	14.05276		2.66092  0.2  0.2		4.1705503158		-1.0
	44549.99999996	13.0456		-2.6213  0.2  0.2		4.1705503158		-1.0
	44594.99999996	12.62041		-2.20135  0.2  0.2		4.1705503158		-1.0
	44639.99999996	12.4016		-1.39519  0.2  0.2		4.1705503158		-1.0
	44684.99999996	12.38783		-0.40108  0.2  0.2		4.1705503158		-1.0
	44729.99999996	12.71485		-0.75342  0.2  0.2		4.1705503158		-1.0
	44774.99999996	13.38478		-0.96914  0.2  0.2		4.1705503158		-1.0
	44819.99999996	13.92495		-1.20196  0.2  0.2		4.1705503158		-1.0
	44864.99999996	14.959		-1.32314  0.2  0.2		4.1705503158		-1.0
	44909.99999996	15.70802		-1.32508  0.2  0.2		4.1705503158		-1.0
	44954.99999996	16.16247		-0.19858  0.2  0.2		4.1705503158		-1.0
	44999.99999996	16.09538		-0.10859  0.2  0.2		4.1705503158		-1.0
	45044.99999996	15.73871		1.24453  0.2  0.2		4.1705503158		-1.0
	45089.99999996	15.62985		1.45753  0.2  0.2		4.1705503158		-1.0
	45134.99999996	15.26676		2.82978  0.2  0.2		4.1705503158		-1.0
	45179.99999996	15.14398		-2.8094  0.2  0.2		4.1705503158		-1.0
	45224.99999996	14.50239		-1.96178  0.2  0.2		4.1705503158		-1.0
	45269.99999996	14.29523		-1.3398  0.2  0.2		4.1705503158		-1.0
	45314.99999996	13.95801		-0.39036  0.2  0.2		4.1705503158		-1.0
	45359.99999996	14.2187		0.45209  0.2  0.2		4.1705503158		-1.0
	45404.99999996	13.9686		1.43368  0.2  0.2		4.1705503158		-1.0
	45449.99999996	14.10576		-2.5511  0.2  0.2		4.1705503158		-1.0
	45494.99999996	13.49507		-2.12315  0.2  0.2		4.1705503158		-1.0
	45539.99999996	12.87539		-1.69607  0.2  0.2		4.1705503158		-1.0
	45584.99999996	11.60132		-1.32511  0.2  0.2		4.1705503158		-1.0
	45629.99999996	10.61066		-0.88214  0.2  0.2		4.1705503158		-1.0
	45674.99999996	9.54281		-0.20453  0.2  0.2		4.1705503158		-1.0
	45719.99999996	9.03689		0.23309  0.2  0.2		4.1705503158		-1.0
	45764.99999996	7.85792		0.3782  0.2  0.2		4.1705503158		-1.0
	45809.99999996	7.5259		0.16351  0.2  0.2		4.1705503158		-1.0
	45854.99999996	6.62729		-0.48316  0.2  0.2		4.1705503158		-1.0
	45899.99999996	6.77421		-1.01502  0.2  0.2		4.1705503158		-1.0
	45944.99999996	6.98272		1.61587  0.2  0.2		4.1705503158		-1.0
	45989.99999996	8.13275		1.62852  0.2  0.2		4.1705503158		-1.0
	46034.99999996	9.16298		1.21982  0.2  0.2		4.1705503158		-1.0
	46079.99999996	9.70384		1.19766  0.2  0.2		4.1705503158		-1.0
	46124.99999996	10.22077		1.24998  0.2  0.2		4.1705503158		-1.0
	46169.99999996	10.95003		1.40231  0.2  0.2		4.1705503158		-1.0
	46214.99999996	11.87118		1.74754  0.2  0.2		4.1705503158		-1.0
	46259.99999996	12.79076		1.9913  0.2  0.2		4.1705503158		-1.0
	46304.99999996	13.76654		2.3551  0.2  0.2		4.1705503158		-1.0
	46349.99999996	14.9471		2.38215  0.2  0.2		4.1705503158		-1.0
	46394.99999996	15.86606		2.58112  0.2  0.2		4.1705503158		-1.0
	46439.99999996	16.93631		2.38196  0.2  0.2		4.1705503158		-1.0
	46484.99999996	17.29939		2.15504  0.2  0.2		4.1705503158		-1.0
	46529.99999996	17.81561		1.24976  0.2  0.2		4.1705503158		-1.0
	46574.99999996	17.3957		1.01412  0.2  0.2		4.1705503158		-1.0
	46619.99999996	16.92557		0.54005  0.2  0.2		4.1705503158		-1.0
	46664.99999996	15.24988		0.72502  0.2  0.2		4.1705503158		-1.0
	46709.99999996	14.13484		0.53158  0.2  0.2		4.1705503158		-1.0
	46754.99999995	13.19892		0.34356  0.2  0.2		4.1705503158		-1.0
	46799.99999995	12.32161		0.10215  0.2  0.2		4.1705503158		-1.0
	46844.99999995	11.86902		1.1868  0.2  0.2		4.1705503158		-1.0
	46889.99999995	11.40517		1.76476  0.2  0.2		4.1705503158		-1.0
	46934.99999995	11.74472		1.66134  0.2  0.2		4.1705503158		-1.0
	46979.99999995	12.25204		1.3774  0.2  0.2		4.1705503158		-1.0
	47024.99999995	13.47509		1.52396  0.2  0.2		4.1705503158		-1.0
	47069.99999995	14.78942		1.64477  0.2  0.2		4.1705503158		-1.0
	47114.99999995	15.99769		1.92229  0.2  0.2		4.1705503158		-1.0
	47159.99999995	17.28431		2.14773  0.2  0.2		4.1705503158		-1.0
	47204.99999995	18.09108		2.56467  0.2  0.2		4.1705503158		-1.0
	47249.99999995	18.9001		2.93343  0.2  0.2		4.1705503158		-1.0
	47294.99999995	18.90529		-2.94235  0.2  0.2		4.1705503158		-1.0
	47339.99999995	19.20476		-2.31778  0.2  0.2		4.1705503158		-1.0
	47384.99999995	19.19728		-1.69819  0.2  0.2		4.1705503158		-1.0
	47429.99999995	19.25744		-0.71708  0.2  0.2		4.1705503158		-1.0
	47474.99999995	19.4196		-0.14317  0.2  0.2		4.1705503158		-1.0
	47519.99999995	19.14354		0.64743  0.2  0.2		4.1705503158		-1.0
	47564.99999995	19.63951		0.99047  0.2  0.2		4.1705503158		-1.0
	47609.99999995	20.30102		1.49473  0.2  0.2		4.1705503158		-1.0
	47654.99999995	21.60403		1.50973  0.2  0.2		4.1705503158		-1.0
	47699.99999995	22.71445		1.56714  0.2  0.2		4.1705503158		-1.0
	47744.99999995	23.75569		1.14122  0.2  0.2		4.1705503158		-1.0
	47789.99999995	24.93083		1.41333  0.2  0.2		4.1705503158		-1.0
	47834.99999995	25.77112		2.14495  0.2  0.2		4.1705503158		-1.0
	47879.99999995	25.56017		2.49223  0.2  0.2		4.1705503158		-1.0
	47924.99999995	26.17117		2.46124  0.2  0.2		4.1705503158		-1.0
	47969.99999995	26.98599		2.28055  0.2  0.2		4.1705503158		-1.0
	48014.99999995	27.13005		2.34504  0.2  0.2		4.1705503158		-1.0
	48059.99999995	27.84172		2.08063  0.2  0.2		4.1705503158		-1.0
	48104.99999995	28.52527		2.40863  0.2  0.2		4.1705503158		-1.0
	48149.99999995	29.3208		2.55338  0.2  0.2		4.1705503158		-1.0
	48194.99999995	29.91837		2.82327  0.2  0.2		4.1705503158		-1.0
	48239.99999995	30.50496		2.79808  0.2  0.2		4.1705503158		-1.0
	48284.99999995	31.17364		2.88883  0.2  0.2		4.1705503158		-1.0
	48329.99999995	30.67102		2.88165  0.2  0.2		4.1705503158		-1.0
	48374.99999995	30.06488		2.72698  0.2  0.2		4.1705503158		-1.0
	48419.99999995	29.2274		1.90919  0.2  0.2		4.1705503158		-1.0
	48464.99999995	28.37465		1.50143  0.2  0.2		4.1705503158		-1.0
	48509.99999995	27.85279		0.92762  0.2  0.2		4.1705503158		-1.0
	48554.99999995	27.39102		0.26866  0.2  0.2		4.1705503158		-1.0
	48599.99999995	26.6463		-0.58548  0.2  0.2		4.1705503158		-1.0
	48644.99999995	25.75169		-1.28754  0.2  0.2		4.1705503158		-1.0
	48689.99999995	24.88696		-1.84372  0.2  0.2		4.1705503158		-1.0
	48734.99999995	23.95836		-1.97229  0.2  0.2		4.1705503158		-1.0
	48779.99999995	23.07949		-2.19657  0.2  0.2		4.1705503158		-1.0
	48824.99999995	21.96517		-2.43716  0.2  0.2		4.1705503158		-1.0
	48869.99999995	21.04821		-2.60223  0.2  0.2		4.1705503158		-1.0
	48914.99999995	20.02565		-2.68102  0.2  0.2		4.1705503158		-1.0
	48959.99999995	19.14566		-3.06998  0.2  0.2		4.1705503158		-1.0
	49004.99999995	18.12598		-2.90829  0.2  0.2		4.1705503158		-1.0
	49049.99999995	17.31268		3.04961  0.2  0.2		4.1705503158		-1.0
	49094.99999995	16.10516		3.11316  0.2  0.2		4.1705503158		-1.0
	49139.99999995	15.38914		2.34364  0.2  0.2		4.1705503158		-1.0
	49184.99999995	14.51921		-3.03675  0.2  0.2		4.1705503158		-1.0
	49229.99999995	13.8896		-3.13073  0.2  0.2		4.1705503158		-1.0
	49274.99999995	13.18062		3.05213  0.2  0.2		4.1705503158		-1.0
	49319.99999995	12.63892		-2.99858  0.2  0.2		4.1705503158		-1.0
	49364.99999995	12.151		-2.95845  0.2  0.2		4.1705503158		-1.0
	49409.99999995	11.45362		-2.51835  0.2  0.2		4.1705503158		-1.0
	49454.99999995	11.53417		-2.00282  0.2  0.2		4.1705503158		-1.0
	49499.99999995	11.35131		-1.4441  0.2  0.2		4.1705503158		-1.0
	49544.99999995	11.15867		-0.8012  0.2  0.2		4.1705503158		-1.0
	49589.99999995	10.16471		-0.52735  0.2  0.2		4.1705503158		-1.0
	49634.99999995	9.69404		0.14006  0.2  0.2		4.1705503158		-1.0
	49679.99999995	8.74485		-0.14267  0.2  0.2		4.1705503158		-1.0
	49724.99999995	8.76944		-2.3862  0.2  0.2		4.1705503158		-1.0
	49769.99999995	8.63017		-1.73981  0.2  0.2		4.1705503158		-1.0
	49814.99999995	9.17848		-1.47101  0.2  0.2		4.1705503158		-1.0
	49859.99999995	9.81648		-1.40615  0.2  0.2		4.1705503158		-1.0
	49904.99999995	10.24716		-1.27184  0.2  0.2		4.1705503158		-1.0
	49949.99999995	10.88266		-1.05733  0.2  0.2		4.1705503158		-1.0
	49994.99999995	11.24467		-1.25294  0.2  0.2		4.1705503158		-1.0
