	45.00000000	5.42626		2.00383  0.2  0.2		0.0		-1.0
	90.00000000	4.7667		1.82284  0.2  0.2		0.0		-1.0
	135.00000000	5.34802		1.8281  0.2  0.2		0.0		-1.0
	180.00000000	4.87762		1.60052  0.2  0.2		0.0		-1.0
	225.00000000	5.3624		1.75409  0.2  0.2		0.0		-1.0
	270.00000000	5.30518		1.6605  0.2  0.2		0.0		-1.0
	315.00000000	5.22431		1.68493  0.2  0.2		0.0		-1.0
	360.00000000	5.20684		1.39511  0.2  0.2		0.0		-1.0
	405.00000000	5.49557		1.57553  0.2  0.2		0.0		-1.0
	450.00000000	5.30732		1.18726  0.2  0.2		0.0		-1.0
	495.00000000	5.21278		1.10756  0.2  0.2		0.0		-1.0
	540.00000000	5.50541		1.01247  0.2  0.2		0.1573792572		-1.0
	585.00000000	5.1476		0.80098  0.2  0.2		0.0		-1.0
	630.00000000	5.23566		0.88291  0.2  0.2		0.0		-1.0
	675.00000000	4.97517		0.89517  0.2  0.2		0.0		-1.0
	720.00000000	5.51924		1.03082  0.2  0.2		1.9410108388		-1.0
	765.00000000	5.35859		0.89159  0.2  0.2		0.0		-1.0
	810.00000000	5.49563		1.09316  0.2  0.2		0.0		-1.0
	855.00000000	5.30619		1.0245  0.2  0.2		0.0		-1.0
	900.00000000	5.29887		1.18807  0.2  0.2		0.0		-1.0
	945.00000000	5.51474		1.15058  0.2  0.2		1.1278846766		-1.0
	990.00000000	5.519		1.20449  0.2  0.2		1.8885510864		-1.0
	1035.00000000	5.30375		1.13101  0.2  0.2		0.0		-1.0
	1080.00000000	5.49201		1.37148  0.2  0.2		0.0		-1.0
	1125.00000000	5.448		1.15821  0.2  0.2		0.0		-1.0
	1170.00000000	5.44167		1.14722  0.2  0.2		0.0		-1.0
	1215.00000000	5.34311		1.18008  0.2  0.2		0.0		-1.0
	1260.00000000	5.46438		1.41875  0.2  0.2		0.0		-1.0
	1305.00000000	5.36222		1.59642  0.2  0.2		0.0		-1.0
	1350.00000000	5.2065		1.66962  0.2  0.2		0.0		-1.0
	1395.00000000	5.41146		1.73002  0.2  0.2		0.0		-1.0
	1440.00000000	5.47707		1.93329  0.2  0.2		0.0		-1.0
	1485.00000000	5.39778		2.06047  0.2  0.2		0.0		-1.0
	1530.00000000	5.43879		2.11161  0.2  0.2		0.0		-1.0
	1575.00000000	5.43009		2.24701  0.2  0.2		0.0		-1.0
	1620.00000000	5.45086		2.34921  0.2  0.2		0.0		-1.0
	1665.00000000	5.35438		2.27407  0.2  0.2		0.0		-1.0
	1710.00000000	5.40366		2.27856  0.2  0.2		0.0		-1.0
	1755.00000000	5.45978		2.41628  0.2  0.2		0.0		-1.0
	1800.00000000	5.25438		2.76274  0.2  0.2		0.0		-1.0
	1845.00000000	5.43363		2.82136  0.2  0.2		0.0		-1.0
	1890.00000000	5.1784		2.92451  0.2  0.2		0.0		-1.0
	1935.00000000	5.37688		2.87567  0.2  0.2		0.0		-1.0
	1980.00000000	5.4885		3.096  0.2  0.2		0.0		-1.0
	2025.00000000	5.36661		3.104  0.2  0.2		0.0		-1.0
	2070.00000000	5.4718		-2.87483  0.2  0.2		0.0		-1.0
	2115.00000000	5.15426		-2.79412  0.2  0.2		0.0		-1.0
	2160.00000000	5.36489		-2.52988  0.2  0.2		0.0		-1.0
	2205.00000000	5.28876		-2.42427  0.2  0.2		0.0		-1.0
	2250.00000000	4.86387		-2.19086  0.2  0.2		0.0		-1.0
	2295.00000000	5.44045		-2.04188  0.2  0.2		0.0		-1.0
	2340.00000000	5.45993		-1.98368  0.2  0.2		0.0		-1.0
	2385.00000000	5.48351		-1.92247  0.2  0.2		0.0		-1.0
	2430.00000000	5.47411		-1.83715  0.2  0.2		0.0		-1.0
	2475.00000000	5.44571		-1.65506  0.2  0.2		0.0		-1.0
	2520.00000000	5.43304		-1.79497  0.2  0.2		0.0		-1.0
	2565.00000000	5.48698		-1.96184  0.2  0.2		0.0		-1.0
	2610.00000000	5.52029		-1.65662  0.2  0.2		2.1508498484		-1.0
	2655.00000000	5.44524		-1.29817  0.2  0.2		0.0		-1.0
	2700.00000000	5.38127		-1.27837  0.2  0.2		0.0		-1.0
	2745.00000000	5.27265		-1.11434  0.2  0.2		0.0		-1.0
	2790.00000000	5.4501		-1.30201  0.2  0.2		0.0		-1.0
	2835.00000000	5.51925		-1.01  0.2  0.2		1.9410108388		-1.0
	2880.00000000	5.45953		-0.9641  0.2  0.2		0.0		-1.0
	2925.00000000	5.40824		-0.85188  0.2  0.2		0.0		-1.0
	2970.00000000	5.43306		-1.31414  0.2  0.2		0.0		-1.0
	3015.00000000	5.44731		-1.39812  0.2  0.2		0.0		-1.0
	3060.00000000	5.41509		-1.82326  0.2  0.2		0.0		-1.0
	3105.00000000	5.13745		-1.69775  0.2  0.2		0.0		-1.0
	3150.00000000	5.42265		-1.75617  0.2  0.2		0.0		-1.0
	3195.00000000	5.3701		-1.45523  0.2  0.2		0.0		-1.0
	3240.00000000	5.31908		-1.56934  0.2  0.2		0.0		-1.0
	3285.00000000	5.45196		-1.29138  0.2  0.2		0.0		-1.0
	3330.00000000	5.41587		-1.33439  0.2  0.2		0.0		-1.0
	3375.00000000	5.33515		-1.28311  0.2  0.2		0.0		-1.0
	3420.00000000	5.49657		-1.48178  0.2  0.2		0.0		-1.0
	3465.00000000	5.35086		-1.5406  0.2  0.2		0.0		-1.0
	3510.00000000	5.43455		-1.59419  0.2  0.2		0.0		-1.0
	3555.00000000	5.37522		-1.61227  0.2  0.2		0.0		-1.0
	3600.00000000	5.50279		-1.6921  0.2  0.2		0.0524597524		-1.0
	3645.00000000	5.26858		-2.04051  0.2  0.2		0.0		-1.0
	3690.00000000	5.49432		-2.03845  0.2  0.2		0.0		-1.0
	3735.00000000	5.46396		-2.32812  0.2  0.2		0.0		-1.0
	3780.00000000	5.29374		-2.36252  0.2  0.2		0.0		-1.0
	3825.00000000	5.37094		-2.93706  0.2  0.2		0.0		-1.0
	3870.00000000	5.49441		-3.1264  0.2  0.2		0.0		-1.0
	3915.00000000	5.34902		2.98786  0.2  0.2		0.0		-1.0
	3960.00000000	5.48936		2.86306  0.2  0.2		0.0		-1.0
	4005.00000000	5.47059		2.47756  0.2  0.2		0.0		-1.0
	4050.00000000	5.33939		2.16476  0.2  0.2		0.0		-1.0
	4095.00000000	5.4091		1.94745  0.2  0.2		0.0		-1.0
	4140.00000000	5.36887		1.88921  0.2  0.2		0.0		-1.0
	4185.00000000	5.50625		1.794  0.2  0.2		0.2098390096		-1.0
	4230.00000000	5.40468		1.65162  0.2  0.2		0.0		-1.0
	4275.00000000	5.41526		1.62624  0.2  0.2		0.0		-1.0
	4320.00000000	5.44506		1.48826  0.2  0.2		0.0		-1.0
	4365.00000000	5.31749		1.45807  0.2  0.2		0.0		-1.0
	4410.00000000	5.47871		1.49993  0.2  0.2		0.0		-1.0
	4455.00000000	5.43985		1.67178  0.2  0.2		0.0		-1.0
	4500.00000000	5.38483		1.80667  0.2  0.2		0.0		-1.0
	4545.00000000	5.35675		1.86409  0.2  0.2		0.0		-1.0
	4590.00000000	5.44839		1.9462  0.2  0.2		0.0		-1.0
	4635.00000000	5.48039		1.7241  0.2  0.2		0.0		-1.0
	4680.00000000	5.40518		1.18871  0.2  0.2		0.0		-1.0
	4725.00000000	5.46159		1.07113  0.2  0.2		0.0		-1.0
	4770.00000000	5.2221		0.84113  0.2  0.2		0.0		-1.0
	4815.00000000	5.23168		0.60305  0.2  0.2		0.0		-1.0
	4860.00000000	5.4318		0.31662  0.2  0.2		0.0		-1.0
	4905.00000000	5.48909		0.11914  0.2  0.2		0.0		-1.0
	4950.00000000	5.17568		-0.14779  0.2  0.2		0.0		-1.0
	4995.00000000	5.50321		-0.38725  0.2  0.2		0.0524597524		-1.0
	5040.00000000	5.41521		-0.79826  0.2  0.2		0.0		-1.0
	5085.00000000	5.47486		-1.00235  0.2  0.2		0.0		-1.0
	5130.00000000	5.44405		-1.13959  0.2  0.2		0.0		-1.0
	5175.00000000	5.38424		-1.18883  0.2  0.2		0.0		-1.0
	5220.00000000	5.45455		-1.38808  0.2  0.2		0.0		-1.0
	5265.00000000	5.44499		-1.7167  0.2  0.2		0.0		-1.0
	5310.00000000	5.38439		-1.78985  0.2  0.2		0.0		-1.0
	5355.00000000	5.50311		-2.13423  0.2  0.2		0.0524597524		-1.0
	5400.00000000	5.35664		-2.25169  0.2  0.2		0.0		-1.0
	5445.00000000	5.458		-2.50619  0.2  0.2		0.0		-1.0
	5490.00000000	5.48496		-2.77922  0.2  0.2		0.0		-1.0
	5535.00000000	5.52142		3.12345  0.2  0.2		2.4131486104		-1.0
	5580.00000000	5.51952		3.02061  0.2  0.2		1.9934705912		-1.0
	5625.00000000	5.4678		3.0918  0.2  0.2		0.0		-1.0
	5670.00000000	5.21631		3.13834  0.2  0.2		0.0		-1.0
	5715.00000000	5.3363		-2.96168  0.2  0.2		0.0		-1.0
	5760.00000000	5.43648		-3.01039  0.2  0.2		0.0		-1.0
	5805.00000000	5.51362		-3.09238  0.2  0.2		0.9705054194		-1.0
	5850.00000000	5.51068		2.80476  0.2  0.2		0.6032871526		-1.0
	5895.00000000	5.47383		2.69484  0.2  0.2		0.0		-1.0
	5940.00000000	5.32323		2.82517  0.2  0.2		0.0		-1.0
	5985.00000000	5.46107		2.85383  0.2  0.2		0.0		-1.0
	6030.00000000	5.4371		2.45997  0.2  0.2		0.0		-1.0
	6075.00000000	5.44743		2.42483  0.2  0.2		0.0		-1.0
	6120.00000000	5.50503		2.27021  0.2  0.2		0.131149381		-1.0
	6165.00000000	5.44803		2.43053  0.2  0.2		0.0		-1.0
	6210.00000000	5.48553		2.26038  0.2  0.2		0.0		-1.0
	6255.00000000	5.49633		2.1498  0.2  0.2		0.0		-1.0
	6300.00000000	5.47213		2.00651  0.2  0.2		0.0		-1.0
	6345.00000000	5.39269		2.4398  0.2  0.2		0.0		-1.0
	6390.00000000	5.45529		2.18696  0.2  0.2		0.0		-1.0
	6435.00000000	5.46594		1.71183  0.2  0.2		0.0		-1.0
	6480.00000000	5.46985		1.52782  0.2  0.2		0.0		-1.0
	6525.00000000	5.44198		1.78491  0.2  0.2		0.0		-1.0
	6570.00000000	5.53212		1.73796  0.2  0.2		5.4033544972		-1.0
	6615.00000000	5.3169		1.98122  0.2  0.2		0.0		-1.0
	6660.00000000	5.42892		1.75656  0.2  0.2		0.0		-1.0
	6705.00000000	5.50753		1.23491  0.2  0.2		0.2885286382		-1.0
	6750.00000000	5.47464		0.61439  0.2  0.2		0.0		-1.0
	6795.00000000	5.48668		0.13223  0.2  0.2		0.0		-1.0
	6840.00000000	5.43466		0.04687  0.2  0.2		0.0		-1.0
	6885.00000000	5.40743		0.05311  0.2  0.2		0.0		-1.0
	6930.00000000	5.44834		0.46718  0.2  0.2		0.0		-1.0
	6975.00000000	5.41308		0.75615  0.2  0.2		0.0		-1.0
	7020.00000000	5.5069		1.25836  0.2  0.2		0.262298762		-1.0
	7065.00000000	5.35012		1.37413  0.2  0.2		0.0		-1.0
	7110.00000000	5.51281		1.49646  0.2  0.2		0.8655859146		-1.0
	7155.00000000	5.20734		1.43173  0.2  0.2		0.0		-1.0
	7200.00000000	5.491		1.38527  0.2  0.2		0.0		-1.0
	7245.00000000	5.01833		1.40824  0.2  0.2		0.0		-1.0
	7290.00000000	5.42579		1.5303  0.2  0.2		0.0		-1.0
	7335.00000000	5.3155		1.5958  0.2  0.2		0.0		-1.0
	7380.00000000	5.51053		1.74849  0.2  0.2		0.5770572764		-1.0
	7425.00000000	5.44157		1.66484  0.2  0.2		0.0		-1.0
	7470.00000000	5.50766		1.58566  0.2  0.2		0.3147585144		-1.0
	7515.00000000	5.49205		1.54178  0.2  0.2		0.0		-1.0
	7560.00000000	5.48316		1.77788  0.2  0.2		0.0		-1.0
	7605.00000000	5.42952		2.04221  0.2  0.2		0.0		-1.0
	7650.00000000	5.26135		2.49687  0.2  0.2		0.0		-1.0
	7695.00000000	5.39389		2.56406  0.2  0.2		0.0		-1.0
	7740.00000000	5.3033		2.81915  0.2  0.2		0.0		-1.0
	7785.00000000	5.07904		2.96743  0.2  0.2		0.0		-1.0
	7830.00000000	5.45664		-2.94814  0.2  0.2		0.0		-1.0
	7875.00000000	5.21765		-2.83139  0.2  0.2		0.0		-1.0
	7920.00000000	5.42557		-2.76607  0.2  0.2		0.0		-1.0
	7965.00000000	5.44188		-2.88132  0.2  0.2		0.0		-1.0
	8010.00000000	5.47104		-2.73056  0.2  0.2		0.0		-1.0
	8055.00000000	5.49768		-2.42649  0.2  0.2		0.0		-1.0
	8100.00000000	5.44679		-2.25461  0.2  0.2		0.0		-1.0
	8145.00000000	5.2665		-2.14234  0.2  0.2		0.0		-1.0
	8190.00000000	5.37653		-2.16079  0.2  0.2		0.0		-1.0
	8235.00000000	5.4643		-1.99061  0.2  0.2		0.0		-1.0
	8280.00000000	5.47655		-2.07122  0.2  0.2		0.0		-1.0
	8325.00000000	5.42731		-1.77561  0.2  0.2		0.0		-1.0
	8370.00000000	5.40741		-1.71896  0.2  0.2		0.0		-1.0
	8415.00000000	5.40863		-1.45216  0.2  0.2		0.0		-1.0
	8460.00000000	5.50045		-1.98509  0.2  0.2		0.0		-1.0
	8505.00000000	5.4712		-1.74375  0.2  0.2		0.0		-1.0
	8550.00000000	5.40465		-1.99627  0.2  0.2		0.0		-1.0
	8595.00000000	5.41238		-1.72508  0.2  0.2		0.0		-1.0
	8640.00000000	5.28675		-1.9714  0.2  0.2		0.0		-1.0
	8685.00000000	5.46699		-1.67368  0.2  0.2		0.0		-1.0
	8730.00000000	5.29369		-1.6839  0.2  0.2		0.0		-1.0
	8775.00000000	5.40913		-1.57188  0.2  0.2		0.0		-1.0
	8820.00000000	5.42624		-1.7702  0.2  0.2		0.0		-1.0
	8865.00000000	5.18441		-1.52387  0.2  0.2		0.0		-1.0
	8910.00000000	5.25208		-1.4657  0.2  0.2		0.0		-1.0
	8955.00000000	5.44402		-1.31738  0.2  0.2		0.0		-1.0
	9000.00000000	5.45102		-1.67447  0.2  0.2		0.0		-1.0
	9045.00000000	5.43059		-1.65799  0.2  0.2		0.0		-1.0
	9090.00000000	5.37465		-1.85793  0.2  0.2		0.0		-1.0
	9135.00000000	5.38173		-2.03405  0.2  0.2		0.0		-1.0
	9180.00000000	5.49257		-1.98446  0.2  0.2		0.0		-1.0
	9225.00000000	5.49982		-1.82517  0.2  0.2		0.0		-1.0
	9270.00000000	5.41939		-1.77635  0.2  0.2		0.0		-1.0
	9315.00000000	5.508		-1.60772  0.2  0.2		0.3409883906		-1.0
	9360.00000000	5.5111		-1.5542  0.2  0.2		0.655746905		-1.0
	9405.00000000	5.50001		-1.48598  0.2  0.2		0.0		-1.0
	9450.00000000	5.42397		-1.46994  0.2  0.2		0.0		-1.0
	9495.00000000	5.49119		-1.66398  0.2  0.2		0.0		-1.0
	9540.00000000	5.45847		-1.76345  0.2  0.2		0.0		-1.0
	9585.00000000	5.41277		-1.7843  0.2  0.2		0.0		-1.0
	9630.00000000	5.1006		-2.00381  0.2  0.2		0.0		-1.0
	9675.00000000	5.52681		-2.07014  0.2  0.2		3.7771021728		-1.0
	9720.00000000	5.3413		-2.06541  0.2  0.2		0.0		-1.0
	9765.00000000	5.46918		-2.09155  0.2  0.2		0.0		-1.0
	9810.00000000	5.47427		-2.32598  0.2  0.2		0.0		-1.0
	9855.00000000	5.34179		-2.4769  0.2  0.2		0.0		-1.0
	9900.00000000	5.36061		-2.7195  0.2  0.2		0.0		-1.0
	9945.00000000	5.47276		-2.59413  0.2  0.2		0.0		-1.0
	9990.00000000	5.3247		-2.69679  0.2  0.2		0.0		-1.0
	10035.00000000	5.54877		-2.73461  0.2  0.2		12.4854210712		-1.0
	10080.00000000	5.42974		3.08695  0.2  0.2		0.0		-1.0
	10125.00000000	5.3261		2.9014  0.2  0.2		0.0		-1.0
	10170.00000000	5.40947		2.71919  0.2  0.2		0.0		-1.0
	10215.00000000	5.5197		2.56797  0.2  0.2		2.0459303436		-1.0
	10260.00000000	5.17027		2.24404  0.2  0.2		0.0		-1.0
	10305.00000000	5.35804		1.79565  0.2  0.2		0.0		-1.0
	10350.00000000	5.03432		1.30277  0.2  0.2		0.0		-1.0
	10395.00000000	5.38216		1.36756  0.2  0.2		0.0		-1.0
	10440.00000000	5.39928		1.48082  0.2  0.2		0.0		-1.0
	10485.00000000	5.37635		1.61563  0.2  0.2		0.0		-1.0
	10530.00000000	5.49345		1.48614  0.2  0.2		0.0		-1.0
	10575.00000000	5.44079		1.23477  0.2  0.2		0.0		-1.0
	10620.00000000	5.49893		0.88767  0.2  0.2		0.0		-1.0
	10665.00000000	5.29319		0.51817  0.2  0.2		0.0		-1.0
	10710.00000000	5.46106		0.25624  0.2  0.2		0.0		-1.0
	10755.00000000	5.18188		-0.13736  0.2  0.2		0.0		-1.0
	10800.00000000	5.15497		-0.32129  0.2  0.2		0.0		-1.0
	10845.00000001	5.35662		-0.65784  0.2  0.2		0.0		-1.0
	10890.00000001	5.36432		-0.94362  0.2  0.2		0.0		-1.0
	10935.00000001	4.99843		-1.35426  0.2  0.2		0.0		-1.0
	10980.00000001	5.50049		-1.59661  0.2  0.2		0.0		-1.0
	11025.00000001	5.46313		-1.99223  0.2  0.2		0.0		-1.0
	11070.00000001	5.40597		-2.18525  0.2  0.2		0.0		-1.0
	11115.00000001	5.35037		-2.57879  0.2  0.2		0.0		-1.0
	11160.00000001	5.48867		-2.77566  0.2  0.2		0.0		-1.0
	11205.00000001	5.3008		-3.13028  0.2  0.2		0.0		-1.0
	11250.00000001	5.37913		2.88389  0.2  0.2		0.0		-1.0
	11295.00000001	5.33449		2.55954  0.2  0.2		0.0		-1.0
	11340.00000001	5.31804		2.24768  0.2  0.2		0.0		-1.0
	11385.00000001	5.36847		2.07743  0.2  0.2		0.0		-1.0
	11430.00000001	5.39912		1.64507  0.2  0.2		0.0		-1.0
	11475.00000001	5.13564		1.47885  0.2  0.2		0.0		-1.0
	11520.00000001	5.21773		0.94903  0.2  0.2		0.0		-1.0
	11565.00000001	5.42334		0.74985  0.2  0.2		0.0		-1.0
	11610.00000001	5.14879		0.41139  0.2  0.2		0.0		-1.0
	11655.00000001	5.47072		0.16735  0.2  0.2		0.0		-1.0
	11700.00000001	5.19979		-0.32245  0.2  0.2		0.0		-1.0
	11745.00000001	5.28266		-0.34922  0.2  0.2		0.0		-1.0
	11790.00000001	5.46972		-1.00109  0.2  0.2		0.0		-1.0
	11835.00000001	5.26026		-0.84936  0.2  0.2		0.0		-1.0
	11880.00000001	5.45944		-1.25883  0.2  0.2		0.0		-1.0
	11925.00000001	5.51871		-1.28156  0.2  0.2		1.836091334		-1.0
	11970.00000001	5.24599		-1.65959  0.2  0.2		0.0		-1.0
	12015.00000001	5.43622		-1.69308  0.2  0.2		0.0		-1.0
	12060.00000001	5.19061		-2.04165  0.2  0.2		0.0		-1.0
	12105.00000001	5.31884		-2.18356  0.2  0.2		0.0		-1.0
	12150.00000001	5.49041		-2.40033  0.2  0.2		0.0		-1.0
	12195.00000001	5.50999		-2.47234  0.2  0.2		0.524597524		-1.0
	12240.00000001	5.43242		-2.79161  0.2  0.2		0.0		-1.0
	12285.00000001	5.35503		-3.03914  0.2  0.2		0.0		-1.0
	12330.00000001	5.46688		2.89499  0.2  0.2		0.0		-1.0
	12375.00000001	5.48534		2.56129  0.2  0.2		0.0		-1.0
	12420.00000001	5.24022		2.31538  0.2  0.2		0.0		-1.0
	12465.00000001	5.4286		2.03288  0.2  0.2		0.0		-1.0
	12510.00000001	5.48557		1.92409  0.2  0.2		0.0		-1.0
	12555.00000001	5.23229		1.58328  0.2  0.2		0.0		-1.0
	12600.00000001	5.40508		1.77769  0.2  0.2		0.0		-1.0
	12645.00000001	5.07517		1.57092  0.2  0.2		0.0		-1.0
	12690.00000001	5.31249		1.84113  0.2  0.2		0.0		-1.0
	12735.00000001	5.47648		1.58608  0.2  0.2		0.0		-1.0
	12780.00000001	5.21179		1.80109  0.2  0.2		0.0		-1.0
	12825.00000001	5.45189		1.70649  0.2  0.2		0.0		-1.0
	12870.00000001	5.30394		1.55465  0.2  0.2		0.0		-1.0
	12915.00000001	5.36224		1.47134  0.2  0.2		0.0		-1.0
	12960.00000001	5.45716		1.39373  0.2  0.2		0.0		-1.0
	13005.00000001	5.53154		1.45441  0.2  0.2		5.2197453638		-1.0
	13050.00000001	5.47688		1.57047  0.2  0.2		0.0		-1.0
	13095.00000001	5.47544		1.6679  0.2  0.2		0.0		-1.0
	13140.00000001	5.31921		1.88459  0.2  0.2		0.0		-1.0
	13185.00000001	5.15476		2.289  0.2  0.2		0.0		-1.0
	13230.00000001	5.48511		2.63355  0.2  0.2		0.0		-1.0
	13275.00000001	5.14391		3.08324  0.2  0.2		0.0		-1.0
	13320.00000001	5.47304		3.11755  0.2  0.2		0.0		-1.0
	13365.00000001	5.49014		-2.70952  0.2  0.2		0.0		-1.0
	13410.00000001	5.48791		-2.61716  0.2  0.2		0.0		-1.0
	13455.00000001	5.4989		-2.13846  0.2  0.2		0.0		-1.0
	13500.00000001	5.12278		-2.00117  0.2  0.2		0.0		-1.0
	13545.00000001	5.37561		-1.71884  0.2  0.2		0.0		-1.0
	13590.00000001	5.43974		-1.99679  0.2  0.2		0.0		-1.0
	13635.00000001	5.47315		-1.84405  0.2  0.2		0.0		-1.0
	13680.00000001	5.23054		-1.69934  0.2  0.2		0.0		-1.0
	13725.00000001	5.28051		-1.4112  0.2  0.2		0.0		-1.0
	13770.00000001	5.26344		-1.44369  0.2  0.2		0.0		-1.0
	13815.00000001	5.48498		-0.9825  0.2  0.2		0.0		-1.0
	13860.00000001	5.51381		-0.85281  0.2  0.2		0.9967352956		-1.0
	13905.00000001	5.45528		-0.48382  0.2  0.2		0.0		-1.0
	13950.00000001	5.51752		-0.7912  0.2  0.2		1.6000224482		-1.0
	13995.00000001	5.49646		-0.42727  0.2  0.2		0.0		-1.0
	14040.00000001	5.50929		-0.14808  0.2  0.2		0.4459078954		-1.0
	14085.00000001	5.49335		0.39015  0.2  0.2		0.0		-1.0
	14130.00000001	5.48887		0.04863  0.2  0.2		0.0		-1.0
	14175.00000001	5.46806		0.31301  0.2  0.2		0.0		-1.0
	14220.00000001	5.50135		0.36414  0.2  0.2		0.0		-1.0
	14265.00000000	5.50724		0.64067  0.2  0.2		0.262298762		-1.0
	14310.00000000	5.22856		0.6182  0.2  0.2		0.0		-1.0
	14355.00000000	5.49283		0.99667  0.2  0.2		0.0		-1.0
	14400.00000000	5.52903		1.18863  0.2  0.2		4.4328490778		-1.0
	14445.00000000	5.39219		1.62108  0.2  0.2		0.0		-1.0
	14490.00000000	5.40954		1.89075  0.2  0.2		0.0		-1.0
	14535.00000000	5.36893		2.02926  0.2  0.2		0.0		-1.0
	14580.00000000	5.31278		2.21485  0.2  0.2		0.0		-1.0
	14625.00000000	5.22865		2.3626  0.2  0.2		0.0		-1.0
	14670.00000000	5.33153		2.34375  0.2  0.2		0.0		-1.0
	14715.00000000	5.50503		2.34191  0.2  0.2		0.131149381		-1.0
	14760.00000000	5.2843		2.38846  0.2  0.2		0.0		-1.0
	14805.00000000	5.35354		2.44811  0.2  0.2		0.0		-1.0
	14850.00000000	5.49852		2.85513  0.2  0.2		0.0		-1.0
	14895.00000000	5.43591		3.05063  0.2  0.2		0.0		-1.0
	14940.00000000	5.49623		3.10518  0.2  0.2		0.0		-1.0
	14985.00000000	5.22454		3.11877  0.2  0.2		0.0		-1.0
	15030.00000000	5.39682		-2.73779  0.2  0.2		0.0		-1.0
	15075.00000000	5.48003		-2.51538  0.2  0.2		0.0		-1.0
	15120.00000000	5.4514		-2.17799  0.2  0.2		0.0		-1.0
	15165.00000000	5.50305		-2.01658  0.2  0.2		0.0524597524		-1.0
	15210.00000000	5.37372		-1.76966  0.2  0.2		0.0		-1.0
	15255.00000000	5.48384		-1.51534  0.2  0.2		0.0		-1.0
	15300.00000000	5.52324		-1.30619  0.2  0.2		2.8328266296		-1.0
	15345.00000000	5.4598		-1.24245  0.2  0.2		0.0		-1.0
	15390.00000000	5.38145		-1.16426  0.2  0.2		0.0		-1.0
	15435.00000000	5.21951		-0.99571  0.2  0.2		0.0		-1.0
	15480.00000000	5.2932		-0.80735  0.2  0.2		0.0		-1.0
	15525.00000000	5.31471		-0.95826  0.2  0.2		0.0		-1.0
	15570.00000000	5.49863		-0.80641  0.2  0.2		0.0		-1.0
	15615.00000000	5.48509		-0.49314  0.2  0.2		0.0		-1.0
	15660.00000000	5.50972		-0.15465  0.2  0.2		0.4983676478		-1.0
	15705.00000000	5.52294		0.00209  0.2  0.2		2.754137001		-1.0
	15750.00000000	5.49107		0.31308  0.2  0.2		0.0		-1.0
	15795.00000000	5.49284		0.39406  0.2  0.2		0.0		-1.0
	15840.00000000	5.10733		0.54352  0.2  0.2		0.0		-1.0
	15885.00000000	5.53347		0.59679  0.2  0.2		5.8754922688		-1.0
	15930.00000000	5.30828		0.86616  0.2  0.2		0.0		-1.0
	15975.00000000	5.47061		1.05895  0.2  0.2		0.0		-1.0
	16020.00000000	5.36738		1.28903  0.2  0.2		0.0		-1.0
	16065.00000000	5.52629		1.42491  0.2  0.2		3.6197229156		-1.0
	16110.00000000	5.50805		1.51301  0.2  0.2		0.3409883906		-1.0
	16155.00000000	5.32585		1.5128  0.2  0.2		0.0		-1.0
	16200.00000000	5.32653		1.38781  0.2  0.2		0.0		-1.0
	16245.00000000	5.4686		1.33024  0.2  0.2		0.0		-1.0
	16290.00000000	5.28414		1.37403  0.2  0.2		0.0		-1.0
	16335.00000000	5.41693		1.4727  0.2  0.2		0.0		-1.0
	16380.00000000	5.37585		1.62782  0.2  0.2		0.0		-1.0
	16425.00000000	5.4882		1.9688  0.2  0.2		0.0		-1.0
	16470.00000000	5.2493		1.99773  0.2  0.2		0.0		-1.0
	16515.00000000	5.39571		2.52059  0.2  0.2		0.0		-1.0
	16560.00000000	5.4209		2.57104  0.2  0.2		0.0		-1.0
	16605.00000000	5.52727		3.06461  0.2  0.2		3.9082515538		-1.0
	16650.00000000	5.40377		3.03384  0.2  0.2		0.0		-1.0
	16695.00000000	5.32885		-2.95775  0.2  0.2		0.0		-1.0
	16740.00000000	5.47186		3.1356  0.2  0.2		0.0		-1.0
	16785.00000000	5.49561		-2.85302  0.2  0.2		0.0		-1.0
	16830.00000000	5.32338		-2.80679  0.2  0.2		0.0		-1.0
	16875.00000000	5.42685		-2.1983  0.2  0.2		0.0		-1.0
	16920.00000000	5.48842		-2.27869  0.2  0.2		0.0		-1.0
	16965.00000000	5.46921		-2.05967  0.2  0.2		0.0		-1.0
	17010.00000000	5.46147		-2.11578  0.2  0.2		0.0		-1.0
	17055.00000000	5.48825		-2.06519  0.2  0.2		0.0		-1.0
	17100.00000000	5.50806		-2.08376  0.2  0.2		0.3409883906		-1.0
	17145.00000000	5.51337		-2.03573  0.2  0.2		0.9442755432		-1.0
	17190.00000000	5.50764		-2.19777  0.2  0.2		0.3147585144		-1.0
	17235.00000000	5.33797		-1.71406  0.2  0.2		0.0		-1.0
	17280.00000000	5.43731		-1.50399  0.2  0.2		0.0		-1.0
	17325.00000000	5.43023		-1.09952  0.2  0.2		0.0		-1.0
	17370.00000000	5.52078		-0.87087  0.2  0.2		2.2557693532		-1.0
	17415.00000000	5.5055		-0.28602  0.2  0.2		0.1573792572		-1.0
	17460.00000000	5.44504		0.37571  0.2  0.2		0.0		-1.0
	17505.00000000	5.49096		0.00673  0.2  0.2		0.0		-1.0
	17550.00000000	5.42711		0.07274  0.2  0.2		0.0		-1.0
	17595.00000000	5.27737		0.08702  0.2  0.2		0.0		-1.0
	17640.00000000	5.47605		0.14393  0.2  0.2		0.0		-1.0
	17685.00000000	5.24986		0.47424  0.2  0.2		0.0		-1.0
	17730.00000000	5.40157		0.59406  0.2  0.2		0.0		-1.0
	17775.00000000	5.35896		0.95159  0.2  0.2		0.0		-1.0
	17820.00000000	5.468		1.15381  0.2  0.2		0.0		-1.0
	17865.00000000	5.52323		1.35888  0.2  0.2		2.8328266296		-1.0
	17910.00000000	5.40074		0.84926  0.2  0.2		0.0		-1.0
	17955.00000000	5.46724		1.12915  0.2  0.2		0.0		-1.0
	18000.00000000	5.46162		0.80897  0.2  0.2		0.0		-1.0
	18045.00000000	5.26186		0.89621  0.2  0.2		0.0		-1.0
	18090.00000000	5.50067		0.92272  0.2  0.2		0.0		-1.0
	18135.00000000	5.50047		1.09842  0.2  0.2		0.0		-1.0
	18180.00000000	5.52267		1.19497  0.2  0.2		2.7016772486		-1.0
	18225.00000000	5.51099		1.57232  0.2  0.2		0.6295170288		-1.0
	18270.00000000	5.49204		1.52553  0.2  0.2		0.0		-1.0
	18315.00000000	5.41476		1.24  0.2  0.2		0.0		-1.0
	18360.00000000	5.46545		1.57256  0.2  0.2		0.0		-1.0
	18405.00000000	5.51982		1.83724  0.2  0.2		2.0721602198		-1.0
	18450.00000000	5.50767		1.91542  0.2  0.2		0.3147585144		-1.0
	18495.00000000	5.44389		1.92351  0.2  0.2		0.0		-1.0
	18540.00000000	5.52477		2.17924  0.2  0.2		3.2262747726		-1.0
	18585.00000000	5.48891		2.20312  0.2  0.2		0.0		-1.0
	18630.00000000	5.16299		2.29777  0.2  0.2		0.0		-1.0
	18675.00000000	5.42366		2.1692  0.2  0.2		0.0		-1.0
	18720.00000000	5.49679		2.26419  0.2  0.2		0.0		-1.0
	18765.00000000	5.4538		2.18128  0.2  0.2		0.0		-1.0
	18810.00000000	5.53647		2.02031  0.2  0.2		6.9771470692		-1.0
	18855.00000000	5.49368		1.83156  0.2  0.2		0.0		-1.0
	18900.00000000	5.49207		1.90039  0.2  0.2		0.0		-1.0
	18945.00000000	5.44881		1.74936  0.2  0.2		0.0		-1.0
	18990.00000000	5.4141		1.52424  0.2  0.2		0.0		-1.0
	19035.00000000	5.45753		1.66592  0.2  0.2		0.0		-1.0
	19080.00000000	5.41143		1.74004  0.2  0.2		0.0		-1.0
	19125.00000000	5.40868		1.5534  0.2  0.2		0.0		-1.0
	19170.00000000	5.45518		1.14722  0.2  0.2		0.0		-1.0
	19215.00000000	5.2904		0.94634  0.2  0.2		0.0		-1.0
	19260.00000000	5.45761		0.41052  0.2  0.2		0.0		-1.0
	19305.00000000	5.4416		-0.19672  0.2  0.2		0.0		-1.0
	19350.00000000	5.41834		0.04225  0.2  0.2		0.0		-1.0
	19395.00000000	5.47367		-0.0098  0.2  0.2		0.0		-1.0
	19440.00000000	5.43066		0.18131  0.2  0.2		0.0		-1.0
	19485.00000000	5.45496		-0.27432  0.2  0.2		0.0		-1.0
	19530.00000000	5.37135		0.01253  0.2  0.2		0.0		-1.0
	19575.00000000	5.08281		-0.22365  0.2  0.2		0.0		-1.0
	19620.00000000	5.39811		-0.22464  0.2  0.2		0.0		-1.0
	19665.00000000	5.41902		-0.33685  0.2  0.2		0.0		-1.0
	19710.00000000	5.45024		-0.15723  0.2  0.2		0.0		-1.0
	19755.00000000	5.50208		-0.42534  0.2  0.2		0.0262298762		-1.0
	19800.00000000	5.46987		-0.40407  0.2  0.2		0.0		-1.0
	19845.00000000	5.36392		-0.30158  0.2  0.2		0.0		-1.0
	19890.00000000	5.49775		-0.15027  0.2  0.2		0.0		-1.0
	19935.00000000	5.38981		-0.3748  0.2  0.2		0.0		-1.0
	19980.00000000	5.48184		-0.67139  0.2  0.2		0.0		-1.0
	20025.00000000	5.4907		-0.6717  0.2  0.2		0.0		-1.0
	20070.00000000	5.48788		-0.78339  0.2  0.2		0.0		-1.0
	20115.00000000	5.47944		-0.84976  0.2  0.2		0.0		-1.0
	20160.00000000	5.49432		-1.27769  0.2  0.2		0.0		-1.0
	20205.00000000	5.43826		-1.52523  0.2  0.2		0.0		-1.0
	20250.00000000	5.43149		-1.92772  0.2  0.2		0.0		-1.0
	20295.00000000	5.45029		-1.85798  0.2  0.2		0.0		-1.0
	20340.00000000	5.34489		-1.73866  0.2  0.2		0.0		-1.0
	20385.00000000	5.17113		-0.56125  0.2  0.2		0.0		-1.0
	20430.00000000	5.38115		-0.5288  0.2  0.2		0.0		-1.0
	20475.00000000	5.51113		-0.8446  0.2  0.2		0.655746905		-1.0
	20520.00000000	5.32252		-1.3685  0.2  0.2		0.0		-1.0
	20565.00000000	5.46928		-1.52857  0.2  0.2		0.0		-1.0
	20610.00000000	5.44935		-1.45641  0.2  0.2		0.0		-1.0
	20655.00000000	5.47421		-1.43295  0.2  0.2		0.0		-1.0
	20700.00000000	5.48532		-1.5431  0.2  0.2		0.0		-1.0
	20744.99999999	5.35373		-1.79777  0.2  0.2		0.0		-1.0
	20789.99999999	5.5077		-2.25776  0.2  0.2		0.3147585144		-1.0
	20834.99999999	5.43658		-2.25277  0.2  0.2		0.0		-1.0
	20879.99999999	5.51725		-2.26276  0.2  0.2		1.5475626958		-1.0
	20924.99999999	5.50762		-1.91405  0.2  0.2		0.3147585144		-1.0
	20969.99999999	5.46488		-1.95307  0.2  0.2		0.0		-1.0
	21014.99999999	5.45939		-1.84466  0.2  0.2		0.0		-1.0
	21059.99999999	5.42835		-2.04597  0.2  0.2		0.0		-1.0
	21104.99999999	5.08469		-2.05798  0.2  0.2		0.0		-1.0
	21149.99999999	5.28397		-2.35801  0.2  0.2		0.0		-1.0
	21194.99999999	5.51797		-2.18173  0.2  0.2		1.704941953		-1.0
	21239.99999999	5.5153		-2.3985  0.2  0.2		1.2328041814		-1.0
	21284.99999999	5.43085		-2.13003  0.2  0.2		0.0		-1.0
	21329.99999999	5.49579		-2.25568  0.2  0.2		0.0		-1.0
	21374.99999999	5.27066		-2.21489  0.2  0.2		0.0		-1.0
	21419.99999999	5.44951		-2.09746  0.2  0.2		0.0		-1.0
	21464.99999999	5.15916		-2.01328  0.2  0.2		0.0		-1.0
	21509.99999999	5.47598		-1.98469  0.2  0.2		0.0		-1.0
	21554.99999999	5.45948		-2.08526  0.2  0.2		0.0		-1.0
	21599.99999999	5.40548		-2.16989  0.2  0.2		0.0		-1.0
	21644.99999999	5.35143		-2.30139  0.2  0.2		0.0		-1.0
	21689.99999999	5.41177		-2.43143  0.2  0.2		0.0		-1.0
	21734.99999999	5.39575		-1.99809  0.2  0.2		0.0		-1.0
	21779.99999999	5.42259		-1.49086  0.2  0.2		0.0		-1.0
	21824.99999999	5.52495		-1.5607  0.2  0.2		3.2525046488		-1.0
	21869.99999999	5.49363		-1.21118  0.2  0.2		0.0		-1.0
	21914.99999999	5.38513		-1.2253  0.2  0.2		0.0		-1.0
	21959.99999999	5.33268		-0.82834  0.2  0.2		0.0		-1.0
	22004.99999999	5.5214		-0.80398  0.2  0.2		2.4131486104		-1.0
	22049.99999999	5.42922		-0.62295  0.2  0.2		0.0		-1.0
	22094.99999999	5.48443		-0.63204  0.2  0.2		0.0		-1.0
	22139.99999999	5.1755		-0.64052  0.2  0.2		0.0		-1.0
	22184.99999999	5.01828		-0.72643  0.2  0.2		0.0		-1.0
	22229.99999999	5.36415		-0.7422  0.2  0.2		0.0		-1.0
	22274.99999999	5.39081		-0.55231  0.2  0.2		0.0		-1.0
	22319.99999999	5.12215		-0.72606  0.2  0.2		0.0		-1.0
	22364.99999999	5.37427		-0.88875  0.2  0.2		0.0		-1.0
	22409.99999999	5.36583		-0.70616  0.2  0.2		0.0		-1.0
	22454.99999999	5.173		-0.37884  0.2  0.2		0.0		-1.0
	22499.99999999	5.18353		-0.32137  0.2  0.2		0.0		-1.0
	22544.99999999	5.29466		-0.2165  0.2  0.2		0.0		-1.0
	22589.99999999	5.49153		-0.45514  0.2  0.2		0.0		-1.0
	22634.99999999	5.34276		-0.44354  0.2  0.2		0.0		-1.0
	22679.99999999	5.38888		-0.7116  0.2  0.2		0.0		-1.0
	22724.99999999	5.47662		-0.28127  0.2  0.2		0.0		-1.0
	22769.99999999	5.45878		-0.15939  0.2  0.2		0.0		-1.0
	22814.99999999	5.40943		-0.23566  0.2  0.2		0.0		-1.0
	22859.99999999	5.49746		-0.12902  0.2  0.2		0.0		-1.0
	22904.99999999	5.47151		-0.1752  0.2  0.2		0.0		-1.0
	22949.99999999	5.36259		-0.04652  0.2  0.2		0.0		-1.0
	22994.99999999	5.12194		-0.02521  0.2  0.2		0.0		-1.0
	23039.99999999	5.43648		0.03982  0.2  0.2		0.0		-1.0
	23084.99999999	5.48015		0.0347  0.2  0.2		0.0		-1.0
	23129.99999999	5.23396		0.15871  0.2  0.2		0.0		-1.0
	23174.99999999	5.30968		0.12899  0.2  0.2		0.0		-1.0
	23219.99999999	5.12024		0.24889  0.2  0.2		0.0		-1.0
	23264.99999999	5.43415		0.28808  0.2  0.2		0.0		-1.0
	23309.99999999	5.16556		0.53211  0.2  0.2		0.0		-1.0
	23354.99999999	5.50122		0.4382  0.2  0.2		0.0		-1.0
	23399.99999999	5.29168		0.31575  0.2  0.2		0.0		-1.0
	23444.99999999	5.4404		0.33962  0.2  0.2		0.0		-1.0
	23489.99999999	5.32627		0.36317  0.2  0.2		0.0		-1.0
	23534.99999999	5.49981		0.15326  0.2  0.2		0.0		-1.0
	23579.99999999	5.07382		0.1843  0.2  0.2		0.0		-1.0
	23624.99999999	5.49598		-0.05359  0.2  0.2		0.0		-1.0
	23669.99999999	5.45984		-0.1705  0.2  0.2		0.0		-1.0
	23714.99999999	5.46453		-0.27065  0.2  0.2		0.0		-1.0
	23759.99999999	5.49517		-0.22448  0.2  0.2		0.0		-1.0
	23804.99999999	5.45364		-0.4277  0.2  0.2		0.0		-1.0
	23849.99999999	5.49248		-0.51396  0.2  0.2		0.0		-1.0
	23894.99999999	5.46182		-0.48466  0.2  0.2		0.0		-1.0
	23939.99999999	5.36942		-0.74105  0.2  0.2		0.0		-1.0
	23984.99999999	5.45095		-0.60784  0.2  0.2		0.0		-1.0
	24029.99999999	5.42826		-0.87783  0.2  0.2		0.0		-1.0
	24074.99999999	5.25605		-0.61208  0.2  0.2		0.0		-1.0
	24119.99999999	5.21637		-0.87753  0.2  0.2		0.0		-1.0
	24164.99999999	5.40383		-0.8256  0.2  0.2		0.0		-1.0
	24209.99999999	5.23704		-1.08291  0.2  0.2		0.0		-1.0
	24254.99999999	5.39433		-1.00244  0.2  0.2		0.0		-1.0
	24299.99999999	5.41623		-1.01949  0.2  0.2		0.0		-1.0
	24344.99999999	5.33821		-1.05588  0.2  0.2		0.0		-1.0
	24389.99999999	5.35655		-1.26637  0.2  0.2		0.0		-1.0
	24434.99999999	5.29318		-1.97961  0.2  0.2		0.0		-1.0
	24479.99999999	5.40237		-1.70473  0.2  0.2		0.0		-1.0
	24524.99999999	5.36972		-1.78901  0.2  0.2		0.0		-1.0
	24569.99999999	5.33438		-1.59355  0.2  0.2		0.0		-1.0
	24614.99999999	5.49645		-1.76005  0.2  0.2		0.0		-1.0
	24659.99999999	5.46694		-1.83242  0.2  0.2		0.0		-1.0
	24704.99999999	5.46934		-2.06026  0.2  0.2		0.0		-1.0
	24749.99999999	5.467		-2.00842  0.2  0.2		0.0		-1.0
	24794.99999999	5.05169		-2.27759  0.2  0.2		0.0		-1.0
	24839.99999999	5.40677		-2.06933  0.2  0.2		0.0		-1.0
	24884.99999999	5.37823		-2.12487  0.2  0.2		0.0		-1.0
	24929.99999999	5.21503		-1.87285  0.2  0.2		0.0		-1.0
	24974.99999999	5.31428		-1.89719  0.2  0.2		0.0		-1.0
	25019.99999999	5.47117		-1.66837  0.2  0.2		0.0		-1.0
	25064.99999999	5.42881		-1.90211  0.2  0.2		0.0		-1.0
	25109.99999999	5.39131		-1.8536  0.2  0.2		0.0		-1.0
	25154.99999999	5.43406		-2.22431  0.2  0.2		0.0		-1.0
	25199.99999999	5.32853		-2.2585  0.2  0.2		0.0		-1.0
	25244.99999999	5.27016		-1.91894  0.2  0.2		0.0		-1.0
	25289.99999999	5.3389		-1.73468  0.2  0.2		0.0		-1.0
	25334.99999999	5.33669		-1.64922  0.2  0.2		0.0		-1.0
	25379.99999999	5.33061		-1.68123  0.2  0.2		0.0		-1.0
	25424.99999999	5.35304		-1.54723  0.2  0.2		0.0		-1.0
	25469.99999999	5.28346		-1.63763  0.2  0.2		0.0		-1.0
	25514.99999999	5.49672		-1.45636  0.2  0.2		0.0		-1.0
	25559.99999999	5.4957		-1.65959  0.2  0.2		0.0		-1.0
	25604.99999999	5.47057		-1.75826  0.2  0.2		0.0		-1.0
	25649.99999999	5.42056		-1.6752  0.2  0.2		0.0		-1.0
	25694.99999999	5.52545		-1.55376  0.2  0.2		3.409883906		-1.0
	25739.99999999	5.24099		-1.73984  0.2  0.2		0.0		-1.0
	25784.99999999	5.46073		-1.81141  0.2  0.2		0.0		-1.0
	25829.99999999	5.43963		-1.88894  0.2  0.2		0.0		-1.0
	25874.99999999	5.29037		-1.92204  0.2  0.2		0.0		-1.0
	25919.99999999	5.41083		-1.84715  0.2  0.2		0.0		-1.0
	25964.99999999	5.38667		-1.83666  0.2  0.2		0.0		-1.0
	26009.99999999	5.32178		-1.97745  0.2  0.2		0.0		-1.0
	26054.99999999	5.25383		-1.87526  0.2  0.2		0.0		-1.0
	26099.99999999	5.28124		-1.878  0.2  0.2		0.0		-1.0
	26144.99999999	5.45812		-1.81875  0.2  0.2		0.0		-1.0
	26189.99999999	5.42009		-1.71269  0.2  0.2		0.0		-1.0
	26234.99999999	5.48779		-1.5889  0.2  0.2		0.0		-1.0
	26279.99999999	5.44047		-1.52985  0.2  0.2		0.0		-1.0
	26324.99999999	5.45962		-1.58157  0.2  0.2		0.0		-1.0
	26369.99999999	5.31688		-1.58203  0.2  0.2		0.0		-1.0
	26414.99999999	5.28386		-1.43365  0.2  0.2		0.0		-1.0
	26459.99999999	5.39276		-1.45125  0.2  0.2		0.0		-1.0
	26504.99999999	5.51662		-1.66564  0.2  0.2		1.442643191		-1.0
	26549.99999999	5.41387		-1.84435  0.2  0.2		0.0		-1.0
	26594.99999999	5.49986		-2.24506  0.2  0.2		0.0		-1.0
	26639.99999999	5.45068		-2.23427  0.2  0.2		0.0		-1.0
	26684.99999999	5.49568		-2.05343  0.2  0.2		0.0		-1.0
	26729.99999999	5.48917		-1.83643  0.2  0.2		0.0		-1.0
	26774.99999999	5.42719		-1.7412  0.2  0.2		0.0		-1.0
	26819.99999999	5.42459		-1.86751  0.2  0.2		0.0		-1.0
	26864.99999999	5.4186		-1.78807  0.2  0.2		0.0		-1.0
	26909.99999999	5.45506		-2.0266  0.2  0.2		0.0		-1.0
	26954.99999999	5.13823		-2.16575  0.2  0.2		0.0		-1.0
	26999.99999999	5.3817		-2.15437  0.2  0.2		0.0		-1.0
	27044.99999999	5.53285		-1.9869  0.2  0.2		5.6656532592		-1.0
	27089.99999999	5.38602		-2.14856  0.2  0.2		0.0		-1.0
	27134.99999999	5.47865		-2.31664  0.2  0.2		0.0		-1.0
	27179.99999999	5.45816		-2.37919  0.2  0.2		0.0		-1.0
	27224.99999998	5.31819		-2.12271  0.2  0.2		0.0		-1.0
	27269.99999998	5.43461		-1.87491  0.2  0.2		0.0		-1.0
	27314.99999998	5.48347		-1.76889  0.2  0.2		0.0		-1.0
	27359.99999998	5.2609		-1.93848  0.2  0.2		0.0		-1.0
	27404.99999998	5.49527		-2.23  0.2  0.2		0.0		-1.0
	27449.99999998	5.39216		-2.48564  0.2  0.2		0.0		-1.0
	27494.99999998	5.5197		-2.50979  0.2  0.2		2.0459303436		-1.0
	27539.99999998	5.29416		-2.09227  0.2  0.2		0.0		-1.0
	27584.99999998	5.38852		-2.17586  0.2  0.2		0.0		-1.0
	27629.99999998	5.41122		-1.85341  0.2  0.2		0.0		-1.0
	27674.99999998	5.51064		-2.29125  0.2  0.2		0.6032871526		-1.0
	27719.99999998	5.21143		-2.20736  0.2  0.2		0.0		-1.0
	27764.99999998	5.49406		-2.49161  0.2  0.2		0.0		-1.0
	27809.99999998	5.44655		-2.52397  0.2  0.2		0.0		-1.0
	27854.99999998	5.50264		-2.78118  0.2  0.2		0.0262298762		-1.0
	27899.99999998	5.48017		-2.52297  0.2  0.2		0.0		-1.0
	27944.99999998	5.40654		-2.71871  0.2  0.2		0.0		-1.0
	27989.99999998	5.36076		-2.32348  0.2  0.2		0.0		-1.0
	28034.99999998	5.50314		-2.43362  0.2  0.2		0.0524597524		-1.0
	28079.99999998	5.34898		-2.18938  0.2  0.2		0.0		-1.0
	28124.99999998	5.50613		-2.34454  0.2  0.2		0.2098390096		-1.0
	28169.99999998	5.29356		-2.27707  0.2  0.2		0.0		-1.0
	28214.99999998	5.37075		-2.49142  0.2  0.2		0.0		-1.0
	28259.99999998	5.51384		-2.49914  0.2  0.2		0.9967352956		-1.0
	28304.99999998	5.51469		-2.57514  0.2  0.2		1.1278846766		-1.0
	28349.99999998	5.46937		-2.24732  0.2  0.2		0.0		-1.0
	28394.99999998	5.36742		-2.19634  0.2  0.2		0.0		-1.0
	28439.99999998	5.50991		-2.03062  0.2  0.2		0.524597524		-1.0
	28484.99999998	5.23472		-2.15686  0.2  0.2		0.0		-1.0
	28529.99999998	5.41025		-2.07886  0.2  0.2		0.0		-1.0
	28574.99999998	5.40763		-2.10071  0.2  0.2		0.0		-1.0
	28619.99999998	5.42937		-2.05766  0.2  0.2		0.0		-1.0
	28664.99999998	5.3795		-2.20258  0.2  0.2		0.0		-1.0
	28709.99999998	5.468		-1.96595  0.2  0.2		0.0		-1.0
	28754.99999998	5.39642		-1.75406  0.2  0.2		0.0		-1.0
	28799.99999998	5.36109		-1.6886  0.2  0.2		0.0		-1.0
	28844.99999998	5.28219		-1.75464  0.2  0.2		0.0		-1.0
	28889.99999998	4.95949		-1.32994  0.2  0.2		0.0		-1.0
	28934.99999998	5.54104		-1.48042  0.2  0.2		8.8394682794		-1.0
	28979.99999998	5.2798		-1.50717  0.2  0.2		0.0		-1.0
	29024.99999998	5.54084		-1.80231  0.2  0.2		8.7607786508		-1.0
	29069.99999998	5.51974		-1.58856  0.2  0.2		2.0459303436		-1.0
	29114.99999998	5.23885		-1.59395  0.2  0.2		0.0		-1.0
	29159.99999998	5.48913		-1.44809  0.2  0.2		0.0		-1.0
	29204.99999998	5.39358		-1.37867  0.2  0.2		0.0		-1.0
	29249.99999998	5.24398		-1.40089  0.2  0.2		0.0		-1.0
	29294.99999998	5.41678		-1.26208  0.2  0.2		0.0		-1.0
	29339.99999998	5.44197		-1.2567  0.2  0.2		0.0		-1.0
	29384.99999998	5.48778		-1.33696  0.2  0.2		0.0		-1.0
	29429.99999998	5.4208		-1.42379  0.2  0.2		0.0		-1.0
	29474.99999998	5.11513		-1.62132  0.2  0.2		0.0		-1.0
	29519.99999998	5.39748		-1.46279  0.2  0.2		0.0		-1.0
	29564.99999998	5.51255		-1.37302  0.2  0.2		0.8131261622		-1.0
	29609.99999998	5.37168		-1.6906  0.2  0.2		0.0		-1.0
	29654.99999998	5.47786		-1.61568  0.2  0.2		0.0		-1.0
	29699.99999998	5.48366		-2.0819  0.2  0.2		0.0		-1.0
	29744.99999998	5.37138		-2.25658  0.2  0.2		0.0		-1.0
	29789.99999998	5.50401		-2.34069  0.2  0.2		0.0786896286		-1.0
	29834.99999998	5.48169		-2.1315  0.2  0.2		0.0		-1.0
	29879.99999998	5.51234		-2.23253  0.2  0.2		0.786896286		-1.0
	29924.99999998	5.35382		-2.06348  0.2  0.2		0.0		-1.0
	29969.99999998	5.21003		-1.97482  0.2  0.2		0.0		-1.0
	30014.99999998	5.42501		-1.84087  0.2  0.2		0.0		-1.0
	30059.99999998	5.48293		-1.75891  0.2  0.2		0.0		-1.0
	30104.99999998	5.16164		-1.99941  0.2  0.2		0.0		-1.0
	30149.99999998	5.28855		-2.28465  0.2  0.2		0.0		-1.0
	30194.99999998	5.50419		-2.52911  0.2  0.2		0.1049195048		-1.0
	30239.99999998	5.21132		-2.26175  0.2  0.2		0.0		-1.0
	30284.99999998	5.44764		-2.17971  0.2  0.2		0.0		-1.0
	30329.99999998	5.45622		-2.06326  0.2  0.2		0.0		-1.0
	30374.99999998	5.46903		-2.30392  0.2  0.2		0.0		-1.0
	30419.99999998	5.43063		-2.26114  0.2  0.2		0.0		-1.0
	30464.99999998	5.51437		-2.50177  0.2  0.2		1.0754249242		-1.0
	30509.99999998	5.52917		-2.3328  0.2  0.2		4.459078954		-1.0
	30554.99999998	5.39828		-2.49685  0.2  0.2		0.0		-1.0
	30599.99999998	5.5169		-2.4691  0.2  0.2		1.4951029434		-1.0
	30644.99999998	5.40604		-2.58995  0.2  0.2		0.0		-1.0
	30689.99999998	5.07978		-2.46436  0.2  0.2		0.0		-1.0
	30734.99999998	5.51946		-2.62659  0.2  0.2		1.9934705912		-1.0
	30779.99999998	5.43554		-2.47864  0.2  0.2		0.0		-1.0
	30824.99999998	5.41851		-2.65117  0.2  0.2		0.0		-1.0
	30869.99999998	5.25241		-2.5718  0.2  0.2		0.0		-1.0
	30914.99999998	5.51205		-2.40079  0.2  0.2		0.7606664098		-1.0
	30959.99999998	5.23003		-1.64946  0.2  0.2		0.0		-1.0
	31004.99999998	5.49304		-1.32751  0.2  0.2		0.0		-1.0
	31049.99999998	5.35201		-1.52534  0.2  0.2		0.0		-1.0
	31094.99999998	5.43865		-1.75006  0.2  0.2		0.0		-1.0
	31139.99999998	5.51159		-1.94764  0.2  0.2		0.7082066574		-1.0
	31184.99999998	5.4905		-1.8716  0.2  0.2		0.0		-1.0
	31229.99999998	5.43684		-1.71144  0.2  0.2		0.0		-1.0
	31274.99999998	5.51117		-1.92871  0.2  0.2		0.655746905		-1.0
	31319.99999998	5.47684		-1.75265  0.2  0.2		0.0		-1.0
	31364.99999998	5.36933		-1.70993  0.2  0.2		0.0		-1.0
	31409.99999998	5.45326		-1.51137  0.2  0.2		0.0		-1.0
	31454.99999998	5.49974		-1.641  0.2  0.2		0.0		-1.0
	31499.99999998	5.49835		-1.64402  0.2  0.2		0.0		-1.0
	31544.99999998	5.4048		-1.83705  0.2  0.2		0.0		-1.0
	31589.99999998	5.4534		-1.725  0.2  0.2		0.0		-1.0
	31634.99999998	5.28715		-1.71053  0.2  0.2		0.0		-1.0
	31679.99999998	5.4402		-1.60107  0.2  0.2		0.0		-1.0
	31724.99999998	5.27756		-1.66599  0.2  0.2		0.0		-1.0
	31769.99999998	5.25785		-1.50656  0.2  0.2		0.0		-1.0
	31814.99999998	5.50962		-1.44048  0.2  0.2		0.4721377716		-1.0
	31859.99999998	5.52763		-1.3081  0.2  0.2		4.0131710586		-1.0
	31904.99999998	5.34766		-1.3888  0.2  0.2		0.0		-1.0
	31949.99999998	5.45614		-1.54836  0.2  0.2		0.0		-1.0
	31994.99999998	5.43048		-1.55062  0.2  0.2		0.0		-1.0
	32039.99999998	5.31506		-1.39463  0.2  0.2		0.0		-1.0
	32084.99999998	5.39497		-1.41743  0.2  0.2		0.0		-1.0
	32129.99999998	5.48277		-1.35805  0.2  0.2		0.0		-1.0
	32174.99999998	5.17498		-1.58894  0.2  0.2		0.0		-1.0
	32219.99999998	5.45018		-1.55439  0.2  0.2		0.0		-1.0
	32264.99999998	5.43002		-1.83141  0.2  0.2		0.0		-1.0
	32309.99999998	5.5169		-1.70248  0.2  0.2		1.4951029434		-1.0
	32354.99999998	5.33889		-1.97225  0.2  0.2		0.0		-1.0
	32399.99999998	5.4849		-1.58567  0.2  0.2		0.0		-1.0
	32444.99999998	5.30091		-1.62794  0.2  0.2		0.0		-1.0
	32489.99999998	5.46883		-1.28132  0.2  0.2		0.0		-1.0
	32534.99999998	5.36139		-1.33728  0.2  0.2		0.0		-1.0
	32579.99999998	5.48055		-1.14048  0.2  0.2		0.0		-1.0
	32624.99999998	5.28505		-1.25551  0.2  0.2		0.0		-1.0
	32669.99999998	5.26645		-1.24674  0.2  0.2		0.0		-1.0
	32714.99999998	5.32873		-1.23694  0.2  0.2		0.0		-1.0
	32759.99999998	5.39677		-1.01464  0.2  0.2		0.0		-1.0
	32804.99999998	5.28818		-0.8232  0.2  0.2		0.0		-1.0
	32849.99999998	5.48292		-0.50847  0.2  0.2		0.0		-1.0
	32894.99999998	5.50538		-0.36533  0.2  0.2		0.1573792572		-1.0
	32939.99999998	5.45195		-0.24572  0.2  0.2		0.0		-1.0
	32984.99999998	5.40961		-0.21825  0.2  0.2		0.0		-1.0
	33029.99999998	5.46195		-0.14912  0.2  0.2		0.0		-1.0
	33074.99999998	5.26666		-0.18424  0.2  0.2		0.0		-1.0
	33119.99999998	5.48418		-0.16977  0.2  0.2		0.0		-1.0
	33164.99999998	5.40857		-0.18828  0.2  0.2		0.0		-1.0
	33209.99999998	5.49545		-0.10109  0.2  0.2		0.0		-1.0
	33254.99999998	5.24467		-0.20989  0.2  0.2		0.0		-1.0
	33299.99999998	5.34822		-0.23644  0.2  0.2		0.0		-1.0
	33344.99999998	5.31792		-0.23821  0.2  0.2		0.0		-1.0
	33389.99999998	5.10347		-0.25363  0.2  0.2		0.0		-1.0
	33434.99999998	5.46975		-0.30554  0.2  0.2		0.0		-1.0
	33479.99999998	5.25959		-0.4165  0.2  0.2		0.0		-1.0
	33524.99999998	5.44826		-0.48577  0.2  0.2		0.0		-1.0
	33569.99999998	5.21516		-0.49794  0.2  0.2		0.0		-1.0
	33614.99999998	5.30391		-0.42014  0.2  0.2		0.0		-1.0
	33659.99999998	5.16254		-0.45737  0.2  0.2		0.0		-1.0
	33704.99999998	5.4904		-0.39905  0.2  0.2		0.0		-1.0
	33749.99999997	5.38932		-0.48748  0.2  0.2		0.0		-1.0
	33794.99999997	5.5125		-0.61206  0.2  0.2		0.8131261622		-1.0
	33839.99999997	5.51459		-0.81435  0.2  0.2		1.1278846766		-1.0
	33884.99999997	5.48129		-1.27696  0.2  0.2		0.0		-1.0
	33929.99999997	5.46604		-1.43007  0.2  0.2		0.0		-1.0
	33974.99999997	5.48494		-1.23326  0.2  0.2		0.0		-1.0
	34019.99999997	5.4283		-1.01394  0.2  0.2		0.0		-1.0
	34064.99999997	5.39466		-1.07559  0.2  0.2		0.0		-1.0
	34109.99999997	5.52193		-0.92582  0.2  0.2		2.5180681152		-1.0
	34154.99999997	5.13957		-1.11447  0.2  0.2		0.0		-1.0
	34199.99999997	5.32813		-1.04567  0.2  0.2		0.0		-1.0
	34244.99999997	5.34377		-1.13708  0.2  0.2		0.0		-1.0
	34289.99999997	5.44468		-1.25239  0.2  0.2		0.0		-1.0
	34334.99999997	5.46106		-1.50559  0.2  0.2		0.0		-1.0
	34379.99999997	5.44375		-1.59649  0.2  0.2		0.0		-1.0
	34424.99999997	5.49748		-1.85962  0.2  0.2		0.0		-1.0
	34469.99999997	5.42631		-1.7668  0.2  0.2		0.0		-1.0
	34514.99999997	5.47713		-1.77095  0.2  0.2		0.0		-1.0
	34559.99999997	5.32716		-1.90844  0.2  0.2		0.0		-1.0
	34604.99999997	5.30904		-1.99498  0.2  0.2		0.0		-1.0
	34649.99999997	5.3752		-2.40234  0.2  0.2		0.0		-1.0
	34694.99999997	5.3713		-2.63394  0.2  0.2		0.0		-1.0
	34739.99999997	5.46706		-2.85325  0.2  0.2		0.0		-1.0
	34784.99999997	5.50321		-3.01617  0.2  0.2		0.0524597524		-1.0
	34829.99999997	5.45606		3.0232  0.2  0.2		0.0		-1.0
	34874.99999997	5.45966		2.95554  0.2  0.2		0.0		-1.0
	34919.99999997	5.40156		3.00552  0.2  0.2		0.0		-1.0
	34964.99999997	5.37596		3.07874  0.2  0.2		0.0		-1.0
	35009.99999997	5.40245		3.00254  0.2  0.2		0.0		-1.0
	35054.99999997	5.07956		-3.09082  0.2  0.2		0.0		-1.0
	35099.99999997	5.3378		-3.07236  0.2  0.2		0.0		-1.0
	35144.99999997	5.48715		-3.09011  0.2  0.2		0.0		-1.0
	35189.99999997	5.27223		2.98391  0.2  0.2		0.0		-1.0
	35234.99999997	5.51186		2.85051  0.2  0.2		0.7344365336		-1.0
	35279.99999997	5.5		2.72451  0.2  0.2		0.0		-1.0
	35324.99999997	5.31255		2.70043  0.2  0.2		0.0		-1.0
	35369.99999997	5.38799		2.58178  0.2  0.2		0.0		-1.0
	35414.99999997	5.42853		2.16291  0.2  0.2		0.0		-1.0
	35459.99999997	5.51256		2.37351  0.2  0.2		0.8393560384		-1.0
	35504.99999997	5.45923		2.4703  0.2  0.2		0.0		-1.0
	35549.99999997	5.47511		2.61383  0.2  0.2		0.0		-1.0
	35594.99999997	5.36056		2.70002  0.2  0.2		0.0		-1.0
	35639.99999997	5.50313		2.71111  0.2  0.2		0.0524597524		-1.0
	35684.99999997	5.42038		2.98294  0.2  0.2		0.0		-1.0
	35729.99999997	5.44764		3.06264  0.2  0.2		0.0		-1.0
	35774.99999997	5.47205		3.12834  0.2  0.2		0.0		-1.0
	35819.99999997	5.3715		3.03666  0.2  0.2		0.0		-1.0
	35864.99999997	5.48031		2.93829  0.2  0.2		0.0		-1.0
	35909.99999997	5.36305		2.92558  0.2  0.2		0.0		-1.0
	35954.99999997	5.34495		3.04828  0.2  0.2		0.0		-1.0
	35999.99999997	4.95454		-3.13244  0.2  0.2		0.0		-1.0
	36044.99999997	5.43413		-2.8726  0.2  0.2		0.0		-1.0
	36089.99999997	5.39355		-2.86275  0.2  0.2		0.0		-1.0
	36134.99999997	5.47031		-2.57552  0.2  0.2		0.0		-1.0
	36179.99999997	5.44912		-2.60672  0.2  0.2		0.0		-1.0
	36224.99999997	5.47291		-2.31799  0.2  0.2		0.0		-1.0
	36269.99999997	5.19168		-2.16489  0.2  0.2		0.0		-1.0
	36314.99999997	5.48448		-1.81226  0.2  0.2		0.0		-1.0
	36359.99999997	5.52175		-1.7144  0.2  0.2		2.491838239		-1.0
	36404.99999997	5.39541		-1.5154  0.2  0.2		0.0		-1.0
	36449.99999997	5.46451		-1.52134  0.2  0.2		0.0		-1.0
	36494.99999997	5.31648		-1.44421  0.2  0.2		0.0		-1.0
	36539.99999997	5.44837		-1.35678  0.2  0.2		0.0		-1.0
	36584.99999997	5.30964		-1.05716  0.2  0.2		0.0		-1.0
	36629.99999997	5.48721		-0.87048  0.2  0.2		0.0		-1.0
	36674.99999997	5.38968		-0.79803  0.2  0.2		0.0		-1.0
	36719.99999997	5.4686		-0.6777  0.2  0.2		0.0		-1.0
	36764.99999997	5.46343		-0.67697  0.2  0.2		0.0		-1.0
	36809.99999997	5.43678		-0.58019  0.2  0.2		0.0		-1.0
	36854.99999997	5.41248		-0.49626  0.2  0.2		0.0		-1.0
	36899.99999997	5.44443		-0.3626  0.2  0.2		0.0		-1.0
	36944.99999997	5.4403		-0.18211  0.2  0.2		0.0		-1.0
	36989.99999997	5.32454		-0.16223  0.2  0.2		0.0		-1.0
	37034.99999997	5.48227		-0.05891  0.2  0.2		0.0		-1.0
	37079.99999997	5.14949		0.0032  0.2  0.2		0.0		-1.0
	37124.99999997	5.50142		-0.09878  0.2  0.2		0.0		-1.0
	37169.99999997	5.36006		0.03882  0.2  0.2		0.0		-1.0
	37214.99999997	5.26103		-0.11113  0.2  0.2		0.0		-1.0
	37259.99999997	5.47388		-0.06343  0.2  0.2		0.0		-1.0
	37304.99999997	5.26073		-0.17398  0.2  0.2		0.0		-1.0
	37349.99999997	5.30118		-0.18804  0.2  0.2		0.0		-1.0
	37394.99999997	5.21153		-0.3021  0.2  0.2		0.0		-1.0
	37439.99999997	5.19025		-0.39743  0.2  0.2		0.0		-1.0
	37484.99999997	5.43902		-0.42349  0.2  0.2		0.0		-1.0
	37529.99999997	5.33302		-0.61618  0.2  0.2		0.0		-1.0
	37574.99999997	5.36201		-0.72608  0.2  0.2		0.0		-1.0
	37619.99999997	5.50687		-0.7577  0.2  0.2		0.2360688858		-1.0
	37664.99999997	5.46923		-0.79029  0.2  0.2		0.0		-1.0
	37709.99999997	5.34316		-0.95122  0.2  0.2		0.0		-1.0
	37754.99999997	5.28443		-0.87776  0.2  0.2		0.0		-1.0
	37799.99999997	5.49512		-1.08016  0.2  0.2		0.0		-1.0
	37844.99999997	5.37241		-1.18984  0.2  0.2		0.0		-1.0
	37889.99999997	5.45564		-1.3333  0.2  0.2		0.0		-1.0
	37934.99999997	5.49807		-1.3156  0.2  0.2		0.0		-1.0
	37979.99999997	5.50559		-1.28505  0.2  0.2		0.1573792572		-1.0
	38024.99999997	5.4532		-1.22048  0.2  0.2		0.0		-1.0
	38069.99999997	5.45733		-1.38467  0.2  0.2		0.0		-1.0
	38114.99999997	5.45031		-1.47021  0.2  0.2		0.0		-1.0
	38159.99999997	5.45116		-1.8677  0.2  0.2		0.0		-1.0
	38204.99999997	5.4229		-2.01857  0.2  0.2		0.0		-1.0
	38249.99999997	5.38298		-2.07613  0.2  0.2		0.0		-1.0
	38294.99999997	5.47796		-2.09648  0.2  0.2		0.0		-1.0
	38339.99999997	5.51805		-1.87175  0.2  0.2		1.704941953		-1.0
	38384.99999997	5.41561		-2.21211  0.2  0.2		0.0		-1.0
	38429.99999997	5.36268		-2.12248  0.2  0.2		0.0		-1.0
	38474.99999997	5.39737		-2.32213  0.2  0.2		0.0		-1.0
	38519.99999997	5.06151		-2.21452  0.2  0.2		0.0		-1.0
	38564.99999997	5.3814		-2.54547  0.2  0.2		0.0		-1.0
	38609.99999997	5.43751		-2.43584  0.2  0.2		0.0		-1.0
	38654.99999997	5.33194		-2.67831  0.2  0.2		0.0		-1.0
	38699.99999997	5.44466		-2.53657  0.2  0.2		0.0		-1.0
	38744.99999997	5.48187		-2.56733  0.2  0.2		0.0		-1.0
	38789.99999997	5.2013		-2.21333  0.2  0.2		0.0		-1.0
	38834.99999997	5.32428		-2.35005  0.2  0.2		0.0		-1.0
	38879.99999997	5.37957		-2.16063  0.2  0.2		0.0		-1.0
	38924.99999997	5.39427		-2.39121  0.2  0.2		0.0		-1.0
	38969.99999997	5.36557		-2.28524  0.2  0.2		0.0		-1.0
	39014.99999997	5.50273		-2.33551  0.2  0.2		0.0262298762		-1.0
	39059.99999997	5.08963		-2.39076  0.2  0.2		0.0		-1.0
	39104.99999997	5.46786		-2.17706  0.2  0.2		0.0		-1.0
	39149.99999997	5.17929		-2.28418  0.2  0.2		0.0		-1.0
	39194.99999997	5.46107		-2.1426  0.2  0.2		0.0		-1.0
	39239.99999997	5.41797		-2.29261  0.2  0.2		0.0		-1.0
	39284.99999997	5.50161		-2.04952  0.2  0.2		0.0262298762		-1.0
	39329.99999997	5.48596		-2.10836  0.2  0.2		0.0		-1.0
	39374.99999997	5.06977		-1.75962  0.2  0.2		0.0		-1.0
	39419.99999997	5.36096		-1.68011  0.2  0.2		0.0		-1.0
	39464.99999997	5.32006		-1.47247  0.2  0.2		0.0		-1.0
	39509.99999997	4.95181		-1.58045  0.2  0.2		0.0		-1.0
	39554.99999997	5.44507		-1.3353  0.2  0.2		0.0		-1.0
	39599.99999997	4.99774		-1.55216  0.2  0.2		0.0		-1.0
	39644.99999997	5.44843		-1.60589  0.2  0.2		0.0		-1.0
	39689.99999997	5.43584		-1.81621  0.2  0.2		0.0		-1.0
	39734.99999997	5.43341		-1.74695  0.2  0.2		0.0		-1.0
	39779.99999997	5.26571		-1.63202  0.2  0.2		0.0		-1.0
	39824.99999997	5.45698		-1.39694  0.2  0.2		0.0		-1.0
	39869.99999997	5.34674		-1.40932  0.2  0.2		0.0		-1.0
	39914.99999997	5.37425		-1.33723  0.2  0.2		0.0		-1.0
	39959.99999997	5.38604		-1.50003  0.2  0.2		0.0		-1.0
	40004.99999997	5.20324		-1.60787  0.2  0.2		0.0		-1.0
	40049.99999997	5.32513		-1.60929  0.2  0.2		0.0		-1.0
	40094.99999997	5.39254		-1.56715  0.2  0.2		0.0		-1.0
	40139.99999997	5.26972		-1.46671  0.2  0.2		0.0		-1.0
	40184.99999997	5.32906		-1.43394  0.2  0.2		0.0		-1.0
	40229.99999996	5.4926		-1.48826  0.2  0.2		0.0		-1.0
	40274.99999996	5.43928		-1.64761  0.2  0.2		0.0		-1.0
	40319.99999996	5.26882		-1.70777  0.2  0.2		0.0		-1.0
	40364.99999996	5.46772		-1.66021  0.2  0.2		0.0		-1.0
	40409.99999996	5.04307		-1.61171  0.2  0.2		0.0		-1.0
	40454.99999996	5.38493		-1.78506  0.2  0.2		0.0		-1.0
	40499.99999996	5.42186		-1.92682  0.2  0.2		0.0		-1.0
	40544.99999996	5.415		-2.14236  0.2  0.2		0.0		-1.0
	40589.99999996	5.45835		-2.03954  0.2  0.2		0.0		-1.0
	40634.99999996	5.49553		-2.08472  0.2  0.2		0.0		-1.0
	40679.99999996	5.48434		-1.95695  0.2  0.2		0.0		-1.0
	40724.99999996	4.95672		-2.08991  0.2  0.2		0.0		-1.0
	40769.99999996	5.37696		-1.97806  0.2  0.2		0.0		-1.0
	40814.99999996	5.45979		-2.10451  0.2  0.2		0.0		-1.0
	40859.99999996	5.49058		-2.04444  0.2  0.2		0.0		-1.0
	40904.99999996	5.37762		-2.37388  0.2  0.2		0.0		-1.0
	40949.99999996	5.53364		-2.15115  0.2  0.2		5.9279520212		-1.0
	40994.99999996	5.38904		-2.08457  0.2  0.2		0.0		-1.0
	41039.99999996	5.40081		-1.7183  0.2  0.2		0.0		-1.0
	41084.99999996	5.37996		-1.68271  0.2  0.2		0.0		-1.0
	41129.99999996	5.50536		-1.58282  0.2  0.2		0.1573792572		-1.0
	41174.99999996	5.34311		-1.68732  0.2  0.2		0.0		-1.0
	41219.99999996	5.41139		-1.88978  0.2  0.2		0.0		-1.0
	41264.99999996	5.30763		-1.83558  0.2  0.2		0.0		-1.0
	41309.99999996	5.25763		-1.73645  0.2  0.2		0.0		-1.0
	41354.99999996	5.51911		-1.6073  0.2  0.2		1.9147809626		-1.0
	41399.99999996	5.4219		-1.58537  0.2  0.2		0.0		-1.0
	41444.99999996	4.85845		-1.64236  0.2  0.2		0.0		-1.0
	41489.99999996	5.37179		-1.77899  0.2  0.2		0.0		-1.0
	41534.99999996	5.39109		-1.81464  0.2  0.2		0.0		-1.0
	41579.99999996	5.33916		-1.81717  0.2  0.2		0.0		-1.0
	41624.99999996	5.34574		-1.87227  0.2  0.2		0.0		-1.0
	41669.99999996	5.4601		-1.83173  0.2  0.2		0.0		-1.0
	41714.99999996	5.50219		-1.91595  0.2  0.2		0.0262298762		-1.0
	41759.99999996	5.41978		-1.74542  0.2  0.2		0.0		-1.0
	41804.99999996	5.39408		-2.01846  0.2  0.2		0.0		-1.0
	41849.99999996	5.4441		-1.72993  0.2  0.2		0.0		-1.0
	41894.99999996	5.43465		-1.99092  0.2  0.2		0.0		-1.0
	41939.99999996	5.51027		-1.84794  0.2  0.2		0.5508274002		-1.0
	41984.99999996	5.39306		-2.02757  0.2  0.2		0.0		-1.0
	42029.99999996	5.20247		-1.86958  0.2  0.2		0.0		-1.0
	42074.99999996	5.34939		-1.98709  0.2  0.2		0.0		-1.0
	42119.99999996	5.4869		-1.82215  0.2  0.2		0.0		-1.0
	42164.99999996	5.50083		-2.11802  0.2  0.2		0.0		-1.0
	42209.99999996	5.43041		-2.07466  0.2  0.2		0.0		-1.0
	42254.99999996	5.47757		-2.36783  0.2  0.2		0.0		-1.0
	42299.99999996	5.25482		-2.38355  0.2  0.2		0.0		-1.0
	42344.99999996	5.47171		-2.53146  0.2  0.2		0.0		-1.0
	42389.99999996	5.45438		-2.53644  0.2  0.2		0.0		-1.0
	42434.99999996	5.30897		-2.63449  0.2  0.2		0.0		-1.0
	42479.99999996	5.47279		-2.64553  0.2  0.2		0.0		-1.0
	42524.99999996	5.21109		-2.82284  0.2  0.2		0.0		-1.0
	42569.99999996	5.42627		-2.81296  0.2  0.2		0.0		-1.0
	42614.99999996	5.40501		-2.86307  0.2  0.2		0.0		-1.0
	42659.99999996	5.4628		-2.67919  0.2  0.2		0.0		-1.0
	42704.99999996	5.34767		-2.65117  0.2  0.2		0.0		-1.0
	42749.99999996	5.43517		-2.58082  0.2  0.2		0.0		-1.0
	42794.99999996	5.38578		-2.56882  0.2  0.2		0.0		-1.0
	42839.99999996	5.3931		-2.68459  0.2  0.2		0.0		-1.0
	42884.99999996	5.49655		-2.53851  0.2  0.2		0.0		-1.0
	42929.99999996	5.21607		-2.67444  0.2  0.2		0.0		-1.0
	42974.99999996	5.29805		-2.62336  0.2  0.2		0.0		-1.0
	43019.99999996	5.4221		-2.63358  0.2  0.2		0.0		-1.0
	43064.99999996	5.24438		-2.49391  0.2  0.2		0.0		-1.0
	43109.99999996	5.05652		-2.30178  0.2  0.2		0.0		-1.0
	43154.99999996	5.20466		-2.09096  0.2  0.2		0.0		-1.0
	43199.99999996	5.15129		-1.95732  0.2  0.2		0.0		-1.0
	43244.99999996	5.54172		-1.9327  0.2  0.2		9.1279969176		-1.0
	43289.99999996	4.72998		-2.066  0.2  0.2		0.0		-1.0
	43334.99999996	5.28062		-1.95386  0.2  0.2		0.0		-1.0
	43379.99999996	5.37376		-1.90894  0.2  0.2		0.0		-1.0
	43424.99999996	5.47535		-1.65829  0.2  0.2		0.0		-1.0
	43469.99999996	5.21124		-1.62142  0.2  0.2		0.0		-1.0
	43514.99999996	5.5139		-1.36678  0.2  0.2		1.0229651718		-1.0
	43559.99999996	4.85849		-1.32182  0.2  0.2		0.0		-1.0
	43604.99999996	5.48111		-1.05794  0.2  0.2		0.0		-1.0
	43649.99999996	5.44982		-1.03996  0.2  0.2		0.0		-1.0
	43694.99999996	5.4391		-1.07123  0.2  0.2		0.0		-1.0
	43739.99999996	5.43615		-1.15313  0.2  0.2		0.0		-1.0
	43784.99999996	5.25469		-0.79648  0.2  0.2		0.0		-1.0
	43829.99999996	5.0735		-0.77775  0.2  0.2		0.0		-1.0
	43874.99999996	5.47231		-0.5012  0.2  0.2		0.0		-1.0
	43919.99999996	5.38914		-0.58512  0.2  0.2		0.0		-1.0
	43964.99999996	5.40246		-0.52879  0.2  0.2		0.0		-1.0
	44009.99999996	5.45629		-0.81012  0.2  0.2		0.0		-1.0
	44054.99999996	5.35441		-0.61003  0.2  0.2		0.0		-1.0
	44099.99999996	5.52768		-0.27082  0.2  0.2		4.0131710586		-1.0
	44144.99999996	5.22995		-0.09768  0.2  0.2		0.0		-1.0
	44189.99999996	5.46291		-0.14295  0.2  0.2		0.0		-1.0
	44234.99999996	5.44518		0.05913  0.2  0.2		0.0		-1.0
	44279.99999996	5.24343		0.10249  0.2  0.2		0.0		-1.0
	44324.99999996	5.34375		0.27308  0.2  0.2		0.0		-1.0
	44369.99999996	5.39163		0.26108  0.2  0.2		0.0		-1.0
	44414.99999996	5.48745		0.21131  0.2  0.2		0.0		-1.0
	44459.99999996	5.48017		0.52134  0.2  0.2		0.0		-1.0
	44504.99999996	5.27926		0.1815  0.2  0.2		0.0		-1.0
	44549.99999996	5.44795		0.35226  0.2  0.2		0.0		-1.0
	44594.99999996	5.49214		0.13884  0.2  0.2		0.0		-1.0
	44639.99999996	5.33615		0.49359  0.2  0.2		0.0		-1.0
	44684.99999996	5.41965		0.45242  0.2  0.2		0.0		-1.0
	44729.99999996	5.35182		0.48145  0.2  0.2		0.0		-1.0
	44774.99999996	5.37457		0.19121  0.2  0.2		0.0		-1.0
	44819.99999996	5.1996		0.43354  0.2  0.2		0.0		-1.0
	44864.99999996	5.30828		0.399  0.2  0.2		0.0		-1.0
	44909.99999996	5.27311		0.42745  0.2  0.2		0.0		-1.0
	44954.99999996	5.51129		-0.20546  0.2  0.2		0.655746905		-1.0
	44999.99999996	5.44185		-0.31541  0.2  0.2		0.0		-1.0
	45044.99999996	5.48626		-0.49548  0.2  0.2		0.0		-1.0
	45089.99999996	5.50065		-0.10108  0.2  0.2		0.0		-1.0
	45134.99999996	5.47234		-0.27321  0.2  0.2		0.0		-1.0
	45179.99999996	5.49472		-0.27207  0.2  0.2		0.0		-1.0
	45224.99999996	5.49777		-0.44669  0.2  0.2		0.0		-1.0
	45269.99999996	5.50542		-0.60073  0.2  0.2		0.1573792572		-1.0
	45314.99999996	5.50521		-0.92411  0.2  0.2		0.131149381		-1.0
	45359.99999996	5.4712		-0.94739  0.2  0.2		0.0		-1.0
	45404.99999996	5.44579		-1.00918  0.2  0.2		0.0		-1.0
	45449.99999996	5.44394		-1.39655  0.2  0.2		0.0		-1.0
	45494.99999996	5.47756		-1.38233  0.2  0.2		0.0		-1.0
	45539.99999996	5.35295		-1.22477  0.2  0.2		0.0		-1.0
	45584.99999996	5.44253		-1.32059  0.2  0.2		0.0		-1.0
	45629.99999996	5.46326		-1.34719  0.2  0.2		0.0		-1.0
	45674.99999996	5.48601		-1.32426  0.2  0.2		0.0		-1.0
	45719.99999996	5.46407		-1.55658  0.2  0.2		0.0		-1.0
	45764.99999996	5.38616		-1.76955  0.2  0.2		0.0		-1.0
	45809.99999996	5.49147		-2.12987  0.2  0.2		0.0		-1.0
	45854.99999996	5.32882		-2.25102  0.2  0.2		0.0		-1.0
	45899.99999996	5.27524		-2.13259  0.2  0.2		0.0		-1.0
	45944.99999996	5.45345		-2.08216  0.2  0.2		0.0		-1.0
	45989.99999996	5.2546		-2.16267  0.2  0.2		0.0		-1.0
	46034.99999996	5.28329		-2.32562  0.2  0.2		0.0		-1.0
	46079.99999996	5.3095		-2.39165  0.2  0.2		0.0		-1.0
	46124.99999996	5.33426		-2.54469  0.2  0.2		0.0		-1.0
	46169.99999996	5.42582		-2.50616  0.2  0.2		0.0		-1.0
	46214.99999996	5.47028		-2.74664  0.2  0.2		0.0		-1.0
	46259.99999996	5.48114		-2.63411  0.2  0.2		0.0		-1.0
	46304.99999996	5.50254		-2.68146  0.2  0.2		0.0262298762		-1.0
	46349.99999996	5.5057		-2.44977  0.2  0.2		0.1573792572		-1.0
	46394.99999996	5.51094		-2.60615  0.2  0.2		0.6295170288		-1.0
	46439.99999996	5.4564		-2.41592  0.2  0.2		0.0		-1.0
	46484.99999996	5.4868		-2.32452  0.2  0.2		0.0		-1.0
	46529.99999996	5.50837		-1.94495  0.2  0.2		0.3672182668		-1.0
	46574.99999996	5.46592		-1.97299  0.2  0.2		0.0		-1.0
	46619.99999996	5.27249		-2.18194  0.2  0.2		0.0		-1.0
	46664.99999996	5.25381		-2.35945  0.2  0.2		0.0		-1.0
	46709.99999996	5.50689		-2.43169  0.2  0.2		0.262298762		-1.0
	46754.99999995	5.49092		-2.052  0.2  0.2		0.0		-1.0
	46799.99999995	5.13997		-1.86842  0.2  0.2		0.0		-1.0
	46844.99999995	5.29907		-1.75008  0.2  0.2		0.0		-1.0
	46889.99999995	5.49247		-1.87015  0.2  0.2		0.0		-1.0
	46934.99999995	5.48673		-1.79209  0.2  0.2		0.0		-1.0
	46979.99999995	5.36941		-2.04542  0.2  0.2		0.0		-1.0
	47024.99999995	5.42039		-1.71987  0.2  0.2		0.0		-1.0
	47069.99999995	5.4637		-1.78123  0.2  0.2		0.0		-1.0
	47114.99999995	5.4497		-1.38718  0.2  0.2		0.0		-1.0
	47159.99999995	5.14491		-1.62318  0.2  0.2		0.0		-1.0
	47204.99999995	5.48015		-1.21496  0.2  0.2		0.0		-1.0
	47249.99999995	5.20021		-1.34738  0.2  0.2		0.0		-1.0
	47294.99999995	5.5314		-1.17795  0.2  0.2		5.1672856114		-1.0
	47339.99999995	5.37227		-1.34361  0.2  0.2		0.0		-1.0
	47384.99999995	5.39825		-1.32137  0.2  0.2		0.0		-1.0
	47429.99999995	5.30427		-1.26083  0.2  0.2		0.0		-1.0
	47474.99999995	5.53535		-0.79458  0.2  0.2		6.55746905		-1.0
	47519.99999995	5.34325		-0.74643  0.2  0.2		0.0		-1.0
	47564.99999995	5.48318		-0.59591  0.2  0.2		0.0		-1.0
	47609.99999995	5.48236		-0.52695  0.2  0.2		0.0		-1.0
	47654.99999995	5.24255		-0.75092  0.2  0.2		0.0		-1.0
	47699.99999995	5.483		-0.72995  0.2  0.2		0.0		-1.0
	47744.99999995	5.46352		-0.64222  0.2  0.2		0.0		-1.0
	47789.99999995	5.39411		-0.52456  0.2  0.2		0.0		-1.0
	47834.99999995	5.52004		-0.58521  0.2  0.2		2.098390096		-1.0
	47879.99999995	5.4708		-0.74424  0.2  0.2		0.0		-1.0
	47924.99999995	5.48169		-0.87727  0.2  0.2		0.0		-1.0
	47969.99999995	5.40507		-0.86057  0.2  0.2		0.0		-1.0
	48014.99999995	5.37752		-0.82824  0.2  0.2		0.0		-1.0
	48059.99999995	5.43099		-0.94539  0.2  0.2		0.0		-1.0
	48104.99999995	5.48055		-0.97775  0.2  0.2		0.0		-1.0
	48149.99999995	5.50196		-0.84838  0.2  0.2		0.0262298762		-1.0
	48194.99999995	5.42362		-0.76104  0.2  0.2		0.0		-1.0
	48239.99999995	5.343		-0.58679  0.2  0.2		0.0		-1.0
	48284.99999995	5.34243		-0.59347  0.2  0.2		0.0		-1.0
	48329.99999995	5.48271		-0.5036  0.2  0.2		0.0		-1.0
	48374.99999995	5.37364		-0.63999  0.2  0.2		0.0		-1.0
	48419.99999995	5.48493		-0.67089  0.2  0.2		0.0		-1.0
	48464.99999995	5.43939		-0.68936  0.2  0.2		0.0		-1.0
	48509.99999995	5.41134		-0.47433  0.2  0.2		0.0		-1.0
	48554.99999995	5.51142		-0.17952  0.2  0.2		0.6819767812		-1.0
	48599.99999995	5.48872		-0.06325  0.2  0.2		0.0		-1.0
	48644.99999995	5.45627		0.09318  0.2  0.2		0.0		-1.0
	48689.99999995	5.43008		0.01131  0.2  0.2		0.0		-1.0
	48734.99999995	5.35964		-0.04356  0.2  0.2		0.0		-1.0
	48779.99999995	5.51672		-0.22517  0.2  0.2		1.4688730672		-1.0
	48824.99999995	5.18363		-0.22135  0.2  0.2		0.0		-1.0
	48869.99999995	5.47651		-0.27551  0.2  0.2		0.0		-1.0
	48914.99999995	5.45519		-0.31272  0.2  0.2		0.0		-1.0
	48959.99999995	5.37639		-0.54712  0.2  0.2		0.0		-1.0
	49004.99999995	5.44746		-0.64444  0.2  0.2		0.0		-1.0
	49049.99999995	5.50227		-0.73142  0.2  0.2		0.0262298762		-1.0
	49094.99999995	5.29751		-0.99332  0.2  0.2		0.0		-1.0
	49139.99999995	5.51218		-0.97246  0.2  0.2		0.786896286		-1.0
	49184.99999995	5.40382		-1.2163  0.2  0.2		0.0		-1.0
	49229.99999995	5.51321		-1.17693  0.2  0.2		0.918045667		-1.0
	49274.99999995	5.41212		-1.12471  0.2  0.2		0.0		-1.0
	49319.99999995	5.15093		-1.00126  0.2  0.2		0.0		-1.0
	49364.99999995	5.38181		-1.10306  0.2  0.2		0.0		-1.0
	49409.99999995	5.19912		-1.01041  0.2  0.2		0.0		-1.0
	49454.99999995	5.14298		-1.30975  0.2  0.2		0.0		-1.0
	49499.99999995	5.47878		-1.27659  0.2  0.2		0.0		-1.0
	49544.99999995	5.28693		-1.69774  0.2  0.2		0.0		-1.0
	49589.99999995	5.4483		-1.64818  0.2  0.2		0.0		-1.0
	49634.99999995	5.27027		-1.77771  0.2  0.2		0.0		-1.0
	49679.99999995	5.37535		-1.51833  0.2  0.2		0.0		-1.0
	49724.99999995	5.10877		-1.649  0.2  0.2		0.0		-1.0
	49769.99999995	5.34032		-1.68953  0.2  0.2		0.0		-1.0
	49814.99999995	5.41784		-2.02365  0.2  0.2		0.0		-1.0
	49859.99999995	5.52598		-2.16714  0.2  0.2		3.541033287		-1.0
	49904.99999995	5.29158		-2.8053  0.2  0.2		0.0		-1.0
	49949.99999995	5.40386		-2.94442  0.2  0.2		0.0		-1.0
	49994.99999995	5.38219		-2.87231  0.2  0.2		0.0		-1.0
