	45.00000000	2.89062		-1.40707     0.2    0.2		4.1705503158		-1.0
	90.00000000	3.09302		-1.53732     0.2    0.2		4.1705503158		-1.0
	135.00000000	2.80574		-1.84868     0.2    0.2		4.1705503158		-1.0
	180.00000000	2.84035		-2.16264     0.2    0.2		4.1705503158		-1.0
	225.00000000	3.01413		-2.41186     0.2    0.2		4.1705503158		-1.0
	270.00000000	2.88625		-2.6831     0.2    0.2		4.1705503158		-1.0
	315.00000000	2.96595		-2.92566     0.2    0.2		4.1705503158		-1.0
	360.00000000	2.81051		-2.92091     0.2    0.2		4.1705503158		-1.0
	405.00000000	2.93011		-3.13043     0.2    0.2		4.1705503158		-1.0
	450.00000000	2.94955		2.45458     0.2    0.2		4.1705503158		-1.0
	495.00000000	2.91896		2.02832     0.2    0.2		4.1705503158		-1.0
	540.00000000	2.91979		1.6388     0.2    0.2		4.1705503158		-1.0
	585.00000000	2.84497		1.31749     0.2    0.2		4.1705503158		-1.0
	630.00000000	3.06949		0.75765     0.2    0.2		4.1705503158		-1.0
	675.00000000	2.75898		0.6476     0.2    0.2		4.1705503158		-1.0
	720.00000000	2.94978		-0.1224     0.2    0.2		4.1705503158		-1.0
	765.00000000	2.96586		-0.61678     0.2    0.2		4.1705503158		-1.0
	810.00000000	2.92211		-0.79209     0.2    0.2		4.1705503158		-1.0
	855.00000000	2.83399		-1.03384     0.2    0.2		4.1705503158		-1.0
	900.00000000	2.93109		-0.99434     0.2    0.2		4.1705503158		-1.0
	945.00000000	2.99402		-0.44948     0.2    0.2		4.1705503158		-1.0
	990.00000000	3.00896		0.26408     0.2    0.2		4.1705503158		-1.0
	1035.00000000	2.90982		1.09783     0.2    0.2		4.1705503158		-1.0
	1080.00000000	2.80809		0.66016     0.2    0.2		4.1705503158		-1.0
	1125.00000000	2.94351		0.46215     0.2    0.2		4.1705503158		-1.0
	1170.00000000	3.00058		0.80152     0.2    0.2		4.1705503158		-1.0
	1215.00000000	3.07282		1.2393     0.2    0.2		4.1705503158		-1.0
	1260.00000000	2.7538		1.27653     0.2    0.2		4.1705503158		-1.0
	1305.00000000	2.84797		1.00872     0.2    0.2		4.1705503158		-1.0
	1350.00000000	2.72855		1.181     0.2    0.2		4.1705503158		-1.0
	1395.00000000	2.94508		1.68351     0.2    0.2		4.1705503158		-1.0
	1440.00000000	3.0994		1.61314     0.2    0.2		4.1705503158		-1.0
	1485.00000000	2.98324		1.89697     0.2    0.2		4.1705503158		-1.0
	1530.00000000	2.9051		2.12755     0.2    0.2		4.1705503158		-1.0
	1575.00000000	2.76526		2.42088     0.2    0.2		4.1705503158		-1.0
	1620.00000000	2.90377		2.79749     0.2    0.2		4.1705503158		-1.0
	1665.00000000	2.97563		-3.0709     0.2    0.2		4.1705503158		-1.0
	1710.00000000	2.9829		-2.65276     0.2    0.2		4.1705503158		-1.0
	1755.00000000	2.92119		-2.36834     0.2    0.2		4.1705503158		-1.0
	1800.00000000	2.93822		-1.96395     0.2    0.2		4.1705503158		-1.0
	1845.00000000	2.84792		-1.77625     0.2    0.2		4.1705503158		-1.0
	1890.00000000	2.84015		-1.51143     0.2    0.2		4.1705503158		-1.0
	1935.00000000	3.05012		-1.08016     0.2    0.2		4.1705503158		-1.0
	1980.00000000	3.03074		-1.10092     0.2    0.2		4.1705503158		-1.0
	2025.00000000	3.0026		-0.20146     0.2    0.2		4.1705503158		-1.0
	2070.00000000	2.8065		0.3766     0.2    0.2		4.1705503158		-1.0
	2115.00000000	2.74862		0.88351     0.2    0.2		4.1705503158		-1.0
	2160.00000000	2.83679		1.35569     0.2    0.2		4.1705503158		-1.0
	2205.00000000	2.89014		1.69088     0.2    0.2		4.1705503158		-1.0
	2250.00000000	3.03692		2.10588     0.2    0.2		4.1705503158		-1.0
	2295.00000000	2.99235		2.53286     0.2    0.2		4.1705503158		-1.0
	2340.00000000	3.03257		2.87316     0.2    0.2		4.1705503158		-1.0
	2385.00000000	2.88601		3.12875     0.2    0.2		4.1705503158		-1.0
	2430.00000000	2.84107		-3.10777     0.2    0.2		4.1705503158		-1.0
	2475.00000000	2.93239		-2.94552     0.2    0.2		4.1705503158		-1.0
	2520.00000000	3.09576		-2.70419     0.2    0.2		4.1705503158		-1.0
	2565.00000000	2.94806		-2.46164     0.2    0.2		4.1705503158		-1.0
	2610.00000000	3.01533		-2.02355     0.2    0.2		4.1705503158		-1.0
	2655.00000000	2.9262		-1.83787     0.2    0.2		4.1705503158		-1.0
	2700.00000000	2.909		-1.3463     0.2    0.2		4.1705503158		-1.0
	2745.00000000	2.79344		-0.65337     0.2    0.2		4.1705503158		-1.0
	2790.00000000	2.90425		0.14893     0.2    0.2		4.1705503158		-1.0
	2835.00000000	2.99558		0.72814     0.2    0.2		4.1705503158		-1.0
	2880.00000000	2.92543		0.44908     0.2    0.2		4.1705503158		-1.0
	2925.00000000	2.92205		0.5508     0.2    0.2		4.1705503158		-1.0
	2970.00000000	2.88868		0.16251     0.2    0.2		4.1705503158		-1.0
	3015.00000000	2.93799		-0.55002     0.2    0.2		4.1705503158		-1.0
	3060.00000000	2.88944		-0.23377     0.2    0.2		4.1705503158		-1.0
	3105.00000000	2.92023		-0.11446     0.2    0.2		4.1705503158		-1.0
	3150.00000000	2.97684		0.35368     0.2    0.2		4.1705503158		-1.0
	3195.00000000	2.79022		0.34702     0.2    0.2		4.1705503158		-1.0
	3240.00000000	2.88582		0.75615     0.2    0.2		4.1705503158		-1.0
	3285.00000000	2.9561		0.94689     0.2    0.2		4.1705503158		-1.0
	3330.00000000	2.90792		1.49494     0.2    0.2		4.1705503158		-1.0
	3375.00000000	2.79039		2.20693     0.2    0.2		4.1705503158		-1.0
	3420.00000000	2.83421		2.71231     0.2    0.2		4.1705503158		-1.0
	3465.00000000	2.75005		-3.083     0.2    0.2		4.1705503158		-1.0
	3510.00000000	2.80676		-2.5302     0.2    0.2		4.1705503158		-1.0
	3555.00000000	2.74537		-2.13507     0.2    0.2		4.1705503158		-1.0
	3600.00000000	2.83671		-2.15153     0.2    0.2		4.1705503158		-1.0
	3645.00000000	2.80341		-1.86106     0.2    0.2		4.1705503158		-1.0
	3690.00000000	2.93001		-1.99203     0.2    0.2		4.1705503158		-1.0
	3735.00000000	2.9615		-2.18174     0.2    0.2		4.1705503158		-1.0
	3780.00000000	3.04647		-2.3461     0.2    0.2		4.1705503158		-1.0
	3825.00000000	2.92477		-2.56549     0.2    0.2		4.1705503158		-1.0
	3870.00000000	2.89813		-2.42714     0.2    0.2		4.1705503158		-1.0
	3915.00000000	3.19462		-2.43238     0.2    0.2		4.1705503158		-1.0
	3960.00000000	2.66503		-2.31801     0.2    0.2		4.1705503158		-1.0
	4005.00000000	2.76634		-2.00088     0.2    0.2		4.1705503158		-1.0
	4050.00000000	2.72117		-1.5277     0.2    0.2		4.1705503158		-1.0
	4095.00000000	2.77081		-0.51185     0.2    0.2		4.1705503158		-1.0
	4140.00000000	2.83506		0.38323     0.2    0.2		4.1705503158		-1.0
	4185.00000000	2.67347		0.72098     0.2    0.2		4.1705503158		-1.0
	4230.00000000	2.70587		0.66598     0.2    0.2		4.1705503158		-1.0
	4275.00000000	2.86832		1.10221     0.2    0.2		4.1705503158		-1.0
	4320.00000000	2.78856		1.37132     0.2    0.2		4.1705503158		-1.0
	4365.00000000	2.8877		1.37183     0.2    0.2		4.1705503158		-1.0
	4410.00000000	2.94327		1.91724     0.2    0.2		4.1705503158		-1.0
	4455.00000000	2.7754		2.00905     0.2    0.2		4.1705503158		-1.0
	4500.00000000	2.91476		2.36235     0.2    0.2		4.1705503158		-1.0
	4545.00000000	2.88956		2.53342     0.2    0.2		4.1705503158		-1.0
	4590.00000000	2.92886		2.85437     0.2    0.2		4.1705503158		-1.0
	4635.00000000	3.07568		3.1336     0.2    0.2		4.1705503158		-1.0
	4680.00000000	2.97383		3.05726     0.2    0.2		4.1705503158		-1.0
	4725.00000000	3.17287		-2.93683     0.2    0.2		4.1705503158		-1.0
	4770.00000000	2.91082		-2.65639     0.2    0.2		4.1705503158		-1.0
	4815.00000000	2.7117		-2.69859     0.2    0.2		4.1705503158		-1.0
	4860.00000000	3.26962		-2.36541     0.2    0.2		4.1705503158		-1.0
	4905.00000000	3.00494		-2.23494     0.2    0.2		4.1705503158		-1.0
	4950.00000000	2.96135		-1.63286     0.2    0.2		4.1705503158		-1.0
	4995.00000000	3.07301		-1.73852     0.2    0.2		4.1705503158		-1.0
	5040.00000000	2.85085		-0.96521     0.2    0.2		4.1705503158		-1.0
	5085.00000000	2.95499		-0.62222     0.2    0.2		4.1705503158		-1.0
	5130.00000000	3.13382		0.27009     0.2    0.2		4.1705503158		-1.0
	5175.00000000	2.82578		0.25011     0.2    0.2		4.1705503158		-1.0
	5220.00000000	2.7754		0.87564     0.2    0.2		4.1705503158		-1.0
	5265.00000000	2.94735		0.62999     0.2    0.2		4.1705503158		-1.0
	5310.00000000	3.29262		0.83492     0.2    0.2		4.1705503158		-1.0
	5355.00000000	3.2299		0.9456     0.2    0.2		4.1705503158		-1.0
	5400.00000000	2.9416		1.10026     0.2    0.2		4.1705503158		-1.0
	5445.00000000	2.9692		1.34844     0.2    0.2		4.1705503158		-1.0
	5490.00000000	3.1776		1.48607     0.2    0.2		4.1705503158		-1.0
	5535.00000000	3.15381		1.76984     0.2    0.2		4.1705503158		-1.0
	5580.00000000	2.95216		2.24686     0.2    0.2		4.1705503158		-1.0
	5625.00000000	2.93449		2.70812     0.2    0.2		4.1705503158		-1.0
	5670.00000000	2.77927		2.81816     0.2    0.2		4.1705503158		-1.0
	5715.00000000	3.03119		2.81889     0.2    0.2		4.1705503158		-1.0
	5760.00000000	3.06907		2.68141     0.2    0.2		4.1705503158		-1.0
	5805.00000000	2.80623		2.356     0.2    0.2		4.1705503158		-1.0
	5850.00000000	2.936		2.09071     0.2    0.2		4.1705503158		-1.0
	5895.00000000	3.18183		1.68174     0.2    0.2		4.1705503158		-1.0
	5940.00000000	2.85355		1.56223     0.2    0.2		4.1705503158		-1.0
	5985.00000000	2.90881		1.59366     0.2    0.2		4.1705503158		-1.0
	6030.00000000	3.20751		0.97056     0.2    0.2		4.1705503158		-1.0
	6075.00000000	3.00033		0.86516     0.2    0.2		4.1705503158		-1.0
	6120.00000000	2.9777		1.08923     0.2    0.2		4.1705503158		-1.0
	6165.00000000	2.89676		0.59451     0.2    0.2		4.1705503158		-1.0
	6210.00000000	3.05336		0.51816     0.2    0.2		4.1705503158		-1.0
	6255.00000000	2.8411		0.07516     0.2    0.2		4.1705503158		-1.0
	6300.00000000	2.87462		-0.41728     0.2    0.2		4.1705503158		-1.0
	6345.00000000	2.98437		-0.57028     0.2    0.2		4.1705503158		-1.0
	6390.00000000	2.81807		-1.26713     0.2    0.2		4.1705503158		-1.0
	6435.00000000	2.87241		-1.31599     0.2    0.2		4.1705503158		-1.0
	6480.00000000	2.81724		-1.72593     0.2    0.2		4.1705503158		-1.0
	6525.00000000	2.8208		-1.71935     0.2    0.2		4.1705503158		-1.0
	6570.00000000	3.23138		-2.20006     0.2    0.2		4.1705503158		-1.0
	6615.00000000	2.88341		-2.22501     0.2    0.2		4.1705503158		-1.0
	6660.00000000	2.84485		-2.63261     0.2    0.2		4.1705503158		-1.0
	6705.00000000	3.08286		-2.82416     0.2    0.2		4.1705503158		-1.0
	6750.00000000	2.97155		-3.06863     0.2    0.2		4.1705503158		-1.0
	6795.00000000	3.16859		2.78949     0.2    0.2		4.1705503158		-1.0
	6840.00000000	2.79018		2.37498     0.2    0.2		4.1705503158		-1.0
	6885.00000000	3.07053		2.24795     0.2    0.2		4.1705503158		-1.0
	6930.00000000	2.83068		1.87588     0.2    0.2		4.1705503158		-1.0
	6975.00000000	2.97814		1.87793     0.2    0.2		4.1705503158		-1.0
	7020.00000000	2.71846		1.69397     0.2    0.2		4.1705503158		-1.0
	7065.00000000	2.76843		1.86785     0.2    0.2		4.1705503158		-1.0
	7110.00000000	3.19863		1.76638     0.2    0.2		4.1705503158		-1.0
	7155.00000000	2.93573		1.87921     0.2    0.2		4.1705503158		-1.0
	7200.00000000	3.03627		2.0934     0.2    0.2		4.1705503158		-1.0
	7245.00000000	3.12944		2.41321     0.2    0.2		4.1705503158		-1.0
	7290.00000000	2.88478		2.75061     0.2    0.2		4.1705503158		-1.0
	7335.00000000	2.73932		3.00588     0.2    0.2		4.1705503158		-1.0
	7380.00000000	2.81371		-2.66337     0.2    0.2		4.1705503158		-1.0
	7425.00000000	2.72112		-2.50383     0.2    0.2		4.1705503158		-1.0
	7470.00000000	3.13655		-1.96423     0.2    0.2		4.1705503158		-1.0
	7515.00000000	3.09395		-1.61684     0.2    0.2		4.1705503158		-1.0
	7560.00000000	3.00867		-1.19009     0.2    0.2		4.1705503158		-1.0
	7605.00000000	2.85775		-1.09378     0.2    0.2		4.1705503158		-1.0
	7650.00000000	3.11778		-0.40785     0.2    0.2		4.1705503158		-1.0
	7695.00000000	2.83588		0.07742     0.2    0.2		4.1705503158		-1.0
	7740.00000000	2.94086		0.11918     0.2    0.2		4.1705503158		-1.0
	7785.00000000	2.80133		-0.28483     0.2    0.2		4.1705503158		-1.0
	7830.00000000	3.11296		-0.21734     0.2    0.2		4.1705503158		-1.0
	7875.00000000	2.77174		0.0046     0.2    0.2		4.1705503158		-1.0
	7920.00000000	3.10078		-0.12594     0.2    0.2		4.1705503158		-1.0
	7965.00000000	2.85885		-0.25678     0.2    0.2		4.1705503158		-1.0
	8010.00000000	2.964		-0.79638     0.2    0.2		4.1705503158		-1.0
	8055.00000000	2.99381		-0.99444     0.2    0.2		4.1705503158		-1.0
	8100.00000000	2.99161		-1.18883     0.2    0.2		4.1705503158		-1.0
	8145.00000000	3.20859		-1.29815     0.2    0.2		4.1705503158		-1.0
	8190.00000000	2.90299		-1.52267     0.2    0.2		4.1705503158		-1.0
	8235.00000000	3.04358		-1.55755     0.2    0.2		4.1705503158		-1.0
	8280.00000000	3.183		-1.82857     0.2    0.2		4.1705503158		-1.0
	8325.00000000	3.19749		-1.72292     0.2    0.2		4.1705503158		-1.0
	8370.00000000	3.18302		-2.13155     0.2    0.2		4.1705503158		-1.0
	8415.00000000	3.17886		-1.90287     0.2    0.2		4.1705503158		-1.0
	8460.00000000	2.74066		-2.37514     0.2    0.2		4.1705503158		-1.0
	8505.00000000	3.01883		-2.6079     0.2    0.2		4.1705503158		-1.0
	8550.00000000	2.90439		-2.73735     0.2    0.2		4.1705503158		-1.0
	8595.00000000	3.10447		-2.91575     0.2    0.2		4.1705503158		-1.0
	8640.00000000	2.95538		2.99511     0.2    0.2		4.1705503158		-1.0
	8685.00000000	2.9785		2.5928     0.2    0.2		4.1705503158		-1.0
	8730.00000000	2.99078		2.24092     0.2    0.2		4.1705503158		-1.0
	8775.00000000	2.88282		2.00117     0.2    0.2		4.1705503158		-1.0
	8820.00000000	3.00123		1.5261     0.2    0.2		4.1705503158		-1.0
	8865.00000000	3.14639		1.10364     0.2    0.2		4.1705503158		-1.0
	8910.00000000	3.03436		0.85321     0.2    0.2		4.1705503158		-1.0
	8955.00000000	3.12442		-0.03306     0.2    0.2		4.1705503158		-1.0
	9000.00000000	2.74426		-0.48659     0.2    0.2		4.1705503158		-1.0
	9045.00000000	3.06741		-1.0919     0.2    0.2		4.1705503158		-1.0
	9090.00000000	3.11379		-0.85577     0.2    0.2		4.1705503158		-1.0
	9135.00000000	2.66695		-0.76588     0.2    0.2		4.1705503158		-1.0
	9180.00000000	3.15814		0.04701     0.2    0.2		4.1705503158		-1.0
	9225.00000000	3.32011		0.48466     0.2    0.2		4.1705503158		-1.0
	9270.00000000	3.06745		0.4149     0.2    0.2		4.1705503158		-1.0
	9315.00000000	3.17505		0.26893     0.2    0.2		4.1705503158		-1.0
	9360.00000000	2.8447		-0.27222     0.2    0.2		4.1705503158		-1.0
	9405.00000000	2.80165		-0.21866     0.2    0.2		4.1705503158		-1.0
	9450.00000000	2.80299		-0.0086     0.2    0.2		4.1705503158		-1.0
	9495.00000000	3.3686		-0.04467     0.2    0.2		4.1705503158		-1.0
	9540.00000000	2.97168		0.2871     0.2    0.2		4.1705503158		-1.0
	9585.00000000	3.0609		0.09352     0.2    0.2		4.1705503158		-1.0
	9630.00000000	3.23299		0.07486     0.2    0.2		4.1705503158		-1.0
	9675.00000000	3.19535		-0.56485     0.2    0.2		4.1705503158		-1.0
	9720.00000000	3.01		-0.81233     0.2    0.2		4.1705503158		-1.0
	9765.00000000	2.73412		-1.35056     0.2    0.2		4.1705503158		-1.0
	9810.00000000	3.26489		-1.34049     0.2    0.2		4.1705503158		-1.0
	9855.00000000	3.11261		-1.87053     0.2    0.2		4.1705503158		-1.0
	9900.00000000	2.91818		-2.16329     0.2    0.2		4.1705503158		-1.0
	9945.00000000	2.91994		-2.35485     0.2    0.2		4.1705503158		-1.0
	9990.00000000	2.76922		-2.50091     0.2    0.2		4.1705503158		-1.0
	10035.00000000	2.82438		-2.85768     0.2    0.2		4.1705503158		-1.0
	10080.00000000	2.71811		-2.92619     0.2    0.2		4.1705503158		-1.0
	10125.00000000	2.77542		3.02521     0.2    0.2		4.1705503158		-1.0
	10170.00000000	2.76869		2.83784     0.2    0.2		4.1705503158		-1.0
	10215.00000000	2.79047		2.35261     0.2    0.2		4.1705503158		-1.0
	10260.00000000	2.74756		2.15559     0.2    0.2		4.1705503158		-1.0
	10305.00000000	2.78532		1.85589     0.2    0.2		4.1705503158		-1.0
	10350.00000000	2.8724		1.32099     0.2    0.2		4.1705503158		-1.0
	10395.00000000	3.14989		1.18606     0.2    0.2		4.1705503158		-1.0
	10440.00000000	2.83692		0.78815     0.2    0.2		4.1705503158		-1.0
	10485.00000000	2.71726		0.09772     0.2    0.2		4.1705503158		-1.0
	10530.00000000	2.81903		-0.52414     0.2    0.2		4.1705503158		-1.0
	10575.00000000	2.70811		-1.05234     0.2    0.2		4.1705503158		-1.0
	10620.00000000	2.86427		-1.42986     0.2    0.2		4.1705503158		-1.0
	10665.00000000	2.71541		-1.87186     0.2    0.2		4.1705503158		-1.0
	10710.00000000	2.76645		-2.17454     0.2    0.2		4.1705503158		-1.0
	10755.00000000	2.76353		-2.23022     0.2    0.2		4.1705503158		-1.0
	10800.00000000	2.7386		-2.13911     0.2    0.2		4.1705503158		-1.0
	10845.00000001	2.70047		-2.35698     0.2    0.2		4.1705503158		-1.0
	10890.00000001	3.46687		-1.95946     0.2    0.2		4.1705503158		-1.0
	10935.00000001	2.92493		-1.77436     0.2    0.2		4.1705503158		-1.0
	10980.00000001	2.88608		-1.53022     0.2    0.2		4.1705503158		-1.0
	11025.00000001	2.9187		-1.18712     0.2    0.2		4.1705503158		-1.0
	11070.00000001	3.09278		-0.61297     0.2    0.2		4.1705503158		-1.0
	11115.00000001	2.8757		-0.21584     0.2    0.2		4.1705503158		-1.0
	11160.00000001	2.72751		0.3809     0.2    0.2		4.1705503158		-1.0
	11205.00000001	2.73873		0.33559     0.2    0.2		4.1705503158		-1.0
	11250.00000001	2.79334		0.81144     0.2    0.2		4.1705503158		-1.0
	11295.00000001	3.08495		1.43545     0.2    0.2		4.1705503158		-1.0
	11340.00000001	2.72952		1.19723     0.2    0.2		4.1705503158		-1.0
	11385.00000001	3.15045		1.43927     0.2    0.2		4.1705503158		-1.0
	11430.00000001	2.93331		1.64933     0.2    0.2		4.1705503158		-1.0
	11475.00000001	2.69549		1.7734     0.2    0.2		4.1705503158		-1.0
	11520.00000001	2.69843		2.10594     0.2    0.2		4.1705503158		-1.0
	11565.00000001	3.19494		2.53868     0.2    0.2		4.1705503158		-1.0
	11610.00000001	3.31429		2.36813     0.2    0.2		4.1705503158		-1.0
	11655.00000001	3.1993		2.41046     0.2    0.2		4.1705503158		-1.0
	11700.00000001	2.76887		2.70885     0.2    0.2		4.1705503158		-1.0
	11745.00000001	2.9469		2.46183     0.2    0.2		4.1705503158		-1.0
	11790.00000001	3.42182		2.144     0.2    0.2		4.1705503158		-1.0
	11835.00000001	2.98281		2.30398     0.2    0.2		4.1705503158		-1.0
	11880.00000001	3.01768		2.01984     0.2    0.2		4.1705503158		-1.0
	11925.00000001	3.25179		1.88622     0.2    0.2		4.1705503158		-1.0
	11970.00000001	3.35325		1.4938     0.2    0.2		4.1705503158		-1.0
	12015.00000001	3.27201		1.43019     0.2    0.2		4.1705503158		-1.0
	12060.00000001	2.81932		1.26513     0.2    0.2		4.1705503158		-1.0
	12105.00000001	3.29709		0.97458     0.2    0.2		4.1705503158		-1.0
	12150.00000001	3.27098		0.50914     0.2    0.2		4.1705503158		-1.0
	12195.00000001	3.20719		0.51304     0.2    0.2		4.1705503158		-1.0
	12240.00000001	3.17631		-0.45233     0.2    0.2		4.1705503158		-1.0
	12285.00000001	2.86194		-0.61263     0.2    0.2		4.1705503158		-1.0
	12330.00000001	2.75142		-1.1362     0.2    0.2		4.1705503158		-1.0
	12375.00000001	2.77004		-1.36388     0.2    0.2		4.1705503158		-1.0
	12420.00000001	3.3642		-1.62176     0.2    0.2		4.1705503158		-1.0
	12465.00000001	3.1381		-1.78     0.2    0.2		4.1705503158		-1.0
	12510.00000001	3.17278		-2.13944     0.2    0.2		4.1705503158		-1.0
	12555.00000001	3.18723		-2.27067     0.2    0.2		4.1705503158		-1.0
	12600.00000001	3.22899		-2.70476     0.2    0.2		4.1705503158		-1.0
	12645.00000001	3.32081		-2.83343     0.2    0.2		4.1705503158		-1.0
	12690.00000001	3.23582		2.92264     0.2    0.2		4.1705503158		-1.0
	12735.00000001	3.24964		2.63808     0.2    0.2		4.1705503158		-1.0
	12780.00000001	2.82493		2.33645     0.2    0.2		4.1705503158		-1.0
	12825.00000001	2.73778		1.989     0.2    0.2		4.1705503158		-1.0
	12870.00000001	2.67916		2.05934     0.2    0.2		4.1705503158		-1.0
	12915.00000001	2.75964		1.44519     0.2    0.2		4.1705503158		-1.0
	12960.00000001	2.836		1.62032     0.2    0.2		4.1705503158		-1.0
	13005.00000001	2.8551		1.04955     0.2    0.2		4.1705503158		-1.0
	13050.00000001	2.84476		1.00325     0.2    0.2		4.1705503158		-1.0
	13095.00000001	2.70967		0.14173     0.2    0.2		4.1705503158		-1.0
	13140.00000001	2.73527		-0.78905     0.2    0.2		4.1705503158		-1.0
	13185.00000001	3.39096		-0.82069     0.2    0.2		4.1705503158		-1.0
	13230.00000001	2.90553		-1.07959     0.2    0.2		4.1705503158		-1.0
	13275.00000001	2.96819		-1.60425     0.2    0.2		4.1705503158		-1.0
	13320.00000001	2.7225		-1.80941     0.2    0.2		4.1705503158		-1.0
	13365.00000001	2.82276		-1.85742     0.2    0.2		4.1705503158		-1.0
	13410.00000001	3.41197		-2.12967     0.2    0.2		4.1705503158		-1.0
	13455.00000001	3.09686		-2.57134     0.2    0.2		4.1705503158		-1.0
	13500.00000001	2.86194		-2.57505     0.2    0.2		4.1705503158		-1.0
	13545.00000001	2.76413		3.0975     0.2    0.2		4.1705503158		-1.0
	13590.00000001	3.0908		2.90563     0.2    0.2		4.1705503158		-1.0
	13635.00000001	3.15723		2.40909     0.2    0.2		4.1705503158		-1.0
	13680.00000001	3.36775		1.9351     0.2    0.2		4.1705503158		-1.0
	13725.00000001	2.90059		1.49634     0.2    0.2		4.1705503158		-1.0
	13770.00000001	2.82775		0.81736     0.2    0.2		4.1705503158		-1.0
	13815.00000001	3.42292		0.57766     0.2    0.2		4.1705503158		-1.0
	13860.00000001	3.35503		0.07584     0.2    0.2		4.1705503158		-1.0
	13905.00000001	2.8619		-0.46234     0.2    0.2		4.1705503158		-1.0
	13950.00000001	3.09259		-1.01451     0.2    0.2		4.1705503158		-1.0
	13995.00000001	3.24575		-0.93306     0.2    0.2		4.1705503158		-1.0
	14040.00000001	3.38489		-1.14287     0.2    0.2		4.1705503158		-1.0
	14085.00000001	3.2754		-1.23913     0.2    0.2		4.1705503158		-1.0
	14130.00000001	3.24498		-1.11649     0.2    0.2		4.1705503158		-1.0
	14175.00000001	3.34261		-1.41584     0.2    0.2		4.1705503158		-1.0
	14220.00000001	2.65738		-1.3353     0.2    0.2		4.1705503158		-1.0
	14265.00000000	2.74704		-1.38685     0.2    0.2		4.1705503158		-1.0
	14310.00000000	2.74013		-1.31318     0.2    0.2		4.1705503158		-1.0
	14355.00000000	2.80455		-0.7488     0.2    0.2		4.1705503158		-1.0
	14400.00000000	2.70122		0.17591     0.2    0.2		4.1705503158		-1.0
	14445.00000000	2.7739		0.77737     0.2    0.2		4.1705503158		-1.0
	14490.00000000	2.70234		1.14258     0.2    0.2		4.1705503158		-1.0
	14535.00000000	2.69505		1.82272     0.2    0.2		4.1705503158		-1.0
	14580.00000000	2.71424		1.94664     0.2    0.2		4.1705503158		-1.0
	14625.00000000	2.73138		2.53388     0.2    0.2		4.1705503158		-1.0
	14670.00000000	2.74767		2.78265     0.2    0.2		4.1705503158		-1.0
	14715.00000000	2.77958		2.99295     0.2    0.2		4.1705503158		-1.0
	14760.00000000	2.75727		-2.90812     0.2    0.2		4.1705503158		-1.0
	14805.00000000	2.71162		-2.55997     0.2    0.2		4.1705503158		-1.0
	14850.00000000	2.72369		-2.07047     0.2    0.2		4.1705503158		-1.0
	14895.00000000	2.69773		-1.89428     0.2    0.2		4.1705503158		-1.0
	14940.00000000	2.66361		-1.69275     0.2    0.2		4.1705503158		-1.0
	14985.00000000	2.88386		-1.83318     0.2    0.2		4.1705503158		-1.0
	15030.00000000	3.2535		-2.00971     0.2    0.2		4.1705503158		-1.0
	15075.00000000	3.26491		-2.5434     0.2    0.2		4.1705503158		-1.0
	15120.00000000	3.36011		-2.4213     0.2    0.2		4.1705503158		-1.0
	15165.00000000	3.2136		-2.80805     0.2    0.2		4.1705503158		-1.0
	15210.00000000	3.20841		3.11567     0.2    0.2		4.1705503158		-1.0
	15255.00000000	3.18162		3.04376     0.2    0.2		4.1705503158		-1.0
	15300.00000000	3.2614		2.57763     0.2    0.2		4.1705503158		-1.0
	15345.00000000	3.23041		2.05575     0.2    0.2		4.1705503158		-1.0
	15390.00000000	3.33144		2.0005     0.2    0.2		4.1705503158		-1.0
	15435.00000000	3.32208		1.53109     0.2    0.2		4.1705503158		-1.0
	15480.00000000	3.3737		1.45168     0.2    0.2		4.1705503158		-1.0
	15525.00000000	3.29474		0.88764     0.2    0.2		4.1705503158		-1.0
	15570.00000000	3.39237		1.11827     0.2    0.2		4.1705503158		-1.0
	15615.00000000	3.27088		1.17153     0.2    0.2		4.1705503158		-1.0
	15660.00000000	3.14948		1.32214     0.2    0.2		4.1705503158		-1.0
	15705.00000000	3.10059		0.66024     0.2    0.2		4.1705503158		-1.0
	15750.00000000	2.98353		-0.21195     0.2    0.2		4.1705503158		-1.0
	15795.00000000	2.74808		-0.33982     0.2    0.2		4.1705503158		-1.0
	15840.00000000	2.85327		-0.77682     0.2    0.2		4.1705503158		-1.0
	15885.00000000	2.84833		-0.97418     0.2    0.2		4.1705503158		-1.0
	15930.00000000	3.19783		-0.55105     0.2    0.2		4.1705503158		-1.0
	15975.00000000	3.31733		-0.62786     0.2    0.2		4.1705503158		-1.0
	16020.00000000	2.61149		-0.4507     0.2    0.2		4.1705503158		-1.0
	16065.00000000	2.73676		0.3153     0.2    0.2		4.1705503158		-1.0
	16110.00000000	2.70733		0.82509     0.2    0.2		4.1705503158		-1.0
	16155.00000000	3.24425		1.20823     0.2    0.2		4.1705503158		-1.0
	16200.00000000	3.21621		1.45401     0.2    0.2		4.1705503158		-1.0
	16245.00000000	2.98123		1.76023     0.2    0.2		4.1705503158		-1.0
	16290.00000000	3.12917		1.93825     0.2    0.2		4.1705503158		-1.0
	16335.00000000	3.29244		2.25405     0.2    0.2		4.1705503158		-1.0
	16380.00000000	3.39911		2.43467     0.2    0.2		4.1705503158		-1.0
	16425.00000000	3.12908		2.67479     0.2    0.2		4.1705503158		-1.0
	16470.00000000	3.09976		3.00008     0.2    0.2		4.1705503158		-1.0
	16515.00000000	3.27353		3.08426     0.2    0.2		4.1705503158		-1.0
	16560.00000000	2.98641		-2.85475     0.2    0.2		4.1705503158		-1.0
	16605.00000000	3.0383		-2.72394     0.2    0.2		4.1705503158		-1.0
	16650.00000000	2.92926		-2.21619     0.2    0.2		4.1705503158		-1.0
	16695.00000000	3.0504		-2.05709     0.2    0.2		4.1705503158		-1.0
	16740.00000000	3.22538		-1.6162     0.2    0.2		4.1705503158		-1.0
	16785.00000000	3.01206		-1.49597     0.2    0.2		4.1705503158		-1.0
	16830.00000000	3.18038		-0.80013     0.2    0.2		4.1705503158		-1.0
	16875.00000000	3.29525		-0.46947     0.2    0.2		4.1705503158		-1.0
	16920.00000000	3.20271		0.1946     0.2    0.2		4.1705503158		-1.0
	16965.00000000	3.25036		0.79172     0.2    0.2		4.1705503158		-1.0
	17010.00000000	3.06539		0.9909     0.2    0.2		4.1705503158		-1.0
	17055.00000000	2.65361		1.64373     0.2    0.2		4.1705503158		-1.0
	17100.00000000	2.75189		1.58756     0.2    0.2		4.1705503158		-1.0
	17145.00000000	2.74238		2.14243     0.2    0.2		4.1705503158		-1.0
	17190.00000000	2.67292		1.97219     0.2    0.2		4.1705503158		-1.0
	17235.00000000	2.70777		2.62213     0.2    0.2		4.1705503158		-1.0
	17280.00000000	2.7675		2.5756     0.2    0.2		4.1705503158		-1.0
	17325.00000000	2.69873		2.80727     0.2    0.2		4.1705503158		-1.0
	17370.00000000	2.72674		-3.07509     0.2    0.2		4.1705503158		-1.0
	17415.00000000	2.72958		-2.81105     0.2    0.2		4.1705503158		-1.0
	17460.00000000	2.72006		-2.81925     0.2    0.2		4.1705503158		-1.0
	17505.00000000	2.65619		-2.39248     0.2    0.2		4.1705503158		-1.0
	17550.00000000	2.7317		-2.33311     0.2    0.2		4.1705503158		-1.0
	17595.00000000	2.68127		-1.97504     0.2    0.2		4.1705503158		-1.0
	17640.00000000	2.72155		-1.75774     0.2    0.2		4.1705503158		-1.0
	17685.00000000	2.73969		-1.35673     0.2    0.2		4.1705503158		-1.0
	17730.00000000	3.17489		-1.51953     0.2    0.2		4.1705503158		-1.0
	17775.00000000	3.11358		-0.89051     0.2    0.2		4.1705503158		-1.0
	17820.00000000	3.19009		-0.27043     0.2    0.2		4.1705503158		-1.0
	17865.00000000	3.26469		0.21799     0.2    0.2		4.1705503158		-1.0
	17910.00000000	3.26685		0.68546     0.2    0.2		4.1705503158		-1.0
	17955.00000000	3.35312		0.52281     0.2    0.2		4.1705503158		-1.0
	18000.00000000	2.92641		0.62063     0.2    0.2		4.1705503158		-1.0
	18045.00000000	2.89428		0.02215     0.2    0.2		4.1705503158		-1.0
	18090.00000000	3.18599		-0.2153     0.2    0.2		4.1705503158		-1.0
	18135.00000000	3.16818		-0.5149     0.2    0.2		4.1705503158		-1.0
	18180.00000000	2.71053		-0.19019     0.2    0.2		4.1705503158		-1.0
	18225.00000000	3.09603		-0.38657     0.2    0.2		4.1705503158		-1.0
	18270.00000000	2.73217		-0.74761     0.2    0.2		4.1705503158		-1.0
	18315.00000000	2.76787		-0.82403     0.2    0.2		4.1705503158		-1.0
	18360.00000000	2.675		-0.4289     0.2    0.2		4.1705503158		-1.0
	18405.00000000	2.66991		0.23381     0.2    0.2		4.1705503158		-1.0
	18450.00000000	2.7474		0.99245     0.2    0.2		4.1705503158		-1.0
	18495.00000000	2.67215		1.38253     0.2    0.2		4.1705503158		-1.0
	18540.00000000	2.65647		1.11463     0.2    0.2		4.1705503158		-1.0
	18585.00000000	2.75208		1.44618     0.2    0.2		4.1705503158		-1.0
	18630.00000000	2.71727		1.60854     0.2    0.2		4.1705503158		-1.0
	18675.00000000	2.63618		1.94833     0.2    0.2		4.1705503158		-1.0
	18720.00000000	2.62487		2.3767     0.2    0.2		4.1705503158		-1.0
	18765.00000000	3.49086		2.92877     0.2    0.2		4.1705503158		-1.0
	18810.00000000	3.43824		-2.79974     0.2    0.2		4.1705503158		-1.0
	18855.00000000	3.43387		-2.76407     0.2    0.2		4.1705503158		-1.0
	18900.00000000	3.27731		-2.29555     0.2    0.2		4.1705503158		-1.0
	18945.00000000	3.35229		-2.28785     0.2    0.2		4.1705503158		-1.0
	18990.00000000	3.3869		-1.96576     0.2    0.2		4.1705503158		-1.0
	19035.00000000	3.38755		-2.02609     0.2    0.2		4.1705503158		-1.0
	19080.00000000	3.07056		-2.00005     0.2    0.2		4.1705503158		-1.0
	19125.00000000	3.314		-1.43941     0.2    0.2		4.1705503158		-1.0
	19170.00000000	3.15798		-1.35934     0.2    0.2		4.1705503158		-1.0
	19215.00000000	3.20829		-0.69875     0.2    0.2		4.1705503158		-1.0
	19260.00000000	3.21756		-0.13824     0.2    0.2		4.1705503158		-1.0
	19305.00000000	3.4212		0.61907     0.2    0.2		4.1705503158		-1.0
	19350.00000000	2.8667		1.12416     0.2    0.2		4.1705503158		-1.0
	19395.00000000	2.64352		1.42039     0.2    0.2		4.1705503158		-1.0
	19440.00000000	2.76748		1.86683     0.2    0.2		4.1705503158		-1.0
	19485.00000000	2.7043		2.26338     0.2    0.2		4.1705503158		-1.0
	19530.00000000	2.88605		2.7469     0.2    0.2		4.1705503158		-1.0
	19575.00000000	3.08016		-2.97625     0.2    0.2		4.1705503158		-1.0
	19620.00000000	2.70861		-2.6233     0.2    0.2		4.1705503158		-1.0
	19665.00000000	2.77172		-2.37164     0.2    0.2		4.1705503158		-1.0
	19710.00000000	3.26584		-2.16226     0.2    0.2		4.1705503158		-1.0
	19755.00000000	3.1717		-2.05796     0.2    0.2		4.1705503158		-1.0
	19800.00000000	3.27716		-1.76503     0.2    0.2		4.1705503158		-1.0
	19845.00000000	3.50899		-1.92851     0.2    0.2		4.1705503158		-1.0
	19890.00000000	3.33653		-1.51139     0.2    0.2		4.1705503158		-1.0
	19935.00000000	2.76629		-1.41255     0.2    0.2		4.1705503158		-1.0
	19980.00000000	2.64077		-0.60575     0.2    0.2		4.1705503158		-1.0
	20025.00000000	3.48377		-0.15213     0.2    0.2		4.1705503158		-1.0
	20070.00000000	2.64572		0.51399     0.2    0.2		4.1705503158		-1.0
	20115.00000000	3.41238		0.77671     0.2    0.2		4.1705503158		-1.0
	20160.00000000	3.12365		1.44268     0.2    0.2		4.1705503158		-1.0
	20205.00000000	3.23302		1.31426     0.2    0.2		4.1705503158		-1.0
	20250.00000000	3.11623		1.99175     0.2    0.2		4.1705503158		-1.0
	20295.00000000	3.17225		1.92559     0.2    0.2		4.1705503158		-1.0
	20340.00000000	3.19441		2.51923     0.2    0.2		4.1705503158		-1.0
	20385.00000000	3.06821		2.61604     0.2    0.2		4.1705503158		-1.0
	20430.00000000	3.61611		2.96054     0.2    0.2		4.1705503158		-1.0
	20475.00000000	2.95719		3.1074     0.2    0.2		4.1705503158		-1.0
	20520.00000000	3.2087		-3.05223     0.2    0.2		4.1705503158		-1.0
	20565.00000000	3.34589		-3.12446     0.2    0.2		4.1705503158		-1.0
	20610.00000000	2.89327		-2.87686     0.2    0.2		4.1705503158		-1.0
	20655.00000000	2.62536		-3.12954     0.2    0.2		4.1705503158		-1.0
	20700.00000000	2.62254		-2.88825     0.2    0.2		4.1705503158		-1.0
	20744.99999999	2.82777		3.07816     0.2    0.2		4.1705503158		-1.0
	20789.99999999	3.44154		-3.05145     0.2    0.2		4.1705503158		-1.0
	20834.99999999	3.37352		3.06955     0.2    0.2		4.1705503158		-1.0
	20879.99999999	3.38959		2.80768     0.2    0.2		4.1705503158		-1.0
	20924.99999999	3.43963		2.91741     0.2    0.2		4.1705503158		-1.0
	20969.99999999	3.28467		2.59189     0.2    0.2		4.1705503158		-1.0
	21014.99999999	3.26589		2.20275     0.2    0.2		4.1705503158		-1.0
	21059.99999999	3.22171		2.2042     0.2    0.2		4.1705503158		-1.0
	21104.99999999	3.3194		1.61225     0.2    0.2		4.1705503158		-1.0
	21149.99999999	3.24645		1.79689     0.2    0.2		4.1705503158		-1.0
	21194.99999999	3.08864		1.13288     0.2    0.2		4.1705503158		-1.0
	21239.99999999	3.62459		1.09516     0.2    0.2		4.1705503158		-1.0
	21284.99999999	3.10903		0.71189     0.2    0.2		4.1705503158		-1.0
	21329.99999999	3.24861		0.24164     0.2    0.2		4.1705503158		-1.0
	21374.99999999	2.74488		-0.38147     0.2    0.2		4.1705503158		-1.0
	21419.99999999	2.64903		-0.9036     0.2    0.2		4.1705503158		-1.0
	21464.99999999	2.76158		-0.93102     0.2    0.2		4.1705503158		-1.0
	21509.99999999	2.76994		-1.30335     0.2    0.2		4.1705503158		-1.0
	21554.99999999	2.68377		-1.28393     0.2    0.2		4.1705503158		-1.0
	21599.99999999	2.72998		-1.10889     0.2    0.2		4.1705503158		-1.0
	21644.99999999	3.04562		-0.73251     0.2    0.2		4.1705503158		-1.0
	21689.99999999	3.24204		-0.41426     0.2    0.2		4.1705503158		-1.0
	21734.99999999	3.20511		-0.02188     0.2    0.2		4.1705503158		-1.0
	21779.99999999	3.09074		0.41355     0.2    0.2		4.1705503158		-1.0
	21824.99999999	3.34542		0.39149     0.2    0.2		4.1705503158		-1.0
	21869.99999999	3.18858		0.31795     0.2    0.2		4.1705503158		-1.0
	21914.99999999	2.8132		0.48028     0.2    0.2		4.1705503158		-1.0
	21959.99999999	2.66022		-0.07536     0.2    0.2		4.1705503158		-1.0
	22004.99999999	2.68342		-0.18126     0.2    0.2		4.1705503158		-1.0
	22049.99999999	2.71489		0.10071     0.2    0.2		4.1705503158		-1.0
	22094.99999999	2.73473		-0.17566     0.2    0.2		4.1705503158		-1.0
	22139.99999999	2.75868		-0.78421     0.2    0.2		4.1705503158		-1.0
	22184.99999999	2.66487		-0.91346     0.2    0.2		4.1705503158		-1.0
	22229.99999999	3.35644		-0.84039     0.2    0.2		4.1705503158		-1.0
	22274.99999999	3.32313		-0.96595     0.2    0.2		4.1705503158		-1.0
	22319.99999999	3.35253		-0.83156     0.2    0.2		4.1705503158		-1.0
	22364.99999999	3.53165		-1.21059     0.2    0.2		4.1705503158		-1.0
	22409.99999999	3.25441		-0.76753     0.2    0.2		4.1705503158		-1.0
	22454.99999999	3.13605		-1.29347     0.2    0.2		4.1705503158		-1.0
	22499.99999999	3.44204		-0.81837     0.2    0.2		4.1705503158		-1.0
	22544.99999999	3.34883		-1.17744     0.2    0.2		4.1705503158		-1.0
	22589.99999999	3.12784		-1.13001     0.2    0.2		4.1705503158		-1.0
	22634.99999999	3.43041		-1.24152     0.2    0.2		4.1705503158		-1.0
	22679.99999999	3.41127		-1.58886     0.2    0.2		4.1705503158		-1.0
	22724.99999999	2.79548		-1.68489     0.2    0.2		4.1705503158		-1.0
	22769.99999999	2.78299		-2.06573     0.2    0.2		4.1705503158		-1.0
	22814.99999999	2.60559		-2.32693     0.2    0.2		4.1705503158		-1.0
	22859.99999999	2.68335		-2.61526     0.2    0.2		4.1705503158		-1.0
	22904.99999999	2.74926		-3.00072     0.2    0.2		4.1705503158		-1.0
	22949.99999999	2.66183		2.83337     0.2    0.2		4.1705503158		-1.0
	22994.99999999	2.68359		2.43164     0.2    0.2		4.1705503158		-1.0
	23039.99999999	2.64181		2.07742     0.2    0.2		4.1705503158		-1.0
	23084.99999999	2.72982		2.2851     0.2    0.2		4.1705503158		-1.0
	23129.99999999	2.65831		2.15526     0.2    0.2		4.1705503158		-1.0
	23174.99999999	2.64412		2.48286     0.2    0.2		4.1705503158		-1.0
	23219.99999999	3.43326		2.50117     0.2    0.2		4.1705503158		-1.0
	23264.99999999	2.67921		2.5446     0.2    0.2		4.1705503158		-1.0
	23309.99999999	2.66948		2.75355     0.2    0.2		4.1705503158		-1.0
	23354.99999999	3.37243		2.79268     0.2    0.2		4.1705503158		-1.0
	23399.99999999	3.26051		-3.06952     0.2    0.2		4.1705503158		-1.0
	23444.99999999	3.04439		3.10803     0.2    0.2		4.1705503158		-1.0
	23489.99999999	2.68778		3.11236     0.2    0.2		4.1705503158		-1.0
	23534.99999999	2.70584		-2.8094     0.2    0.2		4.1705503158		-1.0
	23579.99999999	2.76138		3.0947     0.2    0.2		4.1705503158		-1.0
	23624.99999999	3.47002		-2.60203     0.2    0.2		4.1705503158		-1.0
	23669.99999999	3.33208		-2.5664     0.2    0.2		4.1705503158		-1.0
	23714.99999999	3.21326		-2.66569     0.2    0.2		4.1705503158		-1.0
	23759.99999999	3.52766		-2.37433     0.2    0.2		4.1705503158		-1.0
	23804.99999999	3.47942		-2.47335     0.2    0.2		4.1705503158		-1.0
	23849.99999999	3.09549		-2.15672     0.2    0.2		4.1705503158		-1.0
	23894.99999999	3.02456		-2.21299     0.2    0.2		4.1705503158		-1.0
	23939.99999999	2.8611		-1.90957     0.2    0.2		4.1705503158		-1.0
	23984.99999999	2.75732		-1.78026     0.2    0.2		4.1705503158		-1.0
	24029.99999999	2.79045		-1.45881     0.2    0.2		4.1705503158		-1.0
	24074.99999999	2.62296		-0.97916     0.2    0.2		4.1705503158		-1.0
	24119.99999999	2.69122		-0.23762     0.2    0.2		4.1705503158		-1.0
	24164.99999999	2.68756		0.71253     0.2    0.2		4.1705503158		-1.0
	24209.99999999	2.73768		1.09491     0.2    0.2		4.1705503158		-1.0
	24254.99999999	2.72913		1.33247     0.2    0.2		4.1705503158		-1.0
	24299.99999999	2.68657		1.63205     0.2    0.2		4.1705503158		-1.0
	24344.99999999	2.65509		1.32374     0.2    0.2		4.1705503158		-1.0
	24389.99999999	2.70822		1.49363     0.2    0.2		4.1705503158		-1.0
	24434.99999999	2.64818		0.8318     0.2    0.2		4.1705503158		-1.0
	24479.99999999	2.6523		0.37384     0.2    0.2		4.1705503158		-1.0
	24524.99999999	2.74488		0.21606     0.2    0.2		4.1705503158		-1.0
	24569.99999999	3.45909		-0.20913     0.2    0.2		4.1705503158		-1.0
	24614.99999999	3.51044		-0.37367     0.2    0.2		4.1705503158		-1.0
	24659.99999999	2.61169		-0.38131     0.2    0.2		4.1705503158		-1.0
	24704.99999999	3.46527		-0.53534     0.2    0.2		4.1705503158		-1.0
	24749.99999999	3.3495		-0.17207     0.2    0.2		4.1705503158		-1.0
	24794.99999999	3.08764		0.1128     0.2    0.2		4.1705503158		-1.0
	24839.99999999	3.39463		0.44278     0.2    0.2		4.1705503158		-1.0
	24884.99999999	3.14177		0.49528     0.2    0.2		4.1705503158		-1.0
	24929.99999999	3.35097		0.947     0.2    0.2		4.1705503158		-1.0
	24974.99999999	3.37936		1.28941     0.2    0.2		4.1705503158		-1.0
	25019.99999999	3.39024		0.91117     0.2    0.2		4.1705503158		-1.0
	25064.99999999	3.3254		1.45085     0.2    0.2		4.1705503158		-1.0
	25109.99999999	3.13087		1.87552     0.2    0.2		4.1705503158		-1.0
	25154.99999999	3.18137		2.10166     0.2    0.2		4.1705503158		-1.0
	25199.99999999	3.39527		2.34713     0.2    0.2		4.1705503158		-1.0
	25244.99999999	3.43274		2.65677     0.2    0.2		4.1705503158		-1.0
	25289.99999999	3.11593		2.97548     0.2    0.2		4.1705503158		-1.0
	25334.99999999	3.4321		-2.87198     0.2    0.2		4.1705503158		-1.0
	25379.99999999	3.27971		-2.58023     0.2    0.2		4.1705503158		-1.0
	25424.99999999	3.42088		-2.64189     0.2    0.2		4.1705503158		-1.0
	25469.99999999	3.09799		-2.12134     0.2    0.2		4.1705503158		-1.0
	25514.99999999	3.35978		-1.70713     0.2    0.2		4.1705503158		-1.0
	25559.99999999	3.57932		-1.56732     0.2    0.2		4.1705503158		-1.0
	25604.99999999	2.78686		-1.57877     0.2    0.2		4.1705503158		-1.0
	25649.99999999	3.51671		-1.3193     0.2    0.2		4.1705503158		-1.0
	25694.99999999	2.96447		-1.2358     0.2    0.2		4.1705503158		-1.0
	25739.99999999	3.20372		-0.94016     0.2    0.2		4.1705503158		-1.0
	25784.99999999	3.27097		-0.81742     0.2    0.2		4.1705503158		-1.0
	25829.99999999	3.00434		-0.23945     0.2    0.2		4.1705503158		-1.0
	25874.99999999	3.11166		0.23431     0.2    0.2		4.1705503158		-1.0
	25919.99999999	2.80911		0.74606     0.2    0.2		4.1705503158		-1.0
	25964.99999999	2.96487		0.94692     0.2    0.2		4.1705503158		-1.0
	26009.99999999	3.44042		1.14777     0.2    0.2		4.1705503158		-1.0
	26054.99999999	3.41369		1.35118     0.2    0.2		4.1705503158		-1.0
	26099.99999999	3.38105		1.78588     0.2    0.2		4.1705503158		-1.0
	26144.99999999	3.35782		2.04988     0.2    0.2		4.1705503158		-1.0
	26189.99999999	3.44983		2.24945     0.2    0.2		4.1705503158		-1.0
	26234.99999999	2.5817		2.70417     0.2    0.2		4.1705503158		-1.0
	26279.99999999	3.71213		2.64452     0.2    0.2		4.1705503158		-1.0
	26324.99999999	2.87261		2.8893     0.2    0.2		4.1705503158		-1.0
	26369.99999999	2.70599		2.72385     0.2    0.2		4.1705503158		-1.0
	26414.99999999	3.41569		2.5948     0.2    0.2		4.1705503158		-1.0
	26459.99999999	2.57949		2.66696     0.2    0.2		4.1705503158		-1.0
	26504.99999999	3.12246		2.2952     0.2    0.2		4.1705503158		-1.0
	26549.99999999	2.96043		2.31391     0.2    0.2		4.1705503158		-1.0
	26594.99999999	3.62884		1.92096     0.2    0.2		4.1705503158		-1.0
	26639.99999999	3.00372		1.88507     0.2    0.2		4.1705503158		-1.0
	26684.99999999	3.41276		1.73678     0.2    0.2		4.1705503158		-1.0
	26729.99999999	3.35729		1.75778     0.2    0.2		4.1705503158		-1.0
	26774.99999999	3.22906		1.68603     0.2    0.2		4.1705503158		-1.0
	26819.99999999	2.63511		1.73634     0.2    0.2		4.1705503158		-1.0
	26864.99999999	3.76199		1.40138     0.2    0.2		4.1705503158		-1.0
	26909.99999999	2.77663		1.35993     0.2    0.2		4.1705503158		-1.0
	26954.99999999	2.91871		0.8824     0.2    0.2		4.1705503158		-1.0
	26999.99999999	3.37979		-0.01598     0.2    0.2		4.1705503158		-1.0
	27044.99999999	3.10053		-0.7733     0.2    0.2		4.1705503158		-1.0
	27089.99999999	2.82493		-0.7404     0.2    0.2		4.1705503158		-1.0
	27134.99999999	2.87153		-0.46415     0.2    0.2		4.1705503158		-1.0
	27179.99999999	3.55219		-0.01019     0.2    0.2		4.1705503158		-1.0
	27224.99999998	3.54055		0.31913     0.2    0.2		4.1705503158		-1.0
	27269.99999998	3.1409		0.63797     0.2    0.2		4.1705503158		-1.0
	27314.99999998	3.53851		0.68778     0.2    0.2		4.1705503158		-1.0
	27359.99999998	3.48356		0.71523     0.2    0.2		4.1705503158		-1.0
	27404.99999998	3.49359		0.69118     0.2    0.2		4.1705503158		-1.0
	27449.99999998	3.04023		0.9791     0.2    0.2		4.1705503158		-1.0
	27494.99999998	3.6413		0.9245     0.2    0.2		4.1705503158		-1.0
	27539.99999998	3.19718		0.9772     0.2    0.2		4.1705503158		-1.0
	27584.99999998	3.4712		1.59193     0.2    0.2		4.1705503158		-1.0
	27629.99999998	3.43368		1.46784     0.2    0.2		4.1705503158		-1.0
	27674.99999998	3.64735		1.85404     0.2    0.2		4.1705503158		-1.0
	27719.99999998	3.51859		1.97625     0.2    0.2		4.1705503158		-1.0
	27764.99999998	3.42172		2.41098     0.2    0.2		4.1705503158		-1.0
	27809.99999998	3.67999		2.46683     0.2    0.2		4.1705503158		-1.0
	27854.99999998	3.22005		2.89631     0.2    0.2		4.1705503158		-1.0
	27899.99999998	3.11569		2.91967     0.2    0.2		4.1705503158		-1.0
	27944.99999998	2.8365		-2.97567     0.2    0.2		4.1705503158		-1.0
	27989.99999998	3.56697		-2.90323     0.2    0.2		4.1705503158		-1.0
	28034.99999998	2.83837		-2.60044     0.2    0.2		4.1705503158		-1.0
	28079.99999998	3.52633		-2.51448     0.2    0.2		4.1705503158		-1.0
	28124.99999998	3.33982		-2.13499     0.2    0.2		4.1705503158		-1.0
	28169.99999998	3.56601		-2.18192     0.2    0.2		4.1705503158		-1.0
	28214.99999998	3.30463		-1.72873     0.2    0.2		4.1705503158		-1.0
	28259.99999998	3.32819		-1.64044     0.2    0.2		4.1705503158		-1.0
	28304.99999998	3.38708		-1.49524     0.2    0.2		4.1705503158		-1.0
	28349.99999998	3.05763		-1.21275     0.2    0.2		4.1705503158		-1.0
	28394.99999998	3.47387		-0.82892     0.2    0.2		4.1705503158		-1.0
	28439.99999998	3.5367		-0.32461     0.2    0.2		4.1705503158		-1.0
	28484.99999998	2.57855		0.23375     0.2    0.2		4.1705503158		-1.0
	28529.99999998	2.76241		0.50194     0.2    0.2		4.1705503158		-1.0
	28574.99999998	2.70332		0.84623     0.2    0.2		4.1705503158		-1.0
	28619.99999998	2.64995		0.97892     0.2    0.2		4.1705503158		-1.0
	28664.99999998	2.73542		0.72963     0.2    0.2		4.1705503158		-1.0
	28709.99999998	2.65089		0.37261     0.2    0.2		4.1705503158		-1.0
	28754.99999998	2.65561		-0.09537     0.2    0.2		4.1705503158		-1.0
	28799.99999998	2.67738		-0.47759     0.2    0.2		4.1705503158		-1.0
	28844.99999998	3.54115		-0.55122     0.2    0.2		4.1705503158		-1.0
	28889.99999998	2.58781		-0.06301     0.2    0.2		4.1705503158		-1.0
	28934.99999998	2.72999		0.44105     0.2    0.2		4.1705503158		-1.0
	28979.99999998	2.61112		0.59291     0.2    0.2		4.1705503158		-1.0
	29024.99999998	3.16861		-0.01643     0.2    0.2		4.1705503158		-1.0
	29069.99999998	2.63886		-0.66983     0.2    0.2		4.1705503158		-1.0
	29114.99999998	3.47014		-1.34826     0.2    0.2		4.1705503158		-1.0
	29159.99999998	3.3371		-1.63838     0.2    0.2		4.1705503158		-1.0
	29204.99999998	2.58122		-2.20861     0.2    0.2		4.1705503158		-1.0
	29249.99999998	2.9789		-2.40244     0.2    0.2		4.1705503158		-1.0
	29294.99999998	3.09812		-2.57863     0.2    0.2		4.1705503158		-1.0
	29339.99999998	3.02636		-2.87683     0.2    0.2		4.1705503158		-1.0
	29384.99999998	2.62904		-3.07877     0.2    0.2		4.1705503158		-1.0
	29429.99999998	3.37757		3.12198     0.2    0.2		4.1705503158		-1.0
	29474.99999998	3.60615		3.01428     0.2    0.2		4.1705503158		-1.0
	29519.99999998	2.72078		2.88311     0.2    0.2		4.1705503158		-1.0
	29564.99999998	2.73036		2.41263     0.2    0.2		4.1705503158		-1.0
	29609.99999998	2.73383		2.31141     0.2    0.2		4.1705503158		-1.0
	29654.99999998	2.65695		2.05598     0.2    0.2		4.1705503158		-1.0
	29699.99999998	3.07228		1.88093     0.2    0.2		4.1705503158		-1.0
	29744.99999998	3.51811		1.5935     0.2    0.2		4.1705503158		-1.0
	29789.99999998	3.82816		1.62281     0.2    0.2		4.1705503158		-1.0
	29834.99999998	3.46961		1.57583     0.2    0.2		4.1705503158		-1.0
	29879.99999998	3.75547		1.58934     0.2    0.2		4.1705503158		-1.0
	29924.99999998	3.40134		1.90362     0.2    0.2		4.1705503158		-1.0
	29969.99999998	3.71791		2.01244     0.2    0.2		4.1705503158		-1.0
	30014.99999998	2.96762		2.27969     0.2    0.2		4.1705503158		-1.0
	30059.99999998	3.73401		2.43371     0.2    0.2		4.1705503158		-1.0
	30104.99999998	2.70524		3.03247     0.2    0.2		4.1705503158		-1.0
	30149.99999998	3.7913		3.11848     0.2    0.2		4.1705503158		-1.0
	30194.99999998	2.99406		-2.93149     0.2    0.2		4.1705503158		-1.0
	30239.99999998	3.58299		-2.57622     0.2    0.2		4.1705503158		-1.0
	30284.99999998	3.25808		-2.55872     0.2    0.2		4.1705503158		-1.0
	30329.99999998	2.87458		-2.15082     0.2    0.2		4.1705503158		-1.0
	30374.99999998	2.61089		-2.18371     0.2    0.2		4.1705503158		-1.0
	30419.99999998	2.53802		-1.74684     0.2    0.2		4.1705503158		-1.0
	30464.99999998	2.7197		-1.59112     0.2    0.2		4.1705503158		-1.0
	30509.99999998	2.72167		-1.17321     0.2    0.2		4.1705503158		-1.0
	30554.99999998	2.64626		-0.8592     0.2    0.2		4.1705503158		-1.0
	30599.99999998	2.64253		-0.5523     0.2    0.2		4.1705503158		-1.0
	30644.99999998	3.41148		0.16203     0.2    0.2		4.1705503158		-1.0
	30689.99999998	3.37475		0.34853     0.2    0.2		4.1705503158		-1.0
	30734.99999998	3.80366		0.60699     0.2    0.2		4.1705503158		-1.0
	30779.99999998	3.06821		1.28986     0.2    0.2		4.1705503158		-1.0
	30824.99999998	3.5253		1.08071     0.2    0.2		4.1705503158		-1.0
	30869.99999998	3.89762		1.27476     0.2    0.2		4.1705503158		-1.0
	30914.99999998	4.41264		1.38064     0.2    0.2		4.1705503158		-1.0
	30959.99999998	6.48177		1.36143     0.2    0.2		4.1705503158		-1.0
	31004.99999998	8.08491		1.54358     0.2    0.2		4.1705503158		-1.0
	31049.99999998	9.88515		1.80683     0.2    0.2		4.1705503158		-1.0
	31094.99999998	11.17088		2.29169     0.2    0.2		4.1705503158		-1.0
	31139.99999998	12.4878		2.52741     0.2    0.2		4.1705503158		-1.0
	31184.99999998	13.38321		2.72545     0.2    0.2		4.1705503158		-1.0
	31229.99999998	14.25568		-0.23201     0.2    0.2		4.1705503158		-1.0
	31274.99999998	14.68793		0.48743     0.2    0.2		4.1705503158		-1.0
	31319.99999998	15.42511		1.07844     0.2    0.2		4.1705503158		-1.0
	31364.99999998	15.58894		1.76852     0.2    0.2		4.1705503158		-1.0
	31409.99999998	16.27492		2.56735     0.2    0.2		4.1705503158		-1.0
	31454.99999998	16.8997		3.09321     0.2    0.2		4.1705503158		-1.0
	31499.99999998	17.83213		-2.16111     0.2    0.2		4.1705503158		-1.0
	31544.99999998	18.21998		-0.80768     0.2    0.2		4.1705503158		-1.0
	31589.99999998	18.67811		0.49877     0.2    0.2		4.1705503158		-1.0
	31634.99999998	19.11311		1.11678     0.2    0.2		4.1705503158		-1.0
	31679.99999998	19.64254		1.74383     0.2    0.2		4.1705503158		-1.0
	31724.99999998	19.95966		2.34515     0.2    0.2		4.1705503158		-1.0
	31769.99999998	20.49242		-2.98873     0.2    0.2		4.1705503158		-1.0
	31814.99999998	21.3402		-2.43913     0.2    0.2		4.1705503158		-1.0
	31859.99999998	21.26463		-1.91962     0.2    0.2		4.1705503158		-1.0
	31904.99999998	21.13799		-1.45554     0.2    0.2		4.1705503158		-1.0
	31949.99999998	21.13553		-0.59082     0.2    0.2		4.1705503158		-1.0
	31994.99999998	21.23035		-2.51451     0.2    0.2		4.1705503158		-1.0
	32039.99999998	20.94324		-2.7114     0.2    0.2		4.1705503158		-1.0
	32084.99999998	20.49892		-3.00781     0.2    0.2		4.1705503158		-1.0
	32129.99999998	20.13416		2.7769     0.2    0.2		4.1705503158		-1.0
	32174.99999998	19.53616		2.37705     0.2    0.2		4.1705503158		-1.0
	32219.99999998	18.79968		0.9904     0.2    0.2		4.1705503158		-1.0
	32264.99999998	18.13366		0.00243     0.2    0.2		4.1705503158		-1.0
	32309.99999998	17.81326		-0.42539     0.2    0.2		4.1705503158		-1.0
	32354.99999998	17.32217		-0.7015     0.2    0.2		4.1705503158		-1.0
	32399.99999998	16.43468		-0.98079     0.2    0.2		4.1705503158		-1.0
	32444.99999998	15.43985		-1.05903     0.2    0.2		4.1705503158		-1.0
	32489.99999998	14.37518		-1.16889     0.2    0.2		4.1705503158		-1.0
	32534.99999998	13.3499		-1.3914     0.2    0.2		4.1705503158		-1.0
	32579.99999998	12.23417		-1.6352     0.2    0.2		4.1705503158		-1.0
	32624.99999998	11.27357		-2.48803     0.2    0.2		4.1705503158		-1.0
	32669.99999998	10.44765		2.31692     0.2    0.2		4.1705503158		-1.0
	32714.99999998	9.98387		1.46673     0.2    0.2		4.1705503158		-1.0
	32759.99999998	9.61194		0.9235     0.2    0.2		4.1705503158		-1.0
	32804.99999998	9.21552		0.30036     0.2    0.2		4.1705503158		-1.0
	32849.99999998	8.42957		-0.18505     0.2    0.2		4.1705503158		-1.0
	32894.99999998	7.56889		-0.80351     0.2    0.2		4.1705503158		-1.0
	32939.99999998	6.32047		-1.43651     0.2    0.2		4.1705503158		-1.0
	32984.99999998	5.72327		-2.27871     0.2    0.2		4.1705503158		-1.0
	33029.99999998	5.69814		-2.64574     0.2    0.2		4.1705503158		-1.0
	33074.99999998	6.48153		-2.71239     0.2    0.2		4.1705503158		-1.0
	33119.99999998	7.54162		-0.70277     0.2    0.2		4.1705503158		-1.0
	33164.99999998	8.96345		-0.95532     0.2    0.2		4.1705503158		-1.0
	33209.99999998	10.33014		-1.51474     0.2    0.2		4.1705503158		-1.0
	33254.99999998	11.54268		-2.2297     0.2    0.2		4.1705503158		-1.0
	33299.99999998	12.48687		-3.05855     0.2    0.2		4.1705503158		-1.0
	33344.99999998	13.19593		2.56768     0.2    0.2		4.1705503158		-1.0
	33389.99999998	13.5453		2.09763     0.2    0.2		4.1705503158		-1.0
	33434.99999998	14.2225		1.88436     0.2    0.2		4.1705503158		-1.0
	33479.99999998	15.13772		1.62965     0.2    0.2		4.1705503158		-1.0
	33524.99999998	16.36347		1.49487     0.2    0.2		4.1705503158		-1.0
	33569.99999998	17.47907		1.37999     0.2    0.2		4.1705503158		-1.0
	33614.99999998	18.75398		1.26256     0.2    0.2		4.1705503158		-1.0
	33659.99999998	19.57301		1.60323     0.2    0.2		4.1705503158		-1.0
	33704.99999998	20.42463		2.4634     0.2    0.2		4.1705503158		-1.0
	33749.99999997	20.13738		-2.99653     0.2    0.2		4.1705503158		-1.0
	33794.99999997	19.07488		-2.90438     0.2    0.2		4.1705503158		-1.0
	33839.99999997	17.97173		-2.39825     0.2    0.2		4.1705503158		-1.0
	33884.99999997	16.91965		-1.95421     0.2    0.2		4.1705503158		-1.0
	33929.99999997	15.94172		-1.57777     0.2    0.2		4.1705503158		-1.0
	33974.99999997	15.09161		-1.11317     0.2    0.2		4.1705503158		-1.0
	34019.99999997	14.26154		-0.7879     0.2    0.2		4.1705503158		-1.0
	34064.99999997	13.72893		-0.29191     0.2    0.2		4.1705503158		-1.0
	34109.99999997	13.11552		0.15996     0.2    0.2		4.1705503158		-1.0
	34154.99999997	12.80811		0.66448     0.2    0.2		4.1705503158		-1.0
	34199.99999997	12.34675		1.30326     0.2    0.2		4.1705503158		-1.0
	34244.99999997	12.18957		1.96235     0.2    0.2		4.1705503158		-1.0
	34289.99999997	11.66321		3.0462     0.2    0.2		4.1705503158		-1.0
	34334.99999997	11.66544		-1.61621     0.2    0.2		4.1705503158		-1.0
	34379.99999997	11.30563		-0.68659     0.2    0.2		4.1705503158		-1.0
	34424.99999997	11.04657		0.02576     0.2    0.2		4.1705503158		-1.0
	34469.99999997	10.3526		0.5754     0.2    0.2		4.1705503158		-1.0
	34514.99999997	9.8004		0.93763     0.2    0.2		4.1705503158		-1.0
	34559.99999997	9.79367		1.36634     0.2    0.2		4.1705503158		-1.0
	34604.99999997	9.80217		1.64798     0.2    0.2		4.1705503158		-1.0
	34649.99999997	9.37706		2.20521     0.2    0.2		4.1705503158		-1.0
	34694.99999997	9.23088		2.701     0.2    0.2		4.1705503158		-1.0
	34739.99999997	9.19987		-3.13157     0.2    0.2		4.1705503158		-1.0
	34784.99999997	9.11823		-2.83813     0.2    0.2		4.1705503158		-1.0
	34829.99999997	8.90897		-1.91141     0.2    0.2		4.1705503158		-1.0
	34874.99999997	9.42792		-1.66309     0.2    0.2		4.1705503158		-1.0
	34919.99999997	10.50403		-1.73793     0.2    0.2		4.1705503158		-1.0
	34964.99999997	11.54827		-2.0994     0.2    0.2		4.1705503158		-1.0
	35009.99999997	12.52436		-2.37767     0.2    0.2		4.1705503158		-1.0
	35054.99999997	13.60455		-2.86672     0.2    0.2		4.1705503158		-1.0
	35099.99999997	14.51735		-2.99023     0.2    0.2		4.1705503158		-1.0
	35144.99999997	15.31024		3.03164     0.2    0.2		4.1705503158		-1.0
	35189.99999997	16.55464		-2.91356     0.2    0.2		4.1705503158		-1.0
	35234.99999997	17.79863		-2.94569     0.2    0.2		4.1705503158		-1.0
	35279.99999997	19.22221		-2.57204     0.2    0.2		4.1705503158		-1.0
	35324.99999997	20.38584		-2.37854     0.2    0.2		4.1705503158		-1.0
	35369.99999997	21.90523		-1.95246     0.2    0.2		4.1705503158		-1.0
	35414.99999997	23.01429		-1.45151     0.2    0.2		4.1705503158		-1.0
	35459.99999997	24.23119		-0.83788     0.2    0.2		4.1705503158		-1.0
	35504.99999997	25.20051		-0.23212     0.2    0.2		4.1705503158		-1.0
	35549.99999997	25.27097		0.51889     0.2    0.2		4.1705503158		-1.0
	35594.99999997	25.28738		1.27088     0.2    0.2		4.1705503158		-1.0
	35639.99999997	24.87475		-1.68405     0.2    0.2		4.1705503158		-1.0
	35684.99999997	24.3649		-2.61207     0.2    0.2		4.1705503158		-1.0
	35729.99999997	24.11539		-3.06853     0.2    0.2		4.1705503158		-1.0
	35774.99999997	23.51652		2.62297     0.2    0.2		4.1705503158		-1.0
	35819.99999997	23.31499		1.88198     0.2    0.2		4.1705503158		-1.0
	35864.99999997	23.22966		1.22606     0.2    0.2		4.1705503158		-1.0
	35909.99999997	23.63704		0.35645     0.2    0.2		4.1705503158		-1.0
	35954.99999997	24.11957		0.52188     0.2    0.2		4.1705503158		-1.0
	35999.99999997	25.12642		0.28494     0.2    0.2		4.1705503158		-1.0
	36044.99999997	25.9518		-0.00426     0.2    0.2		4.1705503158		-1.0
	36089.99999997	26.06033		-0.17444     0.2    0.2		4.1705503158		-1.0
	36134.99999997	25.9187		-0.98268     0.2    0.2		4.1705503158		-1.0
	36179.99999997	25.58236		-0.74617     0.2    0.2		4.1705503158		-1.0
	36224.99999997	25.28073		-0.55799     0.2    0.2		4.1705503158		-1.0
	36269.99999997	24.37522		-0.81758     0.2    0.2		4.1705503158		-1.0
	36314.99999997	23.7415		-1.16143     0.2    0.2		4.1705503158		-1.0
	36359.99999997	22.15169		-1.88504     0.2    0.2		4.1705503158		-1.0
	36404.99999997	20.91208		-2.54831     0.2    0.2		4.1705503158		-1.0
	36449.99999997	19.60611		-3.00813     0.2    0.2		4.1705503158		-1.0
	36494.99999997	18.51254		2.91442     0.2    0.2		4.1705503158		-1.0
	36539.99999997	17.67314		2.53564     0.2    0.2		4.1705503158		-1.0
	36584.99999997	17.01714		1.95199     0.2    0.2		4.1705503158		-1.0
	36629.99999997	16.5002		1.06105     0.2    0.2		4.1705503158		-1.0
	36674.99999997	16.68513		0.24618     0.2    0.2		4.1705503158		-1.0
	36719.99999997	17.34534		-0.10602     0.2    0.2		4.1705503158		-1.0
	36764.99999997	18.18772		-0.2719     0.2    0.2		4.1705503158		-1.0
	36809.99999997	19.39296		-0.1725     0.2    0.2		4.1705503158		-1.0
	36854.99999997	20.69355		0.08501     0.2    0.2		4.1705503158		-1.0
	36899.99999997	21.34747		1.19632     0.2    0.2		4.1705503158		-1.0
	36944.99999997	21.4835		-2.7845     0.2    0.2		4.1705503158		-1.0
	36989.99999997	21.80433		-2.95975     0.2    0.2		4.1705503158		-1.0
	37034.99999997	22.15801		2.95027     0.2    0.2		4.1705503158		-1.0
	37079.99999997	22.35958		2.53693     0.2    0.2		4.1705503158		-1.0
	37124.99999997	22.62894		1.99218     0.2    0.2		4.1705503158		-1.0
	37169.99999997	22.35068		1.41877     0.2    0.2		4.1705503158		-1.0
	37214.99999997	21.79432		0.81632     0.2    0.2		4.1705503158		-1.0
	37259.99999997	21.38923		-0.7069     0.2    0.2		4.1705503158		-1.0
	37304.99999997	21.57376		-0.30836     0.2    0.2		4.1705503158		-1.0
	37349.99999997	22.17136		-0.75298     0.2    0.2		4.1705503158		-1.0
	37394.99999997	22.50323		-1.19511     0.2    0.2		4.1705503158		-1.0
	37439.99999997	22.91778		-1.57507     0.2    0.2		4.1705503158		-1.0
	37484.99999997	23.82017		-1.64615     0.2    0.2		4.1705503158		-1.0
	37529.99999997	24.22856		-1.70333     0.2    0.2		4.1705503158		-1.0
	37574.99999997	24.4686		-1.99913     0.2    0.2		4.1705503158		-1.0
	37619.99999997	25.05704		-2.57586     0.2    0.2		4.1705503158		-1.0
	37664.99999997	24.34513		3.05405     0.2    0.2		4.1705503158		-1.0
	37709.99999997	23.81916		-2.75222     0.2    0.2		4.1705503158		-1.0
	37754.99999997	23.12794		-2.35939     0.2    0.2		4.1705503158		-1.0
	37799.99999997	22.23752		-1.73155     0.2    0.2		4.1705503158		-1.0
	37844.99999997	21.58577		-0.99614     0.2    0.2		4.1705503158		-1.0
	37889.99999997	20.75154		-0.34069     0.2    0.2		4.1705503158		-1.0
	37934.99999997	19.75613		-0.1098     0.2    0.2		4.1705503158		-1.0
	37979.99999997	18.5428		0.32226     0.2    0.2		4.1705503158		-1.0
	38024.99999997	17.14643		0.57674     0.2    0.2		4.1705503158		-1.0
	38069.99999997	15.92553		1.02599     0.2    0.2		4.1705503158		-1.0
	38114.99999997	14.87885		1.57811     0.2    0.2		4.1705503158		-1.0
	38159.99999997	13.93781		2.48196     0.2    0.2		4.1705503158		-1.0
	38204.99999997	13.36921		3.08326     0.2    0.2		4.1705503158		-1.0
	38249.99999997	13.14685		-2.81666     0.2    0.2		4.1705503158		-1.0
	38294.99999997	13.0124		-2.59516     0.2    0.2		4.1705503158		-1.0
	38339.99999997	12.5675		-2.08282     0.2    0.2		4.1705503158		-1.0
	38384.99999997	12.32499		-1.62151     0.2    0.2		4.1705503158		-1.0
	38429.99999997	12.71726		-1.21558     0.2    0.2		4.1705503158		-1.0
	38474.99999997	13.62957		-1.20654     0.2    0.2		4.1705503158		-1.0
	38519.99999997	14.77648		-1.28165     0.2    0.2		4.1705503158		-1.0
	38564.99999997	15.50129		-1.68085     0.2    0.2		4.1705503158		-1.0
	38609.99999997	16.21157		-2.33948     0.2    0.2		4.1705503158		-1.0
	38654.99999997	16.22872		-2.88477     0.2    0.2		4.1705503158		-1.0
	38699.99999997	15.65937		2.8676     0.2    0.2		4.1705503158		-1.0
	38744.99999997	14.72603		2.13848     0.2    0.2		4.1705503158		-1.0
	38789.99999997	14.10691		1.70305     0.2    0.2		4.1705503158		-1.0
	38834.99999997	13.71636		1.32427     0.2    0.2		4.1705503158		-1.0
	38879.99999997	13.43383		0.99816     0.2    0.2		4.1705503158		-1.0
	38924.99999997	13.04707		0.59307     0.2    0.2		4.1705503158		-1.0
	38969.99999997	13.17156		0.91815     0.2    0.2		4.1705503158		-1.0
	39014.99999997	12.76329		2.44842     0.2    0.2		4.1705503158		-1.0
	39059.99999997	11.90349		-2.21518     0.2    0.2		4.1705503158		-1.0
	39104.99999997	10.53692		-1.43169     0.2    0.2		4.1705503158		-1.0
	39149.99999997	9.719		-1.97883     0.2    0.2		4.1705503158		-1.0
	39194.99999997	9.2626		-2.30895     0.2    0.2		4.1705503158		-1.0
	39239.99999997	8.82103		-2.37005     0.2    0.2		4.1705503158		-1.0
	39284.99999997	8.27873		-2.05509     0.2    0.2		4.1705503158		-1.0
	39329.99999997	8.00751		-1.66876     0.2    0.2		4.1705503158		-1.0
	39374.99999997	7.46257		-1.57807     0.2    0.2		4.1705503158		-1.0
	39419.99999997	6.50478		-1.89683     0.2    0.2		4.1705503158		-1.0
	39464.99999997	6.2244		-2.64522     0.2    0.2		4.1705503158		-1.0
	39509.99999997	7.16422		2.95864     0.2    0.2		4.1705503158		-1.0
	39554.99999997	8.37931		2.85105     0.2    0.2		4.1705503158		-1.0
	39599.99999997	9.64982		2.77459     0.2    0.2		4.1705503158		-1.0
	39644.99999997	10.792		-3.08269     0.2    0.2		4.1705503158		-1.0
	39689.99999997	11.86595		-2.55701     0.2    0.2		4.1705503158		-1.0
	39734.99999997	12.80999		-2.60502     0.2    0.2		4.1705503158		-1.0
	39779.99999997	13.98482		-2.96862     0.2    0.2		4.1705503158		-1.0
	39824.99999997	14.70567		2.91535     0.2    0.2		4.1705503158		-1.0
	39869.99999997	15.58547		2.10075     0.2    0.2		4.1705503158		-1.0
	39914.99999997	16.49244		1.42979     0.2    0.2		4.1705503158		-1.0
	39959.99999997	17.38941		0.6292     0.2    0.2		4.1705503158		-1.0
	40004.99999997	18.04009		0.13106     0.2    0.2		4.1705503158		-1.0
	40049.99999997	19.08077		-0.50942     0.2    0.2		4.1705503158		-1.0
	40094.99999997	19.81392		-0.77393     0.2    0.2		4.1705503158		-1.0
	40139.99999997	20.90168		-1.37438     0.2    0.2		4.1705503158		-1.0
	40184.99999997	21.48162		2.72209     0.2    0.2		4.1705503158		-1.0
	40229.99999996	20.58266		-3.04521     0.2    0.2		4.1705503158		-1.0
	40274.99999996	19.98365		-2.98382     0.2    0.2		4.1705503158		-1.0
	40319.99999996	18.89864		-2.95244     0.2    0.2		4.1705503158		-1.0
	40364.99999996	17.76724		-2.8704     0.2    0.2		4.1705503158		-1.0
	40409.99999996	16.60332		-2.42924     0.2    0.2		4.1705503158		-1.0
	40454.99999996	15.80689		-2.08938     0.2    0.2		4.1705503158		-1.0
	40499.99999996	14.77052		-1.95487     0.2    0.2		4.1705503158		-1.0
	40544.99999996	13.57867		-1.86886     0.2    0.2		4.1705503158		-1.0
	40589.99999996	12.81819		-2.04947     0.2    0.2		4.1705503158		-1.0
	40634.99999996	12.02816		-2.02511     0.2    0.2		4.1705503158		-1.0
	40679.99999996	11.55692		3.08102     0.2    0.2		4.1705503158		-1.0
	40724.99999996	10.89198		1.89363     0.2    0.2		4.1705503158		-1.0
	40769.99999996	10.83313		1.51231     0.2    0.2		4.1705503158		-1.0
	40814.99999996	10.14315		1.13899     0.2    0.2		4.1705503158		-1.0
	40859.99999996	10.3778		0.75868     0.2    0.2		4.1705503158		-1.0
	40904.99999996	9.92022		0.55125     0.2    0.2		4.1705503158		-1.0
	40949.99999996	9.48748		0.02949     0.2    0.2		4.1705503158		-1.0
	40994.99999996	8.64398		0.40377     0.2    0.2		4.1705503158		-1.0
	41039.99999996	8.3738		1.10688     0.2    0.2		4.1705503158		-1.0
	41084.99999996	8.1966		0.92825     0.2    0.2		4.1705503158		-1.0
	41129.99999996	8.41369		0.50852     0.2    0.2		4.1705503158		-1.0
	41174.99999996	8.1425		-0.12305     0.2    0.2		4.1705503158		-1.0
	41219.99999996	7.12379		-0.4812     0.2    0.2		4.1705503158		-1.0
	41264.99999996	6.28491		-1.09921     0.2    0.2		4.1705503158		-1.0
	41309.99999996	5.91224		-1.59725     0.2    0.2		4.1705503158		-1.0
	41354.99999996	6.55488		-2.36755     0.2    0.2		4.1705503158		-1.0
	41399.99999996	7.7127		-2.42512     0.2    0.2		4.1705503158		-1.0
	41444.99999996	9.35168		-2.65003     0.2    0.2		4.1705503158		-1.0
	41489.99999996	10.5067		-2.29173     0.2    0.2		4.1705503158		-1.0
	41534.99999996	11.4935		-2.03542     0.2    0.2		4.1705503158		-1.0
	41579.99999996	11.36002		-1.33151     0.2    0.2		4.1705503158		-1.0
	41624.99999996	10.85579		-0.29537     0.2    0.2		4.1705503158		-1.0
	41669.99999996	10.76309		3.0318     0.2    0.2		4.1705503158		-1.0
	41714.99999996	11.55494		-2.73378     0.2    0.2		4.1705503158		-1.0
	41759.99999996	12.53962		-2.43935     0.2    0.2		4.1705503158		-1.0
	41804.99999996	13.06623		-2.39076     0.2    0.2		4.1705503158		-1.0
	41849.99999996	13.45943		-2.39786     0.2    0.2		4.1705503158		-1.0
	41894.99999996	13.97044		-2.48268     0.2    0.2		4.1705503158		-1.0
	41939.99999996	14.92201		-2.6557     0.2    0.2		4.1705503158		-1.0
	41984.99999996	16.08652		-2.85227     0.2    0.2		4.1705503158		-1.0
	42029.99999996	17.11639		3.13667     0.2    0.2		4.1705503158		-1.0
	42074.99999996	18.74417		2.50385     0.2    0.2		4.1705503158		-1.0
	42119.99999996	19.90152		2.052     0.2    0.2		4.1705503158		-1.0
	42164.99999996	21.48938		1.37218     0.2    0.2		4.1705503158		-1.0
	42209.99999996	23.14066		0.73713     0.2    0.2		4.1705503158		-1.0
	42254.99999996	24.45508		0.58518     0.2    0.2		4.1705503158		-1.0
	42299.99999996	23.96713		0.68502     0.2    0.2		4.1705503158		-1.0
	42344.99999996	23.64057		1.14131     0.2    0.2		4.1705503158		-1.0
	42389.99999996	23.48664		1.90564     0.2    0.2		4.1705503158		-1.0
	42434.99999996	23.34859		2.62528     0.2    0.2		4.1705503158		-1.0
	42479.99999996	23.03678		-2.97073     0.2    0.2		4.1705503158		-1.0
	42524.99999996	22.37854		-1.94663     0.2    0.2		4.1705503158		-1.0
	42569.99999996	21.86521		-1.01204     0.2    0.2		4.1705503158		-1.0
	42614.99999996	21.49843		-0.28373     0.2    0.2		4.1705503158		-1.0
	42659.99999996	21.36832		-0.0311     0.2    0.2		4.1705503158		-1.0
	42704.99999996	20.88789		0.03254     0.2    0.2		4.1705503158		-1.0
	42749.99999996	20.59766		0.34597     0.2    0.2		4.1705503158		-1.0
	42794.99999996	20.15336		2.43432     0.2    0.2		4.1705503158		-1.0
	42839.99999996	19.68859		2.73882     0.2    0.2		4.1705503158		-1.0
	42884.99999996	19.13906		2.96241     0.2    0.2		4.1705503158		-1.0
	42929.99999996	18.66529		-1.06707     0.2    0.2		4.1705503158		-1.0
	42974.99999996	18.34828		1.05637     0.2    0.2		4.1705503158		-1.0
	43019.99999996	17.98651		1.85457     0.2    0.2		4.1705503158		-1.0
	43064.99999996	17.78535		2.33042     0.2    0.2		4.1705503158		-1.0
	43109.99999996	17.66868		3.05639     0.2    0.2		4.1705503158		-1.0
	43154.99999996	17.46828		-2.9241     0.2    0.2		4.1705503158		-1.0
	43199.99999996	16.37728		-2.39117     0.2    0.2		4.1705503158		-1.0
	43244.99999996	15.74162		-1.88617     0.2    0.2		4.1705503158		-1.0
	43289.99999996	14.81131		-1.31457     0.2    0.2		4.1705503158		-1.0
	43334.99999996	13.88596		-0.66461     0.2    0.2		4.1705503158		-1.0
	43379.99999996	12.73649		-0.09286     0.2    0.2		4.1705503158		-1.0
	43424.99999996	11.90228		0.86159     0.2    0.2		4.1705503158		-1.0
	43469.99999996	10.92921		1.84128     0.2    0.2		4.1705503158		-1.0
	43514.99999996	10.2464		2.60883     0.2    0.2		4.1705503158		-1.0
	43559.99999996	9.89627		-2.6885     0.2    0.2		4.1705503158		-1.0
	43604.99999996	9.37695		-1.687     0.2    0.2		4.1705503158		-1.0
	43649.99999996	8.86777		-1.0725     0.2    0.2		4.1705503158		-1.0
	43694.99999996	7.74812		-0.44322     0.2    0.2		4.1705503158		-1.0
	43739.99999996	6.92493		0.3084     0.2    0.2		4.1705503158		-1.0
	43784.99999996	6.01366		1.19285     0.2    0.2		4.1705503158		-1.0
	43829.99999996	6.12879		2.76227     0.2    0.2		4.1705503158		-1.0
	43874.99999996	7.2252		-2.23704     0.2    0.2		4.1705503158		-1.0
	43919.99999996	8.5613		-1.85498     0.2    0.2		4.1705503158		-1.0
	43964.99999996	9.60571		-1.48063     0.2    0.2		4.1705503158		-1.0
	44009.99999996	9.95926		-1.34707     0.2    0.2		4.1705503158		-1.0
	44054.99999996	10.4613		-1.30345     0.2    0.2		4.1705503158		-1.0
	44099.99999996	11.38356		-1.70078     0.2    0.2		4.1705503158		-1.0
	44144.99999996	12.44003		-2.00729     0.2    0.2		4.1705503158		-1.0
	44189.99999996	13.69725		-1.7609     0.2    0.2		4.1705503158		-1.0
	44234.99999996	15.21393		-1.56235     0.2    0.2		4.1705503158		-1.0
	44279.99999996	16.7422		-1.21447     0.2    0.2		4.1705503158		-1.0
	44324.99999996	17.87525		-1.03716     0.2    0.2		4.1705503158		-1.0
	44369.99999996	19.14977		0.7978     0.2    0.2		4.1705503158		-1.0
	44414.99999996	20.27925		1.92814     0.2    0.2		4.1705503158		-1.0
	44459.99999996	20.93645		1.87508     0.2    0.2		4.1705503158		-1.0
	44504.99999996	21.70381		1.71312     0.2    0.2		4.1705503158		-1.0
	44549.99999996	22.65582		-2.36151     0.2    0.2		4.1705503158		-1.0
	44594.99999996	22.72593		-2.98913     0.2    0.2		4.1705503158		-1.0
	44639.99999996	22.58521		2.78423     0.2    0.2		4.1705503158		-1.0
	44684.99999996	22.88261		2.42953     0.2    0.2		4.1705503158		-1.0
	44729.99999996	22.95523		2.02254     0.2    0.2		4.1705503158		-1.0
	44774.99999996	22.54166		1.37862     0.2    0.2		4.1705503158		-1.0
	44819.99999996	22.48604		0.50895     0.2    0.2		4.1705503158		-1.0
	44864.99999996	22.41052		0.76471     0.2    0.2		4.1705503158		-1.0
	44909.99999996	22.07253		2.28557     0.2    0.2		4.1705503158		-1.0
	44954.99999996	21.74619		1.76419     0.2    0.2		4.1705503158		-1.0
	44999.99999996	21.97131		1.19041     0.2    0.2		4.1705503158		-1.0
	45044.99999996	22.31639		0.61992     0.2    0.2		4.1705503158		-1.0
	45089.99999996	21.69261		-0.00755     0.2    0.2		4.1705503158		-1.0
	45134.99999996	20.76734		-0.5203     0.2    0.2		4.1705503158		-1.0
	45179.99999996	19.40941		-1.02653     0.2    0.2		4.1705503158		-1.0
	45224.99999996	18.31278		-1.84841     0.2    0.2		4.1705503158		-1.0
	45269.99999996	17.60167		-2.44511     0.2    0.2		4.1705503158		-1.0
	45314.99999996	17.40296		-0.85961     0.2    0.2		4.1705503158		-1.0
	45359.99999996	17.54238		-1.59766     0.2    0.2		4.1705503158		-1.0
	45404.99999996	18.15305		-2.38464     0.2    0.2		4.1705503158		-1.0
	45449.99999996	18.51672		-2.96405     0.2    0.2		4.1705503158		-1.0
	45494.99999996	19.03002		2.49036     0.2    0.2		4.1705503158		-1.0
	45539.99999996	19.07158		2.07545     0.2    0.2		4.1705503158		-1.0
	45584.99999996	19.20544		1.37822     0.2    0.2		4.1705503158		-1.0
	45629.99999996	18.80067		1.47276     0.2    0.2		4.1705503158		-1.0
	45674.99999996	18.35216		2.84008     0.2    0.2		4.1705503158		-1.0
	45719.99999996	17.81125		1.96035     0.2    0.2		4.1705503158		-1.0
	45764.99999996	17.23477		3.10861     0.2    0.2		4.1705503158		-1.0
	45809.99999996	16.5612		-1.84223     0.2    0.2		4.1705503158		-1.0
	45854.99999996	15.76248		-0.97259     0.2    0.2		4.1705503158		-1.0
	45899.99999996	14.99917		-0.25477     0.2    0.2		4.1705503158		-1.0
	45944.99999996	14.37299		0.32871     0.2    0.2		4.1705503158		-1.0
	45989.99999996	13.87995		0.84844     0.2    0.2		4.1705503158		-1.0
	46034.99999996	14.01776		1.28151     0.2    0.2		4.1705503158		-1.0
	46079.99999996	14.8536		1.0678     0.2    0.2		4.1705503158		-1.0
	46124.99999996	15.61945		0.13455     0.2    0.2		4.1705503158		-1.0
	46169.99999996	15.68613		-0.138     0.2    0.2		4.1705503158		-1.0
	46214.99999996	15.25934		-0.03233     0.2    0.2		4.1705503158		-1.0
	46259.99999996	15.0809		0.54826     0.2    0.2		4.1705503158		-1.0
	46304.99999996	16.06185		0.9724     0.2    0.2		4.1705503158		-1.0
	46349.99999996	17.59417		0.73875     0.2    0.2		4.1705503158		-1.0
	46394.99999996	18.55261		-0.34475     0.2    0.2		4.1705503158		-1.0
	46439.99999996	18.40156		-1.62768     0.2    0.2		4.1705503158		-1.0
	46484.99999996	17.52742		-2.04325     0.2    0.2		4.1705503158		-1.0
	46529.99999996	16.62679		-2.10592     0.2    0.2		4.1705503158		-1.0
	46574.99999996	16.37253		-0.46089     0.2    0.2		4.1705503158		-1.0
	46619.99999996	17.1538		-0.44243     0.2    0.2		4.1705503158		-1.0
	46664.99999996	17.10646		-0.67059     0.2    0.2		4.1705503158		-1.0
	46709.99999996	16.73579		-1.04671     0.2    0.2		4.1705503158		-1.0
	46754.99999995	15.01379		-1.35686     0.2    0.2		4.1705503158		-1.0
	46799.99999995	13.47994		-1.71531     0.2    0.2		4.1705503158		-1.0
	46844.99999995	11.54927		-1.58432     0.2    0.2		4.1705503158		-1.0
	46889.99999995	10.14508		-1.02969     0.2    0.2		4.1705503158		-1.0
	46934.99999995	9.47051		-0.23642     0.2    0.2		4.1705503158		-1.0
	46979.99999995	9.63476		-0.01983     0.2    0.2		4.1705503158		-1.0
	47024.99999995	10.26026		-0.07657     0.2    0.2		4.1705503158		-1.0
	47069.99999995	10.18986		-0.77543     0.2    0.2		4.1705503158		-1.0
	47114.99999995	9.29664		-0.87853     0.2    0.2		4.1705503158		-1.0
	47159.99999995	8.46624		-0.38748     0.2    0.2		4.1705503158		-1.0
	47204.99999995	8.26022		0.28919     0.2    0.2		4.1705503158		-1.0
	47249.99999995	7.84511		0.78082     0.2    0.2		4.1705503158		-1.0
	47294.99999995	7.22211		1.10392     0.2    0.2		4.1705503158		-1.0
	47339.99999995	8.08906		1.53179     0.2    0.2		4.1705503158		-1.0
	47384.99999995	9.69119		1.47375     0.2    0.2		4.1705503158		-1.0
	47429.99999995	11.15505		1.40823     0.2    0.2		4.1705503158		-1.0
	47474.99999995	12.37373		0.84725     0.2    0.2		4.1705503158		-1.0
	47519.99999995	13.30407		-0.05352     0.2    0.2		4.1705503158		-1.0
	47564.99999995	13.34381		-0.56893     0.2    0.2		4.1705503158		-1.0
	47609.99999995	12.82683		-0.7102     0.2    0.2		4.1705503158		-1.0
	47654.99999995	12.37865		0.56438     0.2    0.2		4.1705503158		-1.0
	47699.99999995	12.58062		2.16377     0.2    0.2		4.1705503158		-1.0
	47744.99999995	13.67005		2.13743     0.2    0.2		4.1705503158		-1.0
	47789.99999995	14.83611		2.06872     0.2    0.2		4.1705503158		-1.0
	47834.99999995	15.06574		2.19642     0.2    0.2		4.1705503158		-1.0
	47879.99999995	15.41563		2.72244     0.2    0.2		4.1705503158		-1.0
	47924.99999995	15.1116		-2.54838     0.2    0.2		4.1705503158		-1.0
	47969.99999995	15.10952		-1.70549     0.2    0.2		4.1705503158		-1.0
	48014.99999995	15.0451		-0.4007     0.2    0.2		4.1705503158		-1.0
	48059.99999995	15.28406		1.32923     0.2    0.2		4.1705503158		-1.0
	48104.99999995	16.23998		1.76125     0.2    0.2		4.1705503158		-1.0
	48149.99999995	17.34903		2.24163     0.2    0.2		4.1705503158		-1.0
	48194.99999995	18.26038		0.81141     0.2    0.2		4.1705503158		-1.0
	48239.99999995	18.60754		-0.66142     0.2    0.2		4.1705503158		-1.0
	48284.99999995	18.41975		-0.6046     0.2    0.2		4.1705503158		-1.0
	48329.99999995	17.99179		-0.95409     0.2    0.2		4.1705503158		-1.0
	48374.99999995	17.53143		-0.7774     0.2    0.2		4.1705503158		-1.0
	48419.99999995	17.8738		-0.84823     0.2    0.2		4.1705503158		-1.0
	48464.99999995	17.83872		-0.14605     0.2    0.2		4.1705503158		-1.0
	48509.99999995	17.57729		0.31805     0.2    0.2		4.1705503158		-1.0
	48554.99999995	17.73379		0.92608     0.2    0.2		4.1705503158		-1.0
	48599.99999995	18.34199		-1.52641     0.2    0.2		4.1705503158		-1.0
	48644.99999995	17.59287		-2.26381     0.2    0.2		4.1705503158		-1.0
	48689.99999995	16.70287		-2.90404     0.2    0.2		4.1705503158		-1.0
	48734.99999995	15.59382		3.12573     0.2    0.2		4.1705503158		-1.0
	48779.99999995	14.46603		-3.05706     0.2    0.2		4.1705503158		-1.0
	48824.99999995	13.92584		-2.11992     0.2    0.2		4.1705503158		-1.0
	48869.99999995	14.31279		-2.01781     0.2    0.2		4.1705503158		-1.0
	48914.99999995	15.02902		-2.55197     0.2    0.2		4.1705503158		-1.0
	48959.99999995	15.15115		3.10148     0.2    0.2		4.1705503158		-1.0
	49004.99999995	14.22401		2.5571     0.2    0.2		4.1705503158		-1.0
	49049.99999995	13.2384		2.52331     0.2    0.2		4.1705503158		-1.0
	49094.99999995	12.90064		-2.87464     0.2    0.2		4.1705503158		-1.0
	49139.99999995	13.50897		-2.86734     0.2    0.2		4.1705503158		-1.0
	49184.99999995	14.62126		3.10812     0.2    0.2		4.1705503158		-1.0
	49229.99999995	15.22812		2.29237     0.2    0.2		4.1705503158		-1.0
	49274.99999995	15.18556		1.49817     0.2    0.2		4.1705503158		-1.0
	49319.99999995	14.39168		1.09874     0.2    0.2		4.1705503158		-1.0
	49364.99999995	13.39221		0.91982     0.2    0.2		4.1705503158		-1.0
	49409.99999995	12.87139		1.9986     0.2    0.2		4.1705503158		-1.0
	49454.99999995	13.34609		2.15607     0.2    0.2		4.1705503158		-1.0
	49499.99999995	14.10757		2.02254     0.2    0.2		4.1705503158		-1.0
	49544.99999995	14.69485		1.51417     0.2    0.2		4.1705503158		-1.0
	49589.99999995	14.52994		0.94988     0.2    0.2		4.1705503158		-1.0
	49634.99999995	13.37337		0.57312     0.2    0.2		4.1705503158		-1.0
	49679.99999995	12.46585		0.59669     0.2    0.2		4.1705503158		-1.0
	49724.99999995	11.82694		1.12273     0.2    0.2		4.1705503158		-1.0
	49769.99999995	12.18828		1.19622     0.2    0.2		4.1705503158		-1.0
	49814.99999995	12.74523		0.77214     0.2    0.2		4.1705503158		-1.0
	49859.99999995	13.11711		0.19908     0.2    0.2		4.1705503158		-1.0
	49904.99999995	12.41594		-0.40704     0.2    0.2		4.1705503158		-1.0
	49949.99999995	10.96039		-0.96087     0.2    0.2		4.1705503158		-1.0
	49994.99999995	10.43665		-0.05843     0.2    0.2		4.1705503158		-1.0
