	45.00000000	2.9531		0.00659  0.2  0.2		4.1705503158		-1.0
	90.00000000	2.85457		0.37068  0.2  0.2		4.1705503158		-1.0
	135.00000000	2.94606		0.19031  0.2  0.2		4.1705503158		-1.0
	180.00000000	2.92816		0.21919  0.2  0.2		4.1705503158		-1.0
	225.00000000	3.01675		0.90359  0.2  0.2		4.1705503158		-1.0
	270.00000000	2.77272		0.8657  0.2  0.2		4.1705503158		-1.0
	315.00000000	2.90754		0.6955  0.2  0.2		4.1705503158		-1.0
	360.00000000	3.02616		0.64716  0.2  0.2		4.1705503158		-1.0
	405.00000000	2.96779		0.82637  0.2  0.2		4.1705503158		-1.0
	450.00000000	2.93678		0.32314  0.2  0.2		4.1705503158		-1.0
	495.00000000	2.82208		-0.4211  0.2  0.2		4.1705503158		-1.0
	540.00000000	2.969		-0.82917  0.2  0.2		4.1705503158		-1.0
	585.00000000	2.91811		-1.12385  0.2  0.2		4.1705503158		-1.0
	630.00000000	2.88573		-1.25691  0.2  0.2		4.1705503158		-1.0
	675.00000000	2.85094		-1.69798  0.2  0.2		4.1705503158		-1.0
	720.00000000	3.03354		-2.25841  0.2  0.2		4.1705503158		-1.0
	765.00000000	2.90071		-2.4286  0.2  0.2		4.1705503158		-1.0
	810.00000000	2.84926		-2.69413  0.2  0.2		4.1705503158		-1.0
	855.00000000	2.93922		-2.811  0.2  0.2		4.1705503158		-1.0
	900.00000000	3.0017		-2.81417  0.2  0.2		4.1705503158		-1.0
	945.00000000	2.91157		-2.49084  0.2  0.2		4.1705503158		-1.0
	990.00000000	2.91142		-1.97338  0.2  0.2		4.1705503158		-1.0
	1035.00000000	2.85094		-2.13122  0.2  0.2		4.1705503158		-1.0
	1080.00000000	2.95143		-1.75718  0.2  0.2		4.1705503158		-1.0
	1125.00000000	2.99144		-1.99907  0.2  0.2		4.1705503158		-1.0
	1170.00000000	3.08899		-1.53141  0.2  0.2		4.1705503158		-1.0
	1215.00000000	2.99989		-2.11341  0.2  0.2		4.1705503158		-1.0
	1260.00000000	3.05507		-1.88415  0.2  0.2		4.1705503158		-1.0
	1305.00000000	2.94815		-2.13126  0.2  0.2		4.1705503158		-1.0
	1350.00000000	2.92211		-2.34352  0.2  0.2		4.1705503158		-1.0
	1395.00000000	2.92983		-2.19091  0.2  0.2		4.1705503158		-1.0
	1440.00000000	2.8853		-2.51176  0.2  0.2		4.1705503158		-1.0
	1485.00000000	2.81698		-2.24135  0.2  0.2		4.1705503158		-1.0
	1530.00000000	3.09621		-2.36386  0.2  0.2		4.1705503158		-1.0
	1575.00000000	3.06963		-2.53866  0.2  0.2		4.1705503158		-1.0
	1620.00000000	3.06254		-2.99229  0.2  0.2		4.1705503158		-1.0
	1665.00000000	2.96006		3.02307  0.2  0.2		4.1705503158		-1.0
	1710.00000000	2.81203		2.28826  0.2  0.2		4.1705503158		-1.0
	1755.00000000	2.94946		2.02571  0.2  0.2		4.1705503158		-1.0
	1800.00000000	3.04751		1.58768  0.2  0.2		4.1705503158		-1.0
	1845.00000000	2.9043		1.22036  0.2  0.2		4.1705503158		-1.0
	1890.00000000	2.80246		1.04449  0.2  0.2		4.1705503158		-1.0
	1935.00000000	2.79056		0.33653  0.2  0.2		4.1705503158		-1.0
	1980.00000000	2.92487		-0.65501  0.2  0.2		4.1705503158		-1.0
	2025.00000000	2.99446		-1.15374  0.2  0.2		4.1705503158		-1.0
	2070.00000000	2.94642		-1.65341  0.2  0.2		4.1705503158		-1.0
	2115.00000000	2.9123		-1.67957  0.2  0.2		4.1705503158		-1.0
	2160.00000000	3.01263		-1.48474  0.2  0.2		4.1705503158		-1.0
	2205.00000000	2.87436		-1.37018  0.2  0.2		4.1705503158		-1.0
	2250.00000000	2.92359		-0.95215  0.2  0.2		4.1705503158		-1.0
	2295.00000000	2.82904		-0.05238  0.2  0.2		4.1705503158		-1.0
	2340.00000000	2.76759		0.62686  0.2  0.2		4.1705503158		-1.0
	2385.00000000	2.88076		0.94197  0.2  0.2		4.1705503158		-1.0
	2430.00000000	2.82552		1.42037  0.2  0.2		4.1705503158		-1.0
	2475.00000000	2.98386		1.51391  0.2  0.2		4.1705503158		-1.0
	2520.00000000	2.9574		2.03321  0.2  0.2		4.1705503158		-1.0
	2565.00000000	2.95703		2.31815  0.2  0.2		4.1705503158		-1.0
	2610.00000000	2.93379		2.40492  0.2  0.2		4.1705503158		-1.0
	2655.00000000	2.87771		2.97131  0.2  0.2		4.1705503158		-1.0
	2700.00000000	3.0209		2.82737  0.2  0.2		4.1705503158		-1.0
	2745.00000000	2.93246		-3.02208  0.2  0.2		4.1705503158		-1.0
	2790.00000000	2.97305		-2.83947  0.2  0.2		4.1705503158		-1.0
	2835.00000000	2.9468		-2.8263  0.2  0.2		4.1705503158		-1.0
	2880.00000000	3.0156		-2.61299  0.2  0.2		4.1705503158		-1.0
	2925.00000000	2.78875		-2.42584  0.2  0.2		4.1705503158		-1.0
	2970.00000000	2.98822		-2.41788  0.2  0.2		4.1705503158		-1.0
	3015.00000000	3.16763		-2.19037  0.2  0.2		4.1705503158		-1.0
	3060.00000000	2.80483		-1.86232  0.2  0.2		4.1705503158		-1.0
	3105.00000000	2.87551		-1.63892  0.2  0.2		4.1705503158		-1.0
	3150.00000000	2.93855		-1.03187  0.2  0.2		4.1705503158		-1.0
	3195.00000000	3.03646		-0.41125  0.2  0.2		4.1705503158		-1.0
	3240.00000000	2.89507		0.19784  0.2  0.2		4.1705503158		-1.0
	3285.00000000	3.06576		0.82733  0.2  0.2		4.1705503158		-1.0
	3330.00000000	3.0191		1.27387  0.2  0.2		4.1705503158		-1.0
	3375.00000000	2.88661		1.53684  0.2  0.2		4.1705503158		-1.0
	3420.00000000	2.86383		1.79681  0.2  0.2		4.1705503158		-1.0
	3465.00000000	2.97127		2.35558  0.2  0.2		4.1705503158		-1.0
	3510.00000000	2.96306		2.53407  0.2  0.2		4.1705503158		-1.0
	3555.00000000	3.01291		3.11921  0.2  0.2		4.1705503158		-1.0
	3600.00000000	2.9977		2.74107  0.2  0.2		4.1705503158		-1.0
	3645.00000000	2.95379		2.82769  0.2  0.2		4.1705503158		-1.0
	3690.00000000	3.05252		2.30484  0.2  0.2		4.1705503158		-1.0
	3735.00000000	2.91367		2.07283  0.2  0.2		4.1705503158		-1.0
	3780.00000000	2.98328		1.90109  0.2  0.2		4.1705503158		-1.0
	3825.00000000	3.02293		1.36892  0.2  0.2		4.1705503158		-1.0
	3870.00000000	2.95457		1.38662  0.2  0.2		4.1705503158		-1.0
	3915.00000000	3.02472		0.51007  0.2  0.2		4.1705503158		-1.0
	3960.00000000	2.78981		-0.12307  0.2  0.2		4.1705503158		-1.0
	4005.00000000	2.87684		-0.55805  0.2  0.2		4.1705503158		-1.0
	4050.00000000	2.99801		-0.24553  0.2  0.2		4.1705503158		-1.0
	4095.00000000	2.9096		0.52231  0.2  0.2		4.1705503158		-1.0
	4140.00000000	2.96199		0.93546  0.2  0.2		4.1705503158		-1.0
	4185.00000000	2.98344		0.67432  0.2  0.2		4.1705503158		-1.0
	4230.00000000	2.92733		1.16199  0.2  0.2		4.1705503158		-1.0
	4275.00000000	2.89495		1.27901  0.2  0.2		4.1705503158		-1.0
	4320.00000000	3.07136		1.34167  0.2  0.2		4.1705503158		-1.0
	4365.00000000	2.87697		1.71712  0.2  0.2		4.1705503158		-1.0
	4410.00000000	2.79245		2.06263  0.2  0.2		4.1705503158		-1.0
	4455.00000000	2.88955		2.08313  0.2  0.2		4.1705503158		-1.0
	4500.00000000	2.88378		2.57965  0.2  0.2		4.1705503158		-1.0
	4545.00000000	2.85603		2.76448  0.2  0.2		4.1705503158		-1.0
	4590.00000000	2.98562		3.01592  0.2  0.2		4.1705503158		-1.0
	4635.00000000	3.1377		2.886  0.2  0.2		4.1705503158		-1.0
	4680.00000000	2.94118		-3.09333  0.2  0.2		4.1705503158		-1.0
	4725.00000000	3.09739		-3.11377  0.2  0.2		4.1705503158		-1.0
	4770.00000000	2.93677		-2.62214  0.2  0.2		4.1705503158		-1.0
	4815.00000000	2.90085		-2.736  0.2  0.2		4.1705503158		-1.0
	4860.00000000	2.71885		-2.13509  0.2  0.2		4.1705503158		-1.0
	4905.00000000	3.00002		-1.85737  0.2  0.2		4.1705503158		-1.0
	4950.00000000	2.91618		-1.44838  0.2  0.2		4.1705503158		-1.0
	4995.00000000	3.08336		-1.01006  0.2  0.2		4.1705503158		-1.0
	5040.00000000	3.0478		-0.22748  0.2  0.2		4.1705503158		-1.0
	5085.00000000	3.16973		0.3319  0.2  0.2		4.1705503158		-1.0
	5130.00000000	3.0148		0.30659  0.2  0.2		4.1705503158		-1.0
	5175.00000000	2.82658		-0.0737  0.2  0.2		4.1705503158		-1.0
	5220.00000000	2.85526		-0.29704  0.2  0.2		4.1705503158		-1.0
	5265.00000000	2.80925		-0.69409  0.2  0.2		4.1705503158		-1.0
	5310.00000000	2.92287		-0.91818  0.2  0.2		4.1705503158		-1.0
	5355.00000000	2.85604		-0.96229  0.2  0.2		4.1705503158		-1.0
	5400.00000000	3.00474		-0.57501  0.2  0.2		4.1705503158		-1.0
	5445.00000000	3.07619		-0.2687  0.2  0.2		4.1705503158		-1.0
	5490.00000000	3.04576		0.22855  0.2  0.2		4.1705503158		-1.0
	5535.00000000	2.98073		1.15111  0.2  0.2		4.1705503158		-1.0
	5580.00000000	3.00139		0.91857  0.2  0.2		4.1705503158		-1.0
	5625.00000000	3.00762		1.22051  0.2  0.2		4.1705503158		-1.0
	5670.00000000	3.04988		1.43518  0.2  0.2		4.1705503158		-1.0
	5715.00000000	3.10376		1.69556  0.2  0.2		4.1705503158		-1.0
	5760.00000000	2.86893		1.8795  0.2  0.2		4.1705503158		-1.0
	5805.00000000	2.85747		2.47401  0.2  0.2		4.1705503158		-1.0
	5850.00000000	3.09413		2.15224  0.2  0.2		4.1705503158		-1.0
	5895.00000000	2.8964		2.07225  0.2  0.2		4.1705503158		-1.0
	5940.00000000	2.66832		1.83739  0.2  0.2		4.1705503158		-1.0
	5985.00000000	2.90351		1.68026  0.2  0.2		4.1705503158		-1.0
	6030.00000000	3.13044		1.56572  0.2  0.2		4.1705503158		-1.0
	6075.00000000	3.20516		1.8168  0.2  0.2		4.1705503158		-1.0
	6120.00000000	3.27335		1.7981  0.2  0.2		4.1705503158		-1.0
	6165.00000000	3.1475		2.19432  0.2  0.2		4.1705503158		-1.0
	6210.00000000	3.04936		2.66221  0.2  0.2		4.1705503158		-1.0
	6255.00000000	2.97168		3.0356  0.2  0.2		4.1705503158		-1.0
	6300.00000000	2.86949		2.99364  0.2  0.2		4.1705503158		-1.0
	6345.00000000	2.84622		2.97141  0.2  0.2		4.1705503158		-1.0
	6390.00000000	3.17291		2.51895  0.2  0.2		4.1705503158		-1.0
	6435.00000000	2.81109		1.95618  0.2  0.2		4.1705503158		-1.0
	6480.00000000	2.78053		1.88957  0.2  0.2		4.1705503158		-1.0
	6525.00000000	2.72427		1.37155  0.2  0.2		4.1705503158		-1.0
	6570.00000000	2.76941		1.06546  0.2  0.2		4.1705503158		-1.0
	6615.00000000	3.08747		0.44466  0.2  0.2		4.1705503158		-1.0
	6660.00000000	3.15207		-0.41576  0.2  0.2		4.1705503158		-1.0
	6705.00000000	3.07351		-0.67971  0.2  0.2		4.1705503158		-1.0
	6750.00000000	2.91567		-0.97115  0.2  0.2		4.1705503158		-1.0
	6795.00000000	2.87685		-0.82196  0.2  0.2		4.1705503158		-1.0
	6840.00000000	2.84975		-0.35253  0.2  0.2		4.1705503158		-1.0
	6885.00000000	2.98303		0.49463  0.2  0.2		4.1705503158		-1.0
	6930.00000000	2.72358		0.89463  0.2  0.2		4.1705503158		-1.0
	6975.00000000	2.81004		0.29176  0.2  0.2		4.1705503158		-1.0
	7020.00000000	3.08467		-0.18534  0.2  0.2		4.1705503158		-1.0
	7065.00000000	2.92338		-0.77195  0.2  0.2		4.1705503158		-1.0
	7110.00000000	3.07976		-0.57621  0.2  0.2		4.1705503158		-1.0
	7155.00000000	3.23209		0.0629  0.2  0.2		4.1705503158		-1.0
	7200.00000000	2.90053		0.1593  0.2  0.2		4.1705503158		-1.0
	7245.00000000	3.16979		-0.08215  0.2  0.2		4.1705503158		-1.0
	7290.00000000	2.94534		-0.17905  0.2  0.2		4.1705503158		-1.0
	7335.00000000	2.82992		-0.57436  0.2  0.2		4.1705503158		-1.0
	7380.00000000	2.92278		-0.39675  0.2  0.2		4.1705503158		-1.0
	7425.00000000	2.97595		-0.22948  0.2  0.2		4.1705503158		-1.0
	7470.00000000	2.94305		0.76779  0.2  0.2		4.1705503158		-1.0
	7515.00000000	2.75101		0.77932  0.2  0.2		4.1705503158		-1.0
	7560.00000000	2.91923		1.11328  0.2  0.2		4.1705503158		-1.0
	7605.00000000	2.87068		1.2784  0.2  0.2		4.1705503158		-1.0
	7650.00000000	3.26022		1.16383  0.2  0.2		4.1705503158		-1.0
	7695.00000000	2.99022		1.50631  0.2  0.2		4.1705503158		-1.0
	7740.00000000	2.8386		1.8488  0.2  0.2		4.1705503158		-1.0
	7785.00000000	2.83044		2.14078  0.2  0.2		4.1705503158		-1.0
	7830.00000000	2.73864		2.75856  0.2  0.2		4.1705503158		-1.0
	7875.00000000	2.83507		2.96556  0.2  0.2		4.1705503158		-1.0
	7920.00000000	2.72135		-3.04954  0.2  0.2		4.1705503158		-1.0
	7965.00000000	2.80302		-2.86944  0.2  0.2		4.1705503158		-1.0
	8010.00000000	2.77051		-2.57528  0.2  0.2		4.1705503158		-1.0
	8055.00000000	2.75381		-2.27966  0.2  0.2		4.1705503158		-1.0
	8100.00000000	2.87613		-1.82467  0.2  0.2		4.1705503158		-1.0
	8145.00000000	2.85114		-1.78403  0.2  0.2		4.1705503158		-1.0
	8190.00000000	3.20489		-1.09919  0.2  0.2		4.1705503158		-1.0
	8235.00000000	2.81871		-1.27825  0.2  0.2		4.1705503158		-1.0
	8280.00000000	3.09528		-1.04501  0.2  0.2		4.1705503158		-1.0
	8325.00000000	2.83827		-0.69611  0.2  0.2		4.1705503158		-1.0
	8370.00000000	2.73754		-0.52533  0.2  0.2		4.1705503158		-1.0
	8415.00000000	2.84244		-0.23399  0.2  0.2		4.1705503158		-1.0
	8460.00000000	2.9382		0.48129  0.2  0.2		4.1705503158		-1.0
	8505.00000000	3.39389		0.68664  0.2  0.2		4.1705503158		-1.0
	8550.00000000	3.14237		1.03187  0.2  0.2		4.1705503158		-1.0
	8595.00000000	3.38114		1.35546  0.2  0.2		4.1705503158		-1.0
	8640.00000000	2.68244		1.58443  0.2  0.2		4.1705503158		-1.0
	8685.00000000	2.94797		1.75238  0.2  0.2		4.1705503158		-1.0
	8730.00000000	2.88261		2.23096  0.2  0.2		4.1705503158		-1.0
	8775.00000000	2.77859		2.63221  0.2  0.2		4.1705503158		-1.0
	8820.00000000	2.7087		2.76309  0.2  0.2		4.1705503158		-1.0
	8865.00000000	3.16887		-3.08429  0.2  0.2		4.1705503158		-1.0
	8910.00000000	3.13633		3.10707  0.2  0.2		4.1705503158		-1.0
	8955.00000000	2.78009		-2.69471  0.2  0.2		4.1705503158		-1.0
	9000.00000000	3.05863		-2.70046  0.2  0.2		4.1705503158		-1.0
	9045.00000000	2.95102		-2.33967  0.2  0.2		4.1705503158		-1.0
	9090.00000000	3.27318		-2.13634  0.2  0.2		4.1705503158		-1.0
	9135.00000000	2.8824		-1.54768  0.2  0.2		4.1705503158		-1.0
	9180.00000000	2.97597		-1.40689  0.2  0.2		4.1705503158		-1.0
	9225.00000000	3.00773		-1.08858  0.2  0.2		4.1705503158		-1.0
	9270.00000000	3.1129		-0.52089  0.2  0.2		4.1705503158		-1.0
	9315.00000000	3.33049		-0.05445  0.2  0.2		4.1705503158		-1.0
	9360.00000000	3.28501		0.65423  0.2  0.2		4.1705503158		-1.0
	9405.00000000	2.68973		1.15433  0.2  0.2		4.1705503158		-1.0
	9450.00000000	3.109		1.19229  0.2  0.2		4.1705503158		-1.0
	9495.00000000	3.14207		1.57557  0.2  0.2		4.1705503158		-1.0
	9540.00000000	2.96295		1.83277  0.2  0.2		4.1705503158		-1.0
	9585.00000000	3.27248		1.96822  0.2  0.2		4.1705503158		-1.0
	9630.00000000	3.23712		2.34824  0.2  0.2		4.1705503158		-1.0
	9675.00000000	3.04052		2.59943  0.2  0.2		4.1705503158		-1.0
	9720.00000000	3.08018		2.81944  0.2  0.2		4.1705503158		-1.0
	9765.00000000	2.6998		3.08505  0.2  0.2		4.1705503158		-1.0
	9810.00000000	2.84581		-3.07058  0.2  0.2		4.1705503158		-1.0
	9855.00000000	2.74798		-2.87383  0.2  0.2		4.1705503158		-1.0
	9900.00000000	2.74879		-2.38875  0.2  0.2		4.1705503158		-1.0
	9945.00000000	2.79233		-2.13224  0.2  0.2		4.1705503158		-1.0
	9990.00000000	2.80718		-1.8796  0.2  0.2		4.1705503158		-1.0
	10035.00000000	3.23985		-1.38099  0.2  0.2		4.1705503158		-1.0
	10080.00000000	2.84474		-1.36544  0.2  0.2		4.1705503158		-1.0
	10125.00000000	2.84937		-1.21514  0.2  0.2		4.1705503158		-1.0
	10170.00000000	3.25015		-0.6182  0.2  0.2		4.1705503158		-1.0
	10215.00000000	2.76724		-0.68813  0.2  0.2		4.1705503158		-1.0
	10260.00000000	2.6354		-0.05385  0.2  0.2		4.1705503158		-1.0
	10305.00000000	3.01596		0.19455  0.2  0.2		4.1705503158		-1.0
	10350.00000000	2.75296		0.62901  0.2  0.2		4.1705503158		-1.0
	10395.00000000	2.95812		1.01524  0.2  0.2		4.1705503158		-1.0
	10440.00000000	3.16218		1.03554  0.2  0.2		4.1705503158		-1.0
	10485.00000000	3.19059		0.67021  0.2  0.2		4.1705503158		-1.0
	10530.00000000	3.02944		0.75423  0.2  0.2		4.1705503158		-1.0
	10575.00000000	3.23448		0.91772  0.2  0.2		4.1705503158		-1.0
	10620.00000000	3.11296		0.27253  0.2  0.2		4.1705503158		-1.0
	10665.00000000	3.20357		-0.47088  0.2  0.2		4.1705503158		-1.0
	10710.00000000	3.20104		-1.20981  0.2  0.2		4.1705503158		-1.0
	10755.00000000	3.18741		-1.38139  0.2  0.2		4.1705503158		-1.0
	10800.00000000	3.2289		-1.70888  0.2  0.2		4.1705503158		-1.0
	10845.00000001	3.1889		-1.83441  0.2  0.2		4.1705503158		-1.0
	10890.00000001	3.09204		-2.07524  0.2  0.2		4.1705503158		-1.0
	10935.00000001	3.23001		-2.50412  0.2  0.2		4.1705503158		-1.0
	10980.00000001	3.21015		-2.66386  0.2  0.2		4.1705503158		-1.0
	11025.00000001	3.24624		2.99957  0.2  0.2		4.1705503158		-1.0
	11070.00000001	3.0156		2.57641  0.2  0.2		4.1705503158		-1.0
	11115.00000001	3.15842		2.2495  0.2  0.2		4.1705503158		-1.0
	11160.00000001	3.19005		2.07336  0.2  0.2		4.1705503158		-1.0
	11205.00000001	3.31167		1.67136  0.2  0.2		4.1705503158		-1.0
	11250.00000001	3.2038		1.46048  0.2  0.2		4.1705503158		-1.0
	11295.00000001	3.2905		1.1144  0.2  0.2		4.1705503158		-1.0
	11340.00000001	3.24904		0.2615  0.2  0.2		4.1705503158		-1.0
	11385.00000001	2.86263		-0.04437  0.2  0.2		4.1705503158		-1.0
	11430.00000001	2.72094		0.11263  0.2  0.2		4.1705503158		-1.0
	11475.00000001	2.74349		0.5685  0.2  0.2		4.1705503158		-1.0
	11520.00000001	2.70781		0.48057  0.2  0.2		4.1705503158		-1.0
	11565.00000001	2.79827		0.05168  0.2  0.2		4.1705503158		-1.0
	11610.00000001	2.81626		-0.35159  0.2  0.2		4.1705503158		-1.0
	11655.00000001	2.66508		-0.67449  0.2  0.2		4.1705503158		-1.0
	11700.00000001	2.69752		-0.59454  0.2  0.2		4.1705503158		-1.0
	11745.00000001	2.89175		-0.01226  0.2  0.2		4.1705503158		-1.0
	11790.00000001	3.37661		0.15361  0.2  0.2		4.1705503158		-1.0
	11835.00000001	2.6342		0.08657  0.2  0.2		4.1705503158		-1.0
	11880.00000001	2.80944		0.58125  0.2  0.2		4.1705503158		-1.0
	11925.00000001	2.74952		0.39932  0.2  0.2		4.1705503158		-1.0
	11970.00000001	2.6804		0.90365  0.2  0.2		4.1705503158		-1.0
	12015.00000001	2.69611		1.01819  0.2  0.2		4.1705503158		-1.0
	12060.00000001	2.71894		1.34631  0.2  0.2		4.1705503158		-1.0
	12105.00000001	2.76549		1.3889  0.2  0.2		4.1705503158		-1.0
	12150.00000001	2.71293		1.83471  0.2  0.2		4.1705503158		-1.0
	12195.00000001	2.73399		2.49055  0.2  0.2		4.1705503158		-1.0
	12240.00000001	2.80555		2.49677  0.2  0.2		4.1705503158		-1.0
	12285.00000001	2.84177		2.4909  0.2  0.2		4.1705503158		-1.0
	12330.00000001	2.71797		2.25445  0.2  0.2		4.1705503158		-1.0
	12375.00000001	2.766		2.08918  0.2  0.2		4.1705503158		-1.0
	12420.00000001	3.29047		2.05086  0.2  0.2		4.1705503158		-1.0
	12465.00000001	3.28678		1.53648  0.2  0.2		4.1705503158		-1.0
	12510.00000001	3.22854		1.72607  0.2  0.2		4.1705503158		-1.0
	12555.00000001	2.70892		1.56226  0.2  0.2		4.1705503158		-1.0
	12600.00000001	2.81296		1.35593  0.2  0.2		4.1705503158		-1.0
	12645.00000001	2.67394		1.69765  0.2  0.2		4.1705503158		-1.0
	12690.00000001	2.89209		1.69255  0.2  0.2		4.1705503158		-1.0
	12735.00000001	3.30519		1.83218  0.2  0.2		4.1705503158		-1.0
	12780.00000001	2.66768		2.24871  0.2  0.2		4.1705503158		-1.0
	12825.00000001	2.71269		2.42996  0.2  0.2		4.1705503158		-1.0
	12870.00000001	2.74718		2.77315  0.2  0.2		4.1705503158		-1.0
	12915.00000001	2.69126		3.02004  0.2  0.2		4.1705503158		-1.0
	12960.00000001	2.79572		-3.01112  0.2  0.2		4.1705503158		-1.0
	13005.00000001	2.84375		-2.6435  0.2  0.2		4.1705503158		-1.0
	13050.00000001	3.06737		-2.40807  0.2  0.2		4.1705503158		-1.0
	13095.00000001	3.06056		-2.1508  0.2  0.2		4.1705503158		-1.0
	13140.00000001	2.73447		-1.80102  0.2  0.2		4.1705503158		-1.0
	13185.00000001	2.91519		-1.52572  0.2  0.2		4.1705503158		-1.0
	13230.00000001	2.72669		-1.24183  0.2  0.2		4.1705503158		-1.0
	13275.00000001	2.88324		-0.97331  0.2  0.2		4.1705503158		-1.0
	13320.00000001	3.40521		-0.23732  0.2  0.2		4.1705503158		-1.0
	13365.00000001	2.79262		0.01361  0.2  0.2		4.1705503158		-1.0
	13410.00000001	2.75262		0.75012  0.2  0.2		4.1705503158		-1.0
	13455.00000001	3.4249		0.57526  0.2  0.2		4.1705503158		-1.0
	13500.00000001	3.34941		0.91407  0.2  0.2		4.1705503158		-1.0
	13545.00000001	3.43832		1.3584  0.2  0.2		4.1705503158		-1.0
	13590.00000001	3.37533		1.36893  0.2  0.2		4.1705503158		-1.0
	13635.00000001	3.30514		1.62694  0.2  0.2		4.1705503158		-1.0
	13680.00000001	3.09722		1.96446  0.2  0.2		4.1705503158		-1.0
	13725.00000001	3.42358		2.17346  0.2  0.2		4.1705503158		-1.0
	13770.00000001	3.32383		2.58593  0.2  0.2		4.1705503158		-1.0
	13815.00000001	3.25727		2.85992  0.2  0.2		4.1705503158		-1.0
	13860.00000001	3.2925		-2.81788  0.2  0.2		4.1705503158		-1.0
	13905.00000001	3.20302		-2.86059  0.2  0.2		4.1705503158		-1.0
	13950.00000001	3.22274		-2.03154  0.2  0.2		4.1705503158		-1.0
	13995.00000001	3.19331		-2.0082  0.2  0.2		4.1705503158		-1.0
	14040.00000001	3.16314		-1.59857  0.2  0.2		4.1705503158		-1.0
	14085.00000001	3.15059		-1.45298  0.2  0.2		4.1705503158		-1.0
	14130.00000001	3.20695		-1.25249  0.2  0.2		4.1705503158		-1.0
	14175.00000001	3.231		-0.68837  0.2  0.2		4.1705503158		-1.0
	14220.00000001	3.31172		-0.60483  0.2  0.2		4.1705503158		-1.0
	14265.00000000	3.32995		-0.12481  0.2  0.2		4.1705503158		-1.0
	14310.00000000	2.61273		0.28384  0.2  0.2		4.1705503158		-1.0
	14355.00000000	3.0471		0.51647  0.2  0.2		4.1705503158		-1.0
	14400.00000000	3.19514		0.56785  0.2  0.2		4.1705503158		-1.0
	14445.00000000	2.75856		0.21114  0.2  0.2		4.1705503158		-1.0
	14490.00000000	3.11529		-0.08967  0.2  0.2		4.1705503158		-1.0
	14535.00000000	3.26249		-0.15045  0.2  0.2		4.1705503158		-1.0
	14580.00000000	3.36945		0.32489  0.2  0.2		4.1705503158		-1.0
	14625.00000000	2.58963		-0.31506  0.2  0.2		4.1705503158		-1.0
	14670.00000000	2.85874		-0.09773  0.2  0.2		4.1705503158		-1.0
	14715.00000000	3.11817		-0.2693  0.2  0.2		4.1705503158		-1.0
	14760.00000000	2.55887		-0.68801  0.2  0.2		4.1705503158		-1.0
	14805.00000000	3.27954		-0.50876  0.2  0.2		4.1705503158		-1.0
	14850.00000000	2.96526		-0.96897  0.2  0.2		4.1705503158		-1.0
	14895.00000000	3.02172		-0.98251  0.2  0.2		4.1705503158		-1.0
	14940.00000000	2.70361		-1.51837  0.2  0.2		4.1705503158		-1.0
	14985.00000000	2.71778		-1.36771  0.2  0.2		4.1705503158		-1.0
	15030.00000000	2.69271		-1.94671  0.2  0.2		4.1705503158		-1.0
	15075.00000000	2.79928		-1.86645  0.2  0.2		4.1705503158		-1.0
	15120.00000000	2.69551		-2.30282  0.2  0.2		4.1705503158		-1.0
	15165.00000000	2.71245		-2.64928  0.2  0.2		4.1705503158		-1.0
	15210.00000000	2.72366		-2.96673  0.2  0.2		4.1705503158		-1.0
	15255.00000000	2.72821		3.00506  0.2  0.2		4.1705503158		-1.0
	15300.00000000	2.69578		2.45101  0.2  0.2		4.1705503158		-1.0
	15345.00000000	3.12276		2.02424  0.2  0.2		4.1705503158		-1.0
	15390.00000000	2.94926		1.72246  0.2  0.2		4.1705503158		-1.0
	15435.00000000	2.66521		1.5308  0.2  0.2		4.1705503158		-1.0
	15480.00000000	2.67932		1.33928  0.2  0.2		4.1705503158		-1.0
	15525.00000000	2.82039		0.5781  0.2  0.2		4.1705503158		-1.0
	15570.00000000	3.04072		0.09985  0.2  0.2		4.1705503158		-1.0
	15615.00000000	2.72235		-0.97149  0.2  0.2		4.1705503158		-1.0
	15660.00000000	2.92677		-1.11575  0.2  0.2		4.1705503158		-1.0
	15705.00000000	2.66045		-1.3865  0.2  0.2		4.1705503158		-1.0
	15750.00000000	2.76307		-1.74443  0.2  0.2		4.1705503158		-1.0
	15795.00000000	2.70774		-1.86096  0.2  0.2		4.1705503158		-1.0
	15840.00000000	2.73724		-2.32699  0.2  0.2		4.1705503158		-1.0
	15885.00000000	2.73213		-2.19597  0.2  0.2		4.1705503158		-1.0
	15930.00000000	2.73501		-2.54048  0.2  0.2		4.1705503158		-1.0
	15975.00000000	2.65856		-2.25641  0.2  0.2		4.1705503158		-1.0
	16020.00000000	2.74577		-2.61615  0.2  0.2		4.1705503158		-1.0
	16065.00000000	2.62182		-2.46849  0.2  0.2		4.1705503158		-1.0
	16110.00000000	3.21847		-2.86528  0.2  0.2		4.1705503158		-1.0
	16155.00000000	3.44374		-3.09193  0.2  0.2		4.1705503158		-1.0
	16200.00000000	2.80458		2.83728  0.2  0.2		4.1705503158		-1.0
	16245.00000000	2.70794		2.25507  0.2  0.2		4.1705503158		-1.0
	16290.00000000	2.71572		2.08768  0.2  0.2		4.1705503158		-1.0
	16335.00000000	2.72251		1.97357  0.2  0.2		4.1705503158		-1.0
	16380.00000000	2.76305		1.79208  0.2  0.2		4.1705503158		-1.0
	16425.00000000	2.73071		1.49276  0.2  0.2		4.1705503158		-1.0
	16470.00000000	2.81973		1.88076  0.2  0.2		4.1705503158		-1.0
	16515.00000000	2.75486		1.43638  0.2  0.2		4.1705503158		-1.0
	16560.00000000	2.69688		1.81267  0.2  0.2		4.1705503158		-1.0
	16605.00000000	3.61357		1.62981  0.2  0.2		4.1705503158		-1.0
	16650.00000000	3.5337		1.93556  0.2  0.2		4.1705503158		-1.0
	16695.00000000	3.29702		2.42354  0.2  0.2		4.1705503158		-1.0
	16740.00000000	3.3913		2.67448  0.2  0.2		4.1705503158		-1.0
	16785.00000000	3.42107		2.85034  0.2  0.2		4.1705503158		-1.0
	16830.00000000	3.2152		2.644  0.2  0.2		4.1705503158		-1.0
	16875.00000000	3.20262		2.47756  0.2  0.2		4.1705503158		-1.0
	16920.00000000	3.157		2.27186  0.2  0.2		4.1705503158		-1.0
	16965.00000000	3.3816		2.0455  0.2  0.2		4.1705503158		-1.0
	17010.00000000	3.35322		1.6767  0.2  0.2		4.1705503158		-1.0
	17055.00000000	2.87577		1.51065  0.2  0.2		4.1705503158		-1.0
	17100.00000000	2.92526		1.01076  0.2  0.2		4.1705503158		-1.0
	17145.00000000	2.67811		0.33875  0.2  0.2		4.1705503158		-1.0
	17190.00000000	2.71288		-0.2579  0.2  0.2		4.1705503158		-1.0
	17235.00000000	2.8068		-1.32012  0.2  0.2		4.1705503158		-1.0
	17280.00000000	2.71308		-0.93627  0.2  0.2		4.1705503158		-1.0
	17325.00000000	3.17065		-1.79162  0.2  0.2		4.1705503158		-1.0
	17370.00000000	3.20979		-1.57301  0.2  0.2		4.1705503158		-1.0
	17415.00000000	3.10226		-1.94651  0.2  0.2		4.1705503158		-1.0
	17460.00000000	3.29687		-2.09079  0.2  0.2		4.1705503158		-1.0
	17505.00000000	3.28541		-2.27389  0.2  0.2		4.1705503158		-1.0
	17550.00000000	3.4509		-2.30719  0.2  0.2		4.1705503158		-1.0
	17595.00000000	3.37604		-2.47784  0.2  0.2		4.1705503158		-1.0
	17640.00000000	3.39328		-2.73959  0.2  0.2		4.1705503158		-1.0
	17685.00000000	3.11161		-3.12666  0.2  0.2		4.1705503158		-1.0
	17730.00000000	3.17846		2.92249  0.2  0.2		4.1705503158		-1.0
	17775.00000000	3.11284		2.488  0.2  0.2		4.1705503158		-1.0
	17820.00000000	2.65579		2.41219  0.2  0.2		4.1705503158		-1.0
	17865.00000000	3.42828		2.02739  0.2  0.2		4.1705503158		-1.0
	17910.00000000	3.14657		1.95973  0.2  0.2		4.1705503158		-1.0
	17955.00000000	3.21203		1.69993  0.2  0.2		4.1705503158		-1.0
	18000.00000000	3.0614		1.73174  0.2  0.2		4.1705503158		-1.0
	18045.00000000	2.99879		1.42009  0.2  0.2		4.1705503158		-1.0
	18090.00000000	3.11788		1.19177  0.2  0.2		4.1705503158		-1.0
	18135.00000000	3.13066		0.39736  0.2  0.2		4.1705503158		-1.0
	18180.00000000	3.21768		-0.00846  0.2  0.2		4.1705503158		-1.0
	18225.00000000	3.18091		-0.77642  0.2  0.2		4.1705503158		-1.0
	18270.00000000	3.16827		-0.65802  0.2  0.2		4.1705503158		-1.0
	18315.00000000	3.10757		-1.23255  0.2  0.2		4.1705503158		-1.0
	18360.00000000	3.20753		-1.62565  0.2  0.2		4.1705503158		-1.0
	18405.00000000	3.28483		-1.94769  0.2  0.2		4.1705503158		-1.0
	18450.00000000	3.32552		-2.25608  0.2  0.2		4.1705503158		-1.0
	18495.00000000	3.29462		-2.82687  0.2  0.2		4.1705503158		-1.0
	18540.00000000	2.98083		-2.96028  0.2  0.2		4.1705503158		-1.0
	18585.00000000	2.87327		2.82338  0.2  0.2		4.1705503158		-1.0
	18630.00000000	2.9274		2.64648  0.2  0.2		4.1705503158		-1.0
	18675.00000000	3.35673		2.28469  0.2  0.2		4.1705503158		-1.0
	18720.00000000	3.05441		2.14725  0.2  0.2		4.1705503158		-1.0
	18765.00000000	3.11063		1.96978  0.2  0.2		4.1705503158		-1.0
	18810.00000000	3.34964		1.53687  0.2  0.2		4.1705503158		-1.0
	18855.00000000	3.28051		1.26731  0.2  0.2		4.1705503158		-1.0
	18900.00000000	3.19392		0.97879  0.2  0.2		4.1705503158		-1.0
	18945.00000000	3.26006		0.63647  0.2  0.2		4.1705503158		-1.0
	18990.00000000	3.24949		-0.27777  0.2  0.2		4.1705503158		-1.0
	19035.00000000	3.22369		-0.9268  0.2  0.2		4.1705503158		-1.0
	19080.00000000	3.41767		-1.20172  0.2  0.2		4.1705503158		-1.0
	19125.00000000	3.09535		-1.66988  0.2  0.2		4.1705503158		-1.0
	19170.00000000	3.31156		-1.994  0.2  0.2		4.1705503158		-1.0
	19215.00000000	3.10847		-2.44386  0.2  0.2		4.1705503158		-1.0
	19260.00000000	3.37109		-2.34479  0.2  0.2		4.1705503158		-1.0
	19305.00000000	3.32432		-2.90657  0.2  0.2		4.1705503158		-1.0
	19350.00000000	3.23378		-3.0903  0.2  0.2		4.1705503158		-1.0
	19395.00000000	3.24114		2.80846  0.2  0.2		4.1705503158		-1.0
	19440.00000000	3.41512		2.48983  0.2  0.2		4.1705503158		-1.0
	19485.00000000	2.80916		2.02209  0.2  0.2		4.1705503158		-1.0
	19530.00000000	2.61835		2.16053  0.2  0.2		4.1705503158		-1.0
	19575.00000000	2.63253		1.49435  0.2  0.2		4.1705503158		-1.0
	19620.00000000	2.64965		1.22084  0.2  0.2		4.1705503158		-1.0
	19665.00000000	2.72894		0.85336  0.2  0.2		4.1705503158		-1.0
	19710.00000000	2.68262		-0.24373  0.2  0.2		4.1705503158		-1.0
	19755.00000000	2.73511		-0.85944  0.2  0.2		4.1705503158		-1.0
	19800.00000000	2.75506		-1.53999  0.2  0.2		4.1705503158		-1.0
	19845.00000000	2.67485		-1.99196  0.2  0.2		4.1705503158		-1.0
	19890.00000000	2.69186		-2.2007  0.2  0.2		4.1705503158		-1.0
	19935.00000000	3.43636		-2.12088  0.2  0.2		4.1705503158		-1.0
	19980.00000000	2.65359		-1.8619  0.2  0.2		4.1705503158		-1.0
	20025.00000000	2.66936		-1.53342  0.2  0.2		4.1705503158		-1.0
	20070.00000000	2.82578		-1.54638  0.2  0.2		4.1705503158		-1.0
	20115.00000000	2.71789		-1.25752  0.2  0.2		4.1705503158		-1.0
	20160.00000000	2.75052		-0.68475  0.2  0.2		4.1705503158		-1.0
	20205.00000000	2.72222		0.36853  0.2  0.2		4.1705503158		-1.0
	20250.00000000	2.74371		1.04541  0.2  0.2		4.1705503158		-1.0
	20295.00000000	3.56002		0.69252  0.2  0.2		4.1705503158		-1.0
	20340.00000000	2.98858		0.47309  0.2  0.2		4.1705503158		-1.0
	20385.00000000	3.06875		0.65619  0.2  0.2		4.1705503158		-1.0
	20430.00000000	3.03693		-0.01313  0.2  0.2		4.1705503158		-1.0
	20475.00000000	2.69894		-0.51216  0.2  0.2		4.1705503158		-1.0
	20520.00000000	2.80356		-0.66641  0.2  0.2		4.1705503158		-1.0
	20565.00000000	2.76544		-0.37483  0.2  0.2		4.1705503158		-1.0
	20610.00000000	2.62295		-0.00462  0.2  0.2		4.1705503158		-1.0
	20655.00000000	2.67884		0.25499  0.2  0.2		4.1705503158		-1.0
	20700.00000000	2.76121		0.82041  0.2  0.2		4.1705503158		-1.0
	20744.99999999	2.69531		1.26098  0.2  0.2		4.1705503158		-1.0
	20789.99999999	2.66656		1.0055  0.2  0.2		4.1705503158		-1.0
	20834.99999999	2.64379		1.01265  0.2  0.2		4.1705503158		-1.0
	20879.99999999	2.6512		0.58116  0.2  0.2		4.1705503158		-1.0
	20924.99999999	2.73533		-0.58654  0.2  0.2		4.1705503158		-1.0
	20969.99999999	2.69204		-1.16754  0.2  0.2		4.1705503158		-1.0
	21014.99999999	2.7922		-1.37855  0.2  0.2		4.1705503158		-1.0
	21059.99999999	2.68512		-1.70019  0.2  0.2		4.1705503158		-1.0
	21104.99999999	2.76097		-1.65162  0.2  0.2		4.1705503158		-1.0
	21149.99999999	2.92723		-1.98713  0.2  0.2		4.1705503158		-1.0
	21194.99999999	3.50661		-1.99122  0.2  0.2		4.1705503158		-1.0
	21239.99999999	2.72671		-2.49766  0.2  0.2		4.1705503158		-1.0
	21284.99999999	3.36236		-2.64513  0.2  0.2		4.1705503158		-1.0
	21329.99999999	2.85602		-2.96475  0.2  0.2		4.1705503158		-1.0
	21374.99999999	2.64908		-3.12322  0.2  0.2		4.1705503158		-1.0
	21419.99999999	2.72685		2.96179  0.2  0.2		4.1705503158		-1.0
	21464.99999999	2.73376		2.62425  0.2  0.2		4.1705503158		-1.0
	21509.99999999	2.7709		2.42509  0.2  0.2		4.1705503158		-1.0
	21554.99999999	2.73273		2.23381  0.2  0.2		4.1705503158		-1.0
	21599.99999999	2.65016		1.83799  0.2  0.2		4.1705503158		-1.0
	21644.99999999	2.63954		1.95335  0.2  0.2		4.1705503158		-1.0
	21689.99999999	2.69118		1.48625  0.2  0.2		4.1705503158		-1.0
	21734.99999999	2.74091		1.67014  0.2  0.2		4.1705503158		-1.0
	21779.99999999	2.63743		1.26282  0.2  0.2		4.1705503158		-1.0
	21824.99999999	3.24423		1.03833  0.2  0.2		4.1705503158		-1.0
	21869.99999999	3.22117		0.66692  0.2  0.2		4.1705503158		-1.0
	21914.99999999	3.28058		0.02826  0.2  0.2		4.1705503158		-1.0
	21959.99999999	3.23912		0.11303  0.2  0.2		4.1705503158		-1.0
	22004.99999999	3.13201		-0.86058  0.2  0.2		4.1705503158		-1.0
	22049.99999999	3.42179		-0.79219  0.2  0.2		4.1705503158		-1.0
	22094.99999999	3.43194		-1.3443  0.2  0.2		4.1705503158		-1.0
	22139.99999999	3.42384		-1.38232  0.2  0.2		4.1705503158		-1.0
	22184.99999999	3.45886		-1.91471  0.2  0.2		4.1705503158		-1.0
	22229.99999999	3.50321		-1.76949  0.2  0.2		4.1705503158		-1.0
	22274.99999999	2.64568		-2.28564  0.2  0.2		4.1705503158		-1.0
	22319.99999999	3.51544		-1.75569  0.2  0.2		4.1705503158		-1.0
	22364.99999999	2.61481		-2.11679  0.2  0.2		4.1705503158		-1.0
	22409.99999999	3.43127		-1.73977  0.2  0.2		4.1705503158		-1.0
	22454.99999999	3.20913		-1.80034  0.2  0.2		4.1705503158		-1.0
	22499.99999999	3.45414		-1.11654  0.2  0.2		4.1705503158		-1.0
	22544.99999999	3.24138		-0.95906  0.2  0.2		4.1705503158		-1.0
	22589.99999999	3.34219		-0.10696  0.2  0.2		4.1705503158		-1.0
	22634.99999999	3.301		0.25564  0.2  0.2		4.1705503158		-1.0
	22679.99999999	3.23739		0.82678  0.2  0.2		4.1705503158		-1.0
	22724.99999999	3.38622		1.21686  0.2  0.2		4.1705503158		-1.0
	22769.99999999	3.28496		1.36194  0.2  0.2		4.1705503158		-1.0
	22814.99999999	3.42386		1.81423  0.2  0.2		4.1705503158		-1.0
	22859.99999999	3.38776		1.81365  0.2  0.2		4.1705503158		-1.0
	22904.99999999	3.15908		2.28485  0.2  0.2		4.1705503158		-1.0
	22949.99999999	2.8462		2.33265  0.2  0.2		4.1705503158		-1.0
	22994.99999999	3.2763		2.72708  0.2  0.2		4.1705503158		-1.0
	23039.99999999	3.48788		2.981  0.2  0.2		4.1705503158		-1.0
	23084.99999999	2.99805		-3.02574  0.2  0.2		4.1705503158		-1.0
	23129.99999999	2.79611		-2.64911  0.2  0.2		4.1705503158		-1.0
	23174.99999999	2.79464		-2.58098  0.2  0.2		4.1705503158		-1.0
	23219.99999999	3.53775		-2.29062  0.2  0.2		4.1705503158		-1.0
	23264.99999999	2.71965		-2.35971  0.2  0.2		4.1705503158		-1.0
	23309.99999999	2.77185		-2.47614  0.2  0.2		4.1705503158		-1.0
	23354.99999999	2.67459		-2.7776  0.2  0.2		4.1705503158		-1.0
	23399.99999999	2.7453		-2.90365  0.2  0.2		4.1705503158		-1.0
	23444.99999999	2.7211		3.02292  0.2  0.2		4.1705503158		-1.0
	23489.99999999	2.65603		2.70481  0.2  0.2		4.1705503158		-1.0
	23534.99999999	2.7054		2.37619  0.2  0.2		4.1705503158		-1.0
	23579.99999999	3.40482		2.19218  0.2  0.2		4.1705503158		-1.0
	23624.99999999	3.42185		1.81468  0.2  0.2		4.1705503158		-1.0
	23669.99999999	3.57558		1.87848  0.2  0.2		4.1705503158		-1.0
	23714.99999999	3.00688		1.69976  0.2  0.2		4.1705503158		-1.0
	23759.99999999	2.60934		1.69654  0.2  0.2		4.1705503158		-1.0
	23804.99999999	2.70288		1.4777  0.2  0.2		4.1705503158		-1.0
	23849.99999999	3.33191		1.15794  0.2  0.2		4.1705503158		-1.0
	23894.99999999	3.43212		0.84869  0.2  0.2		4.1705503158		-1.0
	23939.99999999	3.43098		0.445  0.2  0.2		4.1705503158		-1.0
	23984.99999999	3.12442		0.05356  0.2  0.2		4.1705503158		-1.0
	24029.99999999	3.50317		-0.80617  0.2  0.2		4.1705503158		-1.0
	24074.99999999	3.42392		-1.05953  0.2  0.2		4.1705503158		-1.0
	24119.99999999	3.31779		-1.47666  0.2  0.2		4.1705503158		-1.0
	24164.99999999	3.34452		-1.48554  0.2  0.2		4.1705503158		-1.0
	24209.99999999	2.98702		-1.86104  0.2  0.2		4.1705503158		-1.0
	24254.99999999	2.84167		-1.98626  0.2  0.2		4.1705503158		-1.0
	24299.99999999	2.97827		-2.19325  0.2  0.2		4.1705503158		-1.0
	24344.99999999	3.1071		-2.53322  0.2  0.2		4.1705503158		-1.0
	24389.99999999	3.14985		-2.61672  0.2  0.2		4.1705503158		-1.0
	24434.99999999	3.33643		-2.98378  0.2  0.2		4.1705503158		-1.0
	24479.99999999	3.47057		2.86303  0.2  0.2		4.1705503158		-1.0
	24524.99999999	3.40141		2.95615  0.2  0.2		4.1705503158		-1.0
	24569.99999999	3.13671		2.57036  0.2  0.2		4.1705503158		-1.0
	24614.99999999	3.491		2.39385  0.2  0.2		4.1705503158		-1.0
	24659.99999999	2.72618		2.34271  0.2  0.2		4.1705503158		-1.0
	24704.99999999	3.53005		2.07004  0.2  0.2		4.1705503158		-1.0
	24749.99999999	3.44823		1.75712  0.2  0.2		4.1705503158		-1.0
	24794.99999999	3.70918		1.56748  0.2  0.2		4.1705503158		-1.0
	24839.99999999	3.38431		1.2558  0.2  0.2		4.1705503158		-1.0
	24884.99999999	3.39797		1.02567  0.2  0.2		4.1705503158		-1.0
	24929.99999999	3.21183		0.41792  0.2  0.2		4.1705503158		-1.0
	24974.99999999	3.3296		-0.25318  0.2  0.2		4.1705503158		-1.0
	25019.99999999	3.32425		-1.01825  0.2  0.2		4.1705503158		-1.0
	25064.99999999	3.17492		-1.33914  0.2  0.2		4.1705503158		-1.0
	25109.99999999	3.44542		-1.59012  0.2  0.2		4.1705503158		-1.0
	25154.99999999	3.07573		-1.89636  0.2  0.2		4.1705503158		-1.0
	25199.99999999	3.39854		-2.15601  0.2  0.2		4.1705503158		-1.0
	25244.99999999	3.1219		-2.41016  0.2  0.2		4.1705503158		-1.0
	25289.99999999	3.3372		-2.60835  0.2  0.2		4.1705503158		-1.0
	25334.99999999	3.33354		-2.93125  0.2  0.2		4.1705503158		-1.0
	25379.99999999	3.28367		3.03339  0.2  0.2		4.1705503158		-1.0
	25424.99999999	2.80383		2.7674  0.2  0.2		4.1705503158		-1.0
	25469.99999999	2.70073		2.42508  0.2  0.2		4.1705503158		-1.0
	25514.99999999	3.50612		2.09232  0.2  0.2		4.1705503158		-1.0
	25559.99999999	3.70205		1.97685  0.2  0.2		4.1705503158		-1.0
	25604.99999999	3.00319		1.40832  0.2  0.2		4.1705503158		-1.0
	25649.99999999	3.5182		1.49908  0.2  0.2		4.1705503158		-1.0
	25694.99999999	3.39575		0.70635  0.2  0.2		4.1705503158		-1.0
	25739.99999999	3.48405		0.43532  0.2  0.2		4.1705503158		-1.0
	25784.99999999	3.44596		-0.4422  0.2  0.2		4.1705503158		-1.0
	25829.99999999	2.97176		-0.68301  0.2  0.2		4.1705503158		-1.0
	25874.99999999	3.41756		-1.02842  0.2  0.2		4.1705503158		-1.0
	25919.99999999	2.63834		-0.99535  0.2  0.2		4.1705503158		-1.0
	25964.99999999	2.75441		-1.23678  0.2  0.2		4.1705503158		-1.0
	26009.99999999	2.76108		-0.87972  0.2  0.2		4.1705503158		-1.0
	26054.99999999	2.85653		-0.5205  0.2  0.2		4.1705503158		-1.0
	26099.99999999	2.63127		0.16158  0.2  0.2		4.1705503158		-1.0
	26144.99999999	2.74962		0.77757  0.2  0.2		4.1705503158		-1.0
	26189.99999999	3.32146		0.71996  0.2  0.2		4.1705503158		-1.0
	26234.99999999	3.49334		0.60141  0.2  0.2		4.1705503158		-1.0
	26279.99999999	3.50689		0.88882  0.2  0.2		4.1705503158		-1.0
	26324.99999999	3.35108		1.11776  0.2  0.2		4.1705503158		-1.0
	26369.99999999	2.79127		1.34238  0.2  0.2		4.1705503158		-1.0
	26414.99999999	2.79092		1.00374  0.2  0.2		4.1705503158		-1.0
	26459.99999999	2.95053		0.78414  0.2  0.2		4.1705503158		-1.0
	26504.99999999	2.9835		-0.07445  0.2  0.2		4.1705503158		-1.0
	26549.99999999	3.24789		-0.62914  0.2  0.2		4.1705503158		-1.0
	26594.99999999	3.22523		-0.87459  0.2  0.2		4.1705503158		-1.0
	26639.99999999	3.16643		-0.50798  0.2  0.2		4.1705503158		-1.0
	26684.99999999	3.26351		0.25878  0.2  0.2		4.1705503158		-1.0
	26729.99999999	2.75626		0.50201  0.2  0.2		4.1705503158		-1.0
	26774.99999999	3.41004		0.02703  0.2  0.2		4.1705503158		-1.0
	26819.99999999	3.29263		-0.35558  0.2  0.2		4.1705503158		-1.0
	26864.99999999	2.8894		-0.27522  0.2  0.2		4.1705503158		-1.0
	26909.99999999	2.70831		-0.26143  0.2  0.2		4.1705503158		-1.0
	26954.99999999	2.62348		0.16437  0.2  0.2		4.1705503158		-1.0
	26999.99999999	2.56991		0.39754  0.2  0.2		4.1705503158		-1.0
	27044.99999999	2.66847		0.53912  0.2  0.2		4.1705503158		-1.0
	27089.99999999	2.7078		0.79403  0.2  0.2		4.1705503158		-1.0
	27134.99999999	2.69229		0.57283  0.2  0.2		4.1705503158		-1.0
	27179.99999999	2.64646		-0.19686  0.2  0.2		4.1705503158		-1.0
	27224.99999998	2.70792		-0.89899  0.2  0.2		4.1705503158		-1.0
	27269.99999998	2.6706		-1.48205  0.2  0.2		4.1705503158		-1.0
	27314.99999998	2.61431		-1.88617  0.2  0.2		4.1705503158		-1.0
	27359.99999998	2.67906		-2.32787  0.2  0.2		4.1705503158		-1.0
	27404.99999998	2.6993		-2.52998  0.2  0.2		4.1705503158		-1.0
	27449.99999998	2.63033		-2.81183  0.2  0.2		4.1705503158		-1.0
	27494.99999998	2.66069		-3.00933  0.2  0.2		4.1705503158		-1.0
	27539.99999998	2.85287		-3.06176  0.2  0.2		4.1705503158		-1.0
	27584.99999998	2.74415		2.95086  0.2  0.2		4.1705503158		-1.0
	27629.99999998	2.70149		2.69259  0.2  0.2		4.1705503158		-1.0
	27674.99999998	2.62776		2.49461  0.2  0.2		4.1705503158		-1.0
	27719.99999998	3.32711		2.17839  0.2  0.2		4.1705503158		-1.0
	27764.99999998	2.97602		2.18753  0.2  0.2		4.1705503158		-1.0
	27809.99999998	3.10107		1.79205  0.2  0.2		4.1705503158		-1.0
	27854.99999998	3.20097		2.15635  0.2  0.2		4.1705503158		-1.0
	27899.99999998	2.79877		2.16861  0.2  0.2		4.1705503158		-1.0
	27944.99999998	3.17569		2.66689  0.2  0.2		4.1705503158		-1.0
	27989.99999998	3.49496		-3.06082  0.2  0.2		4.1705503158		-1.0
	28034.99999998	3.26419		-2.879  0.2  0.2		4.1705503158		-1.0
	28079.99999998	3.15761		-2.39341  0.2  0.2		4.1705503158		-1.0
	28124.99999998	3.30682		-2.15036  0.2  0.2		4.1705503158		-1.0
	28169.99999998	3.68499		-2.21151  0.2  0.2		4.1705503158		-1.0
	28214.99999998	2.86655		-2.251  0.2  0.2		4.1705503158		-1.0
	28259.99999998	3.46522		-1.68683  0.2  0.2		4.1705503158		-1.0
	28304.99999998	3.31771		-1.71766  0.2  0.2		4.1705503158		-1.0
	28349.99999998	3.26095		-1.25296  0.2  0.2		4.1705503158		-1.0
	28394.99999998	3.3049		-0.86681  0.2  0.2		4.1705503158		-1.0
	28439.99999998	3.48572		-0.35597  0.2  0.2		4.1705503158		-1.0
	28484.99999998	3.44496		0.34171  0.2  0.2		4.1705503158		-1.0
	28529.99999998	3.56137		0.43982  0.2  0.2		4.1705503158		-1.0
	28574.99999998	3.42828		0.67387  0.2  0.2		4.1705503158		-1.0
	28619.99999998	2.7392		1.13591  0.2  0.2		4.1705503158		-1.0
	28664.99999998	4.15721		0.78252  0.2  0.2		4.1705503158		-1.0
	28709.99999998	6.04462		0.61734  0.2  0.2		4.1705503158		-1.0
	28754.99999998	7.59507		0.50516  0.2  0.2		4.1705503158		-1.0
	28799.99999998	9.60596		0.64229  0.2  0.2		4.1705503158		-1.0
	28844.99999998	11.3586		0.93845  0.2  0.2		4.1705503158		-1.0
	28889.99999998	12.72232		1.26651  0.2  0.2		4.1705503158		-1.0
	28934.99999998	13.80786		1.50863  0.2  0.2		4.1705503158		-1.0
	28979.99999998	14.88943		1.7263  0.2  0.2		4.1705503158		-1.0
	29024.99999998	15.75211		2.03884  0.2  0.2		4.1705503158		-1.0
	29069.99999998	16.75276		2.31883  0.2  0.2		4.1705503158		-1.0
	29114.99999998	17.5708		2.49898  0.2  0.2		4.1705503158		-1.0
	29159.99999998	18.47428		2.80557  0.2  0.2		4.1705503158		-1.0
	29204.99999998	19.06805		-3.0384  0.2  0.2		4.1705503158		-1.0
	29249.99999998	19.91337		-2.48018  0.2  0.2		4.1705503158		-1.0
	29294.99999998	20.60247		-2.1795  0.2  0.2		4.1705503158		-1.0
	29339.99999998	21.43001		-1.87448  0.2  0.2		4.1705503158		-1.0
	29384.99999998	21.86063		-1.58507  0.2  0.2		4.1705503158		-1.0
	29429.99999998	21.0815		-1.363  0.2  0.2		4.1705503158		-1.0
	29474.99999998	20.34054		-0.95061  0.2  0.2		4.1705503158		-1.0
	29519.99999998	19.61642		-0.36492  0.2  0.2		4.1705503158		-1.0
	29564.99999998	18.87117		-0.37424  0.2  0.2		4.1705503158		-1.0
	29609.99999998	18.09351		-0.3979  0.2  0.2		4.1705503158		-1.0
	29654.99999998	17.18784		-0.69158  0.2  0.2		4.1705503158		-1.0
	29699.99999998	16.43045		-1.14582  0.2  0.2		4.1705503158		-1.0
	29744.99999998	15.42021		-1.32346  0.2  0.2		4.1705503158		-1.0
	29789.99999998	14.54327		-2.0416  0.2  0.2		4.1705503158		-1.0
	29834.99999998	13.52382		-2.22822  0.2  0.2		4.1705503158		-1.0
	29879.99999998	12.75004		-2.84302  0.2  0.2		4.1705503158		-1.0
	29924.99999998	11.69181		-3.12193  0.2  0.2		4.1705503158		-1.0
	29969.99999998	10.80163		2.74442  0.2  0.2		4.1705503158		-1.0
	30014.99999998	9.94181		2.44183  0.2  0.2		4.1705503158		-1.0
	30059.99999998	9.03292		2.21452  0.2  0.2		4.1705503158		-1.0
	30104.99999998	8.3293		1.99565  0.2  0.2		4.1705503158		-1.0
	30149.99999998	7.26709		1.87024  0.2  0.2		4.1705503158		-1.0
	30194.99999998	6.76689		1.74689  0.2  0.2		4.1705503158		-1.0
	30239.99999998	6.41581		1.96169  0.2  0.2		4.1705503158		-1.0
	30284.99999998	6.63743		2.39433  0.2  0.2		4.1705503158		-1.0
	30329.99999998	7.66516		2.32952  0.2  0.2		4.1705503158		-1.0
	30374.99999998	9.06735		2.18459  0.2  0.2		4.1705503158		-1.0
	30419.99999998	10.60861		1.92176  0.2  0.2		4.1705503158		-1.0
	30464.99999998	12.17621		1.49703  0.2  0.2		4.1705503158		-1.0
	30509.99999998	13.08232		0.77446  0.2  0.2		4.1705503158		-1.0
	30554.99999998	13.59935		-0.09893  0.2  0.2		4.1705503158		-1.0
	30599.99999998	13.37057		-0.94099  0.2  0.2		4.1705503158		-1.0
	30644.99999998	12.89204		-1.46033  0.2  0.2		4.1705503158		-1.0
	30689.99999998	12.29401		-1.53956  0.2  0.2		4.1705503158		-1.0
	30734.99999998	12.05611		-1.48077  0.2  0.2		4.1705503158		-1.0
	30779.99999998	11.71981		-1.40225  0.2  0.2		4.1705503158		-1.0
	30824.99999998	10.91373		-1.19203  0.2  0.2		4.1705503158		-1.0
	30869.99999998	9.46739		-1.10323  0.2  0.2		4.1705503158		-1.0
	30914.99999998	8.18458		-0.99722  0.2  0.2		4.1705503158		-1.0
	30959.99999998	7.6519		-1.38387  0.2  0.2		4.1705503158		-1.0
	31004.99999998	8.87528		-2.40188  0.2  0.2		4.1705503158		-1.0
	31049.99999998	10.15877		-3.12597  0.2  0.2		4.1705503158		-1.0
	31094.99999998	11.36828		2.77715  0.2  0.2		4.1705503158		-1.0
	31139.99999998	12.68425		2.50126  0.2  0.2		4.1705503158		-1.0
	31184.99999998	14.15854		2.28646  0.2  0.2		4.1705503158		-1.0
	31229.99999998	15.48707		2.01273  0.2  0.2		4.1705503158		-1.0
	31274.99999998	16.79406		1.56035  0.2  0.2		4.1705503158		-1.0
	31319.99999998	18.08547		1.13455  0.2  0.2		4.1705503158		-1.0
	31364.99999998	19.02997		-0.16198  0.2  0.2		4.1705503158		-1.0
	31409.99999998	20.19102		-1.5593  0.2  0.2		4.1705503158		-1.0
	31454.99999998	21.344		-2.00361  0.2  0.2		4.1705503158		-1.0
	31499.99999998	22.26026		-2.75514  0.2  0.2		4.1705503158		-1.0
	31544.99999998	23.12026		3.0913  0.2  0.2		4.1705503158		-1.0
	31589.99999998	23.79101		2.53979  0.2  0.2		4.1705503158		-1.0
	31634.99999998	22.97226		2.26484  0.2  0.2		4.1705503158		-1.0
	31679.99999998	21.9438		1.83933  0.2  0.2		4.1705503158		-1.0
	31724.99999998	20.94746		1.14492  0.2  0.2		4.1705503158		-1.0
	31769.99999998	19.89811		0.90027  0.2  0.2		4.1705503158		-1.0
	31814.99999998	18.88778		0.92661  0.2  0.2		4.1705503158		-1.0
	31859.99999998	18.22343		0.55516  0.2  0.2		4.1705503158		-1.0
	31904.99999998	17.49498		-0.00501  0.2  0.2		4.1705503158		-1.0
	31949.99999998	16.82439		-0.31223  0.2  0.2		4.1705503158		-1.0
	31994.99999998	16.30745		-0.37979  0.2  0.2		4.1705503158		-1.0
	32039.99999998	15.51517		-0.71966  0.2  0.2		4.1705503158		-1.0
	32084.99999998	14.90033		-0.86335  0.2  0.2		4.1705503158		-1.0
	32129.99999998	14.02078		-1.07483  0.2  0.2		4.1705503158		-1.0
	32174.99999998	13.14647		-1.12099  0.2  0.2		4.1705503158		-1.0
	32219.99999998	12.16952		-1.37989  0.2  0.2		4.1705503158		-1.0
	32264.99999998	11.03925		-1.24406  0.2  0.2		4.1705503158		-1.0
	32309.99999998	9.85064		-1.16232  0.2  0.2		4.1705503158		-1.0
	32354.99999998	8.87678		-0.86057  0.2  0.2		4.1705503158		-1.0
	32399.99999998	7.81462		-0.43782  0.2  0.2		4.1705503158		-1.0
	32444.99999998	6.7835		0.14909  0.2  0.2		4.1705503158		-1.0
	32489.99999998	6.22457		0.70834  0.2  0.2		4.1705503158		-1.0
	32534.99999998	6.47071		0.99815  0.2  0.2		4.1705503158		-1.0
	32579.99999998	7.68735		1.30647  0.2  0.2		4.1705503158		-1.0
	32624.99999998	9.17514		1.09787  0.2  0.2		4.1705503158		-1.0
	32669.99999998	10.53717		0.80159  0.2  0.2		4.1705503158		-1.0
	32714.99999998	11.72762		0.11836  0.2  0.2		4.1705503158		-1.0
	32759.99999998	12.43989		0.1138  0.2  0.2		4.1705503158		-1.0
	32804.99999998	13.42771		-0.04854  0.2  0.2		4.1705503158		-1.0
	32849.99999998	14.09083		0.14437  0.2  0.2		4.1705503158		-1.0
	32894.99999998	14.92074		0.32107  0.2  0.2		4.1705503158		-1.0
	32939.99999998	16.13924		0.72075  0.2  0.2		4.1705503158		-1.0
	32984.99999998	17.23036		1.07815  0.2  0.2		4.1705503158		-1.0
	33029.99999998	18.59633		1.58285  0.2  0.2		4.1705503158		-1.0
	33074.99999998	19.65366		2.17265  0.2  0.2		4.1705503158		-1.0
	33119.99999998	21.04073		2.55189  0.2  0.2		4.1705503158		-1.0
	33164.99999998	22.18734		2.90087  0.2  0.2		4.1705503158		-1.0
	33209.99999998	23.26545		3.11655  0.2  0.2		4.1705503158		-1.0
	33254.99999998	24.24693		3.05598  0.2  0.2		4.1705503158		-1.0
	33299.99999998	24.88176		3.1155  0.2  0.2		4.1705503158		-1.0
	33344.99999998	25.57562		2.98604  0.2  0.2		4.1705503158		-1.0
	33389.99999998	26.30726		-3.13454  0.2  0.2		4.1705503158		-1.0
	33434.99999998	27.02944		3.10849  0.2  0.2		4.1705503158		-1.0
	33479.99999998	26.65168		-2.84878  0.2  0.2		4.1705503158		-1.0
	33524.99999998	26.57604		-2.9337  0.2  0.2		4.1705503158		-1.0
	33569.99999998	26.04205		-2.59763  0.2  0.2		4.1705503158		-1.0
	33614.99999998	25.33166		-2.46033  0.2  0.2		4.1705503158		-1.0
	33659.99999998	24.69365		-2.0565  0.2  0.2		4.1705503158		-1.0
	33704.99999998	23.86736		-1.73155  0.2  0.2		4.1705503158		-1.0
	33749.99999997	23.56669		-1.41326  0.2  0.2		4.1705503158		-1.0
	33794.99999997	23.04176		-0.98439  0.2  0.2		4.1705503158		-1.0
	33839.99999997	22.65855		-0.94983  0.2  0.2		4.1705503158		-1.0
	33884.99999997	21.77179		-0.78151  0.2  0.2		4.1705503158		-1.0
	33929.99999997	20.89931		-0.86132  0.2  0.2		4.1705503158		-1.0
	33974.99999997	19.96122		-0.69087  0.2  0.2		4.1705503158		-1.0
	34019.99999997	19.15005		-0.73544  0.2  0.2		4.1705503158		-1.0
	34064.99999997	18.1571		-0.89039  0.2  0.2		4.1705503158		-1.0
	34109.99999997	17.34474		-1.37616  0.2  0.2		4.1705503158		-1.0
	34154.99999997	16.41701		-1.7433  0.2  0.2		4.1705503158		-1.0
	34199.99999997	15.60226		-2.00658  0.2  0.2		4.1705503158		-1.0
	34244.99999997	14.57858		-2.22482  0.2  0.2		4.1705503158		-1.0
	34289.99999997	13.84379		-2.56473  0.2  0.2		4.1705503158		-1.0
	34334.99999997	13.111		-2.83434  0.2  0.2		4.1705503158		-1.0
	34379.99999997	12.86756		3.07655  0.2  0.2		4.1705503158		-1.0
	34424.99999997	12.62093		2.8005  0.2  0.2		4.1705503158		-1.0
	34469.99999997	11.94174		2.51179  0.2  0.2		4.1705503158		-1.0
	34514.99999997	11.01637		2.28588  0.2  0.2		4.1705503158		-1.0
	34559.99999997	9.93231		2.07844  0.2  0.2		4.1705503158		-1.0
	34604.99999997	8.76204		1.78992  0.2  0.2		4.1705503158		-1.0
	34649.99999997	7.55606		1.46196  0.2  0.2		4.1705503158		-1.0
	34694.99999997	6.95425		1.37829  0.2  0.2		4.1705503158		-1.0
	34739.99999997	6.95521		1.65209  0.2  0.2		4.1705503158		-1.0
	34784.99999997	7.63909		1.7083  0.2  0.2		4.1705503158		-1.0
	34829.99999997	8.93385		1.73861  0.2  0.2		4.1705503158		-1.0
	34874.99999997	10.38644		1.4854  0.2  0.2		4.1705503158		-1.0
	34919.99999997	11.82766		1.14567  0.2  0.2		4.1705503158		-1.0
	34964.99999997	13.04468		0.21666  0.2  0.2		4.1705503158		-1.0
	35009.99999997	14.25154		-0.73956  0.2  0.2		4.1705503158		-1.0
	35054.99999997	15.19707		-1.37699  0.2  0.2		4.1705503158		-1.0
	35099.99999997	16.09971		-1.75986  0.2  0.2		4.1705503158		-1.0
	35144.99999997	16.63389		-2.47702  0.2  0.2		4.1705503158		-1.0
	35189.99999997	17.59935		-2.92236  0.2  0.2		4.1705503158		-1.0
	35234.99999997	18.40446		-3.01572  0.2  0.2		4.1705503158		-1.0
	35279.99999997	19.45783		3.05693  0.2  0.2		4.1705503158		-1.0
	35324.99999997	20.41498		2.85948  0.2  0.2		4.1705503158		-1.0
	35369.99999997	21.19892		2.47853  0.2  0.2		4.1705503158		-1.0
	35414.99999997	22.06171		2.19701  0.2  0.2		4.1705503158		-1.0
	35459.99999997	22.72262		0.74041  0.2  0.2		4.1705503158		-1.0
	35504.99999997	23.27474		-0.13695  0.2  0.2		4.1705503158		-1.0
	35549.99999997	23.83914		-0.16212  0.2  0.2		4.1705503158		-1.0
	35594.99999997	24.80068		-0.16388  0.2  0.2		4.1705503158		-1.0
	35639.99999997	25.79326		-0.05522  0.2  0.2		4.1705503158		-1.0
	35684.99999997	27.29094		0.03016  0.2  0.2		4.1705503158		-1.0
	35729.99999997	28.26072		0.20213  0.2  0.2		4.1705503158		-1.0
	35774.99999997	29.79982		0.48349  0.2  0.2		4.1705503158		-1.0
	35819.99999997	31.16823		0.70328  0.2  0.2		4.1705503158		-1.0
	35864.99999997	31.86217		0.92616  0.2  0.2		4.1705503158		-1.0
	35909.99999997	32.44669		0.96117  0.2  0.2		4.1705503158		-1.0
	35954.99999997	32.88167		1.07577  0.2  0.2		4.1705503158		-1.0
	35999.99999997	32.3788		0.4203  0.2  0.2		4.1705503158		-1.0
	36044.99999997	31.80397		0.05758  0.2  0.2		4.1705503158		-1.0
	36089.99999997	31.3531		-2.72873  0.2  0.2		4.1705503158		-1.0
	36134.99999997	31.05727		2.68295  0.2  0.2		4.1705503158		-1.0
	36179.99999997	30.73433		2.95261  0.2  0.2		4.1705503158		-1.0
	36224.99999997	30.21385		-3.05181  0.2  0.2		4.1705503158		-1.0
	36269.99999997	29.54684		-2.80444  0.2  0.2		4.1705503158		-1.0
	36314.99999997	28.8355		-2.28739  0.2  0.2		4.1705503158		-1.0
	36359.99999997	27.98174		-2.00128  0.2  0.2		4.1705503158		-1.0
	36404.99999997	27.20432		-1.49704  0.2  0.2		4.1705503158		-1.0
	36449.99999997	26.15913		-1.20536  0.2  0.2		4.1705503158		-1.0
	36494.99999997	25.3288		-0.67041  0.2  0.2		4.1705503158		-1.0
	36539.99999997	24.23476		-0.30937  0.2  0.2		4.1705503158		-1.0
	36584.99999997	23.45623		0.10834  0.2  0.2		4.1705503158		-1.0
	36629.99999997	22.25229		0.69016  0.2  0.2		4.1705503158		-1.0
	36674.99999997	21.50065		1.44797  0.2  0.2		4.1705503158		-1.0
	36719.99999997	20.30668		2.2875  0.2  0.2		4.1705503158		-1.0
	36764.99999997	19.54702		3.11503  0.2  0.2		4.1705503158		-1.0
	36809.99999997	18.73794		-2.35591  0.2  0.2		4.1705503158		-1.0
	36854.99999997	18.16595		-1.33038  0.2  0.2		4.1705503158		-1.0
	36899.99999997	17.40718		-0.156  0.2  0.2		4.1705503158		-1.0
	36944.99999997	16.61613		1.16805  0.2  0.2		4.1705503158		-1.0
	36989.99999997	15.8982		2.03268  0.2  0.2		4.1705503158		-1.0
	37034.99999997	15.07483		2.64063  0.2  0.2		4.1705503158		-1.0
	37079.99999997	14.44312		-2.72553  0.2  0.2		4.1705503158		-1.0
	37124.99999997	13.76651		-1.92231  0.2  0.2		4.1705503158		-1.0
	37169.99999997	13.38146		-0.76255  0.2  0.2		4.1705503158		-1.0
	37214.99999997	12.77162		-0.04945  0.2  0.2		4.1705503158		-1.0
	37259.99999997	12.16287		-0.48326  0.2  0.2		4.1705503158		-1.0
	37304.99999997	11.22802		-0.78859  0.2  0.2		4.1705503158		-1.0
	37349.99999997	10.15958		-0.55883  0.2  0.2		4.1705503158		-1.0
	37394.99999997	8.94352		-0.69477  0.2  0.2		4.1705503158		-1.0
	37439.99999997	8.23603		-0.43229  0.2  0.2		4.1705503158		-1.0
	37484.99999997	8.02241		-0.93286  0.2  0.2		4.1705503158		-1.0
	37529.99999997	7.74797		-0.55942  0.2  0.2		4.1705503158		-1.0
	37574.99999997	6.83164		-0.60184  0.2  0.2		4.1705503158		-1.0
	37619.99999997	5.88145		-0.2229  0.2  0.2		4.1705503158		-1.0
	37664.99999997	5.33436		-0.17622  0.2  0.2		4.1705503158		-1.0
	37709.99999997	6.33404		-0.12701  0.2  0.2		4.1705503158		-1.0
	37754.99999997	7.88687		-0.26384  0.2  0.2		4.1705503158		-1.0
	37799.99999997	9.70765		-0.25899  0.2  0.2		4.1705503158		-1.0
	37844.99999997	11.3884		-0.15324  0.2  0.2		4.1705503158		-1.0
	37889.99999997	12.69804		-0.31118  0.2  0.2		4.1705503158		-1.0
	37934.99999997	13.65387		-0.83384  0.2  0.2		4.1705503158		-1.0
	37979.99999997	14.6418		-1.75135  0.2  0.2		4.1705503158		-1.0
	38024.99999997	15.31418		-2.09669  0.2  0.2		4.1705503158		-1.0
	38069.99999997	15.94485		-2.20234  0.2  0.2		4.1705503158		-1.0
	38114.99999997	16.34372		-2.63867  0.2  0.2		4.1705503158		-1.0
	38159.99999997	17.1251		-2.97956  0.2  0.2		4.1705503158		-1.0
	38204.99999997	17.49528		2.79125  0.2  0.2		4.1705503158		-1.0
	38249.99999997	18.26484		2.36468  0.2  0.2		4.1705503158		-1.0
	38294.99999997	18.67053		1.8001  0.2  0.2		4.1705503158		-1.0
	38339.99999997	19.63281		1.51489  0.2  0.2		4.1705503158		-1.0
	38384.99999997	20.61593		1.03  0.2  0.2		4.1705503158		-1.0
	38429.99999997	21.72061		0.67848  0.2  0.2		4.1705503158		-1.0
	38474.99999997	22.74197		0.15152  0.2  0.2		4.1705503158		-1.0
	38519.99999997	23.80026		0.01798  0.2  0.2		4.1705503158		-1.0
	38564.99999997	24.75131		-0.48862  0.2  0.2		4.1705503158		-1.0
	38609.99999997	25.84745		-0.3646  0.2  0.2		4.1705503158		-1.0
	38654.99999997	26.70752		-0.98567  0.2  0.2		4.1705503158		-1.0
	38699.99999997	27.62431		-0.19911  0.2  0.2		4.1705503158		-1.0
	38744.99999997	28.67002		0.42409  0.2  0.2		4.1705503158		-1.0
	38789.99999997	29.69603		-0.09337  0.2  0.2		4.1705503158		-1.0
	38834.99999997	30.61832		-0.06582  0.2  0.2		4.1705503158		-1.0
	38879.99999997	31.57379		-0.2851  0.2  0.2		4.1705503158		-1.0
	38924.99999997	32.76638		-0.61448  0.2  0.2		4.1705503158		-1.0
	38969.99999997	32.75459		-2.38367  0.2  0.2		4.1705503158		-1.0
	39014.99999997	32.4865		-2.49379  0.2  0.2		4.1705503158		-1.0
	39059.99999997	31.59881		-2.41425  0.2  0.2		4.1705503158		-1.0
	39104.99999997	30.36635		-2.84268  0.2  0.2		4.1705503158		-1.0
	39149.99999997	29.39254		-3.13184  0.2  0.2		4.1705503158		-1.0
	39194.99999997	28.33005		3.02105  0.2  0.2		4.1705503158		-1.0
	39239.99999997	27.33309		2.15882  0.2  0.2		4.1705503158		-1.0
	39284.99999997	26.4517		1.28962  0.2  0.2		4.1705503158		-1.0
	39329.99999997	26.0746		1.16508  0.2  0.2		4.1705503158		-1.0
	39374.99999997	25.33871		1.31047  0.2  0.2		4.1705503158		-1.0
	39419.99999997	24.89537		1.45657  0.2  0.2		4.1705503158		-1.0
	39464.99999997	24.33644		1.62535  0.2  0.2		4.1705503158		-1.0
	39509.99999997	23.73616		1.8391  0.2  0.2		4.1705503158		-1.0
	39554.99999997	23.0036		1.99562  0.2  0.2		4.1705503158		-1.0
	39599.99999997	22.27536		1.72454  0.2  0.2		4.1705503158		-1.0
	39644.99999997	21.67361		0.81391  0.2  0.2		4.1705503158		-1.0
	39689.99999997	20.95676		-0.18917  0.2  0.2		4.1705503158		-1.0
	39734.99999997	20.29406		-0.90824  0.2  0.2		4.1705503158		-1.0
	39779.99999997	19.2376		-1.12964  0.2  0.2		4.1705503158		-1.0
	39824.99999997	18.38298		-1.47649  0.2  0.2		4.1705503158		-1.0
	39869.99999997	17.53571		-1.85778  0.2  0.2		4.1705503158		-1.0
	39914.99999997	16.67815		-2.29551  0.2  0.2		4.1705503158		-1.0
	39959.99999997	16.02644		-2.50027  0.2  0.2		4.1705503158		-1.0
	40004.99999997	15.23719		-2.81069  0.2  0.2		4.1705503158		-1.0
	40049.99999997	14.23705		-2.95334  0.2  0.2		4.1705503158		-1.0
	40094.99999997	13.31075		3.06069  0.2  0.2		4.1705503158		-1.0
	40139.99999997	12.3079		2.8245  0.2  0.2		4.1705503158		-1.0
	40184.99999997	11.27763		2.63503  0.2  0.2		4.1705503158		-1.0
	40229.99999996	10.12117		2.28134  0.2  0.2		4.1705503158		-1.0
	40274.99999996	9.00045		2.07289  0.2  0.2		4.1705503158		-1.0
	40319.99999996	7.9153		1.71589  0.2  0.2		4.1705503158		-1.0
	40364.99999996	7.94819		1.52439  0.2  0.2		4.1705503158		-1.0
	40409.99999996	9.06654		1.4882  0.2  0.2		4.1705503158		-1.0
	40454.99999996	10.48709		1.27594  0.2  0.2		4.1705503158		-1.0
	40499.99999996	11.79453		1.17981  0.2  0.2		4.1705503158		-1.0
	40544.99999996	13.13994		0.94166  0.2  0.2		4.1705503158		-1.0
	40589.99999996	14.10417		0.88475  0.2  0.2		4.1705503158		-1.0
	40634.99999996	15.28964		0.83727  0.2  0.2		4.1705503158		-1.0
	40679.99999996	16.05885		0.57173  0.2  0.2		4.1705503158		-1.0
	40724.99999996	17.2191		0.2832  0.2  0.2		4.1705503158		-1.0
	40769.99999996	17.65553		0.05181  0.2  0.2		4.1705503158		-1.0
	40814.99999996	18.57191		0.01654  0.2  0.2		4.1705503158		-1.0
	40859.99999996	19.20778		0.1496  0.2  0.2		4.1705503158		-1.0
	40904.99999996	20.31724		0.14959  0.2  0.2		4.1705503158		-1.0
	40949.99999996	21.27251		0.46296  0.2  0.2		4.1705503158		-1.0
	40994.99999996	22.36511		-0.22665  0.2  0.2		4.1705503158		-1.0
	41039.99999996	23.2809		-1.81297  0.2  0.2		4.1705503158		-1.0
	41084.99999996	24.27305		-2.12894  0.2  0.2		4.1705503158		-1.0
	41129.99999996	25.10825		-2.17437  0.2  0.2		4.1705503158		-1.0
	41174.99999996	25.93485		-2.2093  0.2  0.2		4.1705503158		-1.0
	41219.99999996	26.98527		-2.10016  0.2  0.2		4.1705503158		-1.0
	41264.99999996	28.02258		0.48571  0.2  0.2		4.1705503158		-1.0
	41309.99999996	29.43578		0.88276  0.2  0.2		4.1705503158		-1.0
	41354.99999996	29.67098		1.06235  0.2  0.2		4.1705503158		-1.0
	41399.99999996	29.78858		1.91908  0.2  0.2		4.1705503158		-1.0
	41444.99999996	29.96743		2.8228  0.2  0.2		4.1705503158		-1.0
	41489.99999996	30.69077		-2.98743  0.2  0.2		4.1705503158		-1.0
	41534.99999996	31.51217		-2.65358  0.2  0.2		4.1705503158		-1.0
	41579.99999996	31.96412		-2.51912  0.2  0.2		4.1705503158		-1.0
	41624.99999996	32.42919		1.58752  0.2  0.2		4.1705503158		-1.0
	41669.99999996	32.94079		0.87177  0.2  0.2		4.1705503158		-1.0
	41714.99999996	33.12602		-2.88733  0.2  0.2		4.1705503158		-1.0
	41759.99999996	32.55354		-2.68792  0.2  0.2		4.1705503158		-1.0
	41804.99999996	31.34652		-2.25427  0.2  0.2		4.1705503158		-1.0
	41849.99999996	29.84877		-2.50704  0.2  0.2		4.1705503158		-1.0
	41894.99999996	28.74502		-1.80742  0.2  0.2		4.1705503158		-1.0
	41939.99999996	28.47416		-0.72808  0.2  0.2		4.1705503158		-1.0
	41984.99999996	28.65475		0.04406  0.2  0.2		4.1705503158		-1.0
	42029.99999996	29.66957		0.41953  0.2  0.2		4.1705503158		-1.0
	42074.99999996	30.28356		0.00819  0.2  0.2		4.1705503158		-1.0
	42119.99999996	29.87133		-0.38249  0.2  0.2		4.1705503158		-1.0
	42164.99999996	28.83042		-0.55206  0.2  0.2		4.1705503158		-1.0
	42209.99999996	27.63944		-0.09055  0.2  0.2		4.1705503158		-1.0
	42254.99999996	27.85921		0.61732  0.2  0.2		4.1705503158		-1.0
	42299.99999996	28.8734		0.91378  0.2  0.2		4.1705503158		-1.0
	42344.99999996	29.44556		0.50125  0.2  0.2		4.1705503158		-1.0
	42389.99999996	28.70181		-0.51304  0.2  0.2		4.1705503158		-1.0
	42434.99999996	26.9514		-0.39389  0.2  0.2		4.1705503158		-1.0
	42479.99999996	25.46722		-0.12782  0.2  0.2		4.1705503158		-1.0
	42524.99999996	24.5052		0.52651  0.2  0.2		4.1705503158		-1.0
	42569.99999996	24.10138		1.01114  0.2  0.2		4.1705503158		-1.0
	42614.99999996	23.49851		1.25841  0.2  0.2		4.1705503158		-1.0
	42659.99999996	22.41164		0.22628  0.2  0.2		4.1705503158		-1.0
	42704.99999996	21.08682		-0.49435  0.2  0.2		4.1705503158		-1.0
	42749.99999996	19.53919		0.03634  0.2  0.2		4.1705503158		-1.0
	42794.99999996	18.22133		0.78458  0.2  0.2		4.1705503158		-1.0
	42839.99999996	17.25175		1.62589  0.2  0.2		4.1705503158		-1.0
	42884.99999996	16.88531		2.44432  0.2  0.2		4.1705503158		-1.0
	42929.99999996	16.88522		-2.93214  0.2  0.2		4.1705503158		-1.0
	42974.99999996	17.17998		-2.01121  0.2  0.2		4.1705503158		-1.0
	43019.99999996	17.16564		-1.09584  0.2  0.2		4.1705503158		-1.0
	43064.99999996	16.49909		-0.08528  0.2  0.2		4.1705503158		-1.0
	43109.99999996	15.63827		0.53488  0.2  0.2		4.1705503158		-1.0
	43154.99999996	14.47698		0.30624  0.2  0.2		4.1705503158		-1.0
	43199.99999996	13.6067		-0.349  0.2  0.2		4.1705503158		-1.0
	43244.99999996	12.92224		-0.60345  0.2  0.2		4.1705503158		-1.0
	43289.99999996	11.87112		-0.81928  0.2  0.2		4.1705503158		-1.0
	43334.99999996	10.71524		-0.83047  0.2  0.2		4.1705503158		-1.0
	43379.99999996	9.5778		-0.89157  0.2  0.2		4.1705503158		-1.0
	43424.99999996	8.32055		-0.83893  0.2  0.2		4.1705503158		-1.0
	43469.99999996	7.0262		-0.9453  0.2  0.2		4.1705503158		-1.0
	43514.99999996	6.37602		-1.15498  0.2  0.2		4.1705503158		-1.0
	43559.99999996	6.68214		-1.5019  0.2  0.2		4.1705503158		-1.0
	43604.99999996	7.60185		-2.10219  0.2  0.2		4.1705503158		-1.0
	43649.99999996	8.94275		-2.30687  0.2  0.2		4.1705503158		-1.0
	43694.99999996	10.42793		-2.55752  0.2  0.2		4.1705503158		-1.0
	43739.99999996	11.73005		-2.51502  0.2  0.2		4.1705503158		-1.0
	43784.99999996	12.78599		-2.4843  0.2  0.2		4.1705503158		-1.0
	43829.99999996	13.49776		-2.19152  0.2  0.2		4.1705503158		-1.0
	43874.99999996	13.59983		-1.18397  0.2  0.2		4.1705503158		-1.0
	43919.99999996	13.77653		-0.25731  0.2  0.2		4.1705503158		-1.0
	43964.99999996	14.00548		2.07204  0.2  0.2		4.1705503158		-1.0
	44009.99999996	14.23252		-3.06758  0.2  0.2		4.1705503158		-1.0
	44054.99999996	14.76501		2.6534  0.2  0.2		4.1705503158		-1.0
	44099.99999996	15.18687		1.96544  0.2  0.2		4.1705503158		-1.0
	44144.99999996	15.72674		1.0919  0.2  0.2		4.1705503158		-1.0
	44189.99999996	15.75423		0.56085  0.2  0.2		4.1705503158		-1.0
	44234.99999996	16.34667		-0.10499  0.2  0.2		4.1705503158		-1.0
	44279.99999996	15.74902		-0.55458  0.2  0.2		4.1705503158		-1.0
	44324.99999996	15.80081		-1.1243  0.2  0.2		4.1705503158		-1.0
	44369.99999996	15.41859		-1.76195  0.2  0.2		4.1705503158		-1.0
	44414.99999996	15.56566		-1.51009  0.2  0.2		4.1705503158		-1.0
	44459.99999996	15.65532		2.77474  0.2  0.2		4.1705503158		-1.0
	44504.99999996	16.3935		1.68016  0.2  0.2		4.1705503158		-1.0
	44549.99999996	16.76439		0.35791  0.2  0.2		4.1705503158		-1.0
	44594.99999996	17.21468		-0.06421  0.2  0.2		4.1705503158		-1.0
	44639.99999996	17.12842		-1.23633  0.2  0.2		4.1705503158		-1.0
	44684.99999996	16.55018		-1.69508  0.2  0.2		4.1705503158		-1.0
	44729.99999996	16.27087		-3.01339  0.2  0.2		4.1705503158		-1.0
	44774.99999996	16.10653		2.33074  0.2  0.2		4.1705503158		-1.0
	44819.99999996	16.26172		1.43674  0.2  0.2		4.1705503158		-1.0
	44864.99999996	16.41074		0.95803  0.2  0.2		4.1705503158		-1.0
	44909.99999996	16.4108		-2.23868  0.2  0.2		4.1705503158		-1.0
	44954.99999996	16.74569		2.99428  0.2  0.2		4.1705503158		-1.0
	44999.99999996	16.48179		2.3184  0.2  0.2		4.1705503158		-1.0
	45044.99999996	16.77611		1.67694  0.2  0.2		4.1705503158		-1.0
	45089.99999996	16.86114		0.99009  0.2  0.2		4.1705503158		-1.0
	45134.99999996	17.81891		0.30297  0.2  0.2		4.1705503158		-1.0
	45179.99999996	18.25695		-0.46429  0.2  0.2		4.1705503158		-1.0
	45224.99999996	19.21464		-1.37342  0.2  0.2		4.1705503158		-1.0
	45269.99999996	19.58331		-2.78946  0.2  0.2		4.1705503158		-1.0
	45314.99999996	20.25065		2.35389  0.2  0.2		4.1705503158		-1.0
	45359.99999996	20.79175		1.66773  0.2  0.2		4.1705503158		-1.0
	45404.99999996	21.56729		0.87322  0.2  0.2		4.1705503158		-1.0
	45449.99999996	22.16097		-0.22595  0.2  0.2		4.1705503158		-1.0
	45494.99999996	22.39907		-1.82159  0.2  0.2		4.1705503158		-1.0
	45539.99999996	22.65248		-3.04732  0.2  0.2		4.1705503158		-1.0
	45584.99999996	22.67265		2.33299  0.2  0.2		4.1705503158		-1.0
	45629.99999996	22.98751		1.33836  0.2  0.2		4.1705503158		-1.0
	45674.99999996	23.16331		0.27114  0.2  0.2		4.1705503158		-1.0
	45719.99999996	23.54405		-0.83122  0.2  0.2		4.1705503158		-1.0
	45764.99999996	23.41728		1.97768  0.2  0.2		4.1705503158		-1.0
	45809.99999996	23.08775		1.05773  0.2  0.2		4.1705503158		-1.0
	45854.99999996	22.48837		0.15517  0.2  0.2		4.1705503158		-1.0
	45899.99999996	22.40293		-0.92435  0.2  0.2		4.1705503158		-1.0
	45944.99999996	22.53412		-1.67877  0.2  0.2		4.1705503158		-1.0
	45989.99999996	23.03939		-2.15149  0.2  0.2		4.1705503158		-1.0
	46034.99999996	23.41985		-0.36907  0.2  0.2		4.1705503158		-1.0
	46079.99999996	23.68652		-0.53513  0.2  0.2		4.1705503158		-1.0
	46124.99999996	24.36721		-1.38862  0.2  0.2		4.1705503158		-1.0
	46169.99999996	25.22842		-2.00139  0.2  0.2		4.1705503158		-1.0
	46214.99999996	26.54691		-2.57532  0.2  0.2		4.1705503158		-1.0
	46259.99999996	27.60705		-2.84774  0.2  0.2		4.1705503158		-1.0
	46304.99999996	28.8526		-3.01447  0.2  0.2		4.1705503158		-1.0
	46349.99999996	29.41467		-3.03785  0.2  0.2		4.1705503158		-1.0
	46394.99999996	30.05412		2.9723  0.2  0.2		4.1705503158		-1.0
	46439.99999996	29.9029		2.7306  0.2  0.2		4.1705503158		-1.0
	46484.99999996	29.41082		2.27419  0.2  0.2		4.1705503158		-1.0
	46529.99999996	28.47877		1.59592  0.2  0.2		4.1705503158		-1.0
	46574.99999996	28.00059		0.72919  0.2  0.2		4.1705503158		-1.0
	46619.99999996	28.17969		-0.14751  0.2  0.2		4.1705503158		-1.0
	46664.99999996	28.57487		-0.78177  0.2  0.2		4.1705503158		-1.0
	46709.99999996	28.7132		-1.36376  0.2  0.2		4.1705503158		-1.0
	46754.99999995	29.10432		-2.00632  0.2  0.2		4.1705503158		-1.0
	46799.99999995	29.53505		-2.6284  0.2  0.2		4.1705503158		-1.0
	46844.99999995	30.02281		-1.34522  0.2  0.2		4.1705503158		-1.0
	46889.99999995	30.64084		-0.26936  0.2  0.2		4.1705503158		-1.0
	46934.99999995	31.04983		-0.89106  0.2  0.2		4.1705503158		-1.0
	46979.99999995	31.50482		1.56743  0.2  0.2		4.1705503158		-1.0
	47024.99999995	31.11947		1.76391  0.2  0.2		4.1705503158		-1.0
	47069.99999995	30.60792		1.90484  0.2  0.2		4.1705503158		-1.0
	47114.99999995	30.44364		-2.38376  0.2  0.2		4.1705503158		-1.0
	47159.99999995	30.75933		-0.99699  0.2  0.2		4.1705503158		-1.0
	47204.99999995	31.00073		0.17962  0.2  0.2		4.1705503158		-1.0
	47249.99999995	31.96087		0.51199  0.2  0.2		4.1705503158		-1.0
	47294.99999995	32.47801		1.68832  0.2  0.2		4.1705503158		-1.0
	47339.99999995	33.36162		2.13364  0.2  0.2		4.1705503158		-1.0
	47384.99999995	33.7284		2.71496  0.2  0.2		4.1705503158		-1.0
	47429.99999995	34.17702		2.80735  0.2  0.2		4.1705503158		-1.0
	47474.99999995	34.32108		-2.73334  0.2  0.2		4.1705503158		-1.0
	47519.99999995	34.95572		-2.24823  0.2  0.2		4.1705503158		-1.0
	47564.99999995	34.77597		2.04733  0.2  0.2		4.1705503158		-1.0
	47609.99999995	35.4748		2.16698  0.2  0.2		4.1705503158		-1.0
	47654.99999995	34.85445		2.33607  0.2  0.2		4.1705503158		-1.0
	47699.99999995	34.25513		2.62757  0.2  0.2		4.1705503158		-1.0
	47744.99999995	33.90685		2.54018  0.2  0.2		4.1705503158		-1.0
	47789.99999995	33.42241		-2.54392  0.2  0.2		4.1705503158		-1.0
	47834.99999995	33.83902		-2.41437  0.2  0.2		4.1705503158		-1.0
	47879.99999995	34.28284		-2.41478  0.2  0.2		4.1705503158		-1.0
	47924.99999995	35.27177		-1.92117  0.2  0.2		4.1705503158		-1.0
	47969.99999995	35.22822		-1.88197  0.2  0.2		4.1705503158		-1.0
	48014.99999995	34.53631		0.66912  0.2  0.2		4.1705503158		-1.0
	48059.99999995	33.57591		0.67768  0.2  0.2		4.1705503158		-1.0
	48104.99999995	32.93139		0.36556  0.2  0.2		4.1705503158		-1.0
	48149.99999995	32.28334		-0.02385  0.2  0.2		4.1705503158		-1.0
	48194.99999995	32.66182		-0.64286  0.2  0.2		4.1705503158		-1.0
	48239.99999995	32.59366		-1.29378  0.2  0.2		4.1705503158		-1.0
	48284.99999995	32.29427		-1.78898  0.2  0.2		4.1705503158		-1.0
	48329.99999995	31.6898		0.93619  0.2  0.2		4.1705503158		-1.0
	48374.99999995	30.92249		1.68523  0.2  0.2		4.1705503158		-1.0
	48419.99999995	29.73221		2.25796  0.2  0.2		4.1705503158		-1.0
	48464.99999995	28.55886		2.81993  0.2  0.2		4.1705503158		-1.0
	48509.99999995	27.73724		-2.77199  0.2  0.2		4.1705503158		-1.0
	48554.99999995	26.88338		2.10568  0.2  0.2		4.1705503158		-1.0
	48599.99999995	26.16441		0.06407  0.2  0.2		4.1705503158		-1.0
	48644.99999995	25.77623		-0.99585  0.2  0.2		4.1705503158		-1.0
	48689.99999995	25.54521		-2.20551  0.2  0.2		4.1705503158		-1.0
	48734.99999995	25.21706		-3.10445  0.2  0.2		4.1705503158		-1.0
	48779.99999995	24.87101		2.43325  0.2  0.2		4.1705503158		-1.0
	48824.99999995	24.16706		1.88564  0.2  0.2		4.1705503158		-1.0
	48869.99999995	23.77827		1.33362  0.2  0.2		4.1705503158		-1.0
	48914.99999995	23.51531		0.95898  0.2  0.2		4.1705503158		-1.0
	48959.99999995	23.94787		0.68425  0.2  0.2		4.1705503158		-1.0
	49004.99999995	25.00559		0.84662  0.2  0.2		4.1705503158		-1.0
	49049.99999995	26.08491		1.10883  0.2  0.2		4.1705503158		-1.0
	49094.99999995	26.57353		1.61696  0.2  0.2		4.1705503158		-1.0
	49139.99999995	26.52277		1.91275  0.2  0.2		4.1705503158		-1.0
	49184.99999995	25.75601		2.04646  0.2  0.2		4.1705503158		-1.0
	49229.99999995	25.05336		1.58847  0.2  0.2		4.1705503158		-1.0
	49274.99999995	25.31372		0.57325  0.2  0.2		4.1705503158		-1.0
	49319.99999995	26.57827		0.265  0.2  0.2		4.1705503158		-1.0
	49364.99999995	28.00123		0.36397  0.2  0.2		4.1705503158		-1.0
	49409.99999995	28.67537		0.63621  0.2  0.2		4.1705503158		-1.0
	49454.99999995	28.20684		1.26145  0.2  0.2		4.1705503158		-1.0
	49499.99999995	27.19623		1.19604  0.2  0.2		4.1705503158		-1.0
	49544.99999995	26.2569		0.62377  0.2  0.2		4.1705503158		-1.0
	49589.99999995	26.75993		-0.5556  0.2  0.2		4.1705503158		-1.0
	49634.99999995	27.76257		-0.86963  0.2  0.2		4.1705503158		-1.0
	49679.99999995	28.15214		-0.51455  0.2  0.2		4.1705503158		-1.0
	49724.99999995	27.29323		-0.19926  0.2  0.2		4.1705503158		-1.0
	49769.99999995	25.39923		-0.30491  0.2  0.2		4.1705503158		-1.0
	49814.99999995	24.00753		-0.78357  0.2  0.2		4.1705503158		-1.0
	49859.99999995	23.39806		-1.46308  0.2  0.2		4.1705503158		-1.0
	49904.99999995	22.78727		-1.65498  0.2  0.2		4.1705503158		-1.0
	49949.99999995	22.35914		-1.18699  0.2  0.2		4.1705503158		-1.0
	49994.99999995	21.67103		-0.35911  0.2  0.2		4.1705503158		-1.0
