	45.00000000	5.26534		1.1458  0.2  0.2		0.0		-1.0
	90.00000000	5.85218		0.91409  0.2  0.2		0.0		-1.0
	135.00000000	5.98567		0.88561  0.2  0.2		0.0		-1.0
	180.00000000	5.66699		0.78111  0.2  0.2		0.0		-1.0
	225.00000000	5.94679		0.66657  0.2  0.2		0.0		-1.0
	270.00000000	5.98777		0.6484  0.2  0.2		0.0		-1.0
	315.00000000	5.50312		0.60592  0.2  0.2		0.0		-1.0
	360.00000000	5.65521		0.47737  0.2  0.2		0.0		-1.0
	405.00000000	5.69213		0.11206  0.2  0.2		0.0		-1.0
	450.00000000	5.82884		-0.28915  0.2  0.2		0.0		-1.0
	495.00000000	5.30354		-0.51603  0.2  0.2		0.0		-1.0
	540.00000000	5.53984		-0.82326  0.2  0.2		0.0		-1.0
	585.00000000	5.95122		-0.88461  0.2  0.2		0.0		-1.0
	630.00000000	6.01314		-1.20784  0.2  0.2		0.9180456669999999		-1.0
	675.00000000	5.81679		-1.61674  0.2  0.2		0.0		-1.0
	720.00000000	5.65845		-1.84788  0.2  0.2		0.0		-1.0
	765.00000000	5.87171		-2.2721  0.2  0.2		0.0		-1.0
	810.00000000	5.74661		-2.28568  0.2  0.2		0.0		-1.0
	855.00000000	5.61448		-2.51158  0.2  0.2		0.0		-1.0
	900.00000000	5.81399		-2.50003  0.2  0.2		0.0		-1.0
	945.00000000	5.90908		-2.74056  0.2  0.2		0.0		-1.0
	990.00000000	5.9982		-2.76288  0.2  0.2		0.0		-1.0
	1035.00000000	5.91105		-2.94061  0.2  0.2		0.0		-1.0
	1080.00000000	5.92884		-2.88407  0.2  0.2		0.0		-1.0
	1125.00000000	5.64057		-3.04261  0.2  0.2		0.0		-1.0
	1170.00000000	5.63471		-2.88568  0.2  0.2		0.0		-1.0
	1215.00000000	5.93043		-3.13072  0.2  0.2		0.0		-1.0
	1260.00000000	5.94673		3.12637  0.2  0.2		0.0		-1.0
	1305.00000000	5.98517		2.84658  0.2  0.2		0.0		-1.0
	1350.00000000	5.81275		2.90321  0.2  0.2		0.0		-1.0
	1395.00000000	5.77908		2.68685  0.2  0.2		0.0		-1.0
	1440.00000000	5.63278		2.6489  0.2  0.2		0.0		-1.0
	1485.00000000	5.99801		2.30432  0.2  0.2		0.0		-1.0
	1530.00000000	6.01079		2.39535  0.2  0.2		0.6032871526		-1.0
	1575.00000000	5.43223		2.01209  0.2  0.2		0.0		-1.0
	1620.00000000	5.29942		2.00077  0.2  0.2		0.0		-1.0
	1665.00000000	5.31988		1.66658  0.2  0.2		0.0		-1.0
	1710.00000000	5.9194		1.65874  0.2  0.2		0.0		-1.0
	1755.00000000	5.74155		1.55831  0.2  0.2		0.0		-1.0
	1800.00000000	5.99519		1.4312  0.2  0.2		0.0		-1.0
	1845.00000000	5.94124		1.2399  0.2  0.2		0.0		-1.0
	1890.00000000	5.8555		0.91366  0.2  0.2		0.0		-1.0
	1935.00000000	5.52264		0.48144  0.2  0.2		0.0		-1.0
	1980.00000000	5.45773		0.3613  0.2  0.2		0.0		-1.0
	2025.00000000	4.94997		-0.08514  0.2  0.2		0.0		-1.0
	2070.00000000	5.75978		-0.50756  0.2  0.2		0.0		-1.0
	2115.00000000	5.6643		-0.9284  0.2  0.2		0.0		-1.0
	2160.00000000	5.85294		-1.33766  0.2  0.2		0.0		-1.0
	2205.00000000	5.52687		-1.89195  0.2  0.2		0.0		-1.0
	2250.00000000	5.9806		-2.18163  0.2  0.2		0.0		-1.0
	2295.00000000	5.83827		-2.40115  0.2  0.2		0.0		-1.0
	2340.00000000	5.91526		-2.26368  0.2  0.2		0.0		-1.0
	2385.00000000	5.86421		-2.3248  0.2  0.2		0.0		-1.0
	2430.00000000	5.83618		-2.44879  0.2  0.2		0.0		-1.0
	2475.00000000	5.66764		-2.64972  0.2  0.2		0.0		-1.0
	2520.00000000	5.84063		-2.79459  0.2  0.2		0.0		-1.0
	2565.00000000	5.90145		-2.97498  0.2  0.2		0.0		-1.0
	2610.00000000	5.75301		-2.86339  0.2  0.2		0.0		-1.0
	2655.00000000	5.71749		-3.02308  0.2  0.2		0.0		-1.0
	2700.00000000	5.99287		-3.04415  0.2  0.2		0.0		-1.0
	2745.00000000	5.65066		-2.96433  0.2  0.2		0.0		-1.0
	2790.00000000	5.91908		-3.08608  0.2  0.2		0.0		-1.0
	2835.00000000	6.02113		-2.79429  0.2  0.2		2.3344589817999997		-1.0
	2880.00000000	5.51898		-2.77247  0.2  0.2		0.0		-1.0
	2925.00000000	5.62461		-2.68633  0.2  0.2		0.0		-1.0
	2970.00000000	5.88144		-2.67192  0.2  0.2		0.0		-1.0
	3015.00000000	5.7783		-2.58052  0.2  0.2		0.0		-1.0
	3060.00000000	5.7714		-2.55772  0.2  0.2		0.0		-1.0
	3105.00000000	5.87309		-2.59713  0.2  0.2		0.0		-1.0
	3150.00000000	6.00217		-2.21587  0.2  0.2		0.026229876200000002		-1.0
	3195.00000000	6.03173		-2.50248  0.2  0.2		5.2722051162		-1.0
	3240.00000000	5.83164		-2.32933  0.2  0.2		0.0		-1.0
	3285.00000000	5.8763		-2.55366  0.2  0.2		0.0		-1.0
	3330.00000000	5.917		-2.24806  0.2  0.2		0.0		-1.0
	3375.00000000	6.01037		-2.34461  0.2  0.2		0.5508274002		-1.0
	3420.00000000	5.93819		-2.09345  0.2  0.2		0.0		-1.0
	3465.00000000	6.03249		-1.92091  0.2  0.2		5.5345038782		-1.0
	3510.00000000	5.82242		-1.7645  0.2  0.2		0.0		-1.0
	3555.00000000	5.74751		-1.53444  0.2  0.2		0.0		-1.0
	3600.00000000	6.00741		-1.48093  0.2  0.2		0.2885286382		-1.0
	3645.00000000	5.94248		-1.21512  0.2  0.2		0.0		-1.0
	3690.00000000	5.95313		-1.38405  0.2  0.2		0.0		-1.0
	3735.00000000	5.97584		-1.4241  0.2  0.2		0.0		-1.0
	3780.00000000	5.84052		-1.443  0.2  0.2		0.0		-1.0
	3825.00000000	5.95622		-1.50606  0.2  0.2		0.0		-1.0
	3870.00000000	5.94908		-1.45263  0.2  0.2		0.0		-1.0
	3915.00000000	5.94875		-1.50189  0.2  0.2		0.0		-1.0
	3960.00000000	5.95898		-1.33264  0.2  0.2		0.0		-1.0
	4005.00000000	5.76652		-0.88853  0.2  0.2		0.0		-1.0
	4050.00000000	5.93299		0.07638  0.2  0.2		0.0		-1.0
	4095.00000000	5.64792		1.23238  0.2  0.2		0.0		-1.0
	4140.00000000	5.87257		1.9955  0.2  0.2		0.0		-1.0
	4185.00000000	5.94317		2.11478  0.2  0.2		0.0		-1.0
	4230.00000000	5.8215		1.79876  0.2  0.2		0.0		-1.0
	4275.00000000	5.98853		1.54896  0.2  0.2		0.0		-1.0
	4320.00000000	5.83345		1.26357  0.2  0.2		0.0		-1.0
	4365.00000000	5.80624		1.27034  0.2  0.2		0.0		-1.0
	4410.00000000	5.73465		1.13854  0.2  0.2		0.0		-1.0
	4455.00000000	5.90309		1.30928  0.2  0.2		0.0		-1.0
	4500.00000000	5.98983		1.35058  0.2  0.2		0.0		-1.0
	4545.00000000	5.54292		1.68439  0.2  0.2		0.0		-1.0
	4590.00000000	5.63412		1.81095  0.2  0.2		0.0		-1.0
	4635.00000000	5.98945		2.20129  0.2  0.2		0.0		-1.0
	4680.00000000	5.41211		2.36297  0.2  0.2		0.0		-1.0
	4725.00000000	5.66854		2.47194  0.2  0.2		0.0		-1.0
	4770.00000000	5.96199		2.23755  0.2  0.2		0.0		-1.0
	4815.00000000	5.80696		2.46687  0.2  0.2		0.0		-1.0
	4860.00000000	5.9139		2.47509  0.2  0.2		0.0		-1.0
	4905.00000000	5.93448		2.82768  0.2  0.2		0.0		-1.0
	4950.00000000	5.83894		-3.09265  0.2  0.2		0.0		-1.0
	4995.00000000	5.92388		-3.03173  0.2  0.2		0.0		-1.0
	5040.00000000	5.74228		-2.20349  0.2  0.2		0.0		-1.0
	5085.00000000	5.9385		-1.70704  0.2  0.2		0.0		-1.0
	5130.00000000	5.77068		-2.21901  0.2  0.2		0.0		-1.0
	5175.00000000	5.96599		3.0135  0.2  0.2		0.0		-1.0
	5220.00000000	5.66633		-2.92918  0.2  0.2		0.0		-1.0
	5265.00000000	5.94263		2.79603  0.2  0.2		0.0		-1.0
	5310.00000000	5.65528		-3.04847  0.2  0.2		0.0		-1.0
	5355.00000000	5.94808		3.01823  0.2  0.2		0.0		-1.0
	5400.00000000	5.6107		3.04962  0.2  0.2		0.0		-1.0
	5445.00000000	5.86648		2.67465  0.2  0.2		0.0		-1.0
	5490.00000000	5.84075		2.71972  0.2  0.2		0.0		-1.0
	5535.00000000	5.7266		3.09665  0.2  0.2		0.0		-1.0
	5580.00000000	5.8324		-3.01183  0.2  0.2		0.0		-1.0
	5625.00000000	5.46814		-2.8896  0.2  0.2		0.0		-1.0
	5670.00000000	5.47695		-2.93338  0.2  0.2		0.0		-1.0
	5715.00000000	5.89487		-3.13679  0.2  0.2		0.0		-1.0
	5760.00000000	5.77186		-3.0995  0.2  0.2		0.0		-1.0
	5805.00000000	5.80868		2.86529  0.2  0.2		0.0		-1.0
	5850.00000000	5.95006		2.68031  0.2  0.2		0.0		-1.0
	5895.00000000	5.76339		2.51775  0.2  0.2		0.0		-1.0
	5940.00000000	5.90771		2.39261  0.2  0.2		0.0		-1.0
	5985.00000000	5.95404		2.22669  0.2  0.2		0.0		-1.0
	6030.00000000	5.90548		2.12483  0.2  0.2		0.0		-1.0
	6075.00000000	5.42365		2.06068  0.2  0.2		0.0		-1.0
	6120.00000000	5.58135		2.2442  0.2  0.2		0.0		-1.0
	6165.00000000	5.90669		1.88934  0.2  0.2		0.0		-1.0
	6210.00000000	5.78838		1.81745  0.2  0.2		0.0		-1.0
	6255.00000000	5.69838		1.61054  0.2  0.2		0.0		-1.0
	6300.00000000	5.88908		1.595  0.2  0.2		0.0		-1.0
	6345.00000000	5.68863		1.47629  0.2  0.2		0.0		-1.0
	6390.00000000	5.80091		1.37612  0.2  0.2		0.0		-1.0
	6435.00000000	5.36553		1.00885  0.2  0.2		0.0		-1.0
	6480.00000000	5.63802		0.85078  0.2  0.2		0.0		-1.0
	6525.00000000	5.89004		0.77265  0.2  0.2		0.0		-1.0
	6570.00000000	6.01316		0.67908  0.2  0.2		0.9180456669999999		-1.0
	6615.00000000	5.51338		0.5542  0.2  0.2		0.0		-1.0
	6660.00000000	5.58563		0.60326  0.2  0.2		0.0		-1.0
	6705.00000000	5.84462		0.49304  0.2  0.2		0.0		-1.0
	6750.00000000	5.95613		0.44296  0.2  0.2		0.0		-1.0
	6795.00000000	5.22487		0.2966  0.2  0.2		0.0		-1.0
	6840.00000000	4.92154		0.1972  0.2  0.2		0.0		-1.0
	6885.00000000	5.82619		0.14441  0.2  0.2		0.0		-1.0
	6930.00000000	5.9522		0.1973  0.2  0.2		0.0		-1.0
	6975.00000000	5.93215		0.14325  0.2  0.2		0.0		-1.0
	7020.00000000	5.58508		0.1939  0.2  0.2		0.0		-1.0
	7065.00000000	5.78508		0.38954  0.2  0.2		0.0		-1.0
	7110.00000000	5.99012		0.72992  0.2  0.2		0.0		-1.0
	7155.00000000	5.97494		0.98597  0.2  0.2		0.0		-1.0
	7200.00000000	5.89672		1.11833  0.2  0.2		0.0		-1.0
	7245.00000000	5.86541		0.98358  0.2  0.2		0.0		-1.0
	7290.00000000	5.68334		1.1115  0.2  0.2		0.0		-1.0
	7335.00000000	5.47623		1.15811  0.2  0.2		0.0		-1.0
	7380.00000000	5.88392		1.31106  0.2  0.2		0.0		-1.0
	7425.00000000	5.95729		1.35425  0.2  0.2		0.0		-1.0
	7470.00000000	5.91859		1.73262  0.2  0.2		0.0		-1.0
	7515.00000000	6.01022		1.76259  0.2  0.2		0.5508274002		-1.0
	7560.00000000	5.74762		2.16051  0.2  0.2		0.0		-1.0
	7605.00000000	5.61736		2.36031  0.2  0.2		0.0		-1.0
	7650.00000000	5.83042		2.80101  0.2  0.2		0.0		-1.0
	7695.00000000	5.554		3.09308  0.2  0.2		0.0		-1.0
	7740.00000000	5.93246		-2.83236  0.2  0.2		0.0		-1.0
	7785.00000000	5.97173		-2.69014  0.2  0.2		0.0		-1.0
	7830.00000000	5.74228		-2.512  0.2  0.2		0.0		-1.0
	7875.00000000	5.9824		-2.29977  0.2  0.2		0.0		-1.0
	7920.00000000	5.7129		-2.33089  0.2  0.2		0.0		-1.0
	7965.00000000	6.01312		-2.57121  0.2  0.2		0.8918157908000001		-1.0
	8010.00000000	5.87875		-2.94627  0.2  0.2		0.0		-1.0
	8055.00000000	5.20523		-3.06559  0.2  0.2		0.0		-1.0
	8100.00000000	5.9041		-2.70521  0.2  0.2		0.0		-1.0
	8145.00000000	5.86802		-1.69303  0.2  0.2		0.0		-1.0
	8190.00000000	5.81206		-1.42722  0.2  0.2		0.0		-1.0
	8235.00000000	6.0475		-1.20627  0.2  0.2		11.8296741662		-1.0
	8280.00000000	5.89716		-1.41286  0.2  0.2		0.0		-1.0
	8325.00000000	5.80557		-1.7207  0.2  0.2		0.0		-1.0
	8370.00000000	5.88271		-2.28313  0.2  0.2		0.0		-1.0
	8415.00000000	5.62967		-2.20196  0.2  0.2		0.0		-1.0
	8460.00000000	5.88396		-2.09565  0.2  0.2		0.0		-1.0
	8505.00000000	5.96894		-0.69943  0.2  0.2		0.0		-1.0
	8550.00000000	5.9647		0.23719  0.2  0.2		0.0		-1.0
	8595.00000000	5.81039		0.21123  0.2  0.2		0.0		-1.0
	8640.00000000	5.99005		-0.4629  0.2  0.2		0.0		-1.0
	8685.00000000	5.8863		-0.89977  0.2  0.2		0.0		-1.0
	8730.00000000	5.96096		-0.8369  0.2  0.2		0.0		-1.0
	8775.00000000	5.9987		-0.33963  0.2  0.2		0.0		-1.0
	8820.00000000	5.77465		0.35574  0.2  0.2		0.0		-1.0
	8865.00000000	5.82435		0.45909  0.2  0.2		0.0		-1.0
	8910.00000000	6.01128		0.81256  0.2  0.2		0.655746905		-1.0
	8955.00000000	5.98002		0.86143  0.2  0.2		0.0		-1.0
	9000.00000000	5.76692		1.00472  0.2  0.2		0.0		-1.0
	9045.00000000	5.98452		1.02737  0.2  0.2		0.0		-1.0
	9090.00000000	5.49738		1.33822  0.2  0.2		0.0		-1.0
	9135.00000000	5.50616		1.35911  0.2  0.2		0.0		-1.0
	9180.00000000	5.78103		1.37868  0.2  0.2		0.0		-1.0
	9225.00000000	5.71573		1.54022  0.2  0.2		0.0		-1.0
	9270.00000000	5.81231		1.72607  0.2  0.2		0.0		-1.0
	9315.00000000	6.01638		2.08556  0.2  0.2		1.4164133148		-1.0
	9360.00000000	5.50001		2.55882  0.2  0.2		0.0		-1.0
	9405.00000000	6.01589		2.68089  0.2  0.2		1.3377236862		-1.0
	9450.00000000	5.77414		2.70128  0.2  0.2		0.0		-1.0
	9495.00000000	6.00001		2.61343  0.2  0.2		0.0		-1.0
	9540.00000000	6.00265		2.45705  0.2  0.2		0.026229876200000002		-1.0
	9585.00000000	5.88047		2.75611  0.2  0.2		0.0		-1.0
	9630.00000000	5.94474		2.66517  0.2  0.2		0.0		-1.0
	9675.00000000	5.55125		-2.90469  0.2  0.2		0.0		-1.0
	9720.00000000	6.02861		-2.6264  0.2  0.2		4.3016996968		-1.0
	9765.00000000	5.97365		-2.18266  0.2  0.2		0.0		-1.0
	9810.00000000	5.95375		-2.10333  0.2  0.2		0.0		-1.0
	9855.00000000	5.86776		-1.81642  0.2  0.2		0.0		-1.0
	9900.00000000	5.68796		-1.99886  0.2  0.2		0.0		-1.0
	9945.00000000	5.71768		-1.93511  0.2  0.2		0.0		-1.0
	9990.00000000	5.9648		-2.19256  0.2  0.2		0.0		-1.0
	10035.00000000	5.99115		-2.33409  0.2  0.2		0.0		-1.0
	10080.00000000	5.74217		-2.59686  0.2  0.2		0.0		-1.0
	10125.00000000	5.92162		-2.59917  0.2  0.2		0.0		-1.0
	10170.00000000	5.74699		-2.98689  0.2  0.2		0.0		-1.0
	10215.00000000	5.76065		-2.86445  0.2  0.2		0.0		-1.0
	10260.00000000	6.01353		2.87535  0.2  0.2		0.9705054193999999		-1.0
	10305.00000000	5.93227		-2.40807  0.2  0.2		0.0		-1.0
	10350.00000000	5.73794		-1.12768  0.2  0.2		0.0		-1.0
	10395.00000000	5.9219		-1.01211  0.2  0.2		0.0		-1.0
	10440.00000000	5.84998		-0.83403  0.2  0.2		0.0		-1.0
	10485.00000000	5.82062		-0.97227  0.2  0.2		0.0		-1.0
	10530.00000000	5.91476		-0.98601  0.2  0.2		0.0		-1.0
	10575.00000000	5.37621		-1.08565  0.2  0.2		0.0		-1.0
	11590.00000001	5.72009		0.34646  0.2  0.2		0.0		-1.0
	11635.00000001	5.76981		0.52926  0.2  0.2		0.0		-1.0
	11680.00000001	5.78466		0.16384  0.2  0.2		0.0		-1.0
	11725.00000001	5.91552		-0.11054  0.2  0.2		0.0		-1.0
	11770.00000001	5.99638		-0.53715  0.2  0.2		0.0		-1.0
	11815.00000001	5.80725		-0.83416  0.2  0.2		0.0		-1.0
	11860.00000001	5.97104		-0.82196  0.2  0.2		0.0		-1.0
	11905.00000001	5.9731		-0.93493  0.2  0.2		0.0		-1.0
	11950.00000001	5.67968		-0.82408  0.2  0.2		0.0		-1.0
	11995.00000001	5.64825		-0.8809  0.2  0.2		0.0		-1.0
	12040.00000001	5.85932		-0.71225  0.2  0.2		0.0		-1.0
	12085.00000001	5.74503		-0.48468  0.2  0.2		0.0		-1.0
	12130.00000001	5.92405		-0.43938  0.2  0.2		0.0		-1.0
	12175.00000001	5.94574		-0.49172  0.2  0.2		0.0		-1.0
	12220.00000001	5.97725		-0.52575  0.2  0.2		0.0		-1.0
	12265.00000001	5.84447		-0.81929  0.2  0.2		0.0		-1.0
	12310.00000001	5.80223		-0.88216  0.2  0.2		0.0		-1.0
	12355.00000001	5.89985		-0.75502  0.2  0.2		0.0		-1.0
	12400.00000001	5.9256		-0.44053  0.2  0.2		0.0		-1.0
	12445.00000001	5.98237		-0.501  0.2  0.2		0.0		-1.0
	12490.00000001	5.80612		-0.50948  0.2  0.2		0.0		-1.0
	12535.00000001	5.39861		-0.66701  0.2  0.2		0.0		-1.0
	12580.00000001	5.53458		-0.85735  0.2  0.2		0.0		-1.0
	12625.00000001	5.8351		-1.01056  0.2  0.2		0.0		-1.0
	12670.00000001	5.90942		-1.02755  0.2  0.2		0.0		-1.0
	12715.00000001	5.70506		-1.0438  0.2  0.2		0.0		-1.0
	12760.00000001	5.95634		-0.99526  0.2  0.2		0.0		-1.0
	12805.00000001	5.86272		-0.98473  0.2  0.2		0.0		-1.0
	12850.00000001	5.577		-0.98737  0.2  0.2		0.0		-1.0
	12895.00000001	5.93083		-0.7474  0.2  0.2		0.0		-1.0
	12940.00000001	5.89587		-0.57362  0.2  0.2		0.0		-1.0
	12985.00000001	5.56485		-0.6233  0.2  0.2		0.0		-1.0
	13030.00000001	5.31617		-0.53624  0.2  0.2		0.0		-1.0
	13075.00000001	5.42517		-0.66094  0.2  0.2		0.0		-1.0
	13120.00000001	5.74253		-0.67637  0.2  0.2		0.0		-1.0
	13165.00000001	5.6402		-0.79818  0.2  0.2		0.0		-1.0
	13210.00000001	5.81895		-0.85303  0.2  0.2		0.0		-1.0
	13255.00000001	5.98982		-1.08534  0.2  0.2		0.0		-1.0
	13300.00000001	5.55298		-1.18358  0.2  0.2		0.0		-1.0
	13345.00000001	5.42228		-1.41889  0.2  0.2		0.0		-1.0
	13390.00000001	5.97381		-1.1092  0.2  0.2		0.0		-1.0
	13435.00000001	5.86339		-1.21982  0.2  0.2		0.0		-1.0
	13480.00000001	5.78242		-1.05861  0.2  0.2		0.0		-1.0
	13525.00000001	5.89616		-1.00652  0.2  0.2		0.0		-1.0
	13570.00000001	5.76462		-0.93389  0.2  0.2		0.0		-1.0
	13615.00000001	5.44609		-0.8419  0.2  0.2		0.0		-1.0
	13660.00000001	5.81834		-0.58324  0.2  0.2		0.0		-1.0
	13705.00000001	6.02208		-0.58932  0.2  0.2		2.5442979914		-1.0
	13750.00000001	5.79524		-0.61303  0.2  0.2		0.0		-1.0
	13795.00000001	5.48531		-0.84509  0.2  0.2		0.0		-1.0
	13840.00000001	5.86012		-0.82709  0.2  0.2		0.0		-1.0
	13885.00000001	5.66035		-0.72382  0.2  0.2		0.0		-1.0
	13930.00000001	5.81596		-0.76745  0.2  0.2		0.0		-1.0
	13975.00000001	5.94312		-1.06918  0.2  0.2		0.0		-1.0
	14020.00000001	5.96166		-1.26387  0.2  0.2		0.0		-1.0
	14065.00000001	5.9635		-0.94066  0.2  0.2		0.0		-1.0
	14110.00000001	5.88587		-0.41769  0.2  0.2		0.0		-1.0
	14155.00000001	5.80114		-0.18811  0.2  0.2		0.0		-1.0
	14200.00000001	5.99043		-0.27314  0.2  0.2		0.0		-1.0
	14245.00000000	5.57612		-0.13211  0.2  0.2		0.0		-1.0
	14290.00000000	5.90102		0.03818  0.2  0.2		0.0		-1.0
	14335.00000000	5.85728		0.13647  0.2  0.2		0.0		-1.0
	14380.00000000	5.84956		0.39172  0.2  0.2		0.0		-1.0
	14425.00000000	5.56804		0.34259  0.2  0.2		0.0		-1.0
	14470.00000000	5.88496		0.59325  0.2  0.2		0.0		-1.0
	14515.00000000	5.71829		0.45239  0.2  0.2		0.0		-1.0
	14560.00000000	6.00691		0.3314  0.2  0.2		0.262298762		-1.0
	14605.00000000	5.93229		0.4585  0.2  0.2		0.0		-1.0
	14650.00000000	5.99279		0.6867  0.2  0.2		0.0		-1.0
	14695.00000000	5.97378		0.66431  0.2  0.2		0.0		-1.0
	14740.00000000	5.90229		0.59717  0.2  0.2		0.0		-1.0
	14785.00000000	5.59856		0.44074  0.2  0.2		0.0		-1.0
	14830.00000000	5.58936		0.42804  0.2  0.2		0.0		-1.0
	14875.00000000	5.78979		0.77913  0.2  0.2		0.0		-1.0
	14920.00000000	5.85765		1.02384  0.2  0.2		0.0		-1.0
	14965.00000000	5.81673		1.34119  0.2  0.2		0.0		-1.0
	15010.00000000	5.63037		1.55368  0.2  0.2		0.0		-1.0
	15055.00000000	5.83064		1.85799  0.2  0.2		0.0		-1.0
	15100.00000000	5.63777		2.03586  0.2  0.2		0.0		-1.0
	15145.00000000	6.00751		2.48955  0.2  0.2		0.2885286382		-1.0
	15190.00000000	6.02605		2.65424  0.2  0.2		3.5672631632000003		-1.0
	15235.00000000	5.43749		-2.89571  0.2  0.2		0.0		-1.0
	15280.00000000	5.62034		-2.32534  0.2  0.2		0.0		-1.0
	15325.00000000	5.93451		-1.5094  0.2  0.2		0.0		-1.0
	15370.00000000	5.89867		-1.45399  0.2  0.2		0.0		-1.0
	15415.00000000	5.35122		-1.18962  0.2  0.2		0.0		-1.0
	15460.00000000	5.14972		-1.34352  0.2  0.2		0.0		-1.0
	15505.00000000	5.7714		-1.27305  0.2  0.2		0.0		-1.0
	15550.00000000	5.97232		-1.36438  0.2  0.2		0.0		-1.0
	15595.00000000	5.8106		-1.29981  0.2  0.2		0.0		-1.0
	15640.00000000	5.94085		-1.26627  0.2  0.2		0.0		-1.0
	15685.00000000	5.3364		-0.99477  0.2  0.2		0.0		-1.0
	15730.00000000	5.85555		-1.07451  0.2  0.2		0.0		-1.0
	15775.00000000	5.85271		-1.14754  0.2  0.2		0.0		-1.0
	15820.00000000	6.0081		-1.27576  0.2  0.2		0.34098839059999997		-1.0
	15865.00000000	5.71721		-1.33734  0.2  0.2		0.0		-1.0
	15910.00000000	5.87196		-1.38227  0.2  0.2		0.0		-1.0
	15955.00000000	5.87094		-1.31908  0.2  0.2		0.0		-1.0
	16000.00000000	5.88454		-1.31496  0.2  0.2		0.0		-1.0
	16045.00000000	5.72977		-1.2185  0.2  0.2		0.0		-1.0
	16090.00000000	5.8758		-1.18426  0.2  0.2		0.0		-1.0
	16135.00000000	5.6462		-1.03265  0.2  0.2		0.0		-1.0
	16180.00000000	5.94857		-0.71818  0.2  0.2		0.0		-1.0
	16225.00000000	5.67766		-0.45223  0.2  0.2		0.0		-1.0
	16270.00000000	6.01366		-0.07961  0.2  0.2		0.9705054193999999		-1.0
	16315.00000000	5.7003		0.15776  0.2  0.2		0.0		-1.0
	16360.00000000	5.56073		0.29102  0.2  0.2		0.0		-1.0
	16405.00000000	5.70017		0.52466  0.2  0.2		0.0		-1.0
	16450.00000000	6.00768		1.00018  0.2  0.2		0.31475851439999997		-1.0
	16495.00000000	5.98484		1.15342  0.2  0.2		0.0		-1.0
	16540.00000000	5.39538		1.41431  0.2  0.2		0.0		-1.0
	16585.00000000	5.99727		1.59706  0.2  0.2		0.0		-1.0
	16630.00000000	5.65075		1.82932  0.2  0.2		0.0		-1.0
	16675.00000000	5.72332		1.92118  0.2  0.2		0.0		-1.0
	16720.00000000	5.74486		1.9796  0.2  0.2		0.0		-1.0
	16765.00000000	5.96884		2.00852  0.2  0.2		0.0		-1.0
	16810.00000000	5.97626		2.23049  0.2  0.2		0.0		-1.0
	16855.00000000	5.79494		2.24424  0.2  0.2		0.0		-1.0
	16900.00000000	5.48733		2.42068  0.2  0.2		0.0		-1.0
	16945.00000000	6.04379		2.23037  0.2  0.2		10.0460425846		-1.0
	16990.00000000	5.74664		2.47711  0.2  0.2		0.0		-1.0
	17035.00000000	5.71195		2.38311  0.2  0.2		0.0		-1.0
	17080.00000000	5.70597		2.38619  0.2  0.2		0.0		-1.0
	17125.00000000	5.41656		2.27307  0.2  0.2		0.0		-1.0
	17170.00000000	5.38733		2.37848  0.2  0.2		0.0		-1.0
	17215.00000000	5.66514		2.40481  0.2  0.2		0.0		-1.0
	17260.00000000	6.01633		2.51496  0.2  0.2		1.3901834385999998		-1.0
	17305.00000000	5.50604		2.49154  0.2  0.2		0.0		-1.0
	17350.00000000	5.89899		2.52467  0.2  0.2		0.0		-1.0
	17395.00000000	5.97655		2.86675  0.2  0.2		0.0		-1.0
	17440.00000000	5.52728		2.6722  0.2  0.2		0.0		-1.0
	17485.00000000	5.49381		2.45361  0.2  0.2		0.0		-1.0
	17530.00000000	5.60609		2.54162  0.2  0.2		0.0		-1.0
	17575.00000000	5.82372		2.3524  0.2  0.2		0.0		-1.0
	17620.00000000	6.03563		1.9452  0.2  0.2		6.6623885548		-1.0
	17665.00000000	5.99165		1.95578  0.2  0.2		0.0		-1.0
	17710.00000000	5.64521		1.82399  0.2  0.2		0.0		-1.0
	17755.00000000	5.87407		1.88766  0.2  0.2		0.0		-1.0
	17800.00000000	5.86857		2.18517  0.2  0.2		0.0		-1.0
	17845.00000000	5.94592		2.31818  0.2  0.2		0.0		-1.0
	17890.00000000	5.94192		2.35395  0.2  0.2		0.0		-1.0
	17935.00000000	5.54118		2.42593  0.2  0.2		0.0		-1.0
	17980.00000000	5.45865		2.67005  0.2  0.2		0.0		-1.0
	18025.00000000	5.82439		2.90734  0.2  0.2		0.0		-1.0
	18070.00000000	5.86512		2.96171  0.2  0.2		0.0		-1.0
	18115.00000000	5.96251		3.10913  0.2  0.2		0.0		-1.0
	18160.00000000	5.7469		3.12485  0.2  0.2		0.0		-1.0
	18205.00000000	5.63509		-3.10918  0.2  0.2		0.0		-1.0
	18250.00000000	5.92424		-3.12178  0.2  0.2		0.0		-1.0
	18295.00000000	5.90224		3.05249  0.2  0.2		0.0		-1.0
	18340.00000000	5.9915		2.87704  0.2  0.2		0.0		-1.0
	18385.00000000	6.0069		2.8477  0.2  0.2		0.262298762		-1.0
	18430.00000000	5.58669		2.74478  0.2  0.2		0.0		-1.0
	18475.00000000	5.87661		2.84332  0.2  0.2		0.0		-1.0
	18520.00000000	5.89397		2.73831  0.2  0.2		0.0		-1.0
	18565.00000000	5.77604		2.59097  0.2  0.2		0.0		-1.0
	18610.00000000	5.76519		2.40298  0.2  0.2		0.0		-1.0
	18655.00000000	5.98469		2.42567  0.2  0.2		0.0		-1.0
	18700.00000000	5.80964		2.4668  0.2  0.2		0.0		-1.0
	18745.00000000	5.9145		2.56689  0.2  0.2		0.0		-1.0
	18790.00000000	5.83741		2.71186  0.2  0.2		0.0		-1.0
	18835.00000000	5.99978		2.91843  0.2  0.2		0.0		-1.0
	18880.00000000	5.92991		2.97586  0.2  0.2		0.0		-1.0
	18925.00000000	5.7619		2.84681  0.2  0.2		0.0		-1.0
	18970.00000000	5.79854		2.50505  0.2  0.2		0.0		-1.0
	19015.00000000	5.73298		0.8194  0.2  0.2		0.0		-1.0
	19060.00000000	5.79614		-0.09455  0.2  0.2		0.0		-1.0
	19105.00000000	6.00481		-0.23069  0.2  0.2		0.131149381		-1.0
	19150.00000000	5.66141		-0.32046  0.2  0.2		0.0		-1.0
	19195.00000000	5.84541		-0.45759  0.2  0.2		0.0		-1.0
	19240.00000000	5.96218		-0.71364  0.2  0.2		0.0		-1.0
	19285.00000000	5.95346		-1.26417  0.2  0.2		0.0		-1.0
	19330.00000000	5.90032		-1.82731  0.2  0.2		0.0		-1.0
	19375.00000000	5.95455		-2.18658  0.2  0.2		0.0		-1.0
	19420.00000000	5.97119		-2.86847  0.2  0.2		0.0		-1.0
	19465.00000000	5.83304		-2.95848  0.2  0.2		0.0		-1.0
	19510.00000000	5.74858		3.06917  0.2  0.2		0.0		-1.0
	19555.00000000	5.61409		-3.14011  0.2  0.2		0.0		-1.0
	19600.00000000	5.62735		2.84594  0.2  0.2		0.0		-1.0
	19645.00000000	5.98561		2.52661  0.2  0.2		0.0		-1.0
	19690.00000000	5.83539		2.33612  0.2  0.2		0.0		-1.0
	19735.00000000	5.4304		2.06693  0.2  0.2		0.0		-1.0
	19780.00000000	5.72118		1.96887  0.2  0.2		0.0		-1.0
	19825.00000000	5.67301		1.70851  0.2  0.2		0.0		-1.0
	19870.00000000	5.99439		1.83763  0.2  0.2		0.0		-1.0
	19915.00000000	5.7548		1.79486  0.2  0.2		0.0		-1.0
	19960.00000000	5.74963		2.09889  0.2  0.2		0.0		-1.0
	20005.00000000	5.76658		2.10985  0.2  0.2		0.0		-1.0
	20050.00000000	5.93931		1.98748  0.2  0.2		0.0		-1.0
	20095.00000000	5.8765		1.82532  0.2  0.2		0.0		-1.0
	20140.00000000	5.84596		1.64304  0.2  0.2		0.0		-1.0
	20185.00000000	6.00859		1.3615  0.2  0.2		0.393448143		-1.0
	20230.00000000	5.80856		1.37078  0.2  0.2		0.0		-1.0
	20275.00000000	5.73285		1.32794  0.2  0.2		0.0		-1.0
	20320.00000000	5.96506		1.56372  0.2  0.2		0.0		-1.0
	20365.00000000	5.60556		1.65452  0.2  0.2		0.0		-1.0
	20410.00000000	5.33463		1.94771  0.2  0.2		0.0		-1.0
	20455.00000000	5.8351		1.78801  0.2  0.2		0.0		-1.0
	20500.00000000	5.86205		2.05057  0.2  0.2		0.0		-1.0
	20545.00000000	5.88669		2.15415  0.2  0.2		0.0		-1.0
	20590.00000000	5.94011		2.45817  0.2  0.2		0.0		-1.0
	20635.00000000	5.7803		2.64046  0.2  0.2		0.0		-1.0
	20680.00000000	5.79922		2.79316  0.2  0.2		0.0		-1.0
	20725.00000000	5.99085		2.52815  0.2  0.2		0.0		-1.0
	20769.99999999	5.85945		2.96931  0.2  0.2		0.0		-1.0
	20814.99999999	5.79809		-2.98998  0.2  0.2		0.0		-1.0
	20859.99999999	6.03668		-2.181  0.2  0.2		7.0558366978		-1.0
	20904.99999999	5.95858		-2.33927  0.2  0.2		0.0		-1.0
	20949.99999999	5.79133		-2.10894  0.2  0.2		0.0		-1.0
	20994.99999999	6.00543		-2.16024  0.2  0.2		0.15737925719999998		-1.0
	21039.99999999	5.96263		-2.27485  0.2  0.2		0.0		-1.0
	21084.99999999	5.91145		-2.43428  0.2  0.2		0.0		-1.0
	21129.99999999	6.01333		-2.52591  0.2  0.2		0.9442755432000001		-1.0
	21174.99999999	5.69645		-2.5586  0.2  0.2		0.0		-1.0
	21219.99999999	5.59012		-2.54722  0.2  0.2		0.0		-1.0
	21264.99999999	5.92457		-2.88887  0.2  0.2		0.0		-1.0
	21309.99999999	5.56819		-3.02906  0.2  0.2		0.0		-1.0
	21354.99999999	5.4498		-3.06233  0.2  0.2		0.0		-1.0
	21399.99999999	5.69782		3.0122  0.2  0.2		0.0		-1.0
	21444.99999999	5.86291		2.87655  0.2  0.2		0.0		-1.0
	21489.99999999	5.9474		2.82874  0.2  0.2		0.0		-1.0
	21534.99999999	5.81603		2.91033  0.2  0.2		0.0		-1.0
	21579.99999999	5.92389		3.13936  0.2  0.2		0.0		-1.0
	21624.99999999	5.68353		-2.97915  0.2  0.2		0.0		-1.0
	21669.99999999	5.88589		-2.72106  0.2  0.2		0.0		-1.0
	21714.99999999	5.94334		-2.49893  0.2  0.2		0.0		-1.0
	21759.99999999	5.90124		-1.60895  0.2  0.2		0.0		-1.0
	21804.99999999	6.01043		-0.72173  0.2  0.2		0.5770572764		-1.0
	21849.99999999	5.97245		-0.96247  0.2  0.2		0.0		-1.0
	21894.99999999	5.5268		-0.55257  0.2  0.2		0.0		-1.0
	21939.99999999	5.96911		-0.4139  0.2  0.2		0.0		-1.0
	21984.99999999	5.92443		0.06753  0.2  0.2		0.0		-1.0
	22029.99999999	5.89067		0.26873  0.2  0.2		0.0		-1.0
	22074.99999999	5.51518		0.66029  0.2  0.2		0.0		-1.0
	22119.99999999	5.84002		0.63467  0.2  0.2		0.0		-1.0
	22164.99999999	5.87398		0.96013  0.2  0.2		0.0		-1.0
	22209.99999999	5.99519		0.99573  0.2  0.2		0.0		-1.0
	22254.99999999	5.44641		1.16475  0.2  0.2		0.0		-1.0
	22299.99999999	5.87467		1.56933  0.2  0.2		0.0		-1.0
	22344.99999999	5.91115		1.82464  0.2  0.2		0.0		-1.0
	22389.99999999	5.46104		2.06821  0.2  0.2		0.0		-1.0
	22434.99999999	5.40929		2.61572  0.2  0.2		0.0		-1.0
	22479.99999999	5.75391		3.09426  0.2  0.2		0.0		-1.0
	22524.99999999	5.77652		-2.66688  0.2  0.2		0.0		-1.0
	22569.99999999	5.95577		-2.28188  0.2  0.2		0.0		-1.0
	22614.99999999	6.00163		-2.07086  0.2  0.2		0.026229876200000002		-1.0
	22659.99999999	5.67255		-1.9063  0.2  0.2		0.0		-1.0
	22704.99999999	5.94864		-1.49201  0.2  0.2		0.0		-1.0
	22749.99999999	5.99699		-1.34123  0.2  0.2		0.0		-1.0
	22794.99999999	5.89633		-1.06508  0.2  0.2		0.0		-1.0
	22839.99999999	5.76106		-0.94682  0.2  0.2		0.0		-1.0
	22884.99999999	5.72232		-0.67833  0.2  0.2		0.0		-1.0
	22929.99999999	5.40994		-0.45127  0.2  0.2		0.0		-1.0
	22974.99999999	5.96555		-0.02624  0.2  0.2		0.0		-1.0
	23019.99999999	6.00886		0.25081  0.2  0.2		0.41967801920000003		-1.0
	23064.99999999	5.60691		0.4653  0.2  0.2		0.0		-1.0
	23109.99999999	5.59754		0.90661  0.2  0.2		0.0		-1.0
	23154.99999999	5.88453		1.19077  0.2  0.2		0.0		-1.0
	23199.99999999	5.98704		1.64061  0.2  0.2		0.0		-1.0
	23244.99999999	5.8542		1.98331  0.2  0.2		0.0		-1.0
	23289.99999999	6.00778		2.50572  0.2  0.2		0.31475851439999997		-1.0
	23334.99999999	5.74219		2.84713  0.2  0.2		0.0		-1.0
	23379.99999999	5.971		-3.07229  0.2  0.2		0.0		-1.0
	23424.99999999	5.95122		-3.01902  0.2  0.2		0.0		-1.0
	23469.99999999	5.90299		3.02943  0.2  0.2		0.0		-1.0
	23514.99999999	5.98185		-3.00641  0.2  0.2		0.0		-1.0
	23559.99999999	5.82719		-3.08878  0.2  0.2		0.0		-1.0
	23604.99999999	5.90271		-3.08397  0.2  0.2		0.0		-1.0
	23649.99999999	5.93671		-2.84955  0.2  0.2		0.0		-1.0
	23694.99999999	5.4859		-2.92938  0.2  0.2		0.0		-1.0
	23739.99999999	5.93639		-2.6841  0.2  0.2		0.0		-1.0
	23784.99999999	5.91437		-2.90796  0.2  0.2		0.0		-1.0
	23829.99999999	5.96611		-3.01072  0.2  0.2		0.0		-1.0
	23874.99999999	5.74465		2.93016  0.2  0.2		0.0		-1.0
	23919.99999999	5.85485		2.78096  0.2  0.2		0.0		-1.0
	23964.99999999	5.90508		2.51407  0.2  0.2		0.0		-1.0
	24009.99999999	5.83927		2.0964  0.2  0.2		0.0		-1.0
	24054.99999999	5.95594		1.63667  0.2  0.2		0.0		-1.0
	24099.99999999	5.9056		1.41684  0.2  0.2		0.0		-1.0
	24144.99999999	5.90979		1.23205  0.2  0.2		0.0		-1.0
	24189.99999999	6.01861		1.0594  0.2  0.2		1.8098614577999999		-1.0
	24234.99999999	5.85129		0.73456  0.2  0.2		0.0		-1.0
	24279.99999999	5.91381		0.53165  0.2  0.2		0.0		-1.0
	24324.99999999	5.83908		0.2451  0.2  0.2		0.0		-1.0
	24369.99999999	5.92493		-0.1248  0.2  0.2		0.0		-1.0
	24414.99999999	5.73916		-0.50179  0.2  0.2		0.0		-1.0
	24459.99999999	6.00271		-0.95192  0.2  0.2		0.026229876200000002		-1.0
	24504.99999999	5.61961		-1.01553  0.2  0.2		0.0		-1.0
	24549.99999999	5.99559		-1.12263  0.2  0.2		0.0		-1.0
	24594.99999999	5.81827		-1.24894  0.2  0.2		0.0		-1.0
	24639.99999999	5.95379		-1.4246  0.2  0.2		0.0		-1.0
	24684.99999999	5.87507		-1.4513  0.2  0.2		0.0		-1.0
	24729.99999999	5.96912		-1.30421  0.2  0.2		0.0		-1.0
	24774.99999999	5.75556		-1.22511  0.2  0.2		0.0		-1.0
	24819.99999999	5.87258		-1.06115  0.2  0.2		0.0		-1.0
	24864.99999999	6.02632		-1.38855  0.2  0.2		3.6459527917999996		-1.0
	24909.99999999	5.89088		-1.66352  0.2  0.2		0.0		-1.0
	24954.99999999	5.88956		-2.11916  0.2  0.2		0.0		-1.0
	24999.99999999	5.99877		-2.30647  0.2  0.2		0.0		-1.0
	25044.99999999	5.73985		-2.51553  0.2  0.2		0.0		-1.0
	25089.99999999	5.71532		-2.6675  0.2  0.2		0.0		-1.0
	25134.99999999	5.75898		-2.72319  0.2  0.2		0.0		-1.0
	25179.99999999	5.81677		-2.9741  0.2  0.2		0.0		-1.0
	25224.99999999	5.79222		2.96966  0.2  0.2		0.0		-1.0
	25269.99999999	5.9753		2.68249  0.2  0.2		0.0		-1.0
	25314.99999999	5.8184		2.56383  0.2  0.2		0.0		-1.0
	25359.99999999	5.31276		2.09422  0.2  0.2		0.0		-1.0
	25404.99999999	5.55127		2.10463  0.2  0.2		0.0		-1.0
	25449.99999999	5.9537		1.79418  0.2  0.2		0.0		-1.0
	25494.99999999	5.70536		1.5582  0.2  0.2		0.0		-1.0
	25539.99999999	5.54386		1.28688  0.2  0.2		0.0		-1.0
	25584.99999999	5.83367		1.02936  0.2  0.2		0.0		-1.0
	25629.99999999	5.67764		0.77724  0.2  0.2		0.0		-1.0
	25674.99999999	6.02334		0.70793  0.2  0.2		2.8590565058		-1.0
	25719.99999999	5.85714		0.53934  0.2  0.2		0.0		-1.0
	25764.99999999	6.03262		0.46836  0.2  0.2		5.5869636306		-1.0
	25809.99999999	5.59495		0.07506  0.2  0.2		0.0		-1.0
	25854.99999999	5.96343		0.16085  0.2  0.2		0.0		-1.0
	25899.99999999	5.8801		-0.03802  0.2  0.2		0.0		-1.0
	25944.99999999	5.96048		-0.00817  0.2  0.2		0.0		-1.0
	25989.99999999	5.73876		-0.03119  0.2  0.2		0.0		-1.0
	26034.99999999	5.58006		0.06994  0.2  0.2		0.0		-1.0
	26079.99999999	5.85349		0.09495  0.2  0.2		0.0		-1.0
	26124.99999999	5.97365		-0.02752  0.2  0.2		0.0		-1.0
	26169.99999999	5.74783		-0.24824  0.2  0.2		0.0		-1.0
	26214.99999999	5.95408		-0.27368  0.2  0.2		0.0		-1.0
	26259.99999999	5.91971		-0.35923  0.2  0.2		0.0		-1.0
	26304.99999999	5.89898		-0.38683  0.2  0.2		0.0		-1.0
	26349.99999999	6.03116		-0.27851  0.2  0.2		5.0885959828		-1.0
	26394.99999999	5.86874		0.17376  0.2  0.2		0.0		-1.0
	26439.99999999	5.98764		0.94771  0.2  0.2		0.0		-1.0
	26484.99999999	6.04289		1.56605  0.2  0.2		9.6525944416		-1.0
	26529.99999999	5.45199		1.52062  0.2  0.2		0.0		-1.0
	26574.99999999	5.81543		1.25115  0.2  0.2		0.0		-1.0
	26619.99999999	5.98297		-2.53884  0.2  0.2		0.0		-1.0
	26664.99999999	5.80322		-1.47559  0.2  0.2		0.0		-1.0
	26709.99999999	5.91213		-2.18403  0.2  0.2		0.0		-1.0
	26754.99999999	6.01055		-2.32629  0.2  0.2		0.5770572764		-1.0
	26799.99999999	5.99759		3.13344  0.2  0.2		0.0		-1.0
	26844.99999999	5.9109		2.82928  0.2  0.2		0.0		-1.0
	26889.99999999	5.84913		2.57019  0.2  0.2		0.0		-1.0
	26934.99999999	5.82742		2.47894  0.2  0.2		0.0		-1.0
	26979.99999999	5.87722		2.57555  0.2  0.2		0.0		-1.0
	27024.99999999	5.76045		2.68779  0.2  0.2		0.0		-1.0
	27069.99999999	5.91806		2.70601  0.2  0.2		0.0		-1.0
	27114.99999999	5.86584		2.43995  0.2  0.2		0.0		-1.0
	27159.99999999	5.89096		2.3831  0.2  0.2		0.0		-1.0
	27204.99999999	5.83372		2.15468  0.2  0.2		0.0		-1.0
	27249.99999998	5.87444		2.21398  0.2  0.2		0.0		-1.0
	27294.99999998	5.29084		2.20854  0.2  0.2		0.0		-1.0
	27339.99999998	5.71384		2.41531  0.2  0.2		0.0		-1.0
	27384.99999998	5.79589		2.18962  0.2  0.2		0.0		-1.0
	27429.99999998	5.6467		2.20112  0.2  0.2		0.0		-1.0
	27474.99999998	5.78539		1.72774  0.2  0.2		0.0		-1.0
	27519.99999998	5.73019		1.76862  0.2  0.2		0.0		-1.0
	27564.99999998	5.40434		1.34707  0.2  0.2		0.0		-1.0
	27609.99999998	5.91183		1.46599  0.2  0.2		0.0		-1.0
	27654.99999998	5.80113		1.306  0.2  0.2		0.0		-1.0
	27699.99999998	5.58776		1.50609  0.2  0.2		0.0		-1.0
	27744.99999998	5.98873		1.16091  0.2  0.2		0.0		-1.0
	27789.99999998	5.46059		1.18387  0.2  0.2		0.0		-1.0
	27834.99999998	5.59935		0.81152  0.2  0.2		0.0		-1.0
	27879.99999998	5.92999		0.71845  0.2  0.2		0.0		-1.0
	27924.99999998	5.69373		0.50509  0.2  0.2		0.0		-1.0
	27969.99999998	5.47848		0.49339  0.2  0.2		0.0		-1.0
	28014.99999998	6.02617		0.41909  0.2  0.2		3.5934930393999998		-1.0
	28059.99999998	5.29165		0.65581  0.2  0.2		0.0		-1.0
	28104.99999998	5.33715		0.55075  0.2  0.2		0.0		-1.0
