	45.00000000	2.88711		0.04308  0.2  0.2		4.1705503158		-1.0
	90.00000000	2.85658		0.41921  0.2  0.2		4.1705503158		-1.0
	135.00000000	2.96111		0.41719  0.2  0.2		4.1705503158		-1.0
	180.00000000	3.00383		0.91451  0.2  0.2		4.1705503158		-1.0
	225.00000000	2.87028		1.27752  0.2  0.2		4.1705503158		-1.0
	270.00000000	2.89975		1.32319  0.2  0.2		4.1705503158		-1.0
	315.00000000	2.90203		1.79303  0.2  0.2		4.1705503158		-1.0
	360.00000000	2.9145		2.04091  0.2  0.2		4.1705503158		-1.0
	405.00000000	2.88026		2.35415  0.2  0.2		4.1705503158		-1.0
	450.00000000	2.967		2.72894  0.2  0.2		4.1705503158		-1.0
	495.00000000	2.92922		2.95187  0.2  0.2		4.1705503158		-1.0
	540.00000000	2.89242		3.12823  0.2  0.2		4.1705503158		-1.0
	585.00000000	2.91345		-3.09682  0.2  0.2		4.1705503158		-1.0
	630.00000000	2.89628		-2.67983  0.2  0.2		4.1705503158		-1.0
	675.00000000	2.8773		-2.45447  0.2  0.2		4.1705503158		-1.0
	720.00000000	2.91385		-1.91896  0.2  0.2		4.1705503158		-1.0
	765.00000000	2.88127		-1.66072  0.2  0.2		4.1705503158		-1.0
	810.00000000	2.98165		-0.88885  0.2  0.2		4.1705503158		-1.0
	855.00000000	2.89083		-0.42103  0.2  0.2		4.1705503158		-1.0
	900.00000000	2.90648		0.25097  0.2  0.2		4.1705503158		-1.0
	945.00000000	2.92991		0.83747  0.2  0.2		4.1705503158		-1.0
	990.00000000	2.95461		1.15036  0.2  0.2		4.1705503158		-1.0
	1035.00000000	3.00735		1.46036  0.2  0.2		4.1705503158		-1.0
	1080.00000000	2.8836		1.67221  0.2  0.2		4.1705503158		-1.0
	1125.00000000	2.87501		2.11021  0.2  0.2		4.1705503158		-1.0
	1170.00000000	2.84434		2.43807  0.2  0.2		4.1705503158		-1.0
	1215.00000000	2.97115		2.80011  0.2  0.2		4.1705503158		-1.0
	1260.00000000	2.93623		-2.98706  0.2  0.2		4.1705503158		-1.0
	1305.00000000	2.99605		-2.68931  0.2  0.2		4.1705503158		-1.0
	1350.00000000	2.88253		-2.32558  0.2  0.2		4.1705503158		-1.0
	1395.00000000	2.96896		-2.08861  0.2  0.2		4.1705503158		-1.0
	1440.00000000	2.91013		-1.72256  0.2  0.2		4.1705503158		-1.0
	1485.00000000	2.91434		-1.3377  0.2  0.2		4.1705503158		-1.0
	1530.00000000	2.97212		-1.34743  0.2  0.2		4.1705503158		-1.0
	1575.00000000	3.01676		-0.53975  0.2  0.2		4.1705503158		-1.0
	1620.00000000	2.88281		-0.13704  0.2  0.2		4.1705503158		-1.0
	1665.00000000	2.779		0.90609  0.2  0.2		4.1705503158		-1.0
	1710.00000000	2.84373		0.97358  0.2  0.2		4.1705503158		-1.0
	1755.00000000	2.90717		1.13106  0.2  0.2		4.1705503158		-1.0
	1800.00000000	2.99907		1.6078  0.2  0.2		4.1705503158		-1.0
	1845.00000000	2.90203		1.77473  0.2  0.2		4.1705503158		-1.0
	1890.00000000	2.92533		2.27465  0.2  0.2		4.1705503158		-1.0
	1935.00000000	2.9708		2.68458  0.2  0.2		4.1705503158		-1.0
	1980.00000000	3.10944		3.10178  0.2  0.2		4.1705503158		-1.0
	2025.00000000	2.96849		-2.69925  0.2  0.2		4.1705503158		-1.0
	2070.00000000	2.88994		-2.17105  0.2  0.2		4.1705503158		-1.0
	2115.00000000	2.82728		-1.91819  0.2  0.2		4.1705503158		-1.0
	2160.00000000	2.83986		-1.32565  0.2  0.2		4.1705503158		-1.0
	2205.00000000	2.93434		-1.08561  0.2  0.2		4.1705503158		-1.0
	2250.00000000	3.00016		-0.58633  0.2  0.2		4.1705503158		-1.0
	2295.00000000	3.04094		-0.03468  0.2  0.2		4.1705503158		-1.0
	2340.00000000	2.88712		0.5228  0.2  0.2		4.1705503158		-1.0
	2385.00000000	2.90161		0.79147  0.2  0.2		4.1705503158		-1.0
	2430.00000000	2.92364		0.43713  0.2  0.2		4.1705503158		-1.0
	2475.00000000	2.83826		0.00588  0.2  0.2		4.1705503158		-1.0
	2520.00000000	2.78472		0.00192  0.2  0.2		4.1705503158		-1.0
	2565.00000000	2.91219		-0.10792  0.2  0.2		4.1705503158		-1.0
	2610.00000000	2.88929		-0.70017  0.2  0.2		4.1705503158		-1.0
	2655.00000000	2.96828		-0.86403  0.2  0.2		4.1705503158		-1.0
	2700.00000000	2.83674		-0.55115  0.2  0.2		4.1705503158		-1.0
	2745.00000000	2.83232		-0.24885  0.2  0.2		4.1705503158		-1.0
	2790.00000000	2.96634		-0.40614  0.2  0.2		4.1705503158		-1.0
	2835.00000000	3.09996		-0.21039  0.2  0.2		4.1705503158		-1.0
	2880.00000000	3.15885		0.33028  0.2  0.2		4.1705503158		-1.0
	2925.00000000	2.96304		0.55711  0.2  0.2		4.1705503158		-1.0
	2970.00000000	3.05797		0.89473  0.2  0.2		4.1705503158		-1.0
	3015.00000000	2.89188		1.57864  0.2  0.2		4.1705503158		-1.0
	3060.00000000	2.82577		1.83921  0.2  0.2		4.1705503158		-1.0
	3105.00000000	2.81718		2.13952  0.2  0.2		4.1705503158		-1.0
	3150.00000000	2.7802		2.58555  0.2  0.2		4.1705503158		-1.0
	3195.00000000	2.77787		2.87216  0.2  0.2		4.1705503158		-1.0
	3240.00000000	2.77164		-2.95086  0.2  0.2		4.1705503158		-1.0
	3285.00000000	2.81076		-2.45372  0.2  0.2		4.1705503158		-1.0
	3330.00000000	2.83022		-2.14346  0.2  0.2		4.1705503158		-1.0
	3375.00000000	2.84409		-1.79971  0.2  0.2		4.1705503158		-1.0
	3420.00000000	2.8861		-1.64323  0.2  0.2		4.1705503158		-1.0
	3465.00000000	2.9228		-1.42142  0.2  0.2		4.1705503158		-1.0
	3510.00000000	2.98765		-1.45993  0.2  0.2		4.1705503158		-1.0
	3555.00000000	2.98261		-0.92736  0.2  0.2		4.1705503158		-1.0
	3600.00000000	3.00673		-1.03359  0.2  0.2		4.1705503158		-1.0
	3645.00000000	2.85819		-0.69217  0.2  0.2		4.1705503158		-1.0
	3690.00000000	2.80726		0.02063  0.2  0.2		4.1705503158		-1.0
	3735.00000000	2.85669		0.38036  0.2  0.2		4.1705503158		-1.0
	3780.00000000	2.99663		1.2292  0.2  0.2		4.1705503158		-1.0
	3825.00000000	2.88398		1.46764  0.2  0.2		4.1705503158		-1.0
	3870.00000000	3.03337		1.90345  0.2  0.2		4.1705503158		-1.0
	3915.00000000	2.96906		2.38275  0.2  0.2		4.1705503158		-1.0
	3960.00000000	3.10588		2.66649  0.2  0.2		4.1705503158		-1.0
	4005.00000000	2.99927		3.03835  0.2  0.2		4.1705503158		-1.0
	4050.00000000	2.92734		-3.01142  0.2  0.2		4.1705503158		-1.0
	4095.00000000	2.8937		-2.66713  0.2  0.2		4.1705503158		-1.0
	4140.00000000	2.78347		-2.4738  0.2  0.2		4.1705503158		-1.0
	4185.00000000	2.96372		-2.08805  0.2  0.2		4.1705503158		-1.0
	4230.00000000	3.15881		-1.81741  0.2  0.2		4.1705503158		-1.0
	4275.00000000	2.97763		-1.43709  0.2  0.2		4.1705503158		-1.0
	4320.00000000	2.86146		-1.11255  0.2  0.2		4.1705503158		-1.0
	4365.00000000	2.7282		-0.94692  0.2  0.2		4.1705503158		-1.0
	4410.00000000	2.99223		0.09089  0.2  0.2		4.1705503158		-1.0
	4455.00000000	2.86947		0.60347  0.2  0.2		4.1705503158		-1.0
	4500.00000000	3.08344		1.13113  0.2  0.2		4.1705503158		-1.0
	4545.00000000	2.78511		1.60475  0.2  0.2		4.1705503158		-1.0
	4590.00000000	3.02159		1.85777  0.2  0.2		4.1705503158		-1.0
	4635.00000000	3.1152		2.16209  0.2  0.2		4.1705503158		-1.0
	4680.00000000	3.12293		2.50913  0.2  0.2		4.1705503158		-1.0
	4725.00000000	2.99084		2.72733  0.2  0.2		4.1705503158		-1.0
	4770.00000000	3.1396		-3.04842  0.2  0.2		4.1705503158		-1.0
	4815.00000000	2.95926		-2.66681  0.2  0.2		4.1705503158		-1.0
	4860.00000000	2.9474		-2.08324  0.2  0.2		4.1705503158		-1.0
	4905.00000000	2.9937		-2.07533  0.2  0.2		4.1705503158		-1.0
	4950.00000000	2.99791		-1.47435  0.2  0.2		4.1705503158		-1.0
	4995.00000000	2.78039		-0.7622  0.2  0.2		4.1705503158		-1.0
	5040.00000000	3.05846		-0.18612  0.2  0.2		4.1705503158		-1.0
	5085.00000000	2.87257		0.88646  0.2  0.2		4.1705503158		-1.0
	5130.00000000	3.02884		0.99698  0.2  0.2		4.1705503158		-1.0
	5175.00000000	2.99717		1.37201  0.2  0.2		4.1705503158		-1.0
	5220.00000000	2.87206		1.55322  0.2  0.2		4.1705503158		-1.0
	5265.00000000	3.17616		1.71926  0.2  0.2		4.1705503158		-1.0
	5310.00000000	2.92468		2.00974  0.2  0.2		4.1705503158		-1.0
	5355.00000000	2.86704		2.52219  0.2  0.2		4.1705503158		-1.0
	5400.00000000	2.90218		2.73844  0.2  0.2		4.1705503158		-1.0
	5445.00000000	3.02117		3.04923  0.2  0.2		4.1705503158		-1.0
	5490.00000000	2.77224		-2.82808  0.2  0.2		4.1705503158		-1.0
	5535.00000000	2.90779		-2.52212  0.2  0.2		4.1705503158		-1.0
	5580.00000000	3.15123		-2.1956  0.2  0.2		4.1705503158		-1.0
	5625.00000000	3.16493		-2.10232  0.2  0.2		4.1705503158		-1.0
	5670.00000000	2.91556		-1.68566  0.2  0.2		4.1705503158		-1.0
	5715.00000000	3.00961		-1.75064  0.2  0.2		4.1705503158		-1.0
	5760.00000000	2.86774		-1.69728  0.2  0.2		4.1705503158		-1.0
	5805.00000000	3.01054		-1.61355  0.2  0.2		4.1705503158		-1.0
	5850.00000000	3.1065		-1.63176  0.2  0.2		4.1705503158		-1.0
	5895.00000000	2.66788		-2.07829  0.2  0.2		4.1705503158		-1.0
	5940.00000000	3.00383		-1.96703  0.2  0.2		4.1705503158		-1.0
	5985.00000000	3.2479		-2.41786  0.2  0.2		4.1705503158		-1.0
	6030.00000000	3.06675		-2.44026  0.2  0.2		4.1705503158		-1.0
	6075.00000000	3.02172		-2.57304  0.2  0.2		4.1705503158		-1.0
	6120.00000000	3.08673		-2.7415  0.2  0.2		4.1705503158		-1.0
	6165.00000000	3.22497		-2.91699  0.2  0.2		4.1705503158		-1.0
	6210.00000000	3.17743		2.97057  0.2  0.2		4.1705503158		-1.0
	6255.00000000	3.0533		2.69705  0.2  0.2		4.1705503158		-1.0
	6300.00000000	2.88736		2.14599  0.2  0.2		4.1705503158		-1.0
	6345.00000000	2.78068		1.86918  0.2  0.2		4.1705503158		-1.0
	6390.00000000	2.70963		1.69251  0.2  0.2		4.1705503158		-1.0
	6435.00000000	2.91732		1.27693  0.2  0.2		4.1705503158		-1.0
	6480.00000000	3.14251		0.76239  0.2  0.2		4.1705503158		-1.0
	6525.00000000	2.85466		0.15563  0.2  0.2		4.1705503158		-1.0
	6570.00000000	3.11625		0.1387  0.2  0.2		4.1705503158		-1.0
	6615.00000000	3.2411		0.48953  0.2  0.2		4.1705503158		-1.0
	6660.00000000	3.25019		0.65519  0.2  0.2		4.1705503158		-1.0
	6705.00000000	2.87546		1.02391  0.2  0.2		4.1705503158		-1.0
	6750.00000000	3.14472		1.3063  0.2  0.2		4.1705503158		-1.0
	6795.00000000	3.20824		1.32903  0.2  0.2		4.1705503158		-1.0
	6840.00000000	3.06295		1.51109  0.2  0.2		4.1705503158		-1.0
	6885.00000000	3.02813		2.1625  0.2  0.2		4.1705503158		-1.0
	6930.00000000	2.89252		2.32626  0.2  0.2		4.1705503158		-1.0
	6975.00000000	3.03267		2.60186  0.2  0.2		4.1705503158		-1.0
	7020.00000000	2.80238		2.22716  0.2  0.2		4.1705503158		-1.0
	7065.00000000	2.85441		2.54688  0.2  0.2		4.1705503158		-1.0
	7110.00000000	3.24154		2.44601  0.2  0.2		4.1705503158		-1.0
	7155.00000000	3.20756		2.13134  0.2  0.2		4.1705503158		-1.0
	7200.00000000	2.77668		1.97075  0.2  0.2		4.1705503158		-1.0
	7245.00000000	2.89446		1.84463  0.2  0.2		4.1705503158		-1.0
	7290.00000000	2.88109		1.78624  0.2  0.2		4.1705503158		-1.0
	7335.00000000	2.84806		1.52165  0.2  0.2		4.1705503158		-1.0
	7380.00000000	2.91047		1.6056  0.2  0.2		4.1705503158		-1.0
	7425.00000000	3.0839		1.36797  0.2  0.2		4.1705503158		-1.0
	7470.00000000	2.91232		1.11601  0.2  0.2		4.1705503158		-1.0
	7515.00000000	2.73262		1.11993  0.2  0.2		4.1705503158		-1.0
	7560.00000000	2.83154		0.35082  0.2  0.2		4.1705503158		-1.0
	7605.00000000	3.23952		0.21252  0.2  0.2		4.1705503158		-1.0
	7650.00000000	2.94117		-0.55637  0.2  0.2		4.1705503158		-1.0
	7695.00000000	3.06971		-0.79101  0.2  0.2		4.1705503158		-1.0
	7740.00000000	3.09343		-1.12047  0.2  0.2		4.1705503158		-1.0
	7785.00000000	2.76291		-1.30994  0.2  0.2		4.1705503158		-1.0
	7830.00000000	2.80435		-1.14246  0.2  0.2		4.1705503158		-1.0
	7875.00000000	3.15716		-1.20902  0.2  0.2		4.1705503158		-1.0
	7920.00000000	2.86429		-1.02911  0.2  0.2		4.1705503158		-1.0
	7965.00000000	3.29089		-0.59903  0.2  0.2		4.1705503158		-1.0
	8010.00000000	3.00912		-0.10556  0.2  0.2		4.1705503158		-1.0
	8055.00000000	2.83294		0.54092  0.2  0.2		4.1705503158		-1.0
	8100.00000000	3.05844		0.62282  0.2  0.2		4.1705503158		-1.0
	8145.00000000	2.69087		0.78606  0.2  0.2		4.1705503158		-1.0
	8190.00000000	3.04845		0.64697  0.2  0.2		4.1705503158		-1.0
	8235.00000000	3.32202		0.7574  0.2  0.2		4.1705503158		-1.0
	8280.00000000	2.72126		0.71806  0.2  0.2		4.1705503158		-1.0
	8325.00000000	2.84421		-0.17631  0.2  0.2		4.1705503158		-1.0
	8370.00000000	3.06077		-0.7051  0.2  0.2		4.1705503158		-1.0
	8415.00000000	2.86931		-0.30456  0.2  0.2		4.1705503158		-1.0
	8460.00000000	2.75335		-0.0282  0.2  0.2		4.1705503158		-1.0
	8505.00000000	3.09428		-0.42249  0.2  0.2		4.1705503158		-1.0
	8550.00000000	2.64496		-0.7412  0.2  0.2		4.1705503158		-1.0
	8595.00000000	3.071		-0.36397  0.2  0.2		4.1705503158		-1.0
	8640.00000000	3.33449		-0.2526  0.2  0.2		4.1705503158		-1.0
	8685.00000000	3.38422		0.05421  0.2  0.2		4.1705503158		-1.0
	8730.00000000	2.97481		0.35925  0.2  0.2		4.1705503158		-1.0
	8775.00000000	3.07897		0.41764  0.2  0.2		4.1705503158		-1.0
	8820.00000000	2.77278		0.80197  0.2  0.2		4.1705503158		-1.0
	8865.00000000	2.73899		0.86911  0.2  0.2		4.1705503158		-1.0
	8910.00000000	2.81682		0.69375  0.2  0.2		4.1705503158		-1.0
	8955.00000000	3.12319		0.4509  0.2  0.2		4.1705503158		-1.0
	9000.00000000	3.04329		-0.0924  0.2  0.2		4.1705503158		-1.0
	9045.00000000	3.29666		-0.66772  0.2  0.2		4.1705503158		-1.0
	9090.00000000	2.81439		-1.19896  0.2  0.2		4.1705503158		-1.0
	9135.00000000	3.0037		-1.26498  0.2  0.2		4.1705503158		-1.0
	9180.00000000	3.25912		-1.80431  0.2  0.2		4.1705503158		-1.0
	9225.00000000	3.28099		-1.90555  0.2  0.2		4.1705503158		-1.0
	9270.00000000	3.08248		-2.3192  0.2  0.2		4.1705503158		-1.0
	9315.00000000	3.24109		-2.5734  0.2  0.2		4.1705503158		-1.0
	9360.00000000	2.73315		-3.01798  0.2  0.2		4.1705503158		-1.0
	9405.00000000	2.77407		-2.85411  0.2  0.2		4.1705503158		-1.0
	9450.00000000	3.11857		3.07557  0.2  0.2		4.1705503158		-1.0
	9495.00000000	2.74752		2.97948  0.2  0.2		4.1705503158		-1.0
	9540.00000000	2.7694		-3.07496  0.2  0.2		4.1705503158		-1.0
	9585.00000000	2.7471		2.93637  0.2  0.2		4.1705503158		-1.0
	9630.00000000	3.35118		2.80416  0.2  0.2		4.1705503158		-1.0
	9675.00000000	2.92193		2.78081  0.2  0.2		4.1705503158		-1.0
	9720.00000000	2.71236		2.32447  0.2  0.2		4.1705503158		-1.0
	9765.00000000	3.0546		2.26682  0.2  0.2		4.1705503158		-1.0
	9810.00000000	3.02115		1.91731  0.2  0.2		4.1705503158		-1.0
	9855.00000000	3.25882		1.89198  0.2  0.2		4.1705503158		-1.0
	9900.00000000	3.19478		1.3878  0.2  0.2		4.1705503158		-1.0
	9945.00000000	3.34048		1.26323  0.2  0.2		4.1705503158		-1.0
	9990.00000000	3.33162		0.93466  0.2  0.2		4.1705503158		-1.0
	10035.00000000	2.70734		0.36796  0.2  0.2		4.1705503158		-1.0
	10080.00000000	2.79848		-0.5481  0.2  0.2		4.1705503158		-1.0
	10125.00000000	3.36119		-0.92175  0.2  0.2		4.1705503158		-1.0
	10170.00000000	3.09502		-1.08428  0.2  0.2		4.1705503158		-1.0
	10215.00000000	2.64169		-1.32445  0.2  0.2		4.1705503158		-1.0
	10260.00000000	2.94192		-1.43244  0.2  0.2		4.1705503158		-1.0
	10305.00000000	3.40922		-1.34055  0.2  0.2		4.1705503158		-1.0
	10350.00000000	2.8647		-1.54628  0.2  0.2		4.1705503158		-1.0
	10395.00000000	2.72197		-1.76462  0.2  0.2		4.1705503158		-1.0
	10440.00000000	2.73253		-2.02022  0.2  0.2		4.1705503158		-1.0
	10485.00000000	2.82795		-2.29786  0.2  0.2		4.1705503158		-1.0
	10530.00000000	2.78226		-2.60993  0.2  0.2		4.1705503158		-1.0
	10575.00000000	3.20367		-3.00857  0.2  0.2		4.1705503158		-1.0
	10620.00000000	2.77767		-3.05864  0.2  0.2		4.1705503158		-1.0
	10665.00000000	2.74307		3.01103  0.2  0.2		4.1705503158		-1.0
	10710.00000000	2.74878		2.581  0.2  0.2		4.1705503158		-1.0
	10755.00000000	2.82302		1.92918  0.2  0.2		4.1705503158		-1.0
	10800.00000000	2.91778		1.59959  0.2  0.2		4.1705503158		-1.0
	10845.00000001	2.65632		1.21008  0.2  0.2		4.1705503158		-1.0
	10890.00000001	2.76429		1.0921  0.2  0.2		4.1705503158		-1.0
	10935.00000001	2.71914		0.08647  0.2  0.2		4.1705503158		-1.0
	10980.00000001	2.89537		-0.51542  0.2  0.2		4.1705503158		-1.0
	11025.00000001	2.83372		-1.10919  0.2  0.2		4.1705503158		-1.0
	11070.00000001	3.01162		-1.31668  0.2  0.2		4.1705503158		-1.0
	11115.00000001	3.20156		-1.73623  0.2  0.2		4.1705503158		-1.0
	11160.00000001	3.15949		-2.09602  0.2  0.2		4.1705503158		-1.0
	11205.00000001	2.63561		-2.34597  0.2  0.2		4.1705503158		-1.0
	11250.00000001	3.12582		-2.49051  0.2  0.2		4.1705503158		-1.0
	11295.00000001	2.90752		-2.84417  0.2  0.2		4.1705503158		-1.0
	11340.00000001	3.02087		-2.78386  0.2  0.2		4.1705503158		-1.0
	11385.00000001	3.18359		-2.97585  0.2  0.2		4.1705503158		-1.0
	11430.00000001	3.16824		3.02451  0.2  0.2		4.1705503158		-1.0
	11475.00000001	3.31145		3.09295  0.2  0.2		4.1705503158		-1.0
	11520.00000001	2.80913		2.64379  0.2  0.2		4.1705503158		-1.0
	11565.00000001	2.8281		2.31298  0.2  0.2		4.1705503158		-1.0
	11610.00000001	3.33321		2.01909  0.2  0.2		4.1705503158		-1.0
	11655.00000001	3.4142		2.15139  0.2  0.2		4.1705503158		-1.0
	11700.00000001	3.36765		1.54611  0.2  0.2		4.1705503158		-1.0
	11745.00000001	3.52043		1.51578  0.2  0.2		4.1705503158		-1.0
	11790.00000001	2.80297		1.52264  0.2  0.2		4.1705503158		-1.0
	11835.00000001	2.75312		1.5352  0.2  0.2		4.1705503158		-1.0
	11880.00000001	2.79145		1.23013  0.2  0.2		4.1705503158		-1.0
	11925.00000001	3.22504		1.07073  0.2  0.2		4.1705503158		-1.0
	11970.00000001	3.12135		0.71843  0.2  0.2		4.1705503158		-1.0
	12015.00000001	3.2301		0.23247  0.2  0.2		4.1705503158		-1.0
	12060.00000001	3.1747		-0.35171  0.2  0.2		4.1705503158		-1.0
	12105.00000001	3.25201		-0.49293  0.2  0.2		4.1705503158		-1.0
	12150.00000001	3.1428		-0.83208  0.2  0.2		4.1705503158		-1.0
	12195.00000001	2.66101		-1.20891  0.2  0.2		4.1705503158		-1.0
	12240.00000001	2.79383		-0.85579  0.2  0.2		4.1705503158		-1.0
	12285.00000001	2.78541		-0.80655  0.2  0.2		4.1705503158		-1.0
	12330.00000001	2.69853		-0.2225  0.2  0.2		4.1705503158		-1.0
	12375.00000001	2.73561		-0.31122  0.2  0.2		4.1705503158		-1.0
	12420.00000001	2.76945		0.269  0.2  0.2		4.1705503158		-1.0
	12465.00000001	2.79701		0.11393  0.2  0.2		4.1705503158		-1.0
	12510.00000001	2.77109		0.18345  0.2  0.2		4.1705503158		-1.0
	12555.00000001	2.73832		0.57792  0.2  0.2		4.1705503158		-1.0
	12600.00000001	2.71343		0.47311  0.2  0.2		4.1705503158		-1.0
	12645.00000001	2.754		0.5178  0.2  0.2		4.1705503158		-1.0
	12690.00000001	3.10122		0.25534  0.2  0.2		4.1705503158		-1.0
	12735.00000001	3.22119		0.33416  0.2  0.2		4.1705503158		-1.0
	12780.00000001	3.15211		0.02801  0.2  0.2		4.1705503158		-1.0
	12825.00000001	2.91809		-0.41774  0.2  0.2		4.1705503158		-1.0
	12870.00000001	3.18547		-0.82401  0.2  0.2		4.1705503158		-1.0
	12915.00000001	3.29265		-1.24602  0.2  0.2		4.1705503158		-1.0
	12960.00000001	3.26336		-1.58523  0.2  0.2		4.1705503158		-1.0
	13005.00000001	3.02222		-1.97771  0.2  0.2		4.1705503158		-1.0
	13050.00000001	3.27149		-2.24469  0.2  0.2		4.1705503158		-1.0
	13095.00000001	2.78051		-2.39286  0.2  0.2		4.1705503158		-1.0
	13140.00000001	3.07317		-2.72858  0.2  0.2		4.1705503158		-1.0
	13185.00000001	2.87758		-2.72044  0.2  0.2		4.1705503158		-1.0
	13230.00000001	3.36623		-2.99788  0.2  0.2		4.1705503158		-1.0
	13275.00000001	2.66376		-2.71149  0.2  0.2		4.1705503158		-1.0
	13320.00000001	3.17612		-2.3589  0.2  0.2		4.1705503158		-1.0
	13365.00000001	2.83565		-2.27675  0.2  0.2		4.1705503158		-1.0
	13410.00000001	2.79723		-1.87982  0.2  0.2		4.1705503158		-1.0
	13455.00000001	2.96542		-2.01464  0.2  0.2		4.1705503158		-1.0
	13500.00000001	2.64318		-1.48782  0.2  0.2		4.1705503158		-1.0
	13545.00000001	2.76767		-1.93237  0.2  0.2		4.1705503158		-1.0
	13590.00000001	2.75001		-2.09103  0.2  0.2		4.1705503158		-1.0
	13635.00000001	2.67462		-2.66183  0.2  0.2		4.1705503158		-1.0
	13680.00000001	3.35901		3.13895  0.2  0.2		4.1705503158		-1.0
	13725.00000001	3.02374		2.59776  0.2  0.2		4.1705503158		-1.0
	13770.00000001	3.24016		2.43621  0.2  0.2		4.1705503158		-1.0
	13815.00000001	3.18188		2.01573  0.2  0.2		4.1705503158		-1.0
	13860.00000001	3.25618		1.94397  0.2  0.2		4.1705503158		-1.0
	13905.00000001	3.27183		1.55838  0.2  0.2		4.1705503158		-1.0
	13950.00000001	3.09173		1.61416  0.2  0.2		4.1705503158		-1.0
	13995.00000001	3.20747		1.21917  0.2  0.2		4.1705503158		-1.0
	14040.00000001	3.12842		1.12904  0.2  0.2		4.1705503158		-1.0
	14085.00000001	3.17684		0.69795  0.2  0.2		4.1705503158		-1.0
	14130.00000001	3.25245		0.41522  0.2  0.2		4.1705503158		-1.0
	14175.00000001	3.40145		-0.34078  0.2  0.2		4.1705503158		-1.0
	14220.00000001	2.74493		-0.89844  0.2  0.2		4.1705503158		-1.0
	14265.00000000	3.13607		-1.09624  0.2  0.2		4.1705503158		-1.0
	14310.00000000	3.19554		-1.59348  0.2  0.2		4.1705503158		-1.0
	14355.00000000	3.16904		-1.55067  0.2  0.2		4.1705503158		-1.0
	14400.00000000	3.24444		-2.23857  0.2  0.2		4.1705503158		-1.0
	14445.00000000	3.21207		-2.28613  0.2  0.2		4.1705503158		-1.0
	14490.00000000	3.41343		-2.74552  0.2  0.2		4.1705503158		-1.0
	14535.00000000	3.28335		-2.69182  0.2  0.2		4.1705503158		-1.0
	14580.00000000	2.72695		3.11311  0.2  0.2		4.1705503158		-1.0
	14625.00000000	3.07211		3.02267  0.2  0.2		4.1705503158		-1.0
	14670.00000000	2.77837		2.5289  0.2  0.2		4.1705503158		-1.0
	14715.00000000	2.78629		2.177  0.2  0.2		4.1705503158		-1.0
	14760.00000000	2.72785		2.0612  0.2  0.2		4.1705503158		-1.0
	14805.00000000	2.71056		1.34031  0.2  0.2		4.1705503158		-1.0
	14850.00000000	2.75337		0.80283  0.2  0.2		4.1705503158		-1.0
	14895.00000000	2.7509		0.70276  0.2  0.2		4.1705503158		-1.0
	14940.00000000	2.89061		-0.00192  0.2  0.2		4.1705503158		-1.0
	14985.00000000	3.12774		-0.95371  0.2  0.2		4.1705503158		-1.0
	15030.00000000	3.30045		-1.28101  0.2  0.2		4.1705503158		-1.0
	15075.00000000	3.36352		-1.52715  0.2  0.2		4.1705503158		-1.0
	15120.00000000	3.38485		-1.7042  0.2  0.2		4.1705503158		-1.0
	15165.00000000	2.6372		-2.08267  0.2  0.2		4.1705503158		-1.0
	15210.00000000	2.77099		-2.31373  0.2  0.2		4.1705503158		-1.0
	15255.00000000	2.79048		-2.43216  0.2  0.2		4.1705503158		-1.0
	15300.00000000	3.29733		-2.50108  0.2  0.2		4.1705503158		-1.0
	15345.00000000	3.32853		-2.94092  0.2  0.2		4.1705503158		-1.0
	15390.00000000	2.97399		-3.03507  0.2  0.2		4.1705503158		-1.0
	15435.00000000	2.88901		2.83748  0.2  0.2		4.1705503158		-1.0
	15480.00000000	3.38102		2.31763  0.2  0.2		4.1705503158		-1.0
	15525.00000000	2.90776		2.21742  0.2  0.2		4.1705503158		-1.0
	15570.00000000	2.99		1.64234  0.2  0.2		4.1705503158		-1.0
	15615.00000000	3.24176		1.90754  0.2  0.2		4.1705503158		-1.0
	15660.00000000	3.16063		1.90756  0.2  0.2		4.1705503158		-1.0
	15705.00000000	3.13035		2.28117  0.2  0.2		4.1705503158		-1.0
	15750.00000000	3.19484		2.03891  0.2  0.2		4.1705503158		-1.0
	15795.00000000	3.10069		2.52498  0.2  0.2		4.1705503158		-1.0
	15840.00000000	3.2585		2.55033  0.2  0.2		4.1705503158		-1.0
	15885.00000000	3.15547		2.61724  0.2  0.2		4.1705503158		-1.0
	15930.00000000	2.9855		2.94481  0.2  0.2		4.1705503158		-1.0
	15975.00000000	2.66718		-3.07437  0.2  0.2		4.1705503158		-1.0
	16020.00000000	2.7773		-2.6495  0.2  0.2		4.1705503158		-1.0
	16065.00000000	2.83327		-2.3623  0.2  0.2		4.1705503158		-1.0
	16110.00000000	2.65294		-2.05652  0.2  0.2		4.1705503158		-1.0
	16155.00000000	2.74139		-1.52654  0.2  0.2		4.1705503158		-1.0
	16200.00000000	2.78286		-0.96513  0.2  0.2		4.1705503158		-1.0
	16245.00000000	2.74584		-0.07338  0.2  0.2		4.1705503158		-1.0
	16290.00000000	2.69972		-0.44642  0.2  0.2		4.1705503158		-1.0
	16335.00000000	2.76926		-0.41475  0.2  0.2		4.1705503158		-1.0
	16380.00000000	2.78598		-0.76619  0.2  0.2		4.1705503158		-1.0
	16425.00000000	2.96042		-0.87234  0.2  0.2		4.1705503158		-1.0
	16470.00000000	3.2117		-1.26636  0.2  0.2		4.1705503158		-1.0
	16515.00000000	3.19107		-0.66648  0.2  0.2		4.1705503158		-1.0
	16560.00000000	3.35648		-0.60959  0.2  0.2		4.1705503158		-1.0
	16605.00000000	3.24973		-0.2239  0.2  0.2		4.1705503158		-1.0
	16650.00000000	3.2459		0.05501  0.2  0.2		4.1705503158		-1.0
	16695.00000000	3.36136		0.55153  0.2  0.2		4.1705503158		-1.0
	16740.00000000	3.12141		0.86566  0.2  0.2		4.1705503158		-1.0
	16785.00000000	3.37654		1.11911  0.2  0.2		4.1705503158		-1.0
	16830.00000000	3.20116		1.20764  0.2  0.2		4.1705503158		-1.0
	16875.00000000	3.11581		1.38477  0.2  0.2		4.1705503158		-1.0
	16920.00000000	3.16545		1.66484  0.2  0.2		4.1705503158		-1.0
	16965.00000000	3.25806		1.41414  0.2  0.2		4.1705503158		-1.0
	17010.00000000	3.34585		1.9437  0.2  0.2		4.1705503158		-1.0
	17055.00000000	3.28085		1.84961  0.2  0.2		4.1705503158		-1.0
	17100.00000000	3.0331		2.14614  0.2  0.2		4.1705503158		-1.0
	17145.00000000	2.67083		2.33709  0.2  0.2		4.1705503158		-1.0
	17190.00000000	2.62385		2.51679  0.2  0.2		4.1705503158		-1.0
	17235.00000000	2.69096		2.76712  0.2  0.2		4.1705503158		-1.0
	17280.00000000	2.96331		2.88294  0.2  0.2		4.1705503158		-1.0
	17325.00000000	3.42334		-3.13675  0.2  0.2		4.1705503158		-1.0
	17370.00000000	3.00957		-2.89161  0.2  0.2		4.1705503158		-1.0
	17415.00000000	3.03626		-2.69794  0.2  0.2		4.1705503158		-1.0
	17460.00000000	2.86678		-2.36242  0.2  0.2		4.1705503158		-1.0
	17505.00000000	2.8033		-2.17575  0.2  0.2		4.1705503158		-1.0
	17550.00000000	2.71955		-1.63521  0.2  0.2		4.1705503158		-1.0
	17595.00000000	2.7628		-1.40089  0.2  0.2		4.1705503158		-1.0
	17640.00000000	2.62246		-0.93165  0.2  0.2		4.1705503158		-1.0
	17685.00000000	2.772		-0.3277  0.2  0.2		4.1705503158		-1.0
	17730.00000000	2.79374		0.38945  0.2  0.2		4.1705503158		-1.0
	17775.00000000	2.94557		0.13854  0.2  0.2		4.1705503158		-1.0
	17820.00000000	3.0766		0.36507  0.2  0.2		4.1705503158		-1.0
	17865.00000000	2.88198		0.40868  0.2  0.2		4.1705503158		-1.0
	17910.00000000	2.6906		0.18748  0.2  0.2		4.1705503158		-1.0
	17955.00000000	2.60856		0.0275  0.2  0.2		4.1705503158		-1.0
	18000.00000000	2.66941		-0.58443  0.2  0.2		4.1705503158		-1.0
	18045.00000000	3.44506		-0.36938  0.2  0.2		4.1705503158		-1.0
	18090.00000000	2.81597		-0.7541  0.2  0.2		4.1705503158		-1.0
	18135.00000000	3.08531		-0.62797  0.2  0.2		4.1705503158		-1.0
	18180.00000000	3.2393		-0.37403  0.2  0.2		4.1705503158		-1.0
	18225.00000000	3.11794		-0.13034  0.2  0.2		4.1705503158		-1.0
	18270.00000000	3.32982		0.18755  0.2  0.2		4.1705503158		-1.0
	18315.00000000	3.29716		0.78865  0.2  0.2		4.1705503158		-1.0
	18360.00000000	2.96227		0.9743  0.2  0.2		4.1705503158		-1.0
	18405.00000000	2.67327		1.36068  0.2  0.2		4.1705503158		-1.0
	18450.00000000	2.65365		1.47016  0.2  0.2		4.1705503158		-1.0
	18495.00000000	2.64198		1.89891  0.2  0.2		4.1705503158		-1.0
	18540.00000000	2.633		2.05231  0.2  0.2		4.1705503158		-1.0
	18585.00000000	2.76282		2.20398  0.2  0.2		4.1705503158		-1.0
	18630.00000000	2.72482		2.4896  0.2  0.2		4.1705503158		-1.0
	18675.00000000	2.67598		2.81802  0.2  0.2		4.1705503158		-1.0
	18720.00000000	2.77079		3.08469  0.2  0.2		4.1705503158		-1.0
	18765.00000000	2.71735		-2.94048  0.2  0.2		4.1705503158		-1.0
	18810.00000000	2.65215		-2.69051  0.2  0.2		4.1705503158		-1.0
	18855.00000000	2.66601		-2.26737  0.2  0.2		4.1705503158		-1.0
	18900.00000000	2.75439		-1.93381  0.2  0.2		4.1705503158		-1.0
	18945.00000000	2.74043		-1.64212  0.2  0.2		4.1705503158		-1.0
	18990.00000000	2.78924		-1.23251  0.2  0.2		4.1705503158		-1.0
	19035.00000000	2.67477		-1.03378  0.2  0.2		4.1705503158		-1.0
	19080.00000000	2.7162		-1.26262  0.2  0.2		4.1705503158		-1.0
	19125.00000000	3.4148		-0.48159  0.2  0.2		4.1705503158		-1.0
	19170.00000000	2.78634		-0.51416  0.2  0.2		4.1705503158		-1.0
	19215.00000000	2.66914		-0.25145  0.2  0.2		4.1705503158		-1.0
	19260.00000000	2.90526		-0.53897  0.2  0.2		4.1705503158		-1.0
	19305.00000000	3.12337		-0.24405  0.2  0.2		4.1705503158		-1.0
	19350.00000000	2.99027		0.34803  0.2  0.2		4.1705503158		-1.0
	19395.00000000	3.35836		1.1586  0.2  0.2		4.1705503158		-1.0
	19440.00000000	3.21923		0.7265  0.2  0.2		4.1705503158		-1.0
	19485.00000000	3.26346		0.84113  0.2  0.2		4.1705503158		-1.0
	19530.00000000	3.41285		1.26588  0.2  0.2		4.1705503158		-1.0
	19575.00000000	3.40273		1.19214  0.2  0.2		4.1705503158		-1.0
	19620.00000000	2.54169		1.15133  0.2  0.2		4.1705503158		-1.0
	19665.00000000	3.56193		1.24824  0.2  0.2		4.1705503158		-1.0
	19710.00000000	2.97122		1.08644  0.2  0.2		4.1705503158		-1.0
	19755.00000000	3.09204		1.00341  0.2  0.2		4.1705503158		-1.0
	19800.00000000	3.48168		0.63804  0.2  0.2		4.1705503158		-1.0
	19845.00000000	3.45765		0.10861  0.2  0.2		4.1705503158		-1.0
	19890.00000000	3.37981		-0.18439  0.2  0.2		4.1705503158		-1.0
	19935.00000000	3.27664		-0.16639  0.2  0.2		4.1705503158		-1.0
	19980.00000000	3.20035		-0.7699  0.2  0.2		4.1705503158		-1.0
	20025.00000000	3.28536		-0.69564  0.2  0.2		4.1705503158		-1.0
	20070.00000000	3.26822		-1.27791  0.2  0.2		4.1705503158		-1.0
	20115.00000000	3.33792		-1.26076  0.2  0.2		4.1705503158		-1.0
	20160.00000000	3.37095		-1.75335  0.2  0.2		4.1705503158		-1.0
	20205.00000000	3.21009		-1.95021  0.2  0.2		4.1705503158		-1.0
	20250.00000000	3.33072		-2.27351  0.2  0.2		4.1705503158		-1.0
	20295.00000000	3.30535		-2.5658  0.2  0.2		4.1705503158		-1.0
	20340.00000000	3.44695		-2.92695  0.2  0.2		4.1705503158		-1.0
	20385.00000000	3.19495		2.81068  0.2  0.2		4.1705503158		-1.0
	20430.00000000	3.44174		2.67582  0.2  0.2		4.1705503158		-1.0
	20475.00000000	3.19741		2.18021  0.2  0.2		4.1705503158		-1.0
	20520.00000000	3.3751		1.78515  0.2  0.2		4.1705503158		-1.0
	20565.00000000	3.26017		1.7236  0.2  0.2		4.1705503158		-1.0
	20610.00000000	3.26405		1.44817  0.2  0.2		4.1705503158		-1.0
	20655.00000000	3.27484		1.59237  0.2  0.2		4.1705503158		-1.0
	20700.00000000	3.35139		1.28855  0.2  0.2		4.1705503158		-1.0
	20744.99999999	2.63738		2.01818  0.2  0.2		4.1705503158		-1.0
	20789.99999999	2.77261		1.78614  0.2  0.2		4.1705503158		-1.0
	20834.99999999	2.7839		1.92108  0.2  0.2		4.1705503158		-1.0
	20879.99999999	2.60545		1.99136  0.2  0.2		4.1705503158		-1.0
	20924.99999999	2.74495		1.79545  0.2  0.2		4.1705503158		-1.0
	20969.99999999	2.71889		1.52311  0.2  0.2		4.1705503158		-1.0
	21014.99999999	2.59455		1.47372  0.2  0.2		4.1705503158		-1.0
	21059.99999999	2.75312		1.06647  0.2  0.2		4.1705503158		-1.0
	21104.99999999	2.76366		0.97988  0.2  0.2		4.1705503158		-1.0
	21149.99999999	2.60968		0.62777  0.2  0.2		4.1705503158		-1.0
	21194.99999999	2.693		0.55679  0.2  0.2		4.1705503158		-1.0
	21239.99999999	2.68096		0.16797  0.2  0.2		4.1705503158		-1.0
	21284.99999999	2.6844		-0.61097  0.2  0.2		4.1705503158		-1.0
	21329.99999999	2.65649		-1.13722  0.2  0.2		4.1705503158		-1.0
	21374.99999999	3.64322		-1.38416  0.2  0.2		4.1705503158		-1.0
	21419.99999999	2.62796		-1.79052  0.2  0.2		4.1705503158		-1.0
	21464.99999999	3.45836		-1.91573  0.2  0.2		4.1705503158		-1.0
	21509.99999999	2.67694		-2.07166  0.2  0.2		4.1705503158		-1.0
	21554.99999999	2.70629		-2.34003  0.2  0.2		4.1705503158		-1.0
	21599.99999999	2.74423		-2.56751  0.2  0.2		4.1705503158		-1.0
	21644.99999999	3.31075		-2.56059  0.2  0.2		4.1705503158		-1.0
	21689.99999999	3.2054		-2.93929  0.2  0.2		4.1705503158		-1.0
	21734.99999999	3.19205		-3.02356  0.2  0.2		4.1705503158		-1.0
	21779.99999999	2.87728		2.8566  0.2  0.2		4.1705503158		-1.0
	21824.99999999	2.78416		2.43113  0.2  0.2		4.1705503158		-1.0
	21869.99999999	2.89944		1.90907  0.2  0.2		4.1705503158		-1.0
	21914.99999999	2.76732		1.39152  0.2  0.2		4.1705503158		-1.0
	21959.99999999	2.70354		1.2011  0.2  0.2		4.1705503158		-1.0
	22004.99999999	2.68236		0.4463  0.2  0.2		4.1705503158		-1.0
	22049.99999999	2.67297		-0.36985  0.2  0.2		4.1705503158		-1.0
	22094.99999999	2.73153		-0.85406  0.2  0.2		4.1705503158		-1.0
	22139.99999999	2.65221		-1.55689  0.2  0.2		4.1705503158		-1.0
	22184.99999999	2.99164		-1.91742  0.2  0.2		4.1705503158		-1.0
	22229.99999999	3.12869		-2.25818  0.2  0.2		4.1705503158		-1.0
	22274.99999999	3.45172		-2.51486  0.2  0.2		4.1705503158		-1.0
	22319.99999999	3.27968		-2.6246  0.2  0.2		4.1705503158		-1.0
	22364.99999999	3.22488		-2.8723  0.2  0.2		4.1705503158		-1.0
	22409.99999999	2.99572		-2.80473  0.2  0.2		4.1705503158		-1.0
	22454.99999999	2.86972		-2.98339  0.2  0.2		4.1705503158		-1.0
	22499.99999999	2.77554		-2.89049  0.2  0.2		4.1705503158		-1.0
	22544.99999999	2.65164		2.72676  0.2  0.2		4.1705503158		-1.0
	22589.99999999	2.68778		2.91642  0.2  0.2		4.1705503158		-1.0
	22634.99999999	2.74676		2.52469  0.2  0.2		4.1705503158		-1.0
	22679.99999999	3.32014		2.29438  0.2  0.2		4.1705503158		-1.0
	22724.99999999	3.54458		2.1443  0.2  0.2		4.1705503158		-1.0
	22769.99999999	3.29891		2.21524  0.2  0.2		4.1705503158		-1.0
	22814.99999999	3.40984		2.19515  0.2  0.2		4.1705503158		-1.0
	22859.99999999	3.50287		2.41286  0.2  0.2		4.1705503158		-1.0
	22904.99999999	3.4777		2.53143  0.2  0.2		4.1705503158		-1.0
	22949.99999999	2.84177		2.73082  0.2  0.2		4.1705503158		-1.0
	22994.99999999	3.11979		3.08406  0.2  0.2		4.1705503158		-1.0
	23039.99999999	3.36134		2.96163  0.2  0.2		4.1705503158		-1.0
	23084.99999999	2.90723		-2.98792  0.2  0.2		4.1705503158		-1.0
	23129.99999999	3.69212		-3.00257  0.2  0.2		4.1705503158		-1.0
	23174.99999999	3.28369		2.93294  0.2  0.2		4.1705503158		-1.0
	23219.99999999	3.38381		3.02005  0.2  0.2		4.1705503158		-1.0
	23264.99999999	3.3425		2.48521  0.2  0.2		4.1705503158		-1.0
	23309.99999999	3.08265		2.30884  0.2  0.2		4.1705503158		-1.0
	23354.99999999	3.69401		1.95333  0.2  0.2		4.1705503158		-1.0
	23399.99999999	3.2715		1.57768  0.2  0.2		4.1705503158		-1.0
	23444.99999999	3.34353		1.7149  0.2  0.2		4.1705503158		-1.0
	23489.99999999	3.49836		1.10661  0.2  0.2		4.1705503158		-1.0
	23534.99999999	2.85448		1.04931  0.2  0.2		4.1705503158		-1.0
	23579.99999999	2.72672		0.62245  0.2  0.2		4.1705503158		-1.0
	23624.99999999	2.6358		0.0635  0.2  0.2		4.1705503158		-1.0
	23669.99999999	3.06113		-0.49228  0.2  0.2		4.1705503158		-1.0
	23714.99999999	3.2965		-0.89633  0.2  0.2		4.1705503158		-1.0
	23759.99999999	3.32016		-1.14806  0.2  0.2		4.1705503158		-1.0
	23804.99999999	3.08311		-1.37229  0.2  0.2		4.1705503158		-1.0
	23849.99999999	3.14673		-1.72265  0.2  0.2		4.1705503158		-1.0
	23894.99999999	3.15403		-1.9734  0.2  0.2		4.1705503158		-1.0
	23939.99999999	3.33985		-2.07928  0.2  0.2		4.1705503158		-1.0
	23984.99999999	3.44069		-2.40778  0.2  0.2		4.1705503158		-1.0
	24029.99999999	2.85605		-2.54106  0.2  0.2		4.1705503158		-1.0
	24074.99999999	2.63771		-2.82397  0.2  0.2		4.1705503158		-1.0
	24119.99999999	2.61488		-3.13863  0.2  0.2		4.1705503158		-1.0
	24164.99999999	2.61442		3.05253  0.2  0.2		4.1705503158		-1.0
	24209.99999999	2.66608		2.59422  0.2  0.2		4.1705503158		-1.0
	24254.99999999	2.74247		2.04231  0.2  0.2		4.1705503158		-1.0
	24299.99999999	2.67329		1.62168  0.2  0.2		4.1705503158		-1.0
	24344.99999999	2.64941		1.1126  0.2  0.2		4.1705503158		-1.0
	24389.99999999	2.63544		0.47979  0.2  0.2		4.1705503158		-1.0
	24434.99999999	2.70547		-0.17763  0.2  0.2		4.1705503158		-1.0
	24479.99999999	2.67085		-0.61414  0.2  0.2		4.1705503158		-1.0
	24524.99999999	2.65504		-0.76803  0.2  0.2		4.1705503158		-1.0
	24569.99999999	2.62623		-0.59522  0.2  0.2		4.1705503158		-1.0
	24614.99999999	2.60676		0.16437  0.2  0.2		4.1705503158		-1.0
	24659.99999999	3.65717		0.8414  0.2  0.2		4.1705503158		-1.0
	24704.99999999	2.84478		0.96433  0.2  0.2		4.1705503158		-1.0
	24749.99999999	3.32796		0.84114  0.2  0.2		4.1705503158		-1.0
	24794.99999999	2.85629		0.89338  0.2  0.2		4.1705503158		-1.0
	24839.99999999	3.2945		0.5043  0.2  0.2		4.1705503158		-1.0
	24884.99999999	3.13897		-0.21787  0.2  0.2		4.1705503158		-1.0
	24929.99999999	3.00736		-0.84674  0.2  0.2		4.1705503158		-1.0
	24974.99999999	2.74384		-1.30195  0.2  0.2		4.1705503158		-1.0
	25019.99999999	2.66428		-1.83763  0.2  0.2		4.1705503158		-1.0
	25064.99999999	2.77347		-1.76726  0.2  0.2		4.1705503158		-1.0
	25109.99999999	2.62913		-2.19328  0.2  0.2		4.1705503158		-1.0
	25154.99999999	3.58374		-2.01824  0.2  0.2		4.1705503158		-1.0
	25199.99999999	3.00773		-2.34695  0.2  0.2		4.1705503158		-1.0
	25244.99999999	3.53304		-2.33085  0.2  0.2		4.1705503158		-1.0
	25289.99999999	3.04143		-2.50717  0.2  0.2		4.1705503158		-1.0
	25334.99999999	3.70615		-2.37498  0.2  0.2		4.1705503158		-1.0
	25379.99999999	2.90686		-2.5223  0.2  0.2		4.1705503158		-1.0
	25424.99999999	2.84686		-2.66181  0.2  0.2		4.1705503158		-1.0
	25469.99999999	2.6726		-2.49603  0.2  0.2		4.1705503158		-1.0
	25514.99999999	2.70676		-2.61755  0.2  0.2		4.1705503158		-1.0
	25559.99999999	2.63231		-2.26576  0.2  0.2		4.1705503158		-1.0
	25604.99999999	2.58519		-2.54521  0.2  0.2		4.1705503158		-1.0
	25649.99999999	3.09984		-1.79993  0.2  0.2		4.1705503158		-1.0
	25694.99999999	2.92087		-1.80288  0.2  0.2		4.1705503158		-1.0
	25739.99999999	2.84732		-0.97895  0.2  0.2		4.1705503158		-1.0
	25784.99999999	2.75474		-0.83462  0.2  0.2		4.1705503158		-1.0
	25829.99999999	2.64103		-0.62722  0.2  0.2		4.1705503158		-1.0
	25874.99999999	2.61473		-0.02302  0.2  0.2		4.1705503158		-1.0
	25919.99999999	3.22395		0.11613  0.2  0.2		4.1705503158		-1.0
	25964.99999999	2.94954		0.00285  0.2  0.2		4.1705503158		-1.0
	26009.99999999	3.29965		0.13474  0.2  0.2		4.1705503158		-1.0
	26054.99999999	3.36114		-0.45596  0.2  0.2		4.1705503158		-1.0
	26099.99999999	3.43501		-0.70746  0.2  0.2		4.1705503158		-1.0
	26144.99999999	3.35182		-0.93679  0.2  0.2		4.1705503158		-1.0
	26189.99999999	3.38678		-1.24396  0.2  0.2		4.1705503158		-1.0
	26234.99999999	3.48543		-1.7825  0.2  0.2		4.1705503158		-1.0
	26279.99999999	3.01619		-2.01446  0.2  0.2		4.1705503158		-1.0
	26324.99999999	3.23997		-2.27715  0.2  0.2		4.1705503158		-1.0
	26369.99999999	3.68102		-2.23887  0.2  0.2		4.1705503158		-1.0
	26414.99999999	3.01148		-2.37659  0.2  0.2		4.1705503158		-1.0
	26459.99999999	3.39091		-2.16619  0.2  0.2		4.1705503158		-1.0
	26504.99999999	3.57242		-1.99168  0.2  0.2		4.1705503158		-1.0
	26549.99999999	3.46467		-1.78903  0.2  0.2		4.1705503158		-1.0
	26594.99999999	2.60991		-1.39831  0.2  0.2		4.1705503158		-1.0
	26639.99999999	3.43688		-1.29641  0.2  0.2		4.1705503158		-1.0
	26684.99999999	3.57711		-0.74796  0.2  0.2		4.1705503158		-1.0
	26729.99999999	2.66118		-0.07276  0.2  0.2		4.1705503158		-1.0
	26774.99999999	3.44424		0.24262  0.2  0.2		4.1705503158		-1.0
	26819.99999999	3.46237		0.42042  0.2  0.2		4.1705503158		-1.0
	26864.99999999	3.0904		0.52366  0.2  0.2		4.1705503158		-1.0
	26909.99999999	3.34376		1.04228  0.2  0.2		4.1705503158		-1.0
	26954.99999999	3.56459		0.61714  0.2  0.2		4.1705503158		-1.0
	26999.99999999	3.45007		0.83861  0.2  0.2		4.1705503158		-1.0
	27044.99999999	2.56416		0.81004  0.2  0.2		4.1705503158		-1.0
	27089.99999999	3.6602		0.04492  0.2  0.2		4.1705503158		-1.0
	27134.99999999	3.36147		0.04703  0.2  0.2		4.1705503158		-1.0
	27179.99999999	3.07153		-0.57894  0.2  0.2		4.1705503158		-1.0
	27224.99999998	3.73684		-0.44826  0.2  0.2		4.1705503158		-1.0
	27269.99999998	3.05058		-1.06522  0.2  0.2		4.1705503158		-1.0
	27314.99999998	3.46207		-1.10952  0.2  0.2		4.1705503158		-1.0
	27359.99999998	2.69421		-1.32077  0.2  0.2		4.1705503158		-1.0
	27404.99999998	3.3375		-1.42194  0.2  0.2		4.1705503158		-1.0
	27449.99999998	2.94499		-1.62276  0.2  0.2		4.1705503158		-1.0
	27494.99999998	3.38328		-1.74328  0.2  0.2		4.1705503158		-1.0
	27539.99999998	3.30284		-1.78683  0.2  0.2		4.1705503158		-1.0
	27584.99999998	3.49253		-2.1753  0.2  0.2		4.1705503158		-1.0
	27629.99999998	3.26813		-2.09859  0.2  0.2		4.1705503158		-1.0
	27674.99999998	3.63248		-2.1234  0.2  0.2		4.1705503158		-1.0
	27719.99999998	3.36406		-2.56118  0.2  0.2		4.1705503158		-1.0
	27764.99999998	3.30929		-2.67936  0.2  0.2		4.1705503158		-1.0
	27809.99999998	3.43889		-2.79697  0.2  0.2		4.1705503158		-1.0
	27854.99999998	3.46005		-3.07504  0.2  0.2		4.1705503158		-1.0
	27899.99999998	3.39534		2.93463  0.2  0.2		4.1705503158		-1.0
	27944.99999998	3.17605		2.62228  0.2  0.2		4.1705503158		-1.0
	27989.99999998	3.21832		2.2222  0.2  0.2		4.1705503158		-1.0
	28034.99999998	2.6645		2.10119  0.2  0.2		4.1705503158		-1.0
	28079.99999998	2.69154		1.77519  0.2  0.2		4.1705503158		-1.0
	28124.99999998	2.61886		1.36249  0.2  0.2		4.1705503158		-1.0
	28169.99999998	2.69745		1.12173  0.2  0.2		4.1705503158		-1.0
	28214.99999998	2.77889		1.02025  0.2  0.2		4.1705503158		-1.0
	28259.99999998	2.57711		1.15909  0.2  0.2		4.1705503158		-1.0
	28304.99999998	2.73159		-0.00898  0.2  0.2		4.1705503158		-1.0
	28349.99999998	2.67789		-0.52825  0.2  0.2		4.1705503158		-1.0
	28394.99999998	2.68239		-0.22392  0.2  0.2		4.1705503158		-1.0
	28439.99999998	3.1633		-0.16186  0.2  0.2		4.1705503158		-1.0
	28484.99999998	3.34337		0.08194  0.2  0.2		4.1705503158		-1.0
	28529.99999998	3.09608		-0.25608  0.2  0.2		4.1705503158		-1.0
	28574.99999998	3.02687		-0.3798  0.2  0.2		4.1705503158		-1.0
	28619.99999998	3.10525		-0.17657  0.2  0.2		4.1705503158		-1.0
	28664.99999998	3.42633		-0.04119  0.2  0.2		4.1705503158		-1.0
	28709.99999998	3.47304		0.23769  0.2  0.2		4.1705503158		-1.0
	28754.99999998	3.09316		0.66311  0.2  0.2		4.1705503158		-1.0
	28799.99999998	3.4808		0.8347  0.2  0.2		4.1705503158		-1.0
	28844.99999998	3.43434		1.1738  0.2  0.2		4.1705503158		-1.0
	28889.99999998	3.20401		1.825  0.2  0.2		4.1705503158		-1.0
	28934.99999998	2.86219		1.69125  0.2  0.2		4.1705503158		-1.0
	28979.99999998	3.59504		2.35648  0.2  0.2		4.1705503158		-1.0
	29024.99999998	3.33147		2.6769  0.2  0.2		4.1705503158		-1.0
	29069.99999998	3.29159		2.91005  0.2  0.2		4.1705503158		-1.0
	29114.99999998	3.58421		2.93773  0.2  0.2		4.1705503158		-1.0
	29159.99999998	3.58719		2.91195  0.2  0.2		4.1705503158		-1.0
	29204.99999998	3.03771		2.92819  0.2  0.2		4.1705503158		-1.0
	29249.99999998	2.98554		2.64835  0.2  0.2		4.1705503158		-1.0
	29294.99999998	3.43786		2.64733  0.2  0.2		4.1705503158		-1.0
	29339.99999998	2.84537		2.1885  0.2  0.2		4.1705503158		-1.0
	29384.99999998	2.62198		2.05504  0.2  0.2		4.1705503158		-1.0
	29429.99999998	2.62523		1.57731  0.2  0.2		4.1705503158		-1.0
	29474.99999998	3.03427		1.42575  0.2  0.2		4.1705503158		-1.0
	29519.99999998	3.04828		0.7356  0.2  0.2		4.1705503158		-1.0
	29564.99999998	3.67949		0.34927  0.2  0.2		4.1705503158		-1.0
	29609.99999998	2.98557		0.22897  0.2  0.2		4.1705503158		-1.0
	29654.99999998	3.16762		0.06333  0.2  0.2		4.1705503158		-1.0
	29699.99999998	3.03423		0.17382  0.2  0.2		4.1705503158		-1.0
	29744.99999998	3.69502		0.54164  0.2  0.2		4.1705503158		-1.0
	29789.99999998	3.2561		0.73296  0.2  0.2		4.1705503158		-1.0
	29834.99999998	3.2836		1.24571  0.2  0.2		4.1705503158		-1.0
	29879.99999998	2.70762		1.54969  0.2  0.2		4.1705503158		-1.0
	29924.99999998	2.64824		2.04965  0.2  0.2		4.1705503158		-1.0
	29969.99999998	2.75234		2.44554  0.2  0.2		4.1705503158		-1.0
	30014.99999998	2.62603		2.72377  0.2  0.2		4.1705503158		-1.0
	30059.99999998	2.62012		2.61259  0.2  0.2		4.1705503158		-1.0
	30104.99999998	2.70011		3.04097  0.2  0.2		4.1705503158		-1.0
	30149.99999998	2.74891		2.87176  0.2  0.2		4.1705503158		-1.0
	30194.99999998	2.86067		-3.02196  0.2  0.2		4.1705503158		-1.0
	30239.99999998	2.75352		-3.02123  0.2  0.2		4.1705503158		-1.0
	30284.99999998	2.52112		-2.70322  0.2  0.2		4.1705503158		-1.0
	30329.99999998	2.83985		-2.56263  0.2  0.2		4.1705503158		-1.0
	30374.99999998	2.64008		-1.91634  0.2  0.2		4.1705503158		-1.0
	30419.99999998	2.6333		-1.85317  0.2  0.2		4.1705503158		-1.0
	30464.99999998	2.73043		-1.41557  0.2  0.2		4.1705503158		-1.0
	30509.99999998	3.57354		-0.84671  0.2  0.2		4.1705503158		-1.0
	30554.99999998	3.4017		-0.87556  0.2  0.2		4.1705503158		-1.0
	30599.99999998	3.09153		-0.68805  0.2  0.2		4.1705503158		-1.0
	30644.99999998	3.43117		-0.3643  0.2  0.2		4.1705503158		-1.0
	30689.99999998	3.45193		-0.06077  0.2  0.2		4.1705503158		-1.0
	30734.99999998	3.48411		-0.1681  0.2  0.2		4.1705503158		-1.0
	30779.99999998	3.55591		0.10578  0.2  0.2		4.1705503158		-1.0
	30824.99999998	3.94229		-0.05304  0.2  0.2		4.1705503158		-1.0
	30869.99999998	5.5889		-0.19436  0.2  0.2		4.1705503158		-1.0
	30914.99999998	7.22387		-0.09043  0.2  0.2		4.1705503158		-1.0
	30959.99999998	8.85103		-0.03852  0.2  0.2		4.1705503158		-1.0
	31004.99999998	10.40589		0.16109  0.2  0.2		4.1705503158		-1.0
	31049.99999998	11.98082		0.49928  0.2  0.2		4.1705503158		-1.0
	31094.99999998	13.21827		0.83332  0.2  0.2		4.1705503158		-1.0
	31139.99999998	14.40658		1.34401  0.2  0.2		4.1705503158		-1.0
	31184.99999998	15.24265		2.12006  0.2  0.2		4.1705503158		-1.0
	31229.99999998	16.0291		-2.399  0.2  0.2		4.1705503158		-1.0
	31274.99999998	16.72327		-1.73702  0.2  0.2		4.1705503158		-1.0
	31319.99999998	17.45429		-1.22177  0.2  0.2		4.1705503158		-1.0
	31364.99999998	18.10809		-0.94757  0.2  0.2		4.1705503158		-1.0
	31409.99999998	19.36865		-0.66598  0.2  0.2		4.1705503158		-1.0
	31454.99999998	20.46495		-0.42781  0.2  0.2		4.1705503158		-1.0
	31499.99999998	21.98333		-0.10556  0.2  0.2		4.1705503158		-1.0
	31544.99999998	23.03702		0.29307  0.2  0.2		4.1705503158		-1.0
	31589.99999998	22.6204		0.729  0.2  0.2		4.1705503158		-1.0
	31634.99999998	21.60997		1.6442  0.2  0.2		4.1705503158		-1.0
	31679.99999998	20.61451		-1.59854  0.2  0.2		4.1705503158		-1.0
	31724.99999998	19.82341		-2.11188  0.2  0.2		4.1705503158		-1.0
	31769.99999998	19.03898		-2.81617  0.2  0.2		4.1705503158		-1.0
	31814.99999998	18.25733		2.95009  0.2  0.2		4.1705503158		-1.0
	31859.99999998	17.50917		2.56568  0.2  0.2		4.1705503158		-1.0
	31904.99999998	16.62043		2.03565  0.2  0.2		4.1705503158		-1.0
	31949.99999998	15.56213		1.56129  0.2  0.2		4.1705503158		-1.0
	31994.99999998	14.45402		1.06021  0.2  0.2		4.1705503158		-1.0
	32039.99999998	13.36962		0.58137  0.2  0.2		4.1705503158		-1.0
	32084.99999998	12.15729		-0.17775  0.2  0.2		4.1705503158		-1.0
	32129.99999998	11.23633		-1.27912  0.2  0.2		4.1705503158		-1.0
	32174.99999998	10.36094		-2.96057  0.2  0.2		4.1705503158		-1.0
	32219.99999998	9.63339		2.45318  0.2  0.2		4.1705503158		-1.0
	32264.99999998	8.95484		1.68203  0.2  0.2		4.1705503158		-1.0
	32309.99999998	8.4695		1.08337  0.2  0.2		4.1705503158		-1.0
	32354.99999998	7.82583		0.41634  0.2  0.2		4.1705503158		-1.0
	32399.99999998	7.34631		-0.36023  0.2  0.2		4.1705503158		-1.0
	32444.99999998	6.8801		-1.37531  0.2  0.2		4.1705503158		-1.0
	32489.99999998	6.89992		-2.30999  0.2  0.2		4.1705503158		-1.0
	32534.99999998	7.22382		-3.03885  0.2  0.2		4.1705503158		-1.0
	32579.99999998	7.60311		2.70721  0.2  0.2		4.1705503158		-1.0
	32624.99999998	8.1293		2.67317  0.2  0.2		4.1705503158		-1.0
	32669.99999998	9.01981		-3.03996  0.2  0.2		4.1705503158		-1.0
	32714.99999998	10.4397		-2.31949  0.2  0.2		4.1705503158		-1.0
	32759.99999998	11.8019		-1.94359  0.2  0.2		4.1705503158		-1.0
	32804.99999998	13.1975		-1.61829  0.2  0.2		4.1705503158		-1.0
	32849.99999998	14.29548		-1.35491  0.2  0.2		4.1705503158		-1.0
	32894.99999998	15.07719		-0.61285  0.2  0.2		4.1705503158		-1.0
	32939.99999998	15.77557		0.91837  0.2  0.2		4.1705503158		-1.0
	32984.99999998	16.10707		1.62311  0.2  0.2		4.1705503158		-1.0
	33029.99999998	16.55215		2.02243  0.2  0.2		4.1705503158		-1.0
	33074.99999998	17.12809		2.37886  0.2  0.2		4.1705503158		-1.0
	33119.99999998	17.99443		2.7037  0.2  0.2		4.1705503158		-1.0
	33164.99999998	19.16278		2.88145  0.2  0.2		4.1705503158		-1.0
	33209.99999998	20.2883		2.46809  0.2  0.2		4.1705503158		-1.0
	33254.99999998	21.27182		0.4432  0.2  0.2		4.1705503158		-1.0
	33299.99999998	22.11586		0.48588  0.2  0.2		4.1705503158		-1.0
	33344.99999998	22.74036		0.37971  0.2  0.2		4.1705503158		-1.0
	33389.99999998	23.55244		0.43286  0.2  0.2		4.1705503158		-1.0
	33434.99999998	24.21365		0.47655  0.2  0.2		4.1705503158		-1.0
	33479.99999998	25.44919		0.57921  0.2  0.2		4.1705503158		-1.0
	33524.99999998	26.43529		0.73449  0.2  0.2		4.1705503158		-1.0
	33569.99999998	27.8782		0.78064  0.2  0.2		4.1705503158		-1.0
	33614.99999998	29.01373		1.01186  0.2  0.2		4.1705503158		-1.0
	33659.99999998	28.79044		1.06115  0.2  0.2		4.1705503158		-1.0
	33704.99999998	28.58285		1.32015  0.2  0.2		4.1705503158		-1.0
	33749.99999997	27.97473		2.91358  0.2  0.2		4.1705503158		-1.0
	33794.99999997	27.53054		3.13667  0.2  0.2		4.1705503158		-1.0
	33839.99999997	26.82824		-2.90097  0.2  0.2		4.1705503158		-1.0
	33884.99999997	26.29084		-2.6372  0.2  0.2		4.1705503158		-1.0
	33929.99999997	25.49658		-2.33261  0.2  0.2		4.1705503158		-1.0
	33974.99999997	24.78826		-2.01217  0.2  0.2		4.1705503158		-1.0
	34019.99999997	23.97383		-1.60523  0.2  0.2		4.1705503158		-1.0
	34064.99999997	22.97933		-1.36354  0.2  0.2		4.1705503158		-1.0
	34109.99999997	22.13178		-0.89095  0.2  0.2		4.1705503158		-1.0
	34154.99999997	20.94779		-0.61081  0.2  0.2		4.1705503158		-1.0
	34199.99999997	20.15415		0.01338  0.2  0.2		4.1705503158		-1.0
	34244.99999997	19.06024		0.38998  0.2  0.2		4.1705503158		-1.0
	34289.99999997	18.38031		1.05132  0.2  0.2		4.1705503158		-1.0
	34334.99999997	17.47607		1.46981  0.2  0.2		4.1705503158		-1.0
	34379.99999997	16.75553		2.12754  0.2  0.2		4.1705503158		-1.0
	34424.99999997	16.02573		2.83218  0.2  0.2		4.1705503158		-1.0
	34469.99999997	15.14513		-2.36541  0.2  0.2		4.1705503158		-1.0
	34514.99999997	14.59901		-0.61744  0.2  0.2		4.1705503158		-1.0
	34559.99999997	13.98867		1.01361  0.2  0.2		4.1705503158		-1.0
	34604.99999997	13.73553		1.60154  0.2  0.2		4.1705503158		-1.0
	34649.99999997	13.17033		2.4582  0.2  0.2		4.1705503158		-1.0
	34694.99999997	13.12429		3.03484  0.2  0.2		4.1705503158		-1.0
	34739.99999997	12.89071		-2.53032  0.2  0.2		4.1705503158		-1.0
	34784.99999997	12.83568		-1.8437  0.2  0.2		4.1705503158		-1.0
	34829.99999997	12.30701		-1.19738  0.2  0.2		4.1705503158		-1.0
	34874.99999997	11.39192		-0.76052  0.2  0.2		4.1705503158		-1.0
	34919.99999997	10.38033		-0.60572  0.2  0.2		4.1705503158		-1.0
	34964.99999997	9.40817		-1.23415  0.2  0.2		4.1705503158		-1.0
	35009.99999997	8.6035		-1.83457  0.2  0.2		4.1705503158		-1.0
	35054.99999997	7.69346		-1.49539  0.2  0.2		4.1705503158		-1.0
	35099.99999997	7.00731		-1.07599  0.2  0.2		4.1705503158		-1.0
	35144.99999997	6.56272		-0.56486  0.2  0.2		4.1705503158		-1.0
	35189.99999997	6.98894		-0.08431  0.2  0.2		4.1705503158		-1.0
	35234.99999997	6.94685		0.53454  0.2  0.2		4.1705503158		-1.0
	35279.99999997	6.98023		0.86702  0.2  0.2		4.1705503158		-1.0
	35324.99999997	7.47757		0.81308  0.2  0.2		4.1705503158		-1.0
	35369.99999997	8.92195		0.70248  0.2  0.2		4.1705503158		-1.0
	35414.99999997	10.74131		0.77568  0.2  0.2		4.1705503158		-1.0
	35459.99999997	12.64466		0.91174  0.2  0.2		4.1705503158		-1.0
	35504.99999997	14.1852		1.20383  0.2  0.2		4.1705503158		-1.0
	35549.99999997	15.07374		2.15765  0.2  0.2		4.1705503158		-1.0
	35594.99999997	15.39221		-3.07894  0.2  0.2		4.1705503158		-1.0
	35639.99999997	15.50316		-2.76959  0.2  0.2		4.1705503158		-1.0
	35684.99999997	16.0129		-2.66938  0.2  0.2		4.1705503158		-1.0
	35729.99999997	16.65652		-2.61428  0.2  0.2		4.1705503158		-1.0
	35774.99999997	17.98478		-2.64027  0.2  0.2		4.1705503158		-1.0
	35819.99999997	19.40848		-2.59717  0.2  0.2		4.1705503158		-1.0
	35864.99999997	20.66254		-2.43533  0.2  0.2		4.1705503158		-1.0
	35909.99999997	21.46575		-2.52459  0.2  0.2		4.1705503158		-1.0
	35954.99999997	22.12137		1.1667  0.2  0.2		4.1705503158		-1.0
	35999.99999997	22.32002		1.40288  0.2  0.2		4.1705503158		-1.0
	36044.99999997	22.97744		1.49049  0.2  0.2		4.1705503158		-1.0
	36089.99999997	23.74618		1.61783  0.2  0.2		4.1705503158		-1.0
	36134.99999997	24.79902		1.695  0.2  0.2		4.1705503158		-1.0
	36179.99999997	25.89297		1.78742  0.2  0.2		4.1705503158		-1.0
	36224.99999997	27.13225		1.8418  0.2  0.2		4.1705503158		-1.0
	36269.99999997	26.93444		1.93383  0.2  0.2		4.1705503158		-1.0
	36314.99999997	26.62065		2.733  0.2  0.2		4.1705503158		-1.0
	36359.99999997	26.37898		2.55861  0.2  0.2		4.1705503158		-1.0
	36404.99999997	25.98224		2.32471  0.2  0.2		4.1705503158		-1.0
	36449.99999997	25.25097		2.06145  0.2  0.2		4.1705503158		-1.0
	36494.99999997	24.33071		2.1122  0.2  0.2		4.1705503158		-1.0
	36539.99999997	23.12594		1.87046  0.2  0.2		4.1705503158		-1.0
	36584.99999997	21.98847		2.47393  0.2  0.2		4.1705503158		-1.0
	36629.99999997	20.74479		2.87286  0.2  0.2		4.1705503158		-1.0
	36674.99999997	20.27275		-2.45079  0.2  0.2		4.1705503158		-1.0
	36719.99999997	19.56227		-2.2163  0.2  0.2		4.1705503158		-1.0
	36764.99999997	19.25145		-1.255  0.2  0.2		4.1705503158		-1.0
	36809.99999997	18.42962		-1.22049  0.2  0.2		4.1705503158		-1.0
	36854.99999997	18.04945		-0.2914  0.2  0.2		4.1705503158		-1.0
	36899.99999997	17.19592		0.27674  0.2  0.2		4.1705503158		-1.0
	36944.99999997	16.66197		1.02294  0.2  0.2		4.1705503158		-1.0
	36989.99999997	16.02954		1.55245  0.2  0.2		4.1705503158		-1.0
	37034.99999997	15.41182		2.29485  0.2  0.2		4.1705503158		-1.0
	37079.99999997	14.94632		-2.82118  0.2  0.2		4.1705503158		-1.0
	37124.99999997	14.15475		-2.09405  0.2  0.2		4.1705503158		-1.0
	37169.99999997	13.88338		-1.51233  0.2  0.2		4.1705503158		-1.0
	37214.99999997	13.20145		-1.04926  0.2  0.2		4.1705503158		-1.0
	37259.99999997	12.86151		-0.09931  0.2  0.2		4.1705503158		-1.0
	37304.99999997	12.4988		2.30893  0.2  0.2		4.1705503158		-1.0
	37349.99999997	12.6296		2.8009  0.2  0.2		4.1705503158		-1.0
	37394.99999997	12.62055		-2.86045  0.2  0.2		4.1705503158		-1.0
	37439.99999997	12.58119		-2.28935  0.2  0.2		4.1705503158		-1.0
	37484.99999997	12.03712		-1.72073  0.2  0.2		4.1705503158		-1.0
	37529.99999997	11.43433		-1.15277  0.2  0.2		4.1705503158		-1.0
	37574.99999997	10.78758		-0.6528  0.2  0.2		4.1705503158		-1.0
	37619.99999997	10.06892		-0.19097  0.2  0.2		4.1705503158		-1.0
	37664.99999997	9.73913		3.03819  0.2  0.2		4.1705503158		-1.0
	37709.99999997	9.49047		-2.01804  0.2  0.2		4.1705503158		-1.0
	37754.99999997	9.34005		-1.52647  0.2  0.2		4.1705503158		-1.0
	37799.99999997	8.61607		-0.69054  0.2  0.2		4.1705503158		-1.0
	37844.99999997	7.92299		-0.10276  0.2  0.2		4.1705503158		-1.0
	37889.99999997	6.88897		0.48149  0.2  0.2		4.1705503158		-1.0
	37934.99999997	6.14262		0.97712  0.2  0.2		4.1705503158		-1.0
	37979.99999997	5.58288		1.09634  0.2  0.2		4.1705503158		-1.0
	38024.99999997	6.69169		1.17856  0.2  0.2		4.1705503158		-1.0
	38069.99999997	7.86447		0.82568  0.2  0.2		4.1705503158		-1.0
	38114.99999997	9.27081		0.52487  0.2  0.2		4.1705503158		-1.0
	38159.99999997	10.88022		0.21753  0.2  0.2		4.1705503158		-1.0
	38204.99999997	12.5658		-0.13125  0.2  0.2		4.1705503158		-1.0
	38249.99999997	13.86129		-0.52383  0.2  0.2		4.1705503158		-1.0
	38294.99999997	14.81455		-0.70049  0.2  0.2		4.1705503158		-1.0
	38339.99999997	15.39179		-1.256  0.2  0.2		4.1705503158		-1.0
	38384.99999997	16.46173		-1.52565  0.2  0.2		4.1705503158		-1.0
	38429.99999997	17.20974		-3.11653  0.2  0.2		4.1705503158		-1.0
	38474.99999997	18.30731		0.3777  0.2  0.2		4.1705503158		-1.0
	38519.99999997	18.99525		-1.08473  0.2  0.2		4.1705503158		-1.0
	38564.99999997	20.11602		-1.75884  0.2  0.2		4.1705503158		-1.0
	38609.99999997	20.77827		-2.22581  0.2  0.2		4.1705503158		-1.0
	38654.99999997	21.74123		-2.50768  0.2  0.2		4.1705503158		-1.0
	38699.99999997	22.38869		-2.75058  0.2  0.2		4.1705503158		-1.0
	38744.99999997	23.4232		-3.08775  0.2  0.2		4.1705503158		-1.0
	38789.99999997	24.06114		2.91164  0.2  0.2		4.1705503158		-1.0
	38834.99999997	24.81017		2.3744  0.2  0.2		4.1705503158		-1.0
	38879.99999997	25.40924		-0.39532  0.2  0.2		4.1705503158		-1.0
	38924.99999997	25.8897		-0.57295  0.2  0.2		4.1705503158		-1.0
	38969.99999997	26.58573		-0.72531  0.2  0.2		4.1705503158		-1.0
	39014.99999997	27.36074		-0.87455  0.2  0.2		4.1705503158		-1.0
	39059.99999997	28.74363		-1.17131  0.2  0.2		4.1705503158		-1.0
	39104.99999997	30.01634		-1.3285  0.2  0.2		4.1705503158		-1.0
	39149.99999997	31.51723		2.80569  0.2  0.2		4.1705503158		-1.0
	39194.99999997	32.6372		-2.95658  0.2  0.2		4.1705503158		-1.0
	39239.99999997	32.17052		2.95421  0.2  0.2		4.1705503158		-1.0
	39284.99999997	30.94628		3.09058  0.2  0.2		4.1705503158		-1.0
	39329.99999997	29.3527		1.47011  0.2  0.2		4.1705503158		-1.0
	39374.99999997	28.14377		1.79588  0.2  0.2		4.1705503158		-1.0
	39419.99999997	26.62455		1.34529  0.2  0.2		4.1705503158		-1.0
	39464.99999997	25.70164		2.16884  0.2  0.2		4.1705503158		-1.0
	39509.99999997	24.68151		0.71485  0.2  0.2		4.1705503158		-1.0
	39554.99999997	23.77957		0.85739  0.2  0.2		4.1705503158		-1.0
	39599.99999997	22.95956		1.02053  0.2  0.2		4.1705503158		-1.0
	39644.99999997	21.9621		0.55352  0.2  0.2		4.1705503158		-1.0
	39689.99999997	21.11791		0.96132  0.2  0.2		4.1705503158		-1.0
	39734.99999997	19.88324		0.87159  0.2  0.2		4.1705503158		-1.0
	39779.99999997	18.83546		1.27261  0.2  0.2		4.1705503158		-1.0
	39824.99999997	17.74898		1.46871  0.2  0.2		4.1705503158		-1.0
	39869.99999997	16.95961		2.01902  0.2  0.2		4.1705503158		-1.0
	39914.99999997	15.84451		2.62528  0.2  0.2		4.1705503158		-1.0
	39959.99999997	15.05235		3.03729  0.2  0.2		4.1705503158		-1.0
	40004.99999997	14.17949		-2.96686  0.2  0.2		4.1705503158		-1.0
	40049.99999997	13.11101		-2.69548  0.2  0.2		4.1705503158		-1.0
	40094.99999997	12.0734		-2.50222  0.2  0.2		4.1705503158		-1.0
	40139.99999997	10.86951		-2.32483  0.2  0.2		4.1705503158		-1.0
	40184.99999997	9.862		-2.15019  0.2  0.2		4.1705503158		-1.0
	40229.99999996	8.59031		-2.07774  0.2  0.2		4.1705503158		-1.0
	40274.99999996	7.28687		-2.02372  0.2  0.2		4.1705503158		-1.0
	40319.99999996	6.11694		-2.07297  0.2  0.2		4.1705503158		-1.0
	40364.99999996	5.89616		-2.00626  0.2  0.2		4.1705503158		-1.0
	40409.99999996	6.89735		-1.84593  0.2  0.2		4.1705503158		-1.0
	40454.99999996	8.63862		-1.54868  0.2  0.2		4.1705503158		-1.0
	40499.99999996	10.36922		-1.49026  0.2  0.2		4.1705503158		-1.0
	40544.99999996	12.13488		-1.53073  0.2  0.2		4.1705503158		-1.0
	40589.99999996	13.11177		-1.50048  0.2  0.2		4.1705503158		-1.0
	40634.99999996	14.01992		-1.60416  0.2  0.2		4.1705503158		-1.0
	40679.99999996	14.57444		-0.89133  0.2  0.2		4.1705503158		-1.0
	40724.99999996	14.52971		-0.43134  0.2  0.2		4.1705503158		-1.0
	40769.99999996	13.64004		0.09196  0.2  0.2		4.1705503158		-1.0
	40814.99999996	12.68998		0.61765  0.2  0.2		4.1705503158		-1.0
	40859.99999996	11.44648		1.21676  0.2  0.2		4.1705503158		-1.0
	40904.99999996	10.52158		2.15391  0.2  0.2		4.1705503158		-1.0
	40949.99999996	9.87922		2.51949  0.2  0.2		4.1705503158		-1.0
	40994.99999996	9.86285		2.50391  0.2  0.2		4.1705503158		-1.0
	41039.99999996	10.27509		2.29509  0.2  0.2		4.1705503158		-1.0
	41084.99999996	10.05382		1.52445  0.2  0.2		4.1705503158		-1.0
	41129.99999996	8.67091		1.33109  0.2  0.2		4.1705503158		-1.0
	41174.99999996	7.30969		1.63038  0.2  0.2		4.1705503158		-1.0
	41219.99999996	7.24361		2.36047  0.2  0.2		4.1705503158		-1.0
	41264.99999996	8.27238		2.58559  0.2  0.2		4.1705503158		-1.0
	41309.99999996	9.62402		1.9804  0.2  0.2		4.1705503158		-1.0
	41354.99999996	9.88625		1.53787  0.2  0.2		4.1705503158		-1.0
	41399.99999996	8.99753		1.20949  0.2  0.2		4.1705503158		-1.0
	41444.99999996	7.59603		1.49899  0.2  0.2		4.1705503158		-1.0
	41489.99999996	7.2488		2.40609  0.2  0.2		4.1705503158		-1.0
	41534.99999996	8.19561		2.48161  0.2  0.2		4.1705503158		-1.0
	41579.99999996	9.40111		2.02641  0.2  0.2		4.1705503158		-1.0
	41624.99999996	9.38279		1.02492  0.2  0.2		4.1705503158		-1.0
	41669.99999996	8.72447		0.28912  0.2  0.2		4.1705503158		-1.0
	41714.99999996	7.81419		0.1072  0.2  0.2		4.1705503158		-1.0
	41759.99999996	7.47417		0.41306  0.2  0.2		4.1705503158		-1.0
	41804.99999996	8.26078		0.46998  0.2  0.2		4.1705503158		-1.0
	41849.99999996	9.205		0.15724  0.2  0.2		4.1705503158		-1.0
	41894.99999996	9.59077		-0.53399  0.2  0.2		4.1705503158		-1.0
	41939.99999996	9.64225		-1.19699  0.2  0.2		4.1705503158		-1.0
	41984.99999996	10.00503		-1.50861  0.2  0.2		4.1705503158		-1.0
	42029.99999996	10.99549		-1.6683  0.2  0.2		4.1705503158		-1.0
	42074.99999996	12.35421		-1.79509  0.2  0.2		4.1705503158		-1.0
	42119.99999996	13.37725		-2.44499  0.2  0.2		4.1705503158		-1.0
	42164.99999996	14.29543		2.98899  0.2  0.2		4.1705503158		-1.0
	42209.99999996	15.36639		2.88517  0.2  0.2		4.1705503158		-1.0
	42254.99999996	15.82508		2.72718  0.2  0.2		4.1705503158		-1.0
	42299.99999996	16.58434		2.54414  0.2  0.2		4.1705503158		-1.0
	42344.99999996	16.84932		2.78409  0.2  0.2		4.1705503158		-1.0
	42389.99999996	17.83591		2.83126  0.2  0.2		4.1705503158		-1.0
	42434.99999996	18.50728		-3.10823  0.2  0.2		4.1705503158		-1.0
	42479.99999996	19.75794		2.8621  0.2  0.2		4.1705503158		-1.0
	42524.99999996	21.01651		2.38595  0.2  0.2		4.1705503158		-1.0
	42569.99999996	21.89232		1.45463  0.2  0.2		4.1705503158		-1.0
	42614.99999996	22.24235		0.8971  0.2  0.2		4.1705503158		-1.0
	42659.99999996	22.3218		0.57151  0.2  0.2		4.1705503158		-1.0
	42704.99999996	22.58327		0.05241  0.2  0.2		4.1705503158		-1.0
	42749.99999996	22.82511		-0.83368  0.2  0.2		4.1705503158		-1.0
	42794.99999996	23.24035		-1.98674  0.2  0.2		4.1705503158		-1.0
	42839.99999996	24.07916		-2.87912  0.2  0.2		4.1705503158		-1.0
	42884.99999996	24.92483		2.9055  0.2  0.2		4.1705503158		-1.0
	42929.99999996	25.64718		2.36624  0.2  0.2		4.1705503158		-1.0
	42974.99999996	26.39271		2.0924  0.2  0.2		4.1705503158		-1.0
	43019.99999996	27.04783		1.99494  0.2  0.2		4.1705503158		-1.0
	43064.99999996	27.8251		2.72605  0.2  0.2		4.1705503158		-1.0
	43109.99999996	29.05195		-2.68836  0.2  0.2		4.1705503158		-1.0
	43154.99999996	30.71332		-2.13242  0.2  0.2		4.1705503158		-1.0
	43199.99999996	32.14305		-1.86229  0.2  0.2		4.1705503158		-1.0
	43244.99999996	31.67147		-2.24385  0.2  0.2		4.1705503158		-1.0
	43289.99999996	30.51399		2.58382  0.2  0.2		4.1705503158		-1.0
	43334.99999996	29.20646		-2.59467  0.2  0.2		4.1705503158		-1.0
	43379.99999996	28.02652		-2.17392  0.2  0.2		4.1705503158		-1.0
	43424.99999996	26.98171		-1.82862  0.2  0.2		4.1705503158		-1.0
	43469.99999996	25.77819		-1.45529  0.2  0.2		4.1705503158		-1.0
	43514.99999996	24.96499		-1.10047  0.2  0.2		4.1705503158		-1.0
	43559.99999996	23.94526		-0.78431  0.2  0.2		4.1705503158		-1.0
	43604.99999996	23.03883		-0.35841  0.2  0.2		4.1705503158		-1.0
	43649.99999996	22.21557		-0.15329  0.2  0.2		4.1705503158		-1.0
	43694.99999996	21.21689		-0.12957  0.2  0.2		4.1705503158		-1.0
	43739.99999996	19.9386		0.00269  0.2  0.2		4.1705503158		-1.0
	43784.99999996	18.72719		0.00275  0.2  0.2		4.1705503158		-1.0
	43829.99999996	17.10921		0.11568  0.2  0.2		4.1705503158		-1.0
	43874.99999996	15.44761		-0.05686  0.2  0.2		4.1705503158		-1.0
	43919.99999996	13.89779		-0.06713  0.2  0.2		4.1705503158		-1.0
	43964.99999996	12.56754		-0.16584  0.2  0.2		4.1705503158		-1.0
	44009.99999996	11.18758		0.73699  0.2  0.2		4.1705503158		-1.0
	44054.99999996	10.48749		2.58154  0.2  0.2		4.1705503158		-1.0
	44099.99999996	9.92782		2.50222  0.2  0.2		4.1705503158		-1.0
	44144.99999996	10.65892		2.43459  0.2  0.2		4.1705503158		-1.0
	44189.99999996	11.83195		2.07265  0.2  0.2		4.1705503158		-1.0
	44234.99999996	13.1962		1.4849  0.2  0.2		4.1705503158		-1.0
	44279.99999996	14.04698		0.93185  0.2  0.2		4.1705503158		-1.0
	44324.99999996	14.85343		0.9028  0.2  0.2		4.1705503158		-1.0
	44369.99999996	15.56889		1.03738  0.2  0.2		4.1705503158		-1.0
	44414.99999996	16.13535		1.25446  0.2  0.2		4.1705503158		-1.0
	44459.99999996	16.46444		1.79997  0.2  0.2		4.1705503158		-1.0
	44504.99999996	16.28854		2.44868  0.2  0.2		4.1705503158		-1.0
	44549.99999996	15.67591		-0.79645  0.2  0.2		4.1705503158		-1.0
	44594.99999996	14.54136		-0.0708  0.2  0.2		4.1705503158		-1.0
	44639.99999996	12.96107		0.10437  0.2  0.2		4.1705503158		-1.0
	44684.99999996	11.27492		0.32564  0.2  0.2		4.1705503158		-1.0
	44729.99999996	9.59232		0.56297  0.2  0.2		4.1705503158		-1.0
	44774.99999996	8.59989		1.16087  0.2  0.2		4.1705503158		-1.0
	44819.99999996	7.85795		1.74922  0.2  0.2		4.1705503158		-1.0
	44864.99999996	7.44466		1.83006  0.2  0.2		4.1705503158		-1.0
	44909.99999996	6.89018		2.137  0.2  0.2		4.1705503158		-1.0
	44954.99999996	6.42466		2.58511  0.2  0.2		4.1705503158		-1.0
	44999.99999996	6.47882		3.00468  0.2  0.2		4.1705503158		-1.0
	45044.99999996	7.14872		-2.96005  0.2  0.2		4.1705503158		-1.0
	45089.99999996	7.75901		-2.42976  0.2  0.2		4.1705503158		-1.0
	45134.99999996	8.58756		-2.18764  0.2  0.2		4.1705503158		-1.0
	45179.99999996	9.65345		-1.8024  0.2  0.2		4.1705503158		-1.0
	45224.99999996	10.59732		-1.78388  0.2  0.2		4.1705503158		-1.0
	45269.99999996	11.8215		-1.72927  0.2  0.2		4.1705503158		-1.0
	45314.99999996	11.84661		-2.2349  0.2  0.2		4.1705503158		-1.0
	45359.99999996	11.61538		-3.03926  0.2  0.2		4.1705503158		-1.0
	45404.99999996	10.36612		2.905  0.2  0.2		4.1705503158		-1.0
	45449.99999996	9.10115		2.69565  0.2  0.2		4.1705503158		-1.0
	45494.99999996	7.47602		2.56998  0.2  0.2		4.1705503158		-1.0
	45539.99999996	5.66421		2.58393  0.2  0.2		4.1705503158		-1.0
	45584.99999996	5.82639		-3.1018  0.2  0.2		4.1705503158		-1.0
	45629.99999996	7.14074		-2.76995  0.2  0.2		4.1705503158		-1.0
	45674.99999996	8.25834		-3.10068  0.2  0.2		4.1705503158		-1.0
	45719.99999996	8.99342		2.65833  0.2  0.2		4.1705503158		-1.0
	45764.99999996	8.88958		2.06668  0.2  0.2		4.1705503158		-1.0
	45809.99999996	8.00667		2.08029  0.2  0.2		4.1705503158		-1.0
	45854.99999996	6.98478		2.76688  0.2  0.2		4.1705503158		-1.0
	45899.99999996	7.06519		-1.72689  0.2  0.2		4.1705503158		-1.0
	45944.99999996	8.46799		-0.75182  0.2  0.2		4.1705503158		-1.0
	45989.99999996	9.99476		-0.70128  0.2  0.2		4.1705503158		-1.0
	46034.99999996	10.87724		-1.41783  0.2  0.2		4.1705503158		-1.0
	46079.99999996	10.31264		-2.29631  0.2  0.2		4.1705503158		-1.0
	46124.99999996	8.93949		-2.74787  0.2  0.2		4.1705503158		-1.0
	46169.99999996	7.65603		-2.15715  0.2  0.2		4.1705503158		-1.0
	46214.99999996	7.6684		-0.90849  0.2  0.2		4.1705503158		-1.0
	46259.99999996	8.72117		-0.1611  0.2  0.2		4.1705503158		-1.0
	46304.99999996	9.76109		0.18571  0.2  0.2		4.1705503158		-1.0
	46349.99999996	10.64469		-0.59054  0.2  0.2		4.1705503158		-1.0
	46394.99999996	10.69769		-1.53971  0.2  0.2		4.1705503158		-1.0
	46439.99999996	10.33417		-2.23471  0.2  0.2		4.1705503158		-1.0
	46484.99999996	9.89957		-2.66632  0.2  0.2		4.1705503158		-1.0
	46529.99999996	10.15324		-1.67594  0.2  0.2		4.1705503158		-1.0
	46574.99999996	10.46653		-2.20611  0.2  0.2		4.1705503158		-1.0
	46619.99999996	11.61878		-1.51902  0.2  0.2		4.1705503158		-1.0
	46664.99999996	11.74387		-2.71439  0.2  0.2		4.1705503158		-1.0
	46709.99999996	11.99765		-2.80219  0.2  0.2		4.1705503158		-1.0
	46754.99999995	12.33147		-2.83144  0.2  0.2		4.1705503158		-1.0
	46799.99999995	12.9235		3.02663  0.2  0.2		4.1705503158		-1.0
	46844.99999995	14.00178		2.83795  0.2  0.2		4.1705503158		-1.0
	46889.99999995	14.74827		1.67123  0.2  0.2		4.1705503158		-1.0
	46934.99999995	15.96524		1.44468  0.2  0.2		4.1705503158		-1.0
	46979.99999995	16.5187		-1.03768  0.2  0.2		4.1705503158		-1.0
	47024.99999995	17.6658		-1.01592  0.2  0.2		4.1705503158		-1.0
	47069.99999995	18.31577		-1.54829  0.2  0.2		4.1705503158		-1.0
	47114.99999995	19.0977		-1.69154  0.2  0.2		4.1705503158		-1.0
	47159.99999995	19.64629		-2.18477  0.2  0.2		4.1705503158		-1.0
	47204.99999995	20.35707		-2.08769  0.2  0.2		4.1705503158		-1.0
	47249.99999995	21.06736		-3.06953  0.2  0.2		4.1705503158		-1.0
	47294.99999995	21.67171		0.04241  0.2  0.2		4.1705503158		-1.0
	47339.99999995	22.2197		-0.05029  0.2  0.2		4.1705503158		-1.0
	47384.99999995	22.69236		-0.53106  0.2  0.2		4.1705503158		-1.0
	47429.99999995	22.63326		-0.91449  0.2  0.2		4.1705503158		-1.0
	47474.99999995	21.88958		-1.56342  0.2  0.2		4.1705503158		-1.0
	47519.99999995	20.82307		-2.17039  0.2  0.2		4.1705503158		-1.0
	47564.99999995	20.31032		-2.73779  0.2  0.2		4.1705503158		-1.0
	47609.99999995	20.00483		2.97183  0.2  0.2		4.1705503158		-1.0
	47654.99999995	20.46958		2.42422  0.2  0.2		4.1705503158		-1.0
	47699.99999995	21.37439		2.39397  0.2  0.2		4.1705503158		-1.0
	47744.99999995	22.20195		2.82694  0.2  0.2		4.1705503158		-1.0
	47789.99999995	22.8213		3.13492  0.2  0.2		4.1705503158		-1.0
	47834.99999995	23.26166		2.87268  0.2  0.2		4.1705503158		-1.0
	47879.99999995	24.06529		2.03966  0.2  0.2		4.1705503158		-1.0
	47924.99999995	24.70832		1.2088  0.2  0.2		4.1705503158		-1.0
	47969.99999995	25.24553		0.41241  0.2  0.2		4.1705503158		-1.0
	48014.99999995	25.08089		-0.52873  0.2  0.2		4.1705503158		-1.0
	48059.99999995	25.1383		-1.36989  0.2  0.2		4.1705503158		-1.0
	48104.99999995	25.55342		-0.44709  0.2  0.2		4.1705503158		-1.0
	48149.99999995	26.15698		0.3005  0.2  0.2		4.1705503158		-1.0
	48194.99999995	26.75861		0.53022  0.2  0.2		4.1705503158		-1.0
	48239.99999995	27.6276		0.49864  0.2  0.2		4.1705503158		-1.0
	48284.99999995	28.74296		0.27524  0.2  0.2		4.1705503158		-1.0
	48329.99999995	29.90265		-0.82148  0.2  0.2		4.1705503158		-1.0
	48374.99999995	31.03586		0.27084  0.2  0.2		4.1705503158		-1.0
	48419.99999995	30.12103		0.19354  0.2  0.2		4.1705503158		-1.0
	48464.99999995	29.0629		-2.82435  0.2  0.2		4.1705503158		-1.0
	48509.99999995	28.27871		2.5628  0.2  0.2		4.1705503158		-1.0
	48554.99999995	28.24473		1.89325  0.2  0.2		4.1705503158		-1.0
	48599.99999995	28.84093		1.35089  0.2  0.2		4.1705503158		-1.0
	48644.99999995	29.94811		1.56775  0.2  0.2		4.1705503158		-1.0
	48689.99999995	30.518		1.86293  0.2  0.2		4.1705503158		-1.0
	48734.99999995	30.77552		2.46476  0.2  0.2		4.1705503158		-1.0
	48779.99999995	31.55231		2.63365  0.2  0.2		4.1705503158		-1.0
	48824.99999995	31.77788		-2.18033  0.2  0.2		4.1705503158		-1.0
	48869.99999995	30.66301		2.28902  0.2  0.2		4.1705503158		-1.0
	48914.99999995	29.7518		0.58783  0.2  0.2		4.1705503158		-1.0
	48959.99999995	29.43547		-0.94593  0.2  0.2		4.1705503158		-1.0
	49004.99999995	29.1295		-1.54235  0.2  0.2		4.1705503158		-1.0
	49049.99999995	28.55883		-1.51617  0.2  0.2		4.1705503158		-1.0
	49094.99999995	27.72152		-1.4534  0.2  0.2		4.1705503158		-1.0
	49139.99999995	26.89254		-1.26109  0.2  0.2		4.1705503158		-1.0
	49184.99999995	26.14517		0.39049  0.2  0.2		4.1705503158		-1.0
	49229.99999995	25.33255		1.04873  0.2  0.2		4.1705503158		-1.0
	49274.99999995	24.94632		1.87991  0.2  0.2		4.1705503158		-1.0
	49319.99999995	24.61235		2.37371  0.2  0.2		4.1705503158		-1.0
	49364.99999995	23.96856		2.86744  0.2  0.2		4.1705503158		-1.0
	49409.99999995	23.43508		3.11387  0.2  0.2		4.1705503158		-1.0
	49454.99999995	22.75944		-2.83821  0.2  0.2		4.1705503158		-1.0
	49499.99999995	22.65441		-2.56099  0.2  0.2		4.1705503158		-1.0
	49544.99999995	22.25618		-1.72572  0.2  0.2		4.1705503158		-1.0
	49589.99999995	22.21539		-0.86916  0.2  0.2		4.1705503158		-1.0
	49634.99999995	21.54302		-0.17333  0.2  0.2		4.1705503158		-1.0
	49679.99999995	20.61128		-0.16485  0.2  0.2		4.1705503158		-1.0
	49724.99999995	19.26576		-0.18436  0.2  0.2		4.1705503158		-1.0
	49769.99999995	18.25488		-0.71887  0.2  0.2		4.1705503158		-1.0
	49814.99999995	17.23835		-0.82151  0.2  0.2		4.1705503158		-1.0
	49859.99999995	16.22961		-0.7644  0.2  0.2		4.1705503158		-1.0
	49904.99999995	15.08618		-0.59066  0.2  0.2		4.1705503158		-1.0
	49949.99999995	14.49044		0.15158  0.2  0.2		4.1705503158		-1.0
	49994.99999995	14.17663		0.77726  0.2  0.2		4.1705503158		-1.0
