	45.00000000	3.00712		0.25439     0.2    0.2		4.1705503158		-1.0
	90.00000000	2.83827		0.36687     0.2    0.2		4.1705503158		-1.0
	135.00000000	2.99838		0.06888     0.2    0.2		4.1705503158		-1.0
	180.00000000	2.8309		-0.47405     0.2    0.2		4.1705503158		-1.0
	225.00000000	2.87221		-0.82657     0.2    0.2		4.1705503158		-1.0
	270.00000000	2.95601		-1.09192     0.2    0.2		4.1705503158		-1.0
	315.00000000	2.98816		-1.23868     0.2    0.2		4.1705503158		-1.0
	360.00000000	2.91249		-1.63907     0.2    0.2		4.1705503158		-1.0
	405.00000000	2.95252		-1.83186     0.2    0.2		4.1705503158		-1.0
	450.00000000	2.91284		-2.42076     0.2    0.2		4.1705503158		-1.0
	495.00000000	2.98515		-2.41034     0.2    0.2		4.1705503158		-1.0
	540.00000000	2.91711		-2.5956     0.2    0.2		4.1705503158		-1.0
	585.00000000	2.8842		-2.79554     0.2    0.2		4.1705503158		-1.0
	630.00000000	2.87239		-2.72155     0.2    0.2		4.1705503158		-1.0
	675.00000000	2.95602		-3.08982     0.2    0.2		4.1705503158		-1.0
	720.00000000	2.94974		-2.93572     0.2    0.2		4.1705503158		-1.0
	765.00000000	2.91201		2.83356     0.2    0.2		4.1705503158		-1.0
	810.00000000	2.89032		2.48961     0.2    0.2		4.1705503158		-1.0
	855.00000000	2.93985		2.35396     0.2    0.2		4.1705503158		-1.0
	900.00000000	2.90846		1.82736     0.2    0.2		4.1705503158		-1.0
	945.00000000	2.97151		1.71728     0.2    0.2		4.1705503158		-1.0
	990.00000000	2.90434		0.97958     0.2    0.2		4.1705503158		-1.0
	1035.00000000	2.93898		1.08783     0.2    0.2		4.1705503158		-1.0
	1080.00000000	2.9158		0.1037     0.2    0.2		4.1705503158		-1.0
	1125.00000000	2.90863		-0.60117     0.2    0.2		4.1705503158		-1.0
	1170.00000000	2.88611		-0.9989     0.2    0.2		4.1705503158		-1.0
	1215.00000000	2.87397		-1.20217     0.2    0.2		4.1705503158		-1.0
	1260.00000000	2.92445		-1.40581     0.2    0.2		4.1705503158		-1.0
	1305.00000000	2.84206		-1.82093     0.2    0.2		4.1705503158		-1.0
	1350.00000000	2.88529		-1.93726     0.2    0.2		4.1705503158		-1.0
	1395.00000000	2.87344		-2.34779     0.2    0.2		4.1705503158		-1.0
	1440.00000000	2.96028		-2.53203     0.2    0.2		4.1705503158		-1.0
	1485.00000000	3.07596		-2.91347     0.2    0.2		4.1705503158		-1.0
	1530.00000000	3.01019		3.12189     0.2    0.2		4.1705503158		-1.0
	1575.00000000	2.94566		2.778     0.2    0.2		4.1705503158		-1.0
	1620.00000000	2.80269		2.33605     0.2    0.2		4.1705503158		-1.0
	1665.00000000	2.82473		1.92169     0.2    0.2		4.1705503158		-1.0
	1710.00000000	2.94388		1.69887     0.2    0.2		4.1705503158		-1.0
	1755.00000000	3.02222		1.30333     0.2    0.2		4.1705503158		-1.0
	1800.00000000	2.87743		1.02813     0.2    0.2		4.1705503158		-1.0
	1845.00000000	2.88431		0.64587     0.2    0.2		4.1705503158		-1.0
	1890.00000000	2.83588		-0.05549     0.2    0.2		4.1705503158		-1.0
	1935.00000000	3.00239		-0.77849     0.2    0.2		4.1705503158		-1.0
	1980.00000000	3.10173		-0.86757     0.2    0.2		4.1705503158		-1.0
	2025.00000000	3.07851		-1.1845     0.2    0.2		4.1705503158		-1.0
	2070.00000000	2.96801		-1.61022     0.2    0.2		4.1705503158		-1.0
	2115.00000000	2.87323		-2.05849     0.2    0.2		4.1705503158		-1.0
	2160.00000000	2.89699		-2.02847     0.2    0.2		4.1705503158		-1.0
	2205.00000000	2.89509		-2.47703     0.2    0.2		4.1705503158		-1.0
	2250.00000000	3.00295		-2.80286     0.2    0.2		4.1705503158		-1.0
	2295.00000000	2.96896		3.09408     0.2    0.2		4.1705503158		-1.0
	2340.00000000	2.98472		2.68049     0.2    0.2		4.1705503158		-1.0
	2385.00000000	2.83674		2.02728     0.2    0.2		4.1705503158		-1.0
	2430.00000000	2.81998		1.89789     0.2    0.2		4.1705503158		-1.0
	2475.00000000	2.88195		1.17152     0.2    0.2		4.1705503158		-1.0
	2520.00000000	3.02715		0.63908     0.2    0.2		4.1705503158		-1.0
	2565.00000000	3.09676		0.26027     0.2    0.2		4.1705503158		-1.0
	2610.00000000	2.84017		-0.46815     0.2    0.2		4.1705503158		-1.0
	2655.00000000	2.90924		-0.23022     0.2    0.2		4.1705503158		-1.0
	2700.00000000	2.8199		-0.31217     0.2    0.2		4.1705503158		-1.0
	2745.00000000	2.85898		0.33383     0.2    0.2		4.1705503158		-1.0
	2790.00000000	2.91318		0.71881     0.2    0.2		4.1705503158		-1.0
	2835.00000000	2.88462		0.58983     0.2    0.2		4.1705503158		-1.0
	2880.00000000	2.89748		0.81636     0.2    0.2		4.1705503158		-1.0
	2925.00000000	2.74411		0.70083     0.2    0.2		4.1705503158		-1.0
	2970.00000000	2.90332		1.10495     0.2    0.2		4.1705503158		-1.0
	3015.00000000	2.80055		1.26816     0.2    0.2		4.1705503158		-1.0
	3060.00000000	2.7468		1.28717     0.2    0.2		4.1705503158		-1.0
	3105.00000000	2.84006		1.76213     0.2    0.2		4.1705503158		-1.0
	3150.00000000	2.9222		2.37173     0.2    0.2		4.1705503158		-1.0
	3195.00000000	2.89975		2.5948     0.2    0.2		4.1705503158		-1.0
	3240.00000000	2.89529		2.82428     0.2    0.2		4.1705503158		-1.0
	3285.00000000	2.89227		2.12904     0.2    0.2		4.1705503158		-1.0
	3330.00000000	2.96107		1.99772     0.2    0.2		4.1705503158		-1.0
	3375.00000000	3.04409		1.61376     0.2    0.2		4.1705503158		-1.0
	3420.00000000	3.11764		1.63086     0.2    0.2		4.1705503158		-1.0
	3465.00000000	3.1298		1.48152     0.2    0.2		4.1705503158		-1.0
	3510.00000000	3.04609		1.29618     0.2    0.2		4.1705503158		-1.0
	3555.00000000	3.17598		1.1706     0.2    0.2		4.1705503158		-1.0
	3600.00000000	3.19161		0.82849     0.2    0.2		4.1705503158		-1.0
	3645.00000000	2.95426		0.36279     0.2    0.2		4.1705503158		-1.0
	3690.00000000	3.1853		-0.27361     0.2    0.2		4.1705503158		-1.0
	3735.00000000	3.013		-0.9333     0.2    0.2		4.1705503158		-1.0
	3780.00000000	2.81476		-1.39016     0.2    0.2		4.1705503158		-1.0
	3825.00000000	2.93964		-1.88057     0.2    0.2		4.1705503158		-1.0
	3870.00000000	2.91688		-2.32856     0.2    0.2		4.1705503158		-1.0
	3915.00000000	3.13979		-2.08726     0.2    0.2		4.1705503158		-1.0
	3960.00000000	2.87457		-2.423     0.2    0.2		4.1705503158		-1.0
	4005.00000000	2.82297		-2.10761     0.2    0.2		4.1705503158		-1.0
	4050.00000000	3.16404		-2.37004     0.2    0.2		4.1705503158		-1.0
	4095.00000000	3.08745		-1.92716     0.2    0.2		4.1705503158		-1.0
	4140.00000000	2.84493		-1.83491     0.2    0.2		4.1705503158		-1.0
	4185.00000000	2.85294		-1.70052     0.2    0.2		4.1705503158		-1.0
	4230.00000000	3.23271		-1.90534     0.2    0.2		4.1705503158		-1.0
	4275.00000000	2.87794		-2.0947     0.2    0.2		4.1705503158		-1.0
	4320.00000000	2.83731		-2.55247     0.2    0.2		4.1705503158		-1.0
	4365.00000000	3.11411		-2.75884     0.2    0.2		4.1705503158		-1.0
	4410.00000000	2.90722		-2.91285     0.2    0.2		4.1705503158		-1.0
	4455.00000000	2.97588		2.97873     0.2    0.2		4.1705503158		-1.0
	4500.00000000	3.10377		2.60655     0.2    0.2		4.1705503158		-1.0
	4545.00000000	3.08416		2.26264     0.2    0.2		4.1705503158		-1.0
	4590.00000000	2.90715		2.01268     0.2    0.2		4.1705503158		-1.0
	4635.00000000	2.78824		1.64816     0.2    0.2		4.1705503158		-1.0
	4680.00000000	2.8335		1.47472     0.2    0.2		4.1705503158		-1.0
	4725.00000000	2.81667		1.18841     0.2    0.2		4.1705503158		-1.0
	4770.00000000	2.87104		0.88692     0.2    0.2		4.1705503158		-1.0
	4815.00000000	2.96535		0.46324     0.2    0.2		4.1705503158		-1.0
	4860.00000000	2.99794		-0.30883     0.2    0.2		4.1705503158		-1.0
	4905.00000000	2.93422		-0.63611     0.2    0.2		4.1705503158		-1.0
	4950.00000000	2.83866		-0.87354     0.2    0.2		4.1705503158		-1.0
	4995.00000000	3.21638		-0.8855     0.2    0.2		4.1705503158		-1.0
	5040.00000000	3.12234		-1.33157     0.2    0.2		4.1705503158		-1.0
	5085.00000000	3.21252		-1.21155     0.2    0.2		4.1705503158		-1.0
	5130.00000000	3.10737		-1.33359     0.2    0.2		4.1705503158		-1.0
	5175.00000000	3.09288		-1.56782     0.2    0.2		4.1705503158		-1.0
	5220.00000000	2.9675		-1.51827     0.2    0.2		4.1705503158		-1.0
	5265.00000000	2.79521		-1.88667     0.2    0.2		4.1705503158		-1.0
	5310.00000000	2.87493		-2.33462     0.2    0.2		4.1705503158		-1.0
	5355.00000000	2.76609		-2.34516     0.2    0.2		4.1705503158		-1.0
	5400.00000000	2.96534		-2.15899     0.2    0.2		4.1705503158		-1.0
	5445.00000000	2.94024		-2.41844     0.2    0.2		4.1705503158		-1.0
	5490.00000000	2.77271		-2.62675     0.2    0.2		4.1705503158		-1.0
	5535.00000000	2.84078		-2.71736     0.2    0.2		4.1705503158		-1.0
	5580.00000000	2.82417		-2.64571     0.2    0.2		4.1705503158		-1.0
	5625.00000000	3.11342		-2.85868     0.2    0.2		4.1705503158		-1.0
	5670.00000000	2.79415		-3.09942     0.2    0.2		4.1705503158		-1.0
	5715.00000000	2.94984		3.01014     0.2    0.2		4.1705503158		-1.0
	5760.00000000	2.93718		2.50176     0.2    0.2		4.1705503158		-1.0
	5805.00000000	2.8764		2.19183     0.2    0.2		4.1705503158		-1.0
	5850.00000000	3.05346		1.75406     0.2    0.2		4.1705503158		-1.0
	5895.00000000	3.18854		1.47956     0.2    0.2		4.1705503158		-1.0
	5940.00000000	2.94799		1.29204     0.2    0.2		4.1705503158		-1.0
	5985.00000000	2.90213		0.70113     0.2    0.2		4.1705503158		-1.0
	6030.00000000	3.01859		-0.17141     0.2    0.2		4.1705503158		-1.0
	6075.00000000	2.91411		-0.72339     0.2    0.2		4.1705503158		-1.0
	6120.00000000	2.93064		-0.37311     0.2    0.2		4.1705503158		-1.0
	6165.00000000	2.79502		0.50432     0.2    0.2		4.1705503158		-1.0
	6210.00000000	2.78972		0.95612     0.2    0.2		4.1705503158		-1.0
	6255.00000000	3.2234		0.47364     0.2    0.2		4.1705503158		-1.0
	6300.00000000	3.1369		0.19509     0.2    0.2		4.1705503158		-1.0
	6345.00000000	2.9185		0.41748     0.2    0.2		4.1705503158		-1.0
	6390.00000000	3.1118		0.6992     0.2    0.2		4.1705503158		-1.0
	6435.00000000	3.13989		0.63914     0.2    0.2		4.1705503158		-1.0
	6480.00000000	2.90153		0.55348     0.2    0.2		4.1705503158		-1.0
	6525.00000000	3.01811		-0.08757     0.2    0.2		4.1705503158		-1.0
	6570.00000000	2.97776		-0.44122     0.2    0.2		4.1705503158		-1.0
	6615.00000000	2.71604		-0.94654     0.2    0.2		4.1705503158		-1.0
	6660.00000000	2.95514		-0.52003     0.2    0.2		4.1705503158		-1.0
	6705.00000000	2.73114		0.14129     0.2    0.2		4.1705503158		-1.0
	6750.00000000	2.85025		0.2531     0.2    0.2		4.1705503158		-1.0
	6795.00000000	2.99447		-0.32079     0.2    0.2		4.1705503158		-1.0
	6840.00000000	2.83652		-0.80752     0.2    0.2		4.1705503158		-1.0
	6885.00000000	3.18624		-0.26245     0.2    0.2		4.1705503158		-1.0
	6930.00000000	3.1555		-0.15571     0.2    0.2		4.1705503158		-1.0
	6975.00000000	2.9302		0.36585     0.2    0.2		4.1705503158		-1.0
	7020.00000000	3.07343		0.18071     0.2    0.2		4.1705503158		-1.0
	7065.00000000	3.00348		-0.16407     0.2    0.2		4.1705503158		-1.0
	7110.00000000	3.0556		-0.61551     0.2    0.2		4.1705503158		-1.0
	7155.00000000	2.73257		-1.1824     0.2    0.2		4.1705503158		-1.0
	7200.00000000	2.69642		-1.33183     0.2    0.2		4.1705503158		-1.0
	7245.00000000	2.99757		-1.71215     0.2    0.2		4.1705503158		-1.0
	7290.00000000	3.27523		-1.74898     0.2    0.2		4.1705503158		-1.0
	7335.00000000	3.21766		-2.13329     0.2    0.2		4.1705503158		-1.0
	7380.00000000	3.18051		-2.21147     0.2    0.2		4.1705503158		-1.0
	7425.00000000	3.27287		-2.73277     0.2    0.2		4.1705503158		-1.0
	7470.00000000	3.22322		-2.65058     0.2    0.2		4.1705503158		-1.0
	7515.00000000	2.82249		3.0234     0.2    0.2		4.1705503158		-1.0
	7560.00000000	2.94011		3.03899     0.2    0.2		4.1705503158		-1.0
	7605.00000000	3.01448		2.57243     0.2    0.2		4.1705503158		-1.0
	7650.00000000	3.02558		2.39741     0.2    0.2		4.1705503158		-1.0
	7695.00000000	3.00052		2.05729     0.2    0.2		4.1705503158		-1.0
	7740.00000000	3.14347		1.8187     0.2    0.2		4.1705503158		-1.0
	7785.00000000	2.82909		1.52064     0.2    0.2		4.1705503158		-1.0
	7830.00000000	2.96491		1.30485     0.2    0.2		4.1705503158		-1.0
	7875.00000000	2.94318		1.33282     0.2    0.2		4.1705503158		-1.0
	7920.00000000	2.843		1.23005     0.2    0.2		4.1705503158		-1.0
	7965.00000000	2.78154		1.59593     0.2    0.2		4.1705503158		-1.0
	8010.00000000	2.76101		1.76211     0.2    0.2		4.1705503158		-1.0
	8055.00000000	2.86551		1.63689     0.2    0.2		4.1705503158		-1.0
	8100.00000000	3.06579		1.49248     0.2    0.2		4.1705503158		-1.0
	8145.00000000	2.94943		1.60857     0.2    0.2		4.1705503158		-1.0
	8190.00000000	2.74884		1.70245     0.2    0.2		4.1705503158		-1.0
	8235.00000000	2.74386		1.73701     0.2    0.2		4.1705503158		-1.0
	8280.00000000	2.90741		2.2112     0.2    0.2		4.1705503158		-1.0
	8325.00000000	3.31348		2.2346     0.2    0.2		4.1705503158		-1.0
	8370.00000000	3.07974		2.47165     0.2    0.2		4.1705503158		-1.0
	8415.00000000	2.72568		2.66621     0.2    0.2		4.1705503158		-1.0
	8460.00000000	3.14542		2.7671     0.2    0.2		4.1705503158		-1.0
	8505.00000000	2.93457		2.98444     0.2    0.2		4.1705503158		-1.0
	8550.00000000	3.05575		-3.12941     0.2    0.2		4.1705503158		-1.0
	8595.00000000	2.74313		3.06643     0.2    0.2		4.1705503158		-1.0
	8640.00000000	2.84088		-2.90442     0.2    0.2		4.1705503158		-1.0
	8685.00000000	2.7742		-2.9274     0.2    0.2		4.1705503158		-1.0
	8730.00000000	3.35015		-2.95887     0.2    0.2		4.1705503158		-1.0
	8775.00000000	3.15501		-2.88226     0.2    0.2		4.1705503158		-1.0
	8820.00000000	2.88918		-3.03981     0.2    0.2		4.1705503158		-1.0
	8865.00000000	2.67722		-2.99129     0.2    0.2		4.1705503158		-1.0
	8910.00000000	3.30318		2.82567     0.2    0.2		4.1705503158		-1.0
	8955.00000000	3.11995		2.81827     0.2    0.2		4.1705503158		-1.0
	9000.00000000	3.06785		2.51918     0.2    0.2		4.1705503158		-1.0
	9045.00000000	3.07552		2.12502     0.2    0.2		4.1705503158		-1.0
	9090.00000000	3.27665		1.87577     0.2    0.2		4.1705503158		-1.0
	9135.00000000	3.18582		1.75436     0.2    0.2		4.1705503158		-1.0
	9180.00000000	2.92986		1.61842     0.2    0.2		4.1705503158		-1.0
	9225.00000000	2.7025		1.64227     0.2    0.2		4.1705503158		-1.0
	9270.00000000	2.80164		1.92448     0.2    0.2		4.1705503158		-1.0
	9315.00000000	2.83012		2.48307     0.2    0.2		4.1705503158		-1.0
	9360.00000000	2.72487		2.51042     0.2    0.2		4.1705503158		-1.0
	9405.00000000	2.76356		2.2015     0.2    0.2		4.1705503158		-1.0
	9450.00000000	2.77389		2.16007     0.2    0.2		4.1705503158		-1.0
	9495.00000000	2.75297		2.42369     0.2    0.2		4.1705503158		-1.0
	9540.00000000	2.81522		2.20629     0.2    0.2		4.1705503158		-1.0
	9585.00000000	2.72244		2.09045     0.2    0.2		4.1705503158		-1.0
	9630.00000000	2.80213		1.35935     0.2    0.2		4.1705503158		-1.0
	9675.00000000	3.22298		1.05813     0.2    0.2		4.1705503158		-1.0
	9720.00000000	2.81536		0.9497     0.2    0.2		4.1705503158		-1.0
	9765.00000000	2.77307		-0.07812     0.2    0.2		4.1705503158		-1.0
	9810.00000000	2.82175		-0.14422     0.2    0.2		4.1705503158		-1.0
	9855.00000000	2.77437		-1.09514     0.2    0.2		4.1705503158		-1.0
	9900.00000000	3.30545		-0.70895     0.2    0.2		4.1705503158		-1.0
	9945.00000000	3.02377		-1.31413     0.2    0.2		4.1705503158		-1.0
	9990.00000000	2.81549		-1.30499     0.2    0.2		4.1705503158		-1.0
	10035.00000000	2.8825		-1.87268     0.2    0.2		4.1705503158		-1.0
	10080.00000000	2.69641		-2.16199     0.2    0.2		4.1705503158		-1.0
	10125.00000000	2.71636		-2.52762     0.2    0.2		4.1705503158		-1.0
	10170.00000000	3.02933		-2.70328     0.2    0.2		4.1705503158		-1.0
	10215.00000000	2.90675		-2.40177     0.2    0.2		4.1705503158		-1.0
	10260.00000000	2.77963		-2.78068     0.2    0.2		4.1705503158		-1.0
	10305.00000000	2.87123		-2.34461     0.2    0.2		4.1705503158		-1.0
	10350.00000000	2.67735		-2.35956     0.2    0.2		4.1705503158		-1.0
	10395.00000000	2.84597		-1.91751     0.2    0.2		4.1705503158		-1.0
	10440.00000000	2.72537		-1.93886     0.2    0.2		4.1705503158		-1.0
	10485.00000000	2.97679		-1.3911     0.2    0.2		4.1705503158		-1.0
	10530.00000000	3.19635		-1.14237     0.2    0.2		4.1705503158		-1.0
	10575.00000000	2.85762		-0.82945     0.2    0.2		4.1705503158		-1.0
	10620.00000000	2.83766		0.09405     0.2    0.2		4.1705503158		-1.0
	10665.00000000	2.73231		0.15746     0.2    0.2		4.1705503158		-1.0
	10710.00000000	2.80345		0.90503     0.2    0.2		4.1705503158		-1.0
	10755.00000000	2.73153		1.25733     0.2    0.2		4.1705503158		-1.0
	10800.00000000	3.27056		0.8241     0.2    0.2		4.1705503158		-1.0
	10845.00000001	3.24306		0.54928     0.2    0.2		4.1705503158		-1.0
	10890.00000001	3.28921		0.29195     0.2    0.2		4.1705503158		-1.0
	10935.00000001	3.2005		0.31432     0.2    0.2		4.1705503158		-1.0
	10980.00000001	3.00741		-0.19682     0.2    0.2		4.1705503158		-1.0
	11025.00000001	3.02528		-0.72746     0.2    0.2		4.1705503158		-1.0
	11070.00000001	3.12073		-0.60668     0.2    0.2		4.1705503158		-1.0
	11115.00000001	2.92023		-0.17239     0.2    0.2		4.1705503158		-1.0
	11160.00000001	2.66165		0.23656     0.2    0.2		4.1705503158		-1.0
	11205.00000001	2.66211		-0.27572     0.2    0.2		4.1705503158		-1.0
	11250.00000001	2.87413		-0.29701     0.2    0.2		4.1705503158		-1.0
	11295.00000001	2.9868		-0.67794     0.2    0.2		4.1705503158		-1.0
	11340.00000001	3.09332		-1.24781     0.2    0.2		4.1705503158		-1.0
	11385.00000001	2.81888		-1.49767     0.2    0.2		4.1705503158		-1.0
	11430.00000001	2.76067		-1.63741     0.2    0.2		4.1705503158		-1.0
	11475.00000001	2.71222		-1.89116     0.2    0.2		4.1705503158		-1.0
	11520.00000001	2.7629		-2.20876     0.2    0.2		4.1705503158		-1.0
	11565.00000001	2.80187		-2.20383     0.2    0.2		4.1705503158		-1.0
	11610.00000001	3.12309		-2.45831     0.2    0.2		4.1705503158		-1.0
	11655.00000001	3.20986		-2.2318     0.2    0.2		4.1705503158		-1.0
	11700.00000001	3.21325		-2.21111     0.2    0.2		4.1705503158		-1.0
	11745.00000001	3.22942		-2.05835     0.2    0.2		4.1705503158		-1.0
	11790.00000001	3.26187		-1.61771     0.2    0.2		4.1705503158		-1.0
	11835.00000001	3.20666		-1.76257     0.2    0.2		4.1705503158		-1.0
	11880.00000001	3.21856		-1.68873     0.2    0.2		4.1705503158		-1.0
	11925.00000001	2.68534		-1.80531     0.2    0.2		4.1705503158		-1.0
	11970.00000001	2.7151		-1.32835     0.2    0.2		4.1705503158		-1.0
	12015.00000001	3.00055		-1.0024     0.2    0.2		4.1705503158		-1.0
	12060.00000001	2.80352		-0.48239     0.2    0.2		4.1705503158		-1.0
	12105.00000001	2.75488		-0.2157     0.2    0.2		4.1705503158		-1.0
	12150.00000001	2.79048		0.72071     0.2    0.2		4.1705503158		-1.0
	12195.00000001	2.76103		0.60811     0.2    0.2		4.1705503158		-1.0
	12240.00000001	2.838		0.85481     0.2    0.2		4.1705503158		-1.0
	12285.00000001	2.90846		0.80589     0.2    0.2		4.1705503158		-1.0
	12330.00000001	3.13453		1.0228     0.2    0.2		4.1705503158		-1.0
	12375.00000001	3.33284		1.14892     0.2    0.2		4.1705503158		-1.0
	12420.00000001	3.40095		1.29509     0.2    0.2		4.1705503158		-1.0
	12465.00000001	3.19387		1.2036     0.2    0.2		4.1705503158		-1.0
	12510.00000001	3.37544		1.7384     0.2    0.2		4.1705503158		-1.0
	12555.00000001	3.31692		1.86777     0.2    0.2		4.1705503158		-1.0
	12600.00000001	3.30724		2.10361     0.2    0.2		4.1705503158		-1.0
	12645.00000001	3.15065		2.46198     0.2    0.2		4.1705503158		-1.0
	12690.00000001	3.18689		2.82896     0.2    0.2		4.1705503158		-1.0
	12735.00000001	3.1098		-3.05137     0.2    0.2		4.1705503158		-1.0
	12780.00000001	3.2792		-3.07635     0.2    0.2		4.1705503158		-1.0
	12825.00000001	3.28394		-2.48314     0.2    0.2		4.1705503158		-1.0
	12870.00000001	3.32645		-2.61166     0.2    0.2		4.1705503158		-1.0
	12915.00000001	3.2544		-2.24509     0.2    0.2		4.1705503158		-1.0
	12960.00000001	3.08613		-2.15411     0.2    0.2		4.1705503158		-1.0
	13005.00000001	3.06156		-1.83874     0.2    0.2		4.1705503158		-1.0
	13050.00000001	3.35135		-1.56849     0.2    0.2		4.1705503158		-1.0
	13095.00000001	2.70501		-1.47903     0.2    0.2		4.1705503158		-1.0
	13140.00000001	2.79094		-0.94154     0.2    0.2		4.1705503158		-1.0
	13185.00000001	2.7791		-0.41175     0.2    0.2		4.1705503158		-1.0
	13230.00000001	2.80338		0.36043     0.2    0.2		4.1705503158		-1.0
	13275.00000001	2.73774		0.7524     0.2    0.2		4.1705503158		-1.0
	13320.00000001	2.64821		1.26874     0.2    0.2		4.1705503158		-1.0
	13365.00000001	3.16101		1.27403     0.2    0.2		4.1705503158		-1.0
	13410.00000001	2.90124		1.71561     0.2    0.2		4.1705503158		-1.0
	13455.00000001	3.0308		1.90611     0.2    0.2		4.1705503158		-1.0
	13500.00000001	3.15821		2.34363     0.2    0.2		4.1705503158		-1.0
	13545.00000001	3.23694		2.32121     0.2    0.2		4.1705503158		-1.0
	13590.00000001	3.19095		2.90558     0.2    0.2		4.1705503158		-1.0
	13635.00000001	2.99758		2.79762     0.2    0.2		4.1705503158		-1.0
	13680.00000001	3.13287		3.05046     0.2    0.2		4.1705503158		-1.0
	13725.00000001	3.22928		-3.09808     0.2    0.2		4.1705503158		-1.0
	13770.00000001	3.07996		2.8377     0.2    0.2		4.1705503158		-1.0
	13815.00000001	2.67306		2.96738     0.2    0.2		4.1705503158		-1.0
	13860.00000001	2.7006		2.74064     0.2    0.2		4.1705503158		-1.0
	13905.00000001	2.81962		2.0688     0.2    0.2		4.1705503158		-1.0
	13950.00000001	3.14902		1.90593     0.2    0.2		4.1705503158		-1.0
	13995.00000001	3.21075		1.20151     0.2    0.2		4.1705503158		-1.0
	14040.00000001	3.20999		0.94264     0.2    0.2		4.1705503158		-1.0
	14085.00000001	3.08005		0.70092     0.2    0.2		4.1705503158		-1.0
	14130.00000001	2.98094		0.02294     0.2    0.2		4.1705503158		-1.0
	14175.00000001	2.90278		-0.12663     0.2    0.2		4.1705503158		-1.0
	14220.00000001	3.18734		-0.23645     0.2    0.2		4.1705503158		-1.0
	14265.00000000	3.19841		0.15805     0.2    0.2		4.1705503158		-1.0
	14310.00000000	3.1064		0.21589     0.2    0.2		4.1705503158		-1.0
	14355.00000000	3.37605		0.10224     0.2    0.2		4.1705503158		-1.0
	14400.00000000	3.2053		-0.41206     0.2    0.2		4.1705503158		-1.0
	14445.00000000	3.24839		-0.71126     0.2    0.2		4.1705503158		-1.0
	14490.00000000	3.34358		-0.63766     0.2    0.2		4.1705503158		-1.0
	14535.00000000	2.80545		-1.0649     0.2    0.2		4.1705503158		-1.0
	14580.00000000	2.80518		-1.10049     0.2    0.2		4.1705503158		-1.0
	14625.00000000	3.34465		-1.13427     0.2    0.2		4.1705503158		-1.0
	14670.00000000	3.25621		-0.94056     0.2    0.2		4.1705503158		-1.0
	14715.00000000	3.09198		-0.85554     0.2    0.2		4.1705503158		-1.0
	14760.00000000	3.38562		-0.10256     0.2    0.2		4.1705503158		-1.0
	14805.00000000	3.05014		0.40148     0.2    0.2		4.1705503158		-1.0
	14850.00000000	3.23773		0.60225     0.2    0.2		4.1705503158		-1.0
	14895.00000000	2.88996		1.05902     0.2    0.2		4.1705503158		-1.0
	14940.00000000	2.66999		1.21494     0.2    0.2		4.1705503158		-1.0
	14985.00000000	2.69213		1.2532     0.2    0.2		4.1705503158		-1.0
	15030.00000000	3.19547		0.92484     0.2    0.2		4.1705503158		-1.0
	15075.00000000	2.93715		0.90244     0.2    0.2		4.1705503158		-1.0
	15120.00000000	2.62966		0.61878     0.2    0.2		4.1705503158		-1.0
	15165.00000000	2.80073		-0.07978     0.2    0.2		4.1705503158		-1.0
	15210.00000000	2.76728		-0.80973     0.2    0.2		4.1705503158		-1.0
	15255.00000000	2.74975		-0.70252     0.2    0.2		4.1705503158		-1.0
	15300.00000000	2.70628		-0.62205     0.2    0.2		4.1705503158		-1.0
	15345.00000000	2.70959		-0.85325     0.2    0.2		4.1705503158		-1.0
	15390.00000000	2.7219		-0.072     0.2    0.2		4.1705503158		-1.0
	15435.00000000	2.76725		0.46219     0.2    0.2		4.1705503158		-1.0
	15480.00000000	3.13269		1.06333     0.2    0.2		4.1705503158		-1.0
	15525.00000000	2.69125		1.36555     0.2    0.2		4.1705503158		-1.0
	15570.00000000	2.73443		1.56648     0.2    0.2		4.1705503158		-1.0
	15615.00000000	2.79798		2.20492     0.2    0.2		4.1705503158		-1.0
	15660.00000000	2.75173		2.66084     0.2    0.2		4.1705503158		-1.0
	15705.00000000	2.6849		3.09305     0.2    0.2		4.1705503158		-1.0
	15750.00000000	2.68686		-2.66258     0.2    0.2		4.1705503158		-1.0
	15795.00000000	2.71827		-2.27759     0.2    0.2		4.1705503158		-1.0
	15840.00000000	2.74227		-1.96205     0.2    0.2		4.1705503158		-1.0
	15885.00000000	2.69008		-1.65456     0.2    0.2		4.1705503158		-1.0
	15930.00000000	2.99331		-1.32426     0.2    0.2		4.1705503158		-1.0
	15975.00000000	3.11597		-0.86997     0.2    0.2		4.1705503158		-1.0
	16020.00000000	2.9942		-0.40748     0.2    0.2		4.1705503158		-1.0
	16065.00000000	2.65011		0.34278     0.2    0.2		4.1705503158		-1.0
	16110.00000000	2.67856		0.26617     0.2    0.2		4.1705503158		-1.0
	16155.00000000	2.76376		-0.19722     0.2    0.2		4.1705503158		-1.0
	16200.00000000	2.71173		-0.16846     0.2    0.2		4.1705503158		-1.0
	16245.00000000	2.79974		-0.58656     0.2    0.2		4.1705503158		-1.0
	16290.00000000	2.73984		-0.57366     0.2    0.2		4.1705503158		-1.0
	16335.00000000	2.63006		-0.48486     0.2    0.2		4.1705503158		-1.0
	16380.00000000	2.76826		-1.30372     0.2    0.2		4.1705503158		-1.0
	16425.00000000	3.29609		-1.57611     0.2    0.2		4.1705503158		-1.0
	16470.00000000	2.91497		-1.61796     0.2    0.2		4.1705503158		-1.0
	16515.00000000	3.31634		-2.01535     0.2    0.2		4.1705503158		-1.0
	16560.00000000	2.70818		-2.09817     0.2    0.2		4.1705503158		-1.0
	16605.00000000	3.59699		-2.07705     0.2    0.2		4.1705503158		-1.0
	16650.00000000	2.76909		-1.95834     0.2    0.2		4.1705503158		-1.0
	16695.00000000	2.69343		-2.15164     0.2    0.2		4.1705503158		-1.0
	16740.00000000	2.72067		-2.14322     0.2    0.2		4.1705503158		-1.0
	16785.00000000	2.65318		-2.36156     0.2    0.2		4.1705503158		-1.0
	16830.00000000	2.73918		-2.82155     0.2    0.2		4.1705503158		-1.0
	16875.00000000	2.69918		-3.04468     0.2    0.2		4.1705503158		-1.0
	16920.00000000	2.784		2.64399     0.2    0.2		4.1705503158		-1.0
	16965.00000000	2.71992		2.469     0.2    0.2		4.1705503158		-1.0
	17010.00000000	2.7369		2.04097     0.2    0.2		4.1705503158		-1.0
	17055.00000000	2.64532		1.60289     0.2    0.2		4.1705503158		-1.0
	17100.00000000	2.63192		0.92376     0.2    0.2		4.1705503158		-1.0
	17145.00000000	2.80031		0.07019     0.2    0.2		4.1705503158		-1.0
	17190.00000000	2.66961		0.07411     0.2    0.2		4.1705503158		-1.0
	17235.00000000	3.53249		-0.15457     0.2    0.2		4.1705503158		-1.0
	17280.00000000	3.36251		0.17045     0.2    0.2		4.1705503158		-1.0
	17325.00000000	3.38541		-0.27187     0.2    0.2		4.1705503158		-1.0
	17370.00000000	3.39454		-0.54652     0.2    0.2		4.1705503158		-1.0
	17415.00000000	3.32328		-0.67161     0.2    0.2		4.1705503158		-1.0
	17460.00000000	3.35214		-0.46787     0.2    0.2		4.1705503158		-1.0
	17505.00000000	3.26622		0.02999     0.2    0.2		4.1705503158		-1.0
	17550.00000000	3.3823		0.88206     0.2    0.2		4.1705503158		-1.0
	17595.00000000	3.3496		0.80799     0.2    0.2		4.1705503158		-1.0
	17640.00000000	3.34538		0.6119     0.2    0.2		4.1705503158		-1.0
	17685.00000000	3.39286		1.03993     0.2    0.2		4.1705503158		-1.0
	17730.00000000	3.1298		0.3649     0.2    0.2		4.1705503158		-1.0
	17775.00000000	3.26794		-0.04201     0.2    0.2		4.1705503158		-1.0
	17820.00000000	3.26309		-0.41052     0.2    0.2		4.1705503158		-1.0
	17865.00000000	3.25274		-1.06629     0.2    0.2		4.1705503158		-1.0
	17910.00000000	3.37714		-1.33351     0.2    0.2		4.1705503158		-1.0
	17955.00000000	3.27607		-1.77526     0.2    0.2		4.1705503158		-1.0
	18000.00000000	3.22291		-1.84726     0.2    0.2		4.1705503158		-1.0
	18045.00000000	3.2389		-2.40679     0.2    0.2		4.1705503158		-1.0
	18090.00000000	3.35825		-2.31346     0.2    0.2		4.1705503158		-1.0
	18135.00000000	3.10255		-2.91591     0.2    0.2		4.1705503158		-1.0
	18180.00000000	3.21238		-2.80175     0.2    0.2		4.1705503158		-1.0
	18225.00000000	3.07464		2.93328     0.2    0.2		4.1705503158		-1.0
	18270.00000000	3.47693		2.56835     0.2    0.2		4.1705503158		-1.0
	18315.00000000	3.42472		2.25991     0.2    0.2		4.1705503158		-1.0
	18360.00000000	3.321		1.9689     0.2    0.2		4.1705503158		-1.0
	18405.00000000	3.39123		1.61689     0.2    0.2		4.1705503158		-1.0
	18450.00000000	3.50996		1.18574     0.2    0.2		4.1705503158		-1.0
	18495.00000000	2.61611		0.72172     0.2    0.2		4.1705503158		-1.0
	18540.00000000	3.49778		0.28491     0.2    0.2		4.1705503158		-1.0
	18585.00000000	3.16092		-0.19982     0.2    0.2		4.1705503158		-1.0
	18630.00000000	3.08736		-0.50054     0.2    0.2		4.1705503158		-1.0
	18675.00000000	2.91742		-1.09687     0.2    0.2		4.1705503158		-1.0
	18720.00000000	2.90854		-1.28747     0.2    0.2		4.1705503158		-1.0
	18765.00000000	2.92897		-1.71504     0.2    0.2		4.1705503158		-1.0
	18810.00000000	3.26752		-1.52442     0.2    0.2		4.1705503158		-1.0
	18855.00000000	3.00329		-1.81366     0.2    0.2		4.1705503158		-1.0
	18900.00000000	2.9468		-2.38439     0.2    0.2		4.1705503158		-1.0
	18945.00000000	2.63725		-2.57333     0.2    0.2		4.1705503158		-1.0
	18990.00000000	2.78674		-2.87893     0.2    0.2		4.1705503158		-1.0
	19035.00000000	2.7423		3.02659     0.2    0.2		4.1705503158		-1.0
	19080.00000000	2.74827		2.63931     0.2    0.2		4.1705503158		-1.0
	19125.00000000	2.67003		2.17756     0.2    0.2		4.1705503158		-1.0
	19170.00000000	2.7369		1.86384     0.2    0.2		4.1705503158		-1.0
	19215.00000000	3.24405		1.4183     0.2    0.2		4.1705503158		-1.0
	19260.00000000	2.86336		1.40934     0.2    0.2		4.1705503158		-1.0
	19305.00000000	2.81115		0.99222     0.2    0.2		4.1705503158		-1.0
	19350.00000000	3.38731		0.65767     0.2    0.2		4.1705503158		-1.0
	19395.00000000	2.66739		0.03274     0.2    0.2		4.1705503158		-1.0
	19440.00000000	3.49576		-0.13114     0.2    0.2		4.1705503158		-1.0
	19485.00000000	3.42975		-0.90542     0.2    0.2		4.1705503158		-1.0
	19530.00000000	3.25989		-0.77306     0.2    0.2		4.1705503158		-1.0
	19575.00000000	3.31784		-1.4404     0.2    0.2		4.1705503158		-1.0
	19620.00000000	3.40695		-1.31058     0.2    0.2		4.1705503158		-1.0
	19665.00000000	2.96995		-1.60745     0.2    0.2		4.1705503158		-1.0
	19710.00000000	2.95416		-1.66001     0.2    0.2		4.1705503158		-1.0
	19755.00000000	2.76409		-1.65462     0.2    0.2		4.1705503158		-1.0
	19800.00000000	2.66952		-1.1291     0.2    0.2		4.1705503158		-1.0
	19845.00000000	2.71322		-0.6363     0.2    0.2		4.1705503158		-1.0
	19890.00000000	2.76915		0.31232     0.2    0.2		4.1705503158		-1.0
	19935.00000000	2.80099		0.72833     0.2    0.2		4.1705503158		-1.0
	19980.00000000	3.1815		1.13214     0.2    0.2		4.1705503158		-1.0
	20025.00000000	3.17177		1.77285     0.2    0.2		4.1705503158		-1.0
	20070.00000000	3.19735		2.19259     0.2    0.2		4.1705503158		-1.0
	20115.00000000	3.35367		2.77972     0.2    0.2		4.1705503158		-1.0
	20160.00000000	3.33997		-3.09763     0.2    0.2		4.1705503158		-1.0
	20205.00000000	3.22303		-2.50296     0.2    0.2		4.1705503158		-1.0
	20250.00000000	3.18284		-2.61052     0.2    0.2		4.1705503158		-1.0
	20295.00000000	3.16331		-2.2317     0.2    0.2		4.1705503158		-1.0
	20340.00000000	3.55922		-2.19066     0.2    0.2		4.1705503158		-1.0
	20385.00000000	3.35725		-1.86901     0.2    0.2		4.1705503158		-1.0
	20430.00000000	3.43242		-1.96538     0.2    0.2		4.1705503158		-1.0
	20475.00000000	3.47999		-1.51975     0.2    0.2		4.1705503158		-1.0
	20520.00000000	3.14801		-1.37802     0.2    0.2		4.1705503158		-1.0
	20565.00000000	3.43466		-1.1738     0.2    0.2		4.1705503158		-1.0
	20610.00000000	3.01629		-0.9809     0.2    0.2		4.1705503158		-1.0
	20655.00000000	2.7961		-0.78765     0.2    0.2		4.1705503158		-1.0
	20700.00000000	2.74971		0.07257     0.2    0.2		4.1705503158		-1.0
	20744.99999999	2.82574		0.48014     0.2    0.2		4.1705503158		-1.0
	20789.99999999	2.75228		1.29262     0.2    0.2		4.1705503158		-1.0
	20834.99999999	2.67507		1.42208     0.2    0.2		4.1705503158		-1.0
	20879.99999999	3.3278		1.99426     0.2    0.2		4.1705503158		-1.0
	20924.99999999	3.23994		2.33984     0.2    0.2		4.1705503158		-1.0
	20969.99999999	2.75004		2.75345     0.2    0.2		4.1705503158		-1.0
	21014.99999999	2.89903		-3.03848     0.2    0.2		4.1705503158		-1.0
	21059.99999999	2.66322		-3.14109     0.2    0.2		4.1705503158		-1.0
	21104.99999999	2.68447		-2.76121     0.2    0.2		4.1705503158		-1.0
	21149.99999999	2.87439		-2.96345     0.2    0.2		4.1705503158		-1.0
	21194.99999999	2.73086		-2.39202     0.2    0.2		4.1705503158		-1.0
	21239.99999999	2.67212		-2.48615     0.2    0.2		4.1705503158		-1.0
	21284.99999999	2.83952		-1.82776     0.2    0.2		4.1705503158		-1.0
	21329.99999999	2.72502		-1.69071     0.2    0.2		4.1705503158		-1.0
	21374.99999999	2.67391		-1.26037     0.2    0.2		4.1705503158		-1.0
	21419.99999999	2.6767		-0.93958     0.2    0.2		4.1705503158		-1.0
	21464.99999999	2.63966		-0.27202     0.2    0.2		4.1705503158		-1.0
	21509.99999999	2.69887		0.54796     0.2    0.2		4.1705503158		-1.0
	21554.99999999	2.66166		1.22007     0.2    0.2		4.1705503158		-1.0
	21599.99999999	2.72896		1.48069     0.2    0.2		4.1705503158		-1.0
	21644.99999999	3.46435		2.08554     0.2    0.2		4.1705503158		-1.0
	21689.99999999	2.85246		2.28786     0.2    0.2		4.1705503158		-1.0
	21734.99999999	3.12822		2.68647     0.2    0.2		4.1705503158		-1.0
	21779.99999999	3.19413		2.869     0.2    0.2		4.1705503158		-1.0
	21824.99999999	3.21338		-3.12613     0.2    0.2		4.1705503158		-1.0
	21869.99999999	3.28549		-2.7857     0.2    0.2		4.1705503158		-1.0
	21914.99999999	3.37495		-2.46202     0.2    0.2		4.1705503158		-1.0
	21959.99999999	3.31971		-2.31641     0.2    0.2		4.1705503158		-1.0
	22004.99999999	3.3056		-2.03305     0.2    0.2		4.1705503158		-1.0
	22049.99999999	3.4413		-1.69179     0.2    0.2		4.1705503158		-1.0
	22094.99999999	2.99843		-1.53345     0.2    0.2		4.1705503158		-1.0
	22139.99999999	3.26851		-1.18108     0.2    0.2		4.1705503158		-1.0
	22184.99999999	3.43693		-0.68532     0.2    0.2		4.1705503158		-1.0
	22229.99999999	3.18735		0.497     0.2    0.2		4.1705503158		-1.0
	22274.99999999	2.98123		1.24637     0.2    0.2		4.1705503158		-1.0
	22319.99999999	3.48024		0.83104     0.2    0.2		4.1705503158		-1.0
	22364.99999999	3.41008		0.87386     0.2    0.2		4.1705503158		-1.0
	22409.99999999	2.56589		0.89976     0.2    0.2		4.1705503158		-1.0
	22454.99999999	3.45079		0.37436     0.2    0.2		4.1705503158		-1.0
	22499.99999999	2.65454		-0.00058     0.2    0.2		4.1705503158		-1.0
	22544.99999999	2.71031		-0.04995     0.2    0.2		4.1705503158		-1.0
	22589.99999999	2.74978		0.20275     0.2    0.2		4.1705503158		-1.0
	22634.99999999	2.66773		0.62755     0.2    0.2		4.1705503158		-1.0
	22679.99999999	2.69238		0.94717     0.2    0.2		4.1705503158		-1.0
	22724.99999999	2.72832		1.08058     0.2    0.2		4.1705503158		-1.0
	22769.99999999	2.68615		1.34806     0.2    0.2		4.1705503158		-1.0
	22814.99999999	2.64424		1.53026     0.2    0.2		4.1705503158		-1.0
	22859.99999999	2.75598		1.72933     0.2    0.2		4.1705503158		-1.0
	22904.99999999	2.66855		1.89649     0.2    0.2		4.1705503158		-1.0
	22949.99999999	2.6596		2.29564     0.2    0.2		4.1705503158		-1.0
	22994.99999999	2.74104		2.79699     0.2    0.2		4.1705503158		-1.0
	23039.99999999	2.71236		3.07613     0.2    0.2		4.1705503158		-1.0
	23084.99999999	2.71056		-2.77668     0.2    0.2		4.1705503158		-1.0
	23129.99999999	2.68105		-2.77777     0.2    0.2		4.1705503158		-1.0
	23174.99999999	3.54178		-2.45489     0.2    0.2		4.1705503158		-1.0
	23219.99999999	2.91917		-2.48453     0.2    0.2		4.1705503158		-1.0
	23264.99999999	3.44436		-2.02904     0.2    0.2		4.1705503158		-1.0
	23309.99999999	3.38907		-1.92695     0.2    0.2		4.1705503158		-1.0
	23354.99999999	3.37584		-1.52393     0.2    0.2		4.1705503158		-1.0
	23399.99999999	3.2408		-1.23961     0.2    0.2		4.1705503158		-1.0
	23444.99999999	3.34521		-0.93016     0.2    0.2		4.1705503158		-1.0
	23489.99999999	3.20309		-0.47618     0.2    0.2		4.1705503158		-1.0
	23534.99999999	3.28013		0.34597     0.2    0.2		4.1705503158		-1.0
	23579.99999999	3.26124		0.76183     0.2    0.2		4.1705503158		-1.0
	23624.99999999	3.25101		1.09772     0.2    0.2		4.1705503158		-1.0
	23669.99999999	3.28508		1.55927     0.2    0.2		4.1705503158		-1.0
	23714.99999999	3.25348		1.58159     0.2    0.2		4.1705503158		-1.0
	23759.99999999	3.28237		1.67744     0.2    0.2		4.1705503158		-1.0
	23804.99999999	3.2816		2.142     0.2    0.2		4.1705503158		-1.0
	23849.99999999	3.02617		2.63309     0.2    0.2		4.1705503158		-1.0
	23894.99999999	3.23657		2.83421     0.2    0.2		4.1705503158		-1.0
	23939.99999999	3.27245		-3.02155     0.2    0.2		4.1705503158		-1.0
	23984.99999999	2.96119		-2.94301     0.2    0.2		4.1705503158		-1.0
	24029.99999999	3.67998		-2.44036     0.2    0.2		4.1705503158		-1.0
	24074.99999999	3.03299		-2.4488     0.2    0.2		4.1705503158		-1.0
	24119.99999999	3.45223		-2.08979     0.2    0.2		4.1705503158		-1.0
	24164.99999999	2.71424		-2.21305     0.2    0.2		4.1705503158		-1.0
	24209.99999999	3.79064		-1.96165     0.2    0.2		4.1705503158		-1.0
	24254.99999999	5.09841		-1.7419     0.2    0.2		4.1705503158		-1.0
	24299.99999999	7.32889		-1.41534     0.2    0.2		4.1705503158		-1.0
	24344.99999999	9.15951		-1.33215     0.2    0.2		4.1705503158		-1.0
	24389.99999999	11.00639		-0.92098     0.2    0.2		4.1705503158		-1.0
	24434.99999999	12.50702		-0.75627     0.2    0.2		4.1705503158		-1.0
	24479.99999999	13.57024		-2.03443     0.2    0.2		4.1705503158		-1.0
	24524.99999999	14.4274		-2.38189     0.2    0.2		4.1705503158		-1.0
	24569.99999999	15.11373		-2.65967     0.2    0.2		4.1705503158		-1.0
	24614.99999999	16.15189		-2.86999     0.2    0.2		4.1705503158		-1.0
	24659.99999999	17.09736		-2.99799     0.2    0.2		4.1705503158		-1.0
	24704.99999999	17.98159		-2.94578     0.2    0.2		4.1705503158		-1.0
	24749.99999999	18.79501		-3.1119     0.2    0.2		4.1705503158		-1.0
	24794.99999999	19.58624		-3.11192     0.2    0.2		4.1705503158		-1.0
	24839.99999999	20.5188		2.99045     0.2    0.2		4.1705503158		-1.0
	24884.99999999	21.30054		3.03398     0.2    0.2		4.1705503158		-1.0
	24929.99999999	22.34883		2.90231     0.2    0.2		4.1705503158		-1.0
	24974.99999999	23.33974		2.91335     0.2    0.2		4.1705503158		-1.0
	25019.99999999	24.45376		2.75276     0.2    0.2		4.1705503158		-1.0
	25064.99999999	24.8975		-2.43137     0.2    0.2		4.1705503158		-1.0
	25109.99999999	24.38117		-2.42214     0.2    0.2		4.1705503158		-1.0
	25154.99999999	23.51644		-2.24412     0.2    0.2		4.1705503158		-1.0
	25199.99999999	22.47731		-2.09927     0.2    0.2		4.1705503158		-1.0
	25244.99999999	21.48351		-1.92711     0.2    0.2		4.1705503158		-1.0
	25289.99999999	20.41259		-1.78235     0.2    0.2		4.1705503158		-1.0
	25334.99999999	19.12519		-1.67982     0.2    0.2		4.1705503158		-1.0
	25379.99999999	18.09714		-1.52644     0.2    0.2		4.1705503158		-1.0
	25424.99999999	16.96116		-1.29389     0.2    0.2		4.1705503158		-1.0
	25469.99999999	16.06999		-1.00708     0.2    0.2		4.1705503158		-1.0
	25514.99999999	15.17958		-0.38023     0.2    0.2		4.1705503158		-1.0
	25559.99999999	14.69748		0.16168     0.2    0.2		4.1705503158		-1.0
	25604.99999999	14.24796		0.63823     0.2    0.2		4.1705503158		-1.0
	25649.99999999	14.03312		0.81408     0.2    0.2		4.1705503158		-1.0
	25694.99999999	13.45239		1.11759     0.2    0.2		4.1705503158		-1.0
	25739.99999999	12.75		1.17955     0.2    0.2		4.1705503158		-1.0
	25784.99999999	11.74936		1.3619     0.2    0.2		4.1705503158		-1.0
	25829.99999999	10.85159		1.4601     0.2    0.2		4.1705503158		-1.0
	25874.99999999	9.72039		1.54103     0.2    0.2		4.1705503158		-1.0
	25919.99999999	8.56107		1.69655     0.2    0.2		4.1705503158		-1.0
	25964.99999999	7.3966		1.8685     0.2    0.2		4.1705503158		-1.0
	26009.99999999	6.3834		2.23745     0.2    0.2		4.1705503158		-1.0
	26054.99999999	6.0649		2.26745     0.2    0.2		4.1705503158		-1.0
	26099.99999999	7.08566		1.82266     0.2    0.2		4.1705503158		-1.0
	26144.99999999	8.53784		1.66802     0.2    0.2		4.1705503158		-1.0
	26189.99999999	10.22069		1.69467     0.2    0.2		4.1705503158		-1.0
	26234.99999999	11.23912		1.88325     0.2    0.2		4.1705503158		-1.0
	26279.99999999	12.35982		2.32389     0.2    0.2		4.1705503158		-1.0
	26324.99999999	12.69203		2.18296     0.2    0.2		4.1705503158		-1.0
	26369.99999999	13.52623		1.75509     0.2    0.2		4.1705503158		-1.0
	26414.99999999	13.85401		0.38579     0.2    0.2		4.1705503158		-1.0
	26459.99999999	13.99862		-0.40076     0.2    0.2		4.1705503158		-1.0
	26504.99999999	14.32204		-1.34753     0.2    0.2		4.1705503158		-1.0
	26549.99999999	14.65013		-2.25616     0.2    0.2		4.1705503158		-1.0
	26594.99999999	15.32539		2.76037     0.2    0.2		4.1705503158		-1.0
	26639.99999999	15.59978		1.35749     0.2    0.2		4.1705503158		-1.0
	26684.99999999	16.20926		0.14391     0.2    0.2		4.1705503158		-1.0
	26729.99999999	16.88874		-0.76468     0.2    0.2		4.1705503158		-1.0
	26774.99999999	18.21724		-1.29297     0.2    0.2		4.1705503158		-1.0
	26819.99999999	19.42345		-1.59528     0.2    0.2		4.1705503158		-1.0
	26864.99999999	20.6322		-1.54453     0.2    0.2		4.1705503158		-1.0
	26909.99999999	21.57033		0.84261     0.2    0.2		4.1705503158		-1.0
	26954.99999999	21.78154		1.64573     0.2    0.2		4.1705503158		-1.0
	26999.99999999	21.76188		1.67661     0.2    0.2		4.1705503158		-1.0
	27044.99999999	21.20412		1.49242     0.2    0.2		4.1705503158		-1.0
	27089.99999999	20.65989		0.67264     0.2    0.2		4.1705503158		-1.0
	27134.99999999	21.07546		-1.05039     0.2    0.2		4.1705503158		-1.0
	27179.99999999	22.19614		-1.477     0.2    0.2		4.1705503158		-1.0
	27224.99999998	23.13958		-1.3949     0.2    0.2		4.1705503158		-1.0
	27269.99999998	21.99762		-0.77251     0.2    0.2		4.1705503158		-1.0
	27314.99999998	21.19085		-1.59763     0.2    0.2		4.1705503158		-1.0
	27359.99999998	21.30617		-1.89428     0.2    0.2		4.1705503158		-1.0
	27404.99999998	21.59333		-1.68119     0.2    0.2		4.1705503158		-1.0
	27449.99999998	22.11959		-0.93106     0.2    0.2		4.1705503158		-1.0
	27494.99999998	22.0238		-0.09419     0.2    0.2		4.1705503158		-1.0
	27539.99999998	21.09105		0.61836     0.2    0.2		4.1705503158		-1.0
	27584.99999998	19.79266		1.23049     0.2    0.2		4.1705503158		-1.0
	27629.99999998	18.75596		1.3425     0.2    0.2		4.1705503158		-1.0
	27674.99999998	18.51198		2.03267     0.2    0.2		4.1705503158		-1.0
	27719.99999998	19.0593		3.062     0.2    0.2		4.1705503158		-1.0
	27764.99999998	19.78335		-2.33587     0.2    0.2		4.1705503158		-1.0
	27809.99999998	20.26314		-1.0532     0.2    0.2		4.1705503158		-1.0
	27854.99999998	19.66973		0.13643     0.2    0.2		4.1705503158		-1.0
	27899.99999998	18.70048		1.20845     0.2    0.2		4.1705503158		-1.0
	27944.99999998	17.56211		2.14847     0.2    0.2		4.1705503158		-1.0
	27989.99999998	17.00423		2.463     0.2    0.2		4.1705503158		-1.0
	28034.99999998	16.72786		2.39271     0.2    0.2		4.1705503158		-1.0
	28079.99999998	16.72999		2.84107     0.2    0.2		4.1705503158		-1.0
	28124.99999998	16.35394		-2.58067     0.2    0.2		4.1705503158		-1.0
	28169.99999998	16.25044		-1.46069     0.2    0.2		4.1705503158		-1.0
	28214.99999998	15.55853		-0.37926     0.2    0.2		4.1705503158		-1.0
	28259.99999998	14.67736		0.90222     0.2    0.2		4.1705503158		-1.0
	28304.99999998	13.41969		2.38775     0.2    0.2		4.1705503158		-1.0
	28349.99999998	12.33302		-2.41828     0.2    0.2		4.1705503158		-1.0
	28394.99999998	11.31834		-1.6873     0.2    0.2		4.1705503158		-1.0
	28439.99999998	10.28473		-1.22551     0.2    0.2		4.1705503158		-1.0
	28484.99999998	9.62762		-0.82391     0.2    0.2		4.1705503158		-1.0
	28529.99999998	9.10911		-0.24184     0.2    0.2		4.1705503158		-1.0
	28574.99999998	8.90405		0.54703     0.2    0.2		4.1705503158		-1.0
	28619.99999998	8.4971		1.34207     0.2    0.2		4.1705503158		-1.0
	28664.99999998	7.77896		2.2478     0.2    0.2		4.1705503158		-1.0
	28709.99999998	6.85544		3.04315     0.2    0.2		4.1705503158		-1.0
	28754.99999998	6.37684		-2.31837     0.2    0.2		4.1705503158		-1.0
	28799.99999998	6.26062		-0.8792     0.2    0.2		4.1705503158		-1.0
	28844.99999998	6.62203		1.29513     0.2    0.2		4.1705503158		-1.0
	28889.99999998	7.34906		2.24654     0.2    0.2		4.1705503158		-1.0
	28934.99999998	8.27269		2.93611     0.2    0.2		4.1705503158		-1.0
	28979.99999998	9.25336		-2.58108     0.2    0.2		4.1705503158		-1.0
	29024.99999998	10.02102		-1.73927     0.2    0.2		4.1705503158		-1.0
	29069.99999998	10.64876		-1.37716     0.2    0.2		4.1705503158		-1.0
	29114.99999998	11.7729		-1.27771     0.2    0.2		4.1705503158		-1.0
	29159.99999998	13.10879		-1.59847     0.2    0.2		4.1705503158		-1.0
	29204.99999998	14.62699		-1.83765     0.2    0.2		4.1705503158		-1.0
	29249.99999998	16.31256		-2.01975     0.2    0.2		4.1705503158		-1.0
	29294.99999998	17.63046		-2.20629     0.2    0.2		4.1705503158		-1.0
	29339.99999998	18.91574		-3.08574     0.2    0.2		4.1705503158		-1.0
	29384.99999998	19.79862		1.95664     0.2    0.2		4.1705503158		-1.0
	29429.99999998	20.3939		1.74935     0.2    0.2		4.1705503158		-1.0
	29474.99999998	20.96154		1.82131     0.2    0.2		4.1705503158		-1.0
	29519.99999998	21.65243		2.11211     0.2    0.2		4.1705503158		-1.0
	29564.99999998	22.2064		2.37312     0.2    0.2		4.1705503158		-1.0
	29609.99999998	22.82484		2.56342     0.2    0.2		4.1705503158		-1.0
	29654.99999998	23.57671		2.82553     0.2    0.2		4.1705503158		-1.0
	29699.99999998	24.41499		2.98239     0.2    0.2		4.1705503158		-1.0
	29744.99999998	25.57063		-3.02092     0.2    0.2		4.1705503158		-1.0
	29789.99999998	26.78728		-2.83885     0.2    0.2		4.1705503158		-1.0
	29834.99999998	28.22102		-2.59575     0.2    0.2		4.1705503158		-1.0
	29879.99999998	28.68963		-2.3675     0.2    0.2		4.1705503158		-1.0
	29924.99999998	29.41956		-2.12017     0.2    0.2		4.1705503158		-1.0
	29969.99999998	30.61618		-1.98117     0.2    0.2		4.1705503158		-1.0
	30014.99999998	30.58101		2.71801     0.2    0.2		4.1705503158		-1.0
	30059.99999998	30.74345		2.8543     0.2    0.2		4.1705503158		-1.0
	30104.99999998	31.24987		-2.81879     0.2    0.2		4.1705503158		-1.0
	30149.99999998	32.03432		1.70717     0.2    0.2		4.1705503158		-1.0
	30194.99999998	31.19046		1.7996     0.2    0.2		4.1705503158		-1.0
	30239.99999998	29.75602		1.9267     0.2    0.2		4.1705503158		-1.0
	30284.99999998	28.64461		2.13657     0.2    0.2		4.1705503158		-1.0
	30329.99999998	27.59042		2.38764     0.2    0.2		4.1705503158		-1.0
	30374.99999998	26.78327		2.82137     0.2    0.2		4.1705503158		-1.0
	30419.99999998	26.12343		-3.06881     0.2    0.2		4.1705503158		-1.0
	30464.99999998	25.72058		-2.67629     0.2    0.2		4.1705503158		-1.0
	30509.99999998	25.63465		-2.29712     0.2    0.2		4.1705503158		-1.0
	30554.99999998	26.16999		-2.02007     0.2    0.2		4.1705503158		-1.0
	30599.99999998	27.25343		-1.75361     0.2    0.2		4.1705503158		-1.0
	30644.99999998	28.2693		-1.66575     0.2    0.2		4.1705503158		-1.0
	30689.99999998	29.1441		-1.44511     0.2    0.2		4.1705503158		-1.0
	30734.99999998	29.78449		-1.13599     0.2    0.2		4.1705503158		-1.0
	30779.99999998	29.16787		0.60089     0.2    0.2		4.1705503158		-1.0
	30824.99999998	28.0018		0.49119     0.2    0.2		4.1705503158		-1.0
	30869.99999998	26.61823		0.63369     0.2    0.2		4.1705503158		-1.0
	30914.99999998	25.56984		0.95307     0.2    0.2		4.1705503158		-1.0
	30959.99999998	24.45785		1.05194     0.2    0.2		4.1705503158		-1.0
	31004.99999998	23.30734		1.13913     0.2    0.2		4.1705503158		-1.0
	31049.99999998	22.06117		1.11314     0.2    0.2		4.1705503158		-1.0
	31094.99999998	20.92244		1.07537     0.2    0.2		4.1705503158		-1.0
	31139.99999998	19.99084		1.00428     0.2    0.2		4.1705503158		-1.0
	31184.99999998	19.03407		0.7545     0.2    0.2		4.1705503158		-1.0
	31229.99999998	18.29913		0.40812     0.2    0.2		4.1705503158		-1.0
	31274.99999998	17.76195		-0.37918     0.2    0.2		4.1705503158		-1.0
	31319.99999998	17.47499		-1.09225     0.2    0.2		4.1705503158		-1.0
	31364.99999998	17.35059		-1.59161     0.2    0.2		4.1705503158		-1.0
	31409.99999998	17.48465		-2.05133     0.2    0.2		4.1705503158		-1.0
	31454.99999998	17.78058		-2.53028     0.2    0.2		4.1705503158		-1.0
	31499.99999998	18.17975		-3.06146     0.2    0.2		4.1705503158		-1.0
	31544.99999998	18.32433		2.28446     0.2    0.2		4.1705503158		-1.0
	31589.99999998	18.18912		0.89841     0.2    0.2		4.1705503158		-1.0
	31634.99999998	17.70387		-0.22204     0.2    0.2		4.1705503158		-1.0
	31679.99999998	17.00065		-0.89724     0.2    0.2		4.1705503158		-1.0
	31724.99999998	16.17512		-1.43666     0.2    0.2		4.1705503158		-1.0
	31769.99999998	15.08898		-2.29655     0.2    0.2		4.1705503158		-1.0
	31814.99999998	13.8414		1.02205     0.2    0.2		4.1705503158		-1.0
	31859.99999998	12.40547		0.52719     0.2    0.2		4.1705503158		-1.0
	31904.99999998	10.70229		0.17634     0.2    0.2		4.1705503158		-1.0
	31949.99999998	8.93296		-0.24035     0.2    0.2		4.1705503158		-1.0
	31994.99999998	7.33557		-0.8047     0.2    0.2		4.1705503158		-1.0
	32039.99999998	6.36008		-1.6023     0.2    0.2		4.1705503158		-1.0
	32084.99999998	6.18434		-1.95245     0.2    0.2		4.1705503158		-1.0
	32129.99999998	6.2658		-2.05181     0.2    0.2		4.1705503158		-1.0
	32174.99999998	8.22752		-2.63177     0.2    0.2		4.1705503158		-1.0
	32219.99999998	10.23034		-2.57161     0.2    0.2		4.1705503158		-1.0
	32264.99999998	11.84135		-2.39418     0.2    0.2		4.1705503158		-1.0
	32309.99999998	12.4456		-2.25465     0.2    0.2		4.1705503158		-1.0
	32354.99999998	12.87901		-2.09785     0.2    0.2		4.1705503158		-1.0
	32399.99999998	13.50098		-2.24772     0.2    0.2		4.1705503158		-1.0
	32444.99999998	14.31684		-3.03949     0.2    0.2		4.1705503158		-1.0
	32489.99999998	15.31071		1.5469     0.2    0.2		4.1705503158		-1.0
	32534.99999998	16.4937		0.25337     0.2    0.2		4.1705503158		-1.0
	32579.99999998	17.82378		0.28596     0.2    0.2		4.1705503158		-1.0
	32624.99999998	19.129		0.21331     0.2    0.2		4.1705503158		-1.0
	32669.99999998	19.83396		0.38741     0.2    0.2		4.1705503158		-1.0
	32714.99999998	20.52379		0.8267     0.2    0.2		4.1705503158		-1.0
	32759.99999998	20.14849		1.13152     0.2    0.2		4.1705503158		-1.0
	32804.99999998	20.41034		1.38244     0.2    0.2		4.1705503158		-1.0
	32849.99999998	20.97255		1.5677     0.2    0.2		4.1705503158		-1.0
	32894.99999998	21.72645		1.64068     0.2    0.2		4.1705503158		-1.0
	32939.99999998	22.30911		1.74857     0.2    0.2		4.1705503158		-1.0
	32984.99999998	21.73347		1.84961     0.2    0.2		4.1705503158		-1.0
	33029.99999998	20.93296		-2.42121     0.2    0.2		4.1705503158		-1.0
	33074.99999998	20.18951		-2.12049     0.2    0.2		4.1705503158		-1.0
	33119.99999998	19.38581		-1.88299     0.2    0.2		4.1705503158		-1.0
	33164.99999998	18.28834		-1.87981     0.2    0.2		4.1705503158		-1.0
	33209.99999998	17.20978		-2.03717     0.2    0.2		4.1705503158		-1.0
	33254.99999998	15.88969		-1.97649     0.2    0.2		4.1705503158		-1.0
	33299.99999998	14.73398		-2.09957     0.2    0.2		4.1705503158		-1.0
	33344.99999998	13.47704		-2.09386     0.2    0.2		4.1705503158		-1.0
	33389.99999998	12.35983		-1.98093     0.2    0.2		4.1705503158		-1.0
	33434.99999998	11.05508		-1.84301     0.2    0.2		4.1705503158		-1.0
	33479.99999998	9.93313		-1.65807     0.2    0.2		4.1705503158		-1.0
	33524.99999998	8.7335		-1.47108     0.2    0.2		4.1705503158		-1.0
	33569.99999998	7.79479		-1.26332     0.2    0.2		4.1705503158		-1.0
	33614.99999998	6.75665		-0.89412     0.2    0.2		4.1705503158		-1.0
	33659.99999998	6.36146		-0.42144     0.2    0.2		4.1705503158		-1.0
	33704.99999998	6.39502		0.08506     0.2    0.2		4.1705503158		-1.0
	33749.99999997	7.62627		0.24751     0.2    0.2		4.1705503158		-1.0
	33794.99999997	8.92551		0.47358     0.2    0.2		4.1705503158		-1.0
	33839.99999997	10.28377		0.86376     0.2    0.2		4.1705503158		-1.0
	33884.99999997	11.4908		1.26542     0.2    0.2		4.1705503158		-1.0
	33929.99999997	12.55031		1.73859     0.2    0.2		4.1705503158		-1.0
	33974.99999997	13.48944		2.11195     0.2    0.2		4.1705503158		-1.0
	34019.99999997	14.24707		2.47017     0.2    0.2		4.1705503158		-1.0
	34064.99999997	14.88194		2.93988     0.2    0.2		4.1705503158		-1.0
	34109.99999997	15.49228		-2.85221     0.2    0.2		4.1705503158		-1.0
	34154.99999997	15.91675		-2.17047     0.2    0.2		4.1705503158		-1.0
	34199.99999997	16.23088		-1.45397     0.2    0.2		4.1705503158		-1.0
	34244.99999997	15.83462		-0.75554     0.2    0.2		4.1705503158		-1.0
	34289.99999997	15.00277		0.02633     0.2    0.2		4.1705503158		-1.0
	34334.99999997	13.77375		0.47739     0.2    0.2		4.1705503158		-1.0
	34379.99999997	12.53591		1.05328     0.2    0.2		4.1705503158		-1.0
	34424.99999997	11.17049		1.34805     0.2    0.2		4.1705503158		-1.0
	34469.99999997	9.97881		2.54204     0.2    0.2		4.1705503158		-1.0
	34514.99999997	9.57963		-0.9258     0.2    0.2		4.1705503158		-1.0
	34559.99999997	9.23639		-2.12015     0.2    0.2		4.1705503158		-1.0
	34604.99999997	8.98831		-2.60686     0.2    0.2		4.1705503158		-1.0
	34649.99999997	8.68232		-2.79356     0.2    0.2		4.1705503158		-1.0
	34694.99999997	8.53326		-2.48292     0.2    0.2		4.1705503158		-1.0
	34739.99999997	8.63562		-0.37844     0.2    0.2		4.1705503158		-1.0
	34784.99999997	8.77651		-0.81374     0.2    0.2		4.1705503158		-1.0
	34829.99999997	9.41762		-0.85105     0.2    0.2		4.1705503158		-1.0
	34874.99999997	9.13399		-1.24892     0.2    0.2		4.1705503158		-1.0
	34919.99999997	8.46054		-1.15834     0.2    0.2		4.1705503158		-1.0
	34964.99999997	7.24445		-1.49637     0.2    0.2		4.1705503158		-1.0
	35009.99999997	6.19576		-1.51172     0.2    0.2		4.1705503158		-1.0
	35054.99999997	5.52379		-1.63116     0.2    0.2		4.1705503158		-1.0
	35099.99999997	5.99068		-1.67615     0.2    0.2		4.1705503158		-1.0
	35144.99999997	7.26849		-1.92108     0.2    0.2		4.1705503158		-1.0
	35189.99999997	8.74566		-1.76369     0.2    0.2		4.1705503158		-1.0
	35234.99999997	10.1571		-2.03937     0.2    0.2		4.1705503158		-1.0
	35279.99999997	11.33979		-2.05658     0.2    0.2		4.1705503158		-1.0
	35324.99999997	12.36112		-2.31865     0.2    0.2		4.1705503158		-1.0
	35369.99999997	13.64089		-2.61726     0.2    0.2		4.1705503158		-1.0
	35414.99999997	14.61797		-3.03174     0.2    0.2		4.1705503158		-1.0
	35459.99999997	15.75586		2.87368     0.2    0.2		4.1705503158		-1.0
	35504.99999997	16.71475		2.55072     0.2    0.2		4.1705503158		-1.0
	35549.99999997	17.82318		2.09634     0.2    0.2		4.1705503158		-1.0
	35594.99999997	18.53754		1.49846     0.2    0.2		4.1705503158		-1.0
	35639.99999997	19.04757		1.01677     0.2    0.2		4.1705503158		-1.0
	35684.99999997	19.04613		0.47747     0.2    0.2		4.1705503158		-1.0
	35729.99999997	18.75947		-0.19717     0.2    0.2		4.1705503158		-1.0
	35774.99999997	17.92753		-1.02032     0.2    0.2		4.1705503158		-1.0
	35819.99999997	17.36454		-1.93213     0.2    0.2		4.1705503158		-1.0
	35864.99999997	16.64264		-2.7575     0.2    0.2		4.1705503158		-1.0
	35909.99999997	16.08138		2.5683     0.2    0.2		4.1705503158		-1.0
	35954.99999997	15.86013		1.68324     0.2    0.2		4.1705503158		-1.0
	35999.99999997	16.05591		1.08135     0.2    0.2		4.1705503158		-1.0
	36044.99999997	16.38969		0.4838     0.2    0.2		4.1705503158		-1.0
	36089.99999997	16.54182		-0.0349     0.2    0.2		4.1705503158		-1.0
	36134.99999997	17.0199		-0.50383     0.2    0.2		4.1705503158		-1.0
	36179.99999997	17.87087		-0.89923     0.2    0.2		4.1705503158		-1.0
	36224.99999997	19.10663		-0.91702     0.2    0.2		4.1705503158		-1.0
	36269.99999997	20.52041		-0.25475     0.2    0.2		4.1705503158		-1.0
	36314.99999997	22.22657		-0.37632     0.2    0.2		4.1705503158		-1.0
	36359.99999997	22.26531		-1.01336     0.2    0.2		4.1705503158		-1.0
	36404.99999997	22.97983		-1.01034     0.2    0.2		4.1705503158		-1.0
	36449.99999997	24.22136		-1.79845     0.2    0.2		4.1705503158		-1.0
	36494.99999997	25.22878		-2.36272     0.2    0.2		4.1705503158		-1.0
	36539.99999997	25.40766		-2.33947     0.2    0.2		4.1705503158		-1.0
	36584.99999997	25.58972		-2.76743     0.2    0.2		4.1705503158		-1.0
	36629.99999997	25.92876		-2.9186     0.2    0.2		4.1705503158		-1.0
	36674.99999997	26.61983		-2.7259     0.2    0.2		4.1705503158		-1.0
	36719.99999997	27.17195		-2.89941     0.2    0.2		4.1705503158		-1.0
	36764.99999997	27.74219		-2.84181     0.2    0.2		4.1705503158		-1.0
	36809.99999997	28.33263		1.46445     0.2    0.2		4.1705503158		-1.0
	36854.99999997	28.46325		1.02324     0.2    0.2		4.1705503158		-1.0
	36899.99999997	29.07066		0.83888     0.2    0.2		4.1705503158		-1.0
	36944.99999997	29.04971		0.84136     0.2    0.2		4.1705503158		-1.0
	36989.99999997	28.90801		1.51272     0.2    0.2		4.1705503158		-1.0
	37034.99999997	28.55668		1.66821     0.2    0.2		4.1705503158		-1.0
	37079.99999997	27.86221		1.8642     0.2    0.2		4.1705503158		-1.0
	37124.99999997	27.73613		2.38446     0.2    0.2		4.1705503158		-1.0
	37169.99999997	28.3982		2.82719     0.2    0.2		4.1705503158		-1.0
	37214.99999997	29.39893		2.69347     0.2    0.2		4.1705503158		-1.0
	37259.99999997	29.02455		-2.30934     0.2    0.2		4.1705503158		-1.0
	37304.99999997	28.52455		-1.19159     0.2    0.2		4.1705503158		-1.0
	37349.99999997	28.04689		-0.29236     0.2    0.2		4.1705503158		-1.0
	37394.99999997	27.20994		0.29921     0.2    0.2		4.1705503158		-1.0
	37439.99999997	26.84971		0.89725     0.2    0.2		4.1705503158		-1.0
	37484.99999997	26.49757		1.47339     0.2    0.2		4.1705503158		-1.0
	37529.99999997	26.53269		2.15072     0.2    0.2		4.1705503158		-1.0
	37574.99999997	26.4048		2.93995     0.2    0.2		4.1705503158		-1.0
	37619.99999997	25.89924		-0.0625     0.2    0.2		4.1705503158		-1.0
	37664.99999997	25.32915		0.8188     0.2    0.2		4.1705503158		-1.0
	37709.99999997	24.29401		1.77382     0.2    0.2		4.1705503158		-1.0
	37754.99999997	23.9964		2.61174     0.2    0.2		4.1705503158		-1.0
	37799.99999997	23.83672		-2.73712     0.2    0.2		4.1705503158		-1.0
	37844.99999997	24.31951		-1.81882     0.2    0.2		4.1705503158		-1.0
	37889.99999997	24.71132		-0.94144     0.2    0.2		4.1705503158		-1.0
	37934.99999997	25.00758		0.57455     0.2    0.2		4.1705503158		-1.0
	37979.99999997	24.71314		2.7119     0.2    0.2		4.1705503158		-1.0
	38024.99999997	24.90089		-2.784     0.2    0.2		4.1705503158		-1.0
	38069.99999997	25.04038		-2.28029     0.2    0.2		4.1705503158		-1.0
	38114.99999997	25.1528		-1.68826     0.2    0.2		4.1705503158		-1.0
	38159.99999997	25.40054		-1.01324     0.2    0.2		4.1705503158		-1.0
	38204.99999997	24.62394		1.56936     0.2    0.2		4.1705503158		-1.0
	38249.99999997	24.9682		2.3396     0.2    0.2		4.1705503158		-1.0
	38294.99999997	25.66247		1.48793     0.2    0.2		4.1705503158		-1.0
	38339.99999997	26.14052		3.05786     0.2    0.2		4.1705503158		-1.0
	38384.99999997	25.59308		-3.00755     0.2    0.2		4.1705503158		-1.0
	38429.99999997	25.08007		2.52052     0.2    0.2		4.1705503158		-1.0
	38474.99999997	24.83231		2.59657     0.2    0.2		4.1705503158		-1.0
	38519.99999997	24.28332		2.26958     0.2    0.2		4.1705503158		-1.0
	38564.99999997	23.16398		2.57739     0.2    0.2		4.1705503158		-1.0
	38609.99999997	22.20102		2.38031     0.2    0.2		4.1705503158		-1.0
	38654.99999997	20.76417		2.58765     0.2    0.2		4.1705503158		-1.0
	38699.99999997	19.75999		2.56134     0.2    0.2		4.1705503158		-1.0
	38744.99999997	18.21795		2.74881     0.2    0.2		4.1705503158		-1.0
	38789.99999997	17.26547		2.81113     0.2    0.2		4.1705503158		-1.0
	38834.99999997	16.33599		-3.08912     0.2    0.2		4.1705503158		-1.0
	38879.99999997	15.78097		-3.0868     0.2    0.2		4.1705503158		-1.0
	38924.99999997	15.37972		2.00232     0.2    0.2		4.1705503158		-1.0
	38969.99999997	15.01942		-2.84369     0.2    0.2		4.1705503158		-1.0
	39014.99999997	14.89717		2.61925     0.2    0.2		4.1705503158		-1.0
	39059.99999997	14.08627		2.88764     0.2    0.2		4.1705503158		-1.0
	39104.99999997	13.51603		2.51305     0.2    0.2		4.1705503158		-1.0
	39149.99999997	12.6817		2.80584     0.2    0.2		4.1705503158		-1.0
	39194.99999997	12.24982		2.82434     0.2    0.2		4.1705503158		-1.0
	39239.99999997	11.1876		3.08172     0.2    0.2		4.1705503158		-1.0
	39284.99999997	10.02555		-3.00076     0.2    0.2		4.1705503158		-1.0
	39329.99999997	9.24922		-2.90895     0.2    0.2		4.1705503158		-1.0
	39374.99999997	8.88356		-3.12263     0.2    0.2		4.1705503158		-1.0
	39419.99999997	9.71619		2.90585     0.2    0.2		4.1705503158		-1.0
	39464.99999997	10.48766		2.76802     0.2    0.2		4.1705503158		-1.0
	39509.99999997	11.73208		2.80038     0.2    0.2		4.1705503158		-1.0
	39554.99999997	12.81825		2.60761     0.2    0.2		4.1705503158		-1.0
	39599.99999997	13.60104		2.65281     0.2    0.2		4.1705503158		-1.0
	39644.99999997	14.70523		2.81385     0.2    0.2		4.1705503158		-1.0
	39689.99999997	15.00561		-3.02242     0.2    0.2		4.1705503158		-1.0
	39734.99999997	15.74779		-2.3923     0.2    0.2		4.1705503158		-1.0
	39779.99999997	15.53634		-2.35123     0.2    0.2		4.1705503158		-1.0
	39824.99999997	15.37742		-2.09592     0.2    0.2		4.1705503158		-1.0
	39869.99999997	14.18948		-1.77912     0.2    0.2		4.1705503158		-1.0
	39914.99999997	13.09657		-1.32336     0.2    0.2		4.1705503158		-1.0
	39959.99999997	11.9202		-0.6729     0.2    0.2		4.1705503158		-1.0
	40004.99999997	11.00916		0.13208     0.2    0.2		4.1705503158		-1.0
	40049.99999997	9.95282		0.52472     0.2    0.2		4.1705503158		-1.0
	40094.99999997	9.36569		0.96599     0.2    0.2		4.1705503158		-1.0
	40139.99999997	8.6272		1.19397     0.2    0.2		4.1705503158		-1.0
	40184.99999997	8.97026		1.15294     0.2    0.2		4.1705503158		-1.0
	40229.99999996	9.7786		1.77611     0.2    0.2		4.1705503158		-1.0
	40274.99999996	10.89763		2.31806     0.2    0.2		4.1705503158		-1.0
	40319.99999996	12.37013		2.74589     0.2    0.2		4.1705503158		-1.0
	40364.99999996	13.7391		-3.1242     0.2    0.2		4.1705503158		-1.0
	40409.99999996	15.15572		-2.70922     0.2    0.2		4.1705503158		-1.0
	40454.99999996	16.45618		-2.06924     0.2    0.2		4.1705503158		-1.0
	40499.99999996	17.42174		-0.82828     0.2    0.2		4.1705503158		-1.0
	40544.99999996	18.2356		0.021     0.2    0.2		4.1705503158		-1.0
	40589.99999996	18.62274		0.50514     0.2    0.2		4.1705503158		-1.0
	40634.99999996	19.0473		0.82723     0.2    0.2		4.1705503158		-1.0
	40679.99999996	19.4987		1.22965     0.2    0.2		4.1705503158		-1.0
	40724.99999996	19.98658		1.3601     0.2    0.2		4.1705503158		-1.0
	40769.99999996	20.29146		1.76008     0.2    0.2		4.1705503158		-1.0
	40814.99999996	19.96398		1.34893     0.2    0.2		4.1705503158		-1.0
	40859.99999996	19.12047		1.64135     0.2    0.2		4.1705503158		-1.0
	40904.99999996	17.74276		1.86704     0.2    0.2		4.1705503158		-1.0
	40949.99999996	16.26538		1.99538     0.2    0.2		4.1705503158		-1.0
	40994.99999996	15.21477		1.76189     0.2    0.2		4.1705503158		-1.0
	41039.99999996	14.22775		1.66972     0.2    0.2		4.1705503158		-1.0
	41084.99999996	13.58593		1.68264     0.2    0.2		4.1705503158		-1.0
	41129.99999996	13.17921		1.59097     0.2    0.2		4.1705503158		-1.0
	41174.99999996	12.90233		1.15195     0.2    0.2		4.1705503158		-1.0
	41219.99999996	13.08743		-0.87199     0.2    0.2		4.1705503158		-1.0
	41264.99999996	14.12377		-0.75751     0.2    0.2		4.1705503158		-1.0
	41309.99999996	15.63962		-0.65584     0.2    0.2		4.1705503158		-1.0
	41354.99999996	16.69483		-0.23423     0.2    0.2		4.1705503158		-1.0
	41399.99999996	17.75625		0.01446     0.2    0.2		4.1705503158		-1.0
	41444.99999996	18.25571		0.61384     0.2    0.2		4.1705503158		-1.0
	41489.99999996	18.22245		1.5648     0.2    0.2		4.1705503158		-1.0
	41534.99999996	17.15261		-3.04929     0.2    0.2		4.1705503158		-1.0
	41579.99999996	16.94938		-3.13741     0.2    0.2		4.1705503158		-1.0
	41624.99999996	16.38256		2.95174     0.2    0.2		4.1705503158		-1.0
	41669.99999996	16.25966		2.65582     0.2    0.2		4.1705503158		-1.0
	41714.99999996	15.66257		2.27479     0.2    0.2		4.1705503158		-1.0
	41759.99999996	14.9877		2.22997     0.2    0.2		4.1705503158		-1.0
	41804.99999996	14.07147		2.13456     0.2    0.2		4.1705503158		-1.0
	41849.99999996	12.57842		2.15592     0.2    0.2		4.1705503158		-1.0
	41894.99999996	11.46467		2.06275     0.2    0.2		4.1705503158		-1.0
	41939.99999996	9.90989		1.8725     0.2    0.2		4.1705503158		-1.0
	41984.99999996	8.482		2.09397     0.2    0.2		4.1705503158		-1.0
	42029.99999996	6.82548		2.08433     0.2    0.2		4.1705503158		-1.0
	42074.99999996	5.70405		2.54643     0.2    0.2		4.1705503158		-1.0
	42119.99999996	6.27977		2.92244     0.2    0.2		4.1705503158		-1.0
	42164.99999996	7.28396		3.05993     0.2    0.2		4.1705503158		-1.0
	42209.99999996	8.64337		2.98356     0.2    0.2		4.1705503158		-1.0
	42254.99999996	10.04334		2.75687     0.2    0.2		4.1705503158		-1.0
	42299.99999996	11.55938		2.77987     0.2    0.2		4.1705503158		-1.0
	42344.99999996	13.05279		-2.64322     0.2    0.2		4.1705503158		-1.0
	42389.99999996	14.20437		-2.50556     0.2    0.2		4.1705503158		-1.0
	42434.99999996	15.17251		-2.55423     0.2    0.2		4.1705503158		-1.0
	42479.99999996	16.40616		-2.66517     0.2    0.2		4.1705503158		-1.0
	42524.99999996	17.50304		-2.51668     0.2    0.2		4.1705503158		-1.0
	42569.99999996	18.64551		-2.33206     0.2    0.2		4.1705503158		-1.0
	42614.99999996	19.22206		-2.33775     0.2    0.2		4.1705503158		-1.0
	42659.99999996	19.82604		-2.33211     0.2    0.2		4.1705503158		-1.0
	42704.99999996	20.18842		2.49262     0.2    0.2		4.1705503158		-1.0
	42749.99999996	20.87317		1.48942     0.2    0.2		4.1705503158		-1.0
	42794.99999996	21.5358		1.17836     0.2    0.2		4.1705503158		-1.0
	42839.99999996	22.39332		0.9607     0.2    0.2		4.1705503158		-1.0
	42884.99999996	23.25805		0.49753     0.2    0.2		4.1705503158		-1.0
	42929.99999996	24.2841		0.11801     0.2    0.2		4.1705503158		-1.0
	42974.99999996	25.45177		-0.46508     0.2    0.2		4.1705503158		-1.0
	43019.99999996	26.5201		0.92283     0.2    0.2		4.1705503158		-1.0
	43064.99999996	27.37071		2.20783     0.2    0.2		4.1705503158		-1.0
	43109.99999996	26.68366		2.91368     0.2    0.2		4.1705503158		-1.0
	43154.99999996	25.79544		2.83698     0.2    0.2		4.1705503158		-1.0
	43199.99999996	24.91757		3.1203     0.2    0.2		4.1705503158		-1.0
	43244.99999996	24.45189		-3.0493     0.2    0.2		4.1705503158		-1.0
	43289.99999996	24.10275		-2.67771     0.2    0.2		4.1705503158		-1.0
	43334.99999996	24.38499		-2.4008     0.2    0.2		4.1705503158		-1.0
	43379.99999996	23.97437		-2.24957     0.2    0.2		4.1705503158		-1.0
	43424.99999996	23.04053		1.53292     0.2    0.2		4.1705503158		-1.0
	43469.99999996	21.79573		1.87218     0.2    0.2		4.1705503158		-1.0
	43514.99999996	20.78796		2.33696     0.2    0.2		4.1705503158		-1.0
	43559.99999996	19.92695		2.89697     0.2    0.2		4.1705503158		-1.0
	43604.99999996	19.47155		-2.53852     0.2    0.2		4.1705503158		-1.0
	43649.99999996	18.9792		-1.97368     0.2    0.2		4.1705503158		-1.0
	43694.99999996	18.5586		-1.27112     0.2    0.2		4.1705503158		-1.0
	43739.99999996	17.84933		-0.65405     0.2    0.2		4.1705503158		-1.0
	43784.99999996	17.09341		1.12861     0.2    0.2		4.1705503158		-1.0
	43829.99999996	15.80576		2.65994     0.2    0.2		4.1705503158		-1.0
	43874.99999996	14.62438		-2.94347     0.2    0.2		4.1705503158		-1.0
	43919.99999996	13.53916		-2.45787     0.2    0.2		4.1705503158		-1.0
	43964.99999996	12.72449		-1.92612     0.2    0.2		4.1705503158		-1.0
	44009.99999996	11.76583		-1.18954     0.2    0.2		4.1705503158		-1.0
	44054.99999996	11.25202		-0.14912     0.2    0.2		4.1705503158		-1.0
	44099.99999996	10.25344		2.09851     0.2    0.2		4.1705503158		-1.0
	44144.99999996	9.35262		-2.70619     0.2    0.2		4.1705503158		-1.0
	44189.99999996	8.65347		-1.78357     0.2    0.2		4.1705503158		-1.0
	44234.99999996	7.97633		-1.00393     0.2    0.2		4.1705503158		-1.0
	44279.99999996	7.4677		-0.41923     0.2    0.2		4.1705503158		-1.0
	44324.99999996	7.56306		0.05651     0.2    0.2		4.1705503158		-1.0
	44369.99999996	7.89048		-0.64073     0.2    0.2		4.1705503158		-1.0
	44414.99999996	8.75239		-1.11827     0.2    0.2		4.1705503158		-1.0
	44459.99999996	9.77412		-1.22665     0.2    0.2		4.1705503158		-1.0
	44504.99999996	11.03153		-1.54225     0.2    0.2		4.1705503158		-1.0
	44549.99999996	12.02023		-1.85096     0.2    0.2		4.1705503158		-1.0
	44594.99999996	12.99395		-1.81879     0.2    0.2		4.1705503158		-1.0
	44639.99999996	14.12732		-1.62734     0.2    0.2		4.1705503158		-1.0
	44684.99999996	14.71032		-0.57897     0.2    0.2		4.1705503158		-1.0
	44729.99999996	14.68503		0.18795     0.2    0.2		4.1705503158		-1.0
	44774.99999996	14.21151		0.23056     0.2    0.2		4.1705503158		-1.0
	44819.99999996	13.43252		-0.05243     0.2    0.2		4.1705503158		-1.0
	44864.99999996	13.06047		0.6038     0.2    0.2		4.1705503158		-1.0
	44909.99999996	12.97389		1.53909     0.2    0.2		4.1705503158		-1.0
	44954.99999996	13.52853		1.58969     0.2    0.2		4.1705503158		-1.0
	44999.99999996	14.21186		1.99617     0.2    0.2		4.1705503158		-1.0
	45044.99999996	14.65478		2.57029     0.2    0.2		4.1705503158		-1.0
	45089.99999996	14.19501		2.40581     0.2    0.2		4.1705503158		-1.0
	45134.99999996	12.83937		2.20517     0.2    0.2		4.1705503158		-1.0
	45179.99999996	11.61899		2.22476     0.2    0.2		4.1705503158		-1.0
	45224.99999996	10.8138		3.12857     0.2    0.2		4.1705503158		-1.0
	45269.99999996	10.29048		-2.4492     0.2    0.2		4.1705503158		-1.0
	45314.99999996	11.14539		-2.73552     0.2    0.2		4.1705503158		-1.0
	45359.99999996	11.51048		-3.10749     0.2    0.2		4.1705503158		-1.0
	45404.99999996	11.70494		2.56126     0.2    0.2		4.1705503158		-1.0
	45449.99999996	10.93242		2.59579     0.2    0.2		4.1705503158		-1.0
	45494.99999996	10.23531		3.03014     0.2    0.2		4.1705503158		-1.0
	45539.99999996	11.33944		-2.45548     0.2    0.2		4.1705503158		-1.0
	45584.99999996	12.76185		-2.20245     0.2    0.2		4.1705503158		-1.0
	45629.99999996	14.03799		-2.53875     0.2    0.2		4.1705503158		-1.0
	45674.99999996	14.77703		3.07507     0.2    0.2		4.1705503158		-1.0
	45719.99999996	14.04448		2.91169     0.2    0.2		4.1705503158		-1.0
	45764.99999996	12.78874		3.03489     0.2    0.2		4.1705503158		-1.0
	45809.99999996	12.79683		-2.54646     0.2    0.2		4.1705503158		-1.0
	45854.99999996	13.52254		-2.09546     0.2    0.2		4.1705503158		-1.0
	45899.99999996	14.3526		-2.28224     0.2    0.2		4.1705503158		-1.0
	45944.99999996	14.07233		-3.08086     0.2    0.2		4.1705503158		-1.0
	45989.99999996	12.42386		2.85418     0.2    0.2		4.1705503158		-1.0
	46034.99999996	11.19127		-2.83957     0.2    0.2		4.1705503158		-1.0
	46079.99999996	10.66113		-2.28758     0.2    0.2		4.1705503158		-1.0
	46124.99999996	10.92618		-1.57555     0.2    0.2		4.1705503158		-1.0
	46169.99999996	10.73331		-0.94092     0.2    0.2		4.1705503158		-1.0
	46214.99999996	9.63953		-0.37223     0.2    0.2		4.1705503158		-1.0
	46259.99999996	8.827		2.58261     0.2    0.2		4.1705503158		-1.0
	46304.99999996	8.40796		-2.50825     0.2    0.2		4.1705503158		-1.0
	46349.99999996	8.82411		-1.80409     0.2    0.2		4.1705503158		-1.0
	46394.99999996	10.18327		-1.60144     0.2    0.2		4.1705503158		-1.0
	46439.99999996	11.7018		-1.78026     0.2    0.2		4.1705503158		-1.0
	46484.99999996	12.97223		2.48364     0.2    0.2		4.1705503158		-1.0
	46529.99999996	14.22704		2.14143     0.2    0.2		4.1705503158		-1.0
	46574.99999996	15.46712		1.94086     0.2    0.2		4.1705503158		-1.0
	46619.99999996	16.55339		1.46165     0.2    0.2		4.1705503158		-1.0
	46664.99999996	17.38103		0.42343     0.2    0.2		4.1705503158		-1.0
	46709.99999996	18.04278		0.26229     0.2    0.2		4.1705503158		-1.0
	46754.99999995	18.15767		0.50296     0.2    0.2		4.1705503158		-1.0
	46799.99999995	17.67671		0.95504     0.2    0.2		4.1705503158		-1.0
	46844.99999995	17.11907		2.1472     0.2    0.2		4.1705503158		-1.0
	46889.99999995	17.24213		-2.81408     0.2    0.2		4.1705503158		-1.0
	46934.99999995	17.27388		-1.37933     0.2    0.2		4.1705503158		-1.0
	46979.99999995	17.35385		-0.24718     0.2    0.2		4.1705503158		-1.0
	47024.99999995	16.86953		0.86876     0.2    0.2		4.1705503158		-1.0
	47069.99999995	16.0261		1.45267     0.2    0.2		4.1705503158		-1.0
	47114.99999995	15.57125		2.14159     0.2    0.2		4.1705503158		-1.0
	47159.99999995	15.79937		2.73534     0.2    0.2		4.1705503158		-1.0
	47204.99999995	16.53304		-2.93888     0.2    0.2		4.1705503158		-1.0
	47249.99999995	16.75824		-1.67728     0.2    0.2		4.1705503158		-1.0
	47294.99999995	16.61084		-0.93032     0.2    0.2		4.1705503158		-1.0
	47339.99999995	15.64882		-0.3622     0.2    0.2		4.1705503158		-1.0
	47384.99999995	15.2068		0.55766     0.2    0.2		4.1705503158		-1.0
	47429.99999995	14.92014		1.35111     0.2    0.2		4.1705503158		-1.0
	47474.99999995	14.55857		2.36878     0.2    0.2		4.1705503158		-1.0
	47519.99999995	14.1092		-2.48796     0.2    0.2		4.1705503158		-1.0
	47564.99999995	13.42387		-0.00344     0.2    0.2		4.1705503158		-1.0
	47609.99999995	13.0732		1.34856     0.2    0.2		4.1705503158		-1.0
	47654.99999995	13.02049		2.17305     0.2    0.2		4.1705503158		-1.0
	47699.99999995	13.56039		3.0277     0.2    0.2		4.1705503158		-1.0
	47744.99999995	13.94876		-2.52764     0.2    0.2		4.1705503158		-1.0
	47789.99999995	13.74244		-1.66872     0.2    0.2		4.1705503158		-1.0
	47834.99999995	13.39914		-0.86617     0.2    0.2		4.1705503158		-1.0
	47879.99999995	12.87461		1.10014     0.2    0.2		4.1705503158		-1.0
	47924.99999995	12.67623		-0.48341     0.2    0.2		4.1705503158		-1.0
	47969.99999995	12.06944		-0.82462     0.2    0.2		4.1705503158		-1.0
	48014.99999995	11.48519		-1.7827     0.2    0.2		4.1705503158		-1.0
	48059.99999995	10.70241		-1.26611     0.2    0.2		4.1705503158		-1.0
	48104.99999995	10.908		-1.1402     0.2    0.2		4.1705503158		-1.0
	48149.99999995	11.78856		-0.52979     0.2    0.2		4.1705503158		-1.0
	48194.99999995	12.53903		-0.12522     0.2    0.2		4.1705503158		-1.0
	48239.99999995	13.2683		0.33353     0.2    0.2		4.1705503158		-1.0
	48284.99999995	13.52961		0.86556     0.2    0.2		4.1705503158		-1.0
	48329.99999995	13.69436		1.3765     0.2    0.2		4.1705503158		-1.0
	48374.99999995	13.91321		2.19286     0.2    0.2		4.1705503158		-1.0
	48419.99999995	14.20492		2.5901     0.2    0.2		4.1705503158		-1.0
	48464.99999995	14.50578		-2.99765     0.2    0.2		4.1705503158		-1.0
	48509.99999995	14.73577		-2.72702     0.2    0.2		4.1705503158		-1.0
	48554.99999995	14.70761		-2.30466     0.2    0.2		4.1705503158		-1.0
	48599.99999995	15.32825		-2.00311     0.2    0.2		4.1705503158		-1.0
	48644.99999995	15.82487		-1.53971     0.2    0.2		4.1705503158		-1.0
	48689.99999995	15.54454		-1.11549     0.2    0.2		4.1705503158		-1.0
	48734.99999995	14.75147		-0.57858     0.2    0.2		4.1705503158		-1.0
	48779.99999995	13.9002		-0.00988     0.2    0.2		4.1705503158		-1.0
	48824.99999995	13.09164		0.59707     0.2    0.2		4.1705503158		-1.0
	48869.99999995	12.2579		1.3488     0.2    0.2		4.1705503158		-1.0
	48914.99999995	11.11534		1.9724     0.2    0.2		4.1705503158		-1.0
	48959.99999995	10.14702		2.52449     0.2    0.2		4.1705503158		-1.0
	49004.99999995	9.24922		2.68489     0.2    0.2		4.1705503158		-1.0
	49049.99999995	8.89063		2.82733     0.2    0.2		4.1705503158		-1.0
	49094.99999995	8.75513		2.656     0.2    0.2		4.1705503158		-1.0
	49139.99999995	8.33969		2.46388     0.2    0.2		4.1705503158		-1.0
	49184.99999995	7.5964		2.30647     0.2    0.2		4.1705503158		-1.0
	49229.99999995	6.61283		2.2909     0.2    0.2		4.1705503158		-1.0
	49274.99999995	5.59526		2.61164     0.2    0.2		4.1705503158		-1.0
	49319.99999995	5.17922		2.70036     0.2    0.2		4.1705503158		-1.0
	49364.99999995	5.90989		2.94576     0.2    0.2		4.1705503158		-1.0
	49409.99999995	6.94915		-2.75328     0.2    0.2		4.1705503158		-1.0
	49454.99999995	8.29879		-2.23355     0.2    0.2		4.1705503158		-1.0
	49499.99999995	9.38027		-1.84185     0.2    0.2		4.1705503158		-1.0
	49544.99999995	10.45718		-1.3453     0.2    0.2		4.1705503158		-1.0
	49589.99999995	11.08476		-0.34231     0.2    0.2		4.1705503158		-1.0
	49634.99999995	11.49026		0.79926     0.2    0.2		4.1705503158		-1.0
	49679.99999995	12.16194		1.39145     0.2    0.2		4.1705503158		-1.0
	49724.99999995	12.2431		2.01396     0.2    0.2		4.1705503158		-1.0
	49769.99999995	11.87383		2.61655     0.2    0.2		4.1705503158		-1.0
	49814.99999995	11.91994		-3.00394     0.2    0.2		4.1705503158		-1.0
	49859.99999995	12.5374		-2.68076     0.2    0.2		4.1705503158		-1.0
	49904.99999995	13.18877		-2.27764     0.2    0.2		4.1705503158		-1.0
	49949.99999995	13.88596		-1.99152     0.2    0.2		4.1705503158		-1.0
	49994.99999995	14.43359		-1.65633     0.2    0.2		4.1705503158		-1.0
