	45.00000000	2.87536		-0.21818  0.2  0.2		4.1705503158		-1.0
	90.00000000	2.91336		0.08313  0.2  0.2		4.1705503158		-1.0
	135.00000000	2.9852		0.64441  0.2  0.2		4.1705503158		-1.0
	180.00000000	2.82525		0.94233  0.2  0.2		4.1705503158		-1.0
	225.00000000	2.87743		1.17917  0.2  0.2		4.1705503158		-1.0
	270.00000000	3.03766		1.60156  0.2  0.2		4.1705503158		-1.0
	315.00000000	2.82558		2.06839  0.2  0.2		4.1705503158		-1.0
	360.00000000	2.97522		2.53673  0.2  0.2		4.1705503158		-1.0
	405.00000000	2.89341		2.95089  0.2  0.2		4.1705503158		-1.0
	450.00000000	2.92845		-2.68155  0.2  0.2		4.1705503158		-1.0
	495.00000000	2.84829		-2.29432  0.2  0.2		4.1705503158		-1.0
	540.00000000	3.03663		-1.98434  0.2  0.2		4.1705503158		-1.0
	585.00000000	2.87623		-1.75875  0.2  0.2		4.1705503158		-1.0
	630.00000000	2.89941		-1.53035  0.2  0.2		4.1705503158		-1.0
	675.00000000	2.82529		-1.639  0.2  0.2		4.1705503158		-1.0
	720.00000000	3.05095		-1.40469  0.2  0.2		4.1705503158		-1.0
	765.00000000	2.86406		-1.38381  0.2  0.2		4.1705503158		-1.0
	810.00000000	2.94845		-1.12968  0.2  0.2		4.1705503158		-1.0
	855.00000000	2.85085		-0.92976  0.2  0.2		4.1705503158		-1.0
	900.00000000	2.94901		-0.46365  0.2  0.2		4.1705503158		-1.0
	945.00000000	2.88444		0.31836  0.2  0.2		4.1705503158		-1.0
	990.00000000	2.93537		0.92449  0.2  0.2		4.1705503158		-1.0
	1035.00000000	2.92495		1.29679  0.2  0.2		4.1705503158		-1.0
	1080.00000000	2.97869		1.75575  0.2  0.2		4.1705503158		-1.0
	1125.00000000	2.90003		2.07286  0.2  0.2		4.1705503158		-1.0
	1170.00000000	2.81865		2.5747  0.2  0.2		4.1705503158		-1.0
	1215.00000000	2.95709		2.82011  0.2  0.2		4.1705503158		-1.0
	1260.00000000	3.065		-2.94994  0.2  0.2		4.1705503158		-1.0
	1305.00000000	2.95586		-2.85002  0.2  0.2		4.1705503158		-1.0
	1350.00000000	2.89944		-2.37259  0.2  0.2		4.1705503158		-1.0
	1395.00000000	2.78848		-2.08979  0.2  0.2		4.1705503158		-1.0
	1440.00000000	2.94487		-1.86736  0.2  0.2		4.1705503158		-1.0
	1485.00000000	2.93276		-1.60762  0.2  0.2		4.1705503158		-1.0
	1530.00000000	2.96204		-1.22825  0.2  0.2		4.1705503158		-1.0
	1575.00000000	3.01161		-1.13839  0.2  0.2		4.1705503158		-1.0
	1620.00000000	2.99298		-0.31505  0.2  0.2		4.1705503158		-1.0
	1665.00000000	2.90892		0.51051  0.2  0.2		4.1705503158		-1.0
	1710.00000000	2.89339		0.84634  0.2  0.2		4.1705503158		-1.0
	1755.00000000	2.83972		1.37615  0.2  0.2		4.1705503158		-1.0
	1800.00000000	2.88719		1.78568  0.2  0.2		4.1705503158		-1.0
	1845.00000000	2.91127		1.71466  0.2  0.2		4.1705503158		-1.0
	1890.00000000	3.02282		2.42958  0.2  0.2		4.1705503158		-1.0
	1935.00000000	2.88877		2.33692  0.2  0.2		4.1705503158		-1.0
	1980.00000000	2.94228		2.7412  0.2  0.2		4.1705503158		-1.0
	2025.00000000	2.79859		2.91885  0.2  0.2		4.1705503158		-1.0
	2070.00000000	2.87909		-2.90921  0.2  0.2		4.1705503158		-1.0
	2115.00000000	2.97899		-2.44143  0.2  0.2		4.1705503158		-1.0
	2160.00000000	2.99783		-2.36887  0.2  0.2		4.1705503158		-1.0
	2205.00000000	3.04559		-1.95194  0.2  0.2		4.1705503158		-1.0
	2250.00000000	3.06457		-1.54978  0.2  0.2		4.1705503158		-1.0
	2295.00000000	3.10318		-1.77627  0.2  0.2		4.1705503158		-1.0
	2340.00000000	2.89929		-1.10483  0.2  0.2		4.1705503158		-1.0
	2385.00000000	2.96873		-0.53058  0.2  0.2		4.1705503158		-1.0
	2430.00000000	2.90996		0.62228  0.2  0.2		4.1705503158		-1.0
	2475.00000000	2.86453		1.41888  0.2  0.2		4.1705503158		-1.0
	2520.00000000	2.90452		1.00296  0.2  0.2		4.1705503158		-1.0
	2565.00000000	2.84044		1.29825  0.2  0.2		4.1705503158		-1.0
	2610.00000000	2.75838		1.49591  0.2  0.2		4.1705503158		-1.0
	2655.00000000	2.88515		1.22417  0.2  0.2		4.1705503158		-1.0
	2700.00000000	2.73865		1.10503  0.2  0.2		4.1705503158		-1.0
	2745.00000000	2.77008		1.02229  0.2  0.2		4.1705503158		-1.0
	2790.00000000	2.81667		0.17252  0.2  0.2		4.1705503158		-1.0
	2835.00000000	2.95305		-0.16692  0.2  0.2		4.1705503158		-1.0
	2880.00000000	3.03442		-0.10504  0.2  0.2		4.1705503158		-1.0
	2925.00000000	3.06465		-0.32727  0.2  0.2		4.1705503158		-1.0
	2970.00000000	3.03091		-0.06286  0.2  0.2		4.1705503158		-1.0
	3015.00000000	2.98283		0.17512  0.2  0.2		4.1705503158		-1.0
	3060.00000000	2.89257		0.82869  0.2  0.2		4.1705503158		-1.0
	3105.00000000	2.85217		0.34472  0.2  0.2		4.1705503158		-1.0
	3150.00000000	2.90357		0.45063  0.2  0.2		4.1705503158		-1.0
	3195.00000000	3.1477		0.8059  0.2  0.2		4.1705503158		-1.0
	3240.00000000	3.24522		1.23483  0.2  0.2		4.1705503158		-1.0
	3285.00000000	3.21216		0.77016  0.2  0.2		4.1705503158		-1.0
	3330.00000000	3.20039		0.23301  0.2  0.2		4.1705503158		-1.0
	3375.00000000	3.02136		0.59379  0.2  0.2		4.1705503158		-1.0
	3420.00000000	3.14554		0.40393  0.2  0.2		4.1705503158		-1.0
	3465.00000000	2.8805		-0.17879  0.2  0.2		4.1705503158		-1.0
	3510.00000000	2.91106		-0.8889  0.2  0.2		4.1705503158		-1.0
	3555.00000000	2.76703		-0.62722  0.2  0.2		4.1705503158		-1.0
	3600.00000000	2.9274		-0.58063  0.2  0.2		4.1705503158		-1.0
	3645.00000000	2.96564		-0.674  0.2  0.2		4.1705503158		-1.0
	3690.00000000	3.101		-0.56909  0.2  0.2		4.1705503158		-1.0
	3735.00000000	2.9114		-0.77445  0.2  0.2		4.1705503158		-1.0
	3780.00000000	2.82322		-0.62266  0.2  0.2		4.1705503158		-1.0
	3825.00000000	2.81497		-0.18832  0.2  0.2		4.1705503158		-1.0
	3870.00000000	2.80132		0.45156  0.2  0.2		4.1705503158		-1.0
	3915.00000000	3.02299		1.00573  0.2  0.2		4.1705503158		-1.0
	3960.00000000	3.08504		1.39919  0.2  0.2		4.1705503158		-1.0
	4005.00000000	2.99816		1.44151  0.2  0.2		4.1705503158		-1.0
	4050.00000000	3.00043		1.90708  0.2  0.2		4.1705503158		-1.0
	4095.00000000	2.83787		2.02916  0.2  0.2		4.1705503158		-1.0
	4140.00000000	2.87654		2.31229  0.2  0.2		4.1705503158		-1.0
	4185.00000000	2.8537		2.46073  0.2  0.2		4.1705503158		-1.0
	4230.00000000	2.87586		2.74551  0.2  0.2		4.1705503158		-1.0
	4275.00000000	2.7924		3.08038  0.2  0.2		4.1705503158		-1.0
	4320.00000000	2.88629		-2.88233  0.2  0.2		4.1705503158		-1.0
	4365.00000000	2.81445		-2.55063  0.2  0.2		4.1705503158		-1.0
	4410.00000000	2.90981		-2.20756  0.2  0.2		4.1705503158		-1.0
	4455.00000000	2.90144		-2.08467  0.2  0.2		4.1705503158		-1.0
	4500.00000000	2.92196		-1.81231  0.2  0.2		4.1705503158		-1.0
	4545.00000000	2.93223		-1.92941  0.2  0.2		4.1705503158		-1.0
	4590.00000000	2.92563		-1.88142  0.2  0.2		4.1705503158		-1.0
	4635.00000000	3.01824		-2.21912  0.2  0.2		4.1705503158		-1.0
	4680.00000000	3.00156		-2.49819  0.2  0.2		4.1705503158		-1.0
	4725.00000000	2.98665		-2.66172  0.2  0.2		4.1705503158		-1.0
	4770.00000000	2.83973		-2.76926  0.2  0.2		4.1705503158		-1.0
	4815.00000000	2.7767		-2.99095  0.2  0.2		4.1705503158		-1.0
	4860.00000000	2.80878		-3.04606  0.2  0.2		4.1705503158		-1.0
	4905.00000000	2.89293		2.98374  0.2  0.2		4.1705503158		-1.0
	4950.00000000	2.91869		2.72643  0.2  0.2		4.1705503158		-1.0
	4995.00000000	3.06122		2.3258  0.2  0.2		4.1705503158		-1.0
	5040.00000000	3.06415		1.97917  0.2  0.2		4.1705503158		-1.0
	5085.00000000	2.84968		1.79663  0.2  0.2		4.1705503158		-1.0
	5130.00000000	2.85094		1.49331  0.2  0.2		4.1705503158		-1.0
	5175.00000000	3.05288		0.87588  0.2  0.2		4.1705503158		-1.0
	5220.00000000	3.03474		0.24878  0.2  0.2		4.1705503158		-1.0
	5265.00000000	2.83623		-0.39887  0.2  0.2		4.1705503158		-1.0
	5310.00000000	3.03499		-0.93754  0.2  0.2		4.1705503158		-1.0
	5355.00000000	2.80818		-1.25387  0.2  0.2		4.1705503158		-1.0
	5400.00000000	3.02505		-1.55662  0.2  0.2		4.1705503158		-1.0
	5445.00000000	2.99059		-1.71672  0.2  0.2		4.1705503158		-1.0
	5490.00000000	3.02208		-1.89201  0.2  0.2		4.1705503158		-1.0
	5535.00000000	2.77637		-2.28549  0.2  0.2		4.1705503158		-1.0
	5580.00000000	3.15016		-2.43781  0.2  0.2		4.1705503158		-1.0
	5625.00000000	2.74286		-2.49424  0.2  0.2		4.1705503158		-1.0
	5670.00000000	3.00922		-2.97181  0.2  0.2		4.1705503158		-1.0
	5715.00000000	3.05143		-3.10705  0.2  0.2		4.1705503158		-1.0
	5760.00000000	3.18152		2.86262  0.2  0.2		4.1705503158		-1.0
	5805.00000000	2.80976		2.47024  0.2  0.2		4.1705503158		-1.0
	5850.00000000	2.9963		2.09472  0.2  0.2		4.1705503158		-1.0
	5895.00000000	3.06928		1.7766  0.2  0.2		4.1705503158		-1.0
	5940.00000000	2.73643		1.76155  0.2  0.2		4.1705503158		-1.0
	5985.00000000	2.90412		1.18613  0.2  0.2		4.1705503158		-1.0
	6030.00000000	3.27155		1.33282  0.2  0.2		4.1705503158		-1.0
	6075.00000000	2.84298		0.67464  0.2  0.2		4.1705503158		-1.0
	6120.00000000	2.82797		0.62212  0.2  0.2		4.1705503158		-1.0
	6165.00000000	3.06282		-0.03063  0.2  0.2		4.1705503158		-1.0
	6210.00000000	3.27647		-0.4933  0.2  0.2		4.1705503158		-1.0
	6255.00000000	3.0744		-1.11848  0.2  0.2		4.1705503158		-1.0
	6300.00000000	2.68211		-1.21998  0.2  0.2		4.1705503158		-1.0
	6345.00000000	3.02127		-1.42109  0.2  0.2		4.1705503158		-1.0
	6390.00000000	3.34009		-1.45062  0.2  0.2		4.1705503158		-1.0
	6435.00000000	3.10592		-1.42522  0.2  0.2		4.1705503158		-1.0
	6480.00000000	2.75538		-1.70133  0.2  0.2		4.1705503158		-1.0
	6525.00000000	2.68095		-1.36816  0.2  0.2		4.1705503158		-1.0
	6570.00000000	2.8668		-1.2353  0.2  0.2		4.1705503158		-1.0
	6615.00000000	3.22132		-0.81394  0.2  0.2		4.1705503158		-1.0
	6660.00000000	3.00977		-0.16913  0.2  0.2		4.1705503158		-1.0
	6705.00000000	3.02321		0.38838  0.2  0.2		4.1705503158		-1.0
	6750.00000000	2.73514		0.4291  0.2  0.2		4.1705503158		-1.0
	6795.00000000	3.15864		0.39179  0.2  0.2		4.1705503158		-1.0
	6840.00000000	3.1983		0.70193  0.2  0.2		4.1705503158		-1.0
	6885.00000000	2.70797		-0.03331  0.2  0.2		4.1705503158		-1.0
	6930.00000000	3.0233		-0.05599  0.2  0.2		4.1705503158		-1.0
	6975.00000000	2.76031		-0.37849  0.2  0.2		4.1705503158		-1.0
	7020.00000000	2.81213		-0.12501  0.2  0.2		4.1705503158		-1.0
	7065.00000000	3.26439		-0.10066  0.2  0.2		4.1705503158		-1.0
	7110.00000000	2.80466		0.27983  0.2  0.2		4.1705503158		-1.0
	7155.00000000	3.22678		0.52705  0.2  0.2		4.1705503158		-1.0
	7200.00000000	2.87306		0.59312  0.2  0.2		4.1705503158		-1.0
	7245.00000000	2.80953		0.27988  0.2  0.2		4.1705503158		-1.0
	7290.00000000	2.76131		0.17219  0.2  0.2		4.1705503158		-1.0
	7335.00000000	2.73013		-0.60948  0.2  0.2		4.1705503158		-1.0
	7380.00000000	2.94511		-0.75419  0.2  0.2		4.1705503158		-1.0
	7425.00000000	2.84472		-1.31999  0.2  0.2		4.1705503158		-1.0
	7470.00000000	2.75357		-1.59656  0.2  0.2		4.1705503158		-1.0
	7515.00000000	2.86966		-2.17232  0.2  0.2		4.1705503158		-1.0
	7560.00000000	2.87912		-2.18752  0.2  0.2		4.1705503158		-1.0
	7605.00000000	3.11656		-2.78042  0.2  0.2		4.1705503158		-1.0
	7650.00000000	2.80889		-2.51317  0.2  0.2		4.1705503158		-1.0
	7695.00000000	3.14537		3.09497  0.2  0.2		4.1705503158		-1.0
	7740.00000000	2.90586		3.1217  0.2  0.2		4.1705503158		-1.0
	7785.00000000	2.86084		3.01253  0.2  0.2		4.1705503158		-1.0
	7830.00000000	3.18861		2.49657  0.2  0.2		4.1705503158		-1.0
	7875.00000000	2.83133		2.22862  0.2  0.2		4.1705503158		-1.0
	7920.00000000	3.08739		2.19331  0.2  0.2		4.1705503158		-1.0
	7965.00000000	2.96133		1.5009  0.2  0.2		4.1705503158		-1.0
	8010.00000000	3.13376		1.66583  0.2  0.2		4.1705503158		-1.0
	8055.00000000	2.99727		0.99497  0.2  0.2		4.1705503158		-1.0
	8100.00000000	2.84774		0.80328  0.2  0.2		4.1705503158		-1.0
	8145.00000000	2.73528		0.76853  0.2  0.2		4.1705503158		-1.0
	8190.00000000	3.306		-0.43273  0.2  0.2		4.1705503158		-1.0
	8235.00000000	3.03076		-1.00596  0.2  0.2		4.1705503158		-1.0
	8280.00000000	3.19055		-1.39757  0.2  0.2		4.1705503158		-1.0
	8325.00000000	3.23619		-1.87582  0.2  0.2		4.1705503158		-1.0
	8370.00000000	3.12005		-2.38313  0.2  0.2		4.1705503158		-1.0
	8415.00000000	2.80838		-2.79183  0.2  0.2		4.1705503158		-1.0
	8460.00000000	3.24804		-3.03253  0.2  0.2		4.1705503158		-1.0
	8505.00000000	3.23574		3.03699  0.2  0.2		4.1705503158		-1.0
	8550.00000000	2.92651		2.77754  0.2  0.2		4.1705503158		-1.0
	8595.00000000	3.03025		2.4255  0.2  0.2		4.1705503158		-1.0
	8640.00000000	2.97846		2.0932  0.2  0.2		4.1705503158		-1.0
	8685.00000000	2.86401		1.89076  0.2  0.2		4.1705503158		-1.0
	8730.00000000	3.27356		1.67349  0.2  0.2		4.1705503158		-1.0
	8775.00000000	3.03248		1.58023  0.2  0.2		4.1705503158		-1.0
	8820.00000000	3.0213		1.51834  0.2  0.2		4.1705503158		-1.0
	8865.00000000	3.39145		1.66251  0.2  0.2		4.1705503158		-1.0
	8910.00000000	3.10078		1.92788  0.2  0.2		4.1705503158		-1.0
	8955.00000000	2.71519		2.49235  0.2  0.2		4.1705503158		-1.0
	9000.00000000	2.96276		2.53978  0.2  0.2		4.1705503158		-1.0
	9045.00000000	3.10902		2.54115  0.2  0.2		4.1705503158		-1.0
	9090.00000000	3.11011		2.93321  0.2  0.2		4.1705503158		-1.0
	9135.00000000	2.90598		3.05968  0.2  0.2		4.1705503158		-1.0
	9180.00000000	2.83639		-3.00137  0.2  0.2		4.1705503158		-1.0
	9225.00000000	2.84171		-2.91569  0.2  0.2		4.1705503158		-1.0
	9270.00000000	2.84659		-2.48627  0.2  0.2		4.1705503158		-1.0
	9315.00000000	2.75147		-2.2022  0.2  0.2		4.1705503158		-1.0
	9360.00000000	2.73831		-1.79492  0.2  0.2		4.1705503158		-1.0
	9405.00000000	2.80528		-1.57577  0.2  0.2		4.1705503158		-1.0
	9450.00000000	2.85005		-1.43587  0.2  0.2		4.1705503158		-1.0
	9495.00000000	2.853		-1.45616  0.2  0.2		4.1705503158		-1.0
	9540.00000000	3.21302		-1.09397  0.2  0.2		4.1705503158		-1.0
	9585.00000000	2.81703		-0.97623  0.2  0.2		4.1705503158		-1.0
	9630.00000000	2.88024		-0.69771  0.2  0.2		4.1705503158		-1.0
	9675.00000000	3.10286		0.02913  0.2  0.2		4.1705503158		-1.0
	9720.00000000	2.82136		0.56481  0.2  0.2		4.1705503158		-1.0
	9765.00000000	2.75074		1.13753  0.2  0.2		4.1705503158		-1.0
	9810.00000000	2.88145		1.3688  0.2  0.2		4.1705503158		-1.0
	9855.00000000	2.81328		1.78164  0.2  0.2		4.1705503158		-1.0
	9900.00000000	2.71685		2.20451  0.2  0.2		4.1705503158		-1.0
	9945.00000000	2.73973		2.33424  0.2  0.2		4.1705503158		-1.0
	9990.00000000	3.34517		2.83029  0.2  0.2		4.1705503158		-1.0
	10035.00000000	3.03785		2.7679  0.2  0.2		4.1705503158		-1.0
	10080.00000000	2.96234		3.11129  0.2  0.2		4.1705503158		-1.0
	10125.00000000	2.70847		2.6227  0.2  0.2		4.1705503158		-1.0
	10170.00000000	3.03152		2.38754  0.2  0.2		4.1705503158		-1.0
	10215.00000000	2.8893		2.03073  0.2  0.2		4.1705503158		-1.0
	10260.00000000	2.74436		1.8167  0.2  0.2		4.1705503158		-1.0
	10305.00000000	2.76275		2.04003  0.2  0.2		4.1705503158		-1.0
	10350.00000000	3.32256		1.73072  0.2  0.2		4.1705503158		-1.0
	10395.00000000	3.35081		1.99285  0.2  0.2		4.1705503158		-1.0
	10440.00000000	2.74824		2.17718  0.2  0.2		4.1705503158		-1.0
	10485.00000000	3.32065		2.31575  0.2  0.2		4.1705503158		-1.0
	10530.00000000	3.0145		2.46449  0.2  0.2		4.1705503158		-1.0
	10575.00000000	2.9675		2.74996  0.2  0.2		4.1705503158		-1.0
	10620.00000000	2.7568		2.87318  0.2  0.2		4.1705503158		-1.0
	10665.00000000	2.89145		3.05394  0.2  0.2		4.1705503158		-1.0
	10710.00000000	3.24918		-2.87538  0.2  0.2		4.1705503158		-1.0
	10755.00000000	3.31086		-2.56361  0.2  0.2		4.1705503158		-1.0
	10800.00000000	2.7903		-2.30744  0.2  0.2		4.1705503158		-1.0
	10845.00000001	3.18816		-2.07468  0.2  0.2		4.1705503158		-1.0
	10890.00000001	2.67408		-1.92986  0.2  0.2		4.1705503158		-1.0
	10935.00000001	2.7623		-1.72984  0.2  0.2		4.1705503158		-1.0
	10980.00000001	2.77159		-1.80417  0.2  0.2		4.1705503158		-1.0
	11025.00000001	3.36243		-1.79902  0.2  0.2		4.1705503158		-1.0
	11070.00000001	3.321		-2.18875  0.2  0.2		4.1705503158		-1.0
	11115.00000001	2.8237		-2.53936  0.2  0.2		4.1705503158		-1.0
	11160.00000001	2.76119		-2.79657  0.2  0.2		4.1705503158		-1.0
	11205.00000001	3.05995		3.13171  0.2  0.2		4.1705503158		-1.0
	11250.00000001	2.89462		-2.7813  0.2  0.2		4.1705503158		-1.0
	11295.00000001	3.26507		-2.81713  0.2  0.2		4.1705503158		-1.0
	11340.00000001	3.27194		-2.32721  0.2  0.2		4.1705503158		-1.0
	11385.00000001	3.21675		-2.28782  0.2  0.2		4.1705503158		-1.0
	11430.00000001	3.19661		-2.21185  0.2  0.2		4.1705503158		-1.0
	11475.00000001	3.21916		-2.05118  0.2  0.2		4.1705503158		-1.0
	11520.00000001	3.24581		-1.74143  0.2  0.2		4.1705503158		-1.0
	11565.00000001	3.33328		-1.58568  0.2  0.2		4.1705503158		-1.0
	11610.00000001	3.22895		-1.34077  0.2  0.2		4.1705503158		-1.0
	11655.00000001	3.16492		-1.0766  0.2  0.2		4.1705503158		-1.0
	11700.00000001	2.87736		-0.41752  0.2  0.2		4.1705503158		-1.0
	11745.00000001	3.37234		0.04005  0.2  0.2		4.1705503158		-1.0
	11790.00000001	3.29654		0.64335  0.2  0.2		4.1705503158		-1.0
	11835.00000001	2.86595		0.80522  0.2  0.2		4.1705503158		-1.0
	11880.00000001	3.41757		1.1791  0.2  0.2		4.1705503158		-1.0
	11925.00000001	2.93951		1.54077  0.2  0.2		4.1705503158		-1.0
	11970.00000001	3.00013		1.55542  0.2  0.2		4.1705503158		-1.0
	12015.00000001	3.43741		2.00364  0.2  0.2		4.1705503158		-1.0
	12060.00000001	3.33433		2.16516  0.2  0.2		4.1705503158		-1.0
	12105.00000001	2.78435		2.24657  0.2  0.2		4.1705503158		-1.0
	12150.00000001	3.17099		2.70318  0.2  0.2		4.1705503158		-1.0
	12195.00000001	3.2832		2.47704  0.2  0.2		4.1705503158		-1.0
	12240.00000001	3.40986		2.96799  0.2  0.2		4.1705503158		-1.0
	12285.00000001	2.94732		2.55101  0.2  0.2		4.1705503158		-1.0
	12330.00000001	2.66038		2.85141  0.2  0.2		4.1705503158		-1.0
	12375.00000001	2.63455		2.3658  0.2  0.2		4.1705503158		-1.0
	12420.00000001	3.30158		1.78767  0.2  0.2		4.1705503158		-1.0
	12465.00000001	2.9451		1.62233  0.2  0.2		4.1705503158		-1.0
	12510.00000001	2.93108		0.96825  0.2  0.2		4.1705503158		-1.0
	12555.00000001	2.81925		0.88195  0.2  0.2		4.1705503158		-1.0
	12600.00000001	2.89415		-0.11408  0.2  0.2		4.1705503158		-1.0
	12645.00000001	2.68627		-0.26959  0.2  0.2		4.1705503158		-1.0
	12690.00000001	2.85235		-1.00636  0.2  0.2		4.1705503158		-1.0
	12735.00000001	2.72013		-1.09356  0.2  0.2		4.1705503158		-1.0
	12780.00000001	3.40297		-1.22862  0.2  0.2		4.1705503158		-1.0
	12825.00000001	3.18482		-0.75348  0.2  0.2		4.1705503158		-1.0
	12870.00000001	2.90634		-0.24007  0.2  0.2		4.1705503158		-1.0
	12915.00000001	3.19695		0.51002  0.2  0.2		4.1705503158		-1.0
	12960.00000001	3.23753		0.9395  0.2  0.2		4.1705503158		-1.0
	13005.00000001	3.17989		1.13405  0.2  0.2		4.1705503158		-1.0
	13050.00000001	3.26109		1.59271  0.2  0.2		4.1705503158		-1.0
	13095.00000001	3.09891		1.51785  0.2  0.2		4.1705503158		-1.0
	13140.00000001	3.16637		2.13712  0.2  0.2		4.1705503158		-1.0
	13185.00000001	3.29857		1.93506  0.2  0.2		4.1705503158		-1.0
	13230.00000001	2.65308		2.03357  0.2  0.2		4.1705503158		-1.0
	13275.00000001	2.9578		2.05694  0.2  0.2		4.1705503158		-1.0
	13320.00000001	2.77006		2.01879  0.2  0.2		4.1705503158		-1.0
	13365.00000001	3.1653		2.07864  0.2  0.2		4.1705503158		-1.0
	13410.00000001	3.16966		2.25841  0.2  0.2		4.1705503158		-1.0
	13455.00000001	2.93998		2.27936  0.2  0.2		4.1705503158		-1.0
	13500.00000001	3.42398		2.71752  0.2  0.2		4.1705503158		-1.0
	13545.00000001	3.11903		2.91676  0.2  0.2		4.1705503158		-1.0
	13590.00000001	3.35875		-2.82975  0.2  0.2		4.1705503158		-1.0
	13635.00000001	2.82045		-2.48045  0.2  0.2		4.1705503158		-1.0
	13680.00000001	2.8258		-2.2385  0.2  0.2		4.1705503158		-1.0
	13725.00000001	2.73094		-1.97564  0.2  0.2		4.1705503158		-1.0
	13770.00000001	2.83362		-1.88611  0.2  0.2		4.1705503158		-1.0
	13815.00000001	2.73592		-2.0639  0.2  0.2		4.1705503158		-1.0
	13860.00000001	2.8241		-2.26882  0.2  0.2		4.1705503158		-1.0
	13905.00000001	2.68787		-2.26877  0.2  0.2		4.1705503158		-1.0
	13950.00000001	3.37074		-2.60087  0.2  0.2		4.1705503158		-1.0
	13995.00000001	2.66952		-2.56267  0.2  0.2		4.1705503158		-1.0
	14040.00000001	3.23495		-3.00271  0.2  0.2		4.1705503158		-1.0
	14085.00000001	3.39814		3.01052  0.2  0.2		4.1705503158		-1.0
	14130.00000001	2.71809		-2.97054  0.2  0.2		4.1705503158		-1.0
	14175.00000001	3.45438		-3.12598  0.2  0.2		4.1705503158		-1.0
	14220.00000001	3.24573		-2.609  0.2  0.2		4.1705503158		-1.0
	14265.00000000	2.89243		-2.69507  0.2  0.2		4.1705503158		-1.0
	14310.00000000	3.41183		-2.19086  0.2  0.2		4.1705503158		-1.0
	14355.00000000	2.75178		-1.93122  0.2  0.2		4.1705503158		-1.0
	14400.00000000	2.78748		-1.73477  0.2  0.2		4.1705503158		-1.0
	14445.00000000	3.26316		-1.30631  0.2  0.2		4.1705503158		-1.0
	14490.00000000	2.91943		-0.88309  0.2  0.2		4.1705503158		-1.0
	14535.00000000	2.82241		-0.64311  0.2  0.2		4.1705503158		-1.0
	14580.00000000	3.17663		0.24254  0.2  0.2		4.1705503158		-1.0
	14625.00000000	3.25811		0.33051  0.2  0.2		4.1705503158		-1.0
	14670.00000000	3.10353		1.03588  0.2  0.2		4.1705503158		-1.0
	14715.00000000	3.2441		0.78453  0.2  0.2		4.1705503158		-1.0
	14760.00000000	3.34143		1.07419  0.2  0.2		4.1705503158		-1.0
	14805.00000000	3.09635		1.00018  0.2  0.2		4.1705503158		-1.0
	14850.00000000	3.16674		1.07056  0.2  0.2		4.1705503158		-1.0
	14895.00000000	2.76416		1.15221  0.2  0.2		4.1705503158		-1.0
	14940.00000000	2.76113		1.22163  0.2  0.2		4.1705503158		-1.0
	14985.00000000	2.63802		1.4989  0.2  0.2		4.1705503158		-1.0
	15030.00000000	2.74876		1.26084  0.2  0.2		4.1705503158		-1.0
	15075.00000000	2.74205		1.73052  0.2  0.2		4.1705503158		-1.0
	15120.00000000	2.64597		2.01152  0.2  0.2		4.1705503158		-1.0
	15165.00000000	3.42989		2.18042  0.2  0.2		4.1705503158		-1.0
	15210.00000000	2.82804		2.49242  0.2  0.2		4.1705503158		-1.0
	15255.00000000	2.64924		2.89197  0.2  0.2		4.1705503158		-1.0
	15300.00000000	3.32207		-3.12615  0.2  0.2		4.1705503158		-1.0
	15345.00000000	3.17752		-2.89392  0.2  0.2		4.1705503158		-1.0
	15390.00000000	3.35815		-2.37389  0.2  0.2		4.1705503158		-1.0
	15435.00000000	2.58358		-2.52696  0.2  0.2		4.1705503158		-1.0
	15480.00000000	3.25661		-1.76407  0.2  0.2		4.1705503158		-1.0
	15525.00000000	3.24041		-2.06155  0.2  0.2		4.1705503158		-1.0
	15570.00000000	3.41104		-1.40299  0.2  0.2		4.1705503158		-1.0
	15615.00000000	2.67144		-1.53022  0.2  0.2		4.1705503158		-1.0
	15660.00000000	3.31162		-0.77243  0.2  0.2		4.1705503158		-1.0
	15705.00000000	2.88949		-0.67943  0.2  0.2		4.1705503158		-1.0
	15750.00000000	2.89318		0.29504  0.2  0.2		4.1705503158		-1.0
	15795.00000000	2.75684		0.3322  0.2  0.2		4.1705503158		-1.0
	15840.00000000	2.70501		0.88404  0.2  0.2		4.1705503158		-1.0
	15885.00000000	2.76487		0.27161  0.2  0.2		4.1705503158		-1.0
	15930.00000000	2.82058		-0.00081  0.2  0.2		4.1705503158		-1.0
	15975.00000000	2.68717		-0.66679  0.2  0.2		4.1705503158		-1.0
	16020.00000000	3.09406		-0.75958  0.2  0.2		4.1705503158		-1.0
	16065.00000000	2.84569		-1.02756  0.2  0.2		4.1705503158		-1.0
	16110.00000000	2.78805		-0.9959  0.2  0.2		4.1705503158		-1.0
	16155.00000000	2.90631		-0.67134  0.2  0.2		4.1705503158		-1.0
	16200.00000000	3.18153		-0.18301  0.2  0.2		4.1705503158		-1.0
	16245.00000000	3.09683		0.2902  0.2  0.2		4.1705503158		-1.0
	16290.00000000	3.16712		0.37422  0.2  0.2		4.1705503158		-1.0
	16335.00000000	3.18481		0.28378  0.2  0.2		4.1705503158		-1.0
	16380.00000000	2.76483		-0.0273  0.2  0.2		4.1705503158		-1.0
	16425.00000000	2.77502		-0.24603  0.2  0.2		4.1705503158		-1.0
	16470.00000000	2.69678		-0.82552  0.2  0.2		4.1705503158		-1.0
	16515.00000000	2.80539		-0.97942  0.2  0.2		4.1705503158		-1.0
	16560.00000000	2.83943		-1.40102  0.2  0.2		4.1705503158		-1.0
	16605.00000000	3.07921		-1.22763  0.2  0.2		4.1705503158		-1.0
	16650.00000000	3.29539		-1.26475  0.2  0.2		4.1705503158		-1.0
	16695.00000000	3.33005		-0.86318  0.2  0.2		4.1705503158		-1.0
	16740.00000000	3.18473		-0.7169  0.2  0.2		4.1705503158		-1.0
	16785.00000000	3.3139		-0.05781  0.2  0.2		4.1705503158		-1.0
	16830.00000000	3.3527		0.27478  0.2  0.2		4.1705503158		-1.0
	16875.00000000	3.17658		0.58669  0.2  0.2		4.1705503158		-1.0
	16920.00000000	3.23276		0.49316  0.2  0.2		4.1705503158		-1.0
	16965.00000000	3.24115		0.98581  0.2  0.2		4.1705503158		-1.0
	17010.00000000	3.39584		0.94895  0.2  0.2		4.1705503158		-1.0
	17055.00000000	3.43986		1.43312  0.2  0.2		4.1705503158		-1.0
	17100.00000000	3.37487		1.48321  0.2  0.2		4.1705503158		-1.0
	17145.00000000	3.19063		1.87022  0.2  0.2		4.1705503158		-1.0
	17190.00000000	2.85088		1.88434  0.2  0.2		4.1705503158		-1.0
	17235.00000000	2.72256		2.44069  0.2  0.2		4.1705503158		-1.0
	17280.00000000	2.66288		2.54928  0.2  0.2		4.1705503158		-1.0
	17325.00000000	3.27159		2.76543  0.2  0.2		4.1705503158		-1.0
	17370.00000000	3.13344		3.06986  0.2  0.2		4.1705503158		-1.0
	17415.00000000	2.62555		3.10734  0.2  0.2		4.1705503158		-1.0
	17460.00000000	3.00101		-2.91282  0.2  0.2		4.1705503158		-1.0
	17505.00000000	3.1979		-2.57842  0.2  0.2		4.1705503158		-1.0
	17550.00000000	2.83411		-2.82137  0.2  0.2		4.1705503158		-1.0
	17595.00000000	3.44589		-2.16608  0.2  0.2		4.1705503158		-1.0
	17640.00000000	2.6095		-2.5885  0.2  0.2		4.1705503158		-1.0
	17685.00000000	3.19737		-2.11042  0.2  0.2		4.1705503158		-1.0
	17730.00000000	3.28404		-2.24832  0.2  0.2		4.1705503158		-1.0
	17775.00000000	3.04938		-2.12417  0.2  0.2		4.1705503158		-1.0
	17820.00000000	3.30015		-2.09721  0.2  0.2		4.1705503158		-1.0
	17865.00000000	3.00438		-1.67748  0.2  0.2		4.1705503158		-1.0
	17910.00000000	3.04632		-1.77496  0.2  0.2		4.1705503158		-1.0
	17955.00000000	3.05726		-1.28763  0.2  0.2		4.1705503158		-1.0
	18000.00000000	2.68273		-1.31616  0.2  0.2		4.1705503158		-1.0
	18045.00000000	2.66757		-0.60405  0.2  0.2		4.1705503158		-1.0
	18090.00000000	2.65458		0.16979  0.2  0.2		4.1705503158		-1.0
	18135.00000000	2.67932		0.2009  0.2  0.2		4.1705503158		-1.0
	18180.00000000	2.69086		0.6321  0.2  0.2		4.1705503158		-1.0
	18225.00000000	3.53259		0.81865  0.2  0.2		4.1705503158		-1.0
	18270.00000000	2.72583		0.55059  0.2  0.2		4.1705503158		-1.0
	18315.00000000	2.58837		1.21161  0.2  0.2		4.1705503158		-1.0
	18360.00000000	3.51101		0.57034  0.2  0.2		4.1705503158		-1.0
	18405.00000000	2.62344		0.99168  0.2  0.2		4.1705503158		-1.0
	18450.00000000	3.1529		0.58721  0.2  0.2		4.1705503158		-1.0
	18495.00000000	2.91119		0.82972  0.2  0.2		4.1705503158		-1.0
	18540.00000000	2.57487		0.36527  0.2  0.2		4.1705503158		-1.0
	18585.00000000	3.34887		0.0911  0.2  0.2		4.1705503158		-1.0
	18630.00000000	3.3412		-0.4892  0.2  0.2		4.1705503158		-1.0
	18675.00000000	3.19195		-0.7939  0.2  0.2		4.1705503158		-1.0
	18720.00000000	3.27215		-1.0668  0.2  0.2		4.1705503158		-1.0
	18765.00000000	3.51879		-1.19814  0.2  0.2		4.1705503158		-1.0
	18810.00000000	3.30123		-1.29725  0.2  0.2		4.1705503158		-1.0
	18855.00000000	2.57941		-1.33751  0.2  0.2		4.1705503158		-1.0
	18900.00000000	3.36863		-1.22592  0.2  0.2		4.1705503158		-1.0
	18945.00000000	3.10021		-1.57981  0.2  0.2		4.1705503158		-1.0
	18990.00000000	3.38769		-1.56184  0.2  0.2		4.1705503158		-1.0
	19035.00000000	3.55712		-1.93527  0.2  0.2		4.1705503158		-1.0
	19080.00000000	2.85744		-2.11083  0.2  0.2		4.1705503158		-1.0
	19125.00000000	2.93978		-2.55565  0.2  0.2		4.1705503158		-1.0
	19170.00000000	3.30393		-2.7638  0.2  0.2		4.1705503158		-1.0
	19215.00000000	3.02939		-2.87151  0.2  0.2		4.1705503158		-1.0
	19260.00000000	2.63245		3.1294  0.2  0.2		4.1705503158		-1.0
	19305.00000000	2.79662		2.83972  0.2  0.2		4.1705503158		-1.0
	19350.00000000	2.76285		2.56145  0.2  0.2		4.1705503158		-1.0
	19395.00000000	3.03598		2.37035  0.2  0.2		4.1705503158		-1.0
	19440.00000000	3.03521		2.14806  0.2  0.2		4.1705503158		-1.0
	19485.00000000	2.74498		1.76285  0.2  0.2		4.1705503158		-1.0
	19530.00000000	3.35011		1.61795  0.2  0.2		4.1705503158		-1.0
	19575.00000000	3.20391		1.20273  0.2  0.2		4.1705503158		-1.0
	19620.00000000	2.8924		1.43956  0.2  0.2		4.1705503158		-1.0
	19665.00000000	3.59624		1.09243  0.2  0.2		4.1705503158		-1.0
	19710.00000000	2.86468		1.28241  0.2  0.2		4.1705503158		-1.0
	19755.00000000	3.2439		1.45  0.2  0.2		4.1705503158		-1.0
	19800.00000000	3.2713		1.33272  0.2  0.2		4.1705503158		-1.0
	19845.00000000	3.33892		1.51711  0.2  0.2		4.1705503158		-1.0
	19890.00000000	2.68084		1.2558  0.2  0.2		4.1705503158		-1.0
	19935.00000000	2.63972		1.45875  0.2  0.2		4.1705503158		-1.0
	19980.00000000	2.59238		1.09183  0.2  0.2		4.1705503158		-1.0
	20025.00000000	3.59413		1.17015  0.2  0.2		4.1705503158		-1.0
	20070.00000000	2.82246		1.03838  0.2  0.2		4.1705503158		-1.0
	20115.00000000	3.21775		1.09512  0.2  0.2		4.1705503158		-1.0
	20160.00000000	3.69126		0.88846  0.2  0.2		4.1705503158		-1.0
	20205.00000000	2.73822		0.47782  0.2  0.2		4.1705503158		-1.0
	20250.00000000	2.98815		-0.13144  0.2  0.2		4.1705503158		-1.0
	20295.00000000	2.97687		-0.59395  0.2  0.2		4.1705503158		-1.0
	20340.00000000	3.04869		-0.47271  0.2  0.2		4.1705503158		-1.0
	20385.00000000	3.05314		-0.14339  0.2  0.2		4.1705503158		-1.0
	20430.00000000	3.10767		0.37968  0.2  0.2		4.1705503158		-1.0
	20475.00000000	3.24419		0.71176  0.2  0.2		4.1705503158		-1.0
	20520.00000000	3.15966		1.24389  0.2  0.2		4.1705503158		-1.0
	20565.00000000	3.10271		1.20959  0.2  0.2		4.1705503158		-1.0
	20610.00000000	3.08892		1.38405  0.2  0.2		4.1705503158		-1.0
	20655.00000000	2.79023		1.79984  0.2  0.2		4.1705503158		-1.0
	20700.00000000	2.73975		1.89888  0.2  0.2		4.1705503158		-1.0
	20744.99999999	3.0058		2.41923  0.2  0.2		4.1705503158		-1.0
	20789.99999999	3.00194		2.77178  0.2  0.2		4.1705503158		-1.0
	20834.99999999	3.36322		2.71391  0.2  0.2		4.1705503158		-1.0
	20879.99999999	3.37941		2.76747  0.2  0.2		4.1705503158		-1.0
	20924.99999999	3.15478		2.76008  0.2  0.2		4.1705503158		-1.0
	20969.99999999	3.26523		2.45119  0.2  0.2		4.1705503158		-1.0
	21014.99999999	3.30847		2.30046  0.2  0.2		4.1705503158		-1.0
	21059.99999999	3.24942		1.78183  0.2  0.2		4.1705503158		-1.0
	21104.99999999	3.46496		1.87757  0.2  0.2		4.1705503158		-1.0
	21149.99999999	3.34541		1.34432  0.2  0.2		4.1705503158		-1.0
	21194.99999999	3.5831		1.46158  0.2  0.2		4.1705503158		-1.0
	21239.99999999	3.45128		0.85699  0.2  0.2		4.1705503158		-1.0
	21284.99999999	3.52		0.74771  0.2  0.2		4.1705503158		-1.0
	21329.99999999	3.47579		0.08505  0.2  0.2		4.1705503158		-1.0
	21374.99999999	3.4447		-0.40984  0.2  0.2		4.1705503158		-1.0
	21419.99999999	3.48951		-0.86369  0.2  0.2		4.1705503158		-1.0
	21464.99999999	3.0261		-0.80595  0.2  0.2		4.1705503158		-1.0
	21509.99999999	3.21059		-0.50951  0.2  0.2		4.1705503158		-1.0
	21554.99999999	3.29553		0.07619  0.2  0.2		4.1705503158		-1.0
	21599.99999999	3.21654		-0.19549  0.2  0.2		4.1705503158		-1.0
	21644.99999999	2.90117		-0.24566  0.2  0.2		4.1705503158		-1.0
	21689.99999999	3.58018		-0.5585  0.2  0.2		4.1705503158		-1.0
	21734.99999999	2.90268		-0.4205  0.2  0.2		4.1705503158		-1.0
	21779.99999999	2.92463		-0.27733  0.2  0.2		4.1705503158		-1.0
	21824.99999999	2.92593		0.2998  0.2  0.2		4.1705503158		-1.0
	21869.99999999	2.61373		0.02875  0.2  0.2		4.1705503158		-1.0
	21914.99999999	2.69289		0.13354  0.2  0.2		4.1705503158		-1.0
	21959.99999999	2.66262		-0.30924  0.2  0.2		4.1705503158		-1.0
	22004.99999999	2.67178		-0.68995  0.2  0.2		4.1705503158		-1.0
	22049.99999999	2.66139		-1.02171  0.2  0.2		4.1705503158		-1.0
	22094.99999999	2.63		-0.97776  0.2  0.2		4.1705503158		-1.0
	22139.99999999	2.83571		-1.4813  0.2  0.2		4.1705503158		-1.0
	22184.99999999	2.75608		-0.91852  0.2  0.2		4.1705503158		-1.0
	22229.99999999	2.77322		-0.79177  0.2  0.2		4.1705503158		-1.0
	22274.99999999	2.64926		-0.23568  0.2  0.2		4.1705503158		-1.0
	22319.99999999	2.64971		0.32122  0.2  0.2		4.1705503158		-1.0
	22364.99999999	2.61423		0.65531  0.2  0.2		4.1705503158		-1.0
	22409.99999999	2.75902		1.18618  0.2  0.2		4.1705503158		-1.0
	22454.99999999	2.71274		1.52024  0.2  0.2		4.1705503158		-1.0
	22499.99999999	2.77256		1.56481  0.2  0.2		4.1705503158		-1.0
	22544.99999999	2.73457		1.84377  0.2  0.2		4.1705503158		-1.0
	22589.99999999	2.6327		2.17483  0.2  0.2		4.1705503158		-1.0
	22634.99999999	2.71282		2.41163  0.2  0.2		4.1705503158		-1.0
	22679.99999999	2.70934		2.78006  0.2  0.2		4.1705503158		-1.0
	22724.99999999	2.76448		3.08445  0.2  0.2		4.1705503158		-1.0
	22769.99999999	2.6453		-2.87089  0.2  0.2		4.1705503158		-1.0
	22814.99999999	2.75844		-2.39456  0.2  0.2		4.1705503158		-1.0
	22859.99999999	2.71606		-2.05963  0.2  0.2		4.1705503158		-1.0
	22904.99999999	2.65766		-1.66488  0.2  0.2		4.1705503158		-1.0
	22949.99999999	2.69356		-1.09116  0.2  0.2		4.1705503158		-1.0
	22994.99999999	2.69093		-0.91408  0.2  0.2		4.1705503158		-1.0
	23039.99999999	2.75368		0.05892  0.2  0.2		4.1705503158		-1.0
	23084.99999999	2.78724		0.176  0.2  0.2		4.1705503158		-1.0
	23129.99999999	2.75408		0.34413  0.2  0.2		4.1705503158		-1.0
	23174.99999999	2.67473		1.12253  0.2  0.2		4.1705503158		-1.0
	23219.99999999	2.66759		0.72389  0.2  0.2		4.1705503158		-1.0
	23264.99999999	2.77386		0.73583  0.2  0.2		4.1705503158		-1.0
	23309.99999999	2.8469		0.54259  0.2  0.2		4.1705503158		-1.0
	23354.99999999	3.33502		0.71411  0.2  0.2		4.1705503158		-1.0
	23399.99999999	3.43097		0.07319  0.2  0.2		4.1705503158		-1.0
	23444.99999999	3.37197		0.06302  0.2  0.2		4.1705503158		-1.0
	23489.99999999	3.26435		-0.44886  0.2  0.2		4.1705503158		-1.0
	23534.99999999	3.37338		-0.35488  0.2  0.2		4.1705503158		-1.0
	23579.99999999	3.46356		-1.012  0.2  0.2		4.1705503158		-1.0
	23624.99999999	3.39808		-1.03666  0.2  0.2		4.1705503158		-1.0
	23669.99999999	2.83702		-0.81862  0.2  0.2		4.1705503158		-1.0
	23714.99999999	2.5425		-0.19989  0.2  0.2		4.1705503158		-1.0
	23759.99999999	3.32283		-0.16918  0.2  0.2		4.1705503158		-1.0
	23804.99999999	3.12852		-0.52851  0.2  0.2		4.1705503158		-1.0
	23849.99999999	2.96523		-0.40224  0.2  0.2		4.1705503158		-1.0
	23894.99999999	3.15377		-0.45701  0.2  0.2		4.1705503158		-1.0
	23939.99999999	3.22402		-0.40204  0.2  0.2		4.1705503158		-1.0
	23984.99999999	2.74833		-0.34919  0.2  0.2		4.1705503158		-1.0
	24029.99999999	3.337		-0.25888  0.2  0.2		4.1705503158		-1.0
	24074.99999999	3.42153		0.36836  0.2  0.2		4.1705503158		-1.0
	24119.99999999	2.92597		0.61784  0.2  0.2		4.1705503158		-1.0
	24164.99999999	2.56773		0.99009  0.2  0.2		4.1705503158		-1.0
	24209.99999999	3.25425		0.72954  0.2  0.2		4.1705503158		-1.0
	24254.99999999	3.45227		0.37792  0.2  0.2		4.1705503158		-1.0
	24299.99999999	3.0388		-0.01963  0.2  0.2		4.1705503158		-1.0
	24344.99999999	2.61917		0.03827  0.2  0.2		4.1705503158		-1.0
	24389.99999999	2.68376		-0.34421  0.2  0.2		4.1705503158		-1.0
	24434.99999999	2.66802		-0.47321  0.2  0.2		4.1705503158		-1.0
	24479.99999999	2.65928		-0.7222  0.2  0.2		4.1705503158		-1.0
	24524.99999999	2.67311		-0.45982  0.2  0.2		4.1705503158		-1.0
	24569.99999999	2.79446		-0.44155  0.2  0.2		4.1705503158		-1.0
	24614.99999999	2.61931		0.34903  0.2  0.2		4.1705503158		-1.0
	24659.99999999	3.08893		0.87341  0.2  0.2		4.1705503158		-1.0
	24704.99999999	3.3418		1.27569  0.2  0.2		4.1705503158		-1.0
	24749.99999999	3.16895		1.89246  0.2  0.2		4.1705503158		-1.0
	24794.99999999	3.39188		1.89002  0.2  0.2		4.1705503158		-1.0
	24839.99999999	3.39334		2.39674  0.2  0.2		4.1705503158		-1.0
	24884.99999999	3.36287		2.58103  0.2  0.2		4.1705503158		-1.0
	24929.99999999	3.06727		3.08516  0.2  0.2		4.1705503158		-1.0
	24974.99999999	3.61654		-2.89995  0.2  0.2		4.1705503158		-1.0
	25019.99999999	2.64182		-2.52455  0.2  0.2		4.1705503158		-1.0
	25064.99999999	2.70967		-2.40944  0.2  0.2		4.1705503158		-1.0
	25109.99999999	2.71336		-2.09477  0.2  0.2		4.1705503158		-1.0
	25154.99999999	2.7401		-1.95022  0.2  0.2		4.1705503158		-1.0
	25199.99999999	2.67598		-1.52663  0.2  0.2		4.1705503158		-1.0
	25244.99999999	2.75578		-1.59642  0.2  0.2		4.1705503158		-1.0
	25289.99999999	2.69614		-1.30966  0.2  0.2		4.1705503158		-1.0
	25334.99999999	3.28183		-1.27079  0.2  0.2		4.1705503158		-1.0
	25379.99999999	2.77779		-0.93053  0.2  0.2		4.1705503158		-1.0
	25424.99999999	3.55542		-0.79916  0.2  0.2		4.1705503158		-1.0
	25469.99999999	3.08823		-0.60149  0.2  0.2		4.1705503158		-1.0
	25514.99999999	3.2477		-0.79047  0.2  0.2		4.1705503158		-1.0
	25559.99999999	3.41096		-0.94499  0.2  0.2		4.1705503158		-1.0
	25604.99999999	3.22059		-0.97789  0.2  0.2		4.1705503158		-1.0
	25649.99999999	3.06604		-1.4973  0.2  0.2		4.1705503158		-1.0
	25694.99999999	3.14131		-1.78173  0.2  0.2		4.1705503158		-1.0
	25739.99999999	3.3652		-2.29145  0.2  0.2		4.1705503158		-1.0
	25784.99999999	3.43178		-2.60624  0.2  0.2		4.1705503158		-1.0
	25829.99999999	2.82041		-2.86918  0.2  0.2		4.1705503158		-1.0
	25874.99999999	2.67328		3.05627  0.2  0.2		4.1705503158		-1.0
	25919.99999999	2.73264		2.75857  0.2  0.2		4.1705503158		-1.0
	25964.99999999	2.68971		2.49971  0.2  0.2		4.1705503158		-1.0
	26009.99999999	2.67487		2.05191  0.2  0.2		4.1705503158		-1.0
	26054.99999999	2.65931		1.94394  0.2  0.2		4.1705503158		-1.0
	26099.99999999	2.79023		1.77332  0.2  0.2		4.1705503158		-1.0
	26144.99999999	2.71444		1.47229  0.2  0.2		4.1705503158		-1.0
	26189.99999999	2.59265		1.62144  0.2  0.2		4.1705503158		-1.0
	26234.99999999	2.6904		1.70278  0.2  0.2		4.1705503158		-1.0
	26279.99999999	2.68487		1.65855  0.2  0.2		4.1705503158		-1.0
	26324.99999999	2.57464		1.32618  0.2  0.2		4.1705503158		-1.0
	26369.99999999	3.8055		1.37448  0.2  0.2		4.1705503158		-1.0
	26414.99999999	2.86985		1.48115  0.2  0.2		4.1705503158		-1.0
	26459.99999999	3.59993		1.16694  0.2  0.2		4.1705503158		-1.0
	26504.99999999	4.6901		1.12535  0.2  0.2		4.1705503158		-1.0
	26549.99999999	6.74477		0.94414  0.2  0.2		4.1705503158		-1.0
	26594.99999999	8.38643		1.01955  0.2  0.2		4.1705503158		-1.0
	26639.99999999	10.13416		1.15099  0.2  0.2		4.1705503158		-1.0
	26684.99999999	11.4243		1.14885  0.2  0.2		4.1705503158		-1.0
	26729.99999999	12.37378		1.16017  0.2  0.2		4.1705503158		-1.0
	26774.99999999	13.04926		0.96396  0.2  0.2		4.1705503158		-1.0
	26819.99999999	13.78848		0.91611  0.2  0.2		4.1705503158		-1.0
	26864.99999999	14.68827		0.72606  0.2  0.2		4.1705503158		-1.0
	26909.99999999	15.71716		0.96836  0.2  0.2		4.1705503158		-1.0
	26954.99999999	16.81967		0.95854  0.2  0.2		4.1705503158		-1.0
	26999.99999999	17.879		0.93458  0.2  0.2		4.1705503158		-1.0
	27044.99999999	18.96586		0.87305  0.2  0.2		4.1705503158		-1.0
	27089.99999999	19.93172		0.85658  0.2  0.2		4.1705503158		-1.0
	27134.99999999	20.88659		0.79435  0.2  0.2		4.1705503158		-1.0
	27179.99999999	21.70419		0.67425  0.2  0.2		4.1705503158		-1.0
	27224.99999998	22.58145		0.54825  0.2  0.2		4.1705503158		-1.0
	27269.99999998	23.53201		0.51731  0.2  0.2		4.1705503158		-1.0
	27314.99999998	23.99704		0.47764  0.2  0.2		4.1705503158		-1.0
	27359.99999998	24.0808		0.10961  0.2  0.2		4.1705503158		-1.0
	27404.99999998	24.52449		-0.61643  0.2  0.2		4.1705503158		-1.0
	27449.99999998	25.15854		-1.36571  0.2  0.2		4.1705503158		-1.0
	27494.99999998	25.80186		-1.64252  0.2  0.2		4.1705503158		-1.0
	27539.99999998	26.70454		-2.0374  0.2  0.2		4.1705503158		-1.0
	27584.99999998	27.59026		-2.25181  0.2  0.2		4.1705503158		-1.0
	27629.99999998	28.03129		-2.41298  0.2  0.2		4.1705503158		-1.0
	27674.99999998	29.08167		-2.64879  0.2  0.2		4.1705503158		-1.0
	27719.99999998	30.39263		2.21538  0.2  0.2		4.1705503158		-1.0
	27764.99999998	31.71693		2.96124  0.2  0.2		4.1705503158		-1.0
	27809.99999998	32.03677		-3.04175  0.2  0.2		4.1705503158		-1.0
	27854.99999998	31.3594		-2.64827  0.2  0.2		4.1705503158		-1.0
	27899.99999998	29.87771		-2.39496  0.2  0.2		4.1705503158		-1.0
	27944.99999998	28.67133		-1.98906  0.2  0.2		4.1705503158		-1.0
	27989.99999998	27.52618		-1.82359  0.2  0.2		4.1705503158		-1.0
	28034.99999998	26.40799		-1.38802  0.2  0.2		4.1705503158		-1.0
	28079.99999998	25.17118		-0.99082  0.2  0.2		4.1705503158		-1.0
	28124.99999998	23.9874		-0.55598  0.2  0.2		4.1705503158		-1.0
	28169.99999998	22.91659		-0.1969  0.2  0.2		4.1705503158		-1.0
	28214.99999998	21.70728		0.10005  0.2  0.2		4.1705503158		-1.0
	28259.99999998	20.54838		0.40868  0.2  0.2		4.1705503158		-1.0
	28304.99999998	19.1723		0.49478  0.2  0.2		4.1705503158		-1.0
	28349.99999998	18.14526		0.68135  0.2  0.2		4.1705503158		-1.0
	28394.99999998	16.89006		0.38618  0.2  0.2		4.1705503158		-1.0
	28439.99999998	15.93798		-0.44314  0.2  0.2		4.1705503158		-1.0
	28484.99999998	14.79166		-1.08817  0.2  0.2		4.1705503158		-1.0
	28529.99999998	13.88528		-1.10054  0.2  0.2		4.1705503158		-1.0
	28574.99999998	12.66815		-1.07821  0.2  0.2		4.1705503158		-1.0
	28619.99999998	11.42569		-0.82859  0.2  0.2		4.1705503158		-1.0
	28664.99999998	9.9623		-0.66441  0.2  0.2		4.1705503158		-1.0
	28709.99999998	8.52898		-0.34873  0.2  0.2		4.1705503158		-1.0
	28754.99999998	7.21666		-0.12397  0.2  0.2		4.1705503158		-1.0
	28799.99999998	5.91902		0.3269  0.2  0.2		4.1705503158		-1.0
	28844.99999998	5.85066		0.53742  0.2  0.2		4.1705503158		-1.0
	28889.99999998	7.16587		0.44777  0.2  0.2		4.1705503158		-1.0
	28934.99999998	9.01827		0.48203  0.2  0.2		4.1705503158		-1.0
	28979.99999998	10.73688		0.53866  0.2  0.2		4.1705503158		-1.0
	29024.99999998	12.52759		0.76795  0.2  0.2		4.1705503158		-1.0
	29069.99999998	13.78197		1.02718  0.2  0.2		4.1705503158		-1.0
	29114.99999998	15.19026		1.28616  0.2  0.2		4.1705503158		-1.0
	29159.99999998	15.95589		1.43847  0.2  0.2		4.1705503158		-1.0
	29204.99999998	16.98495		1.56956  0.2  0.2		4.1705503158		-1.0
	29249.99999998	17.75118		1.57904  0.2  0.2		4.1705503158		-1.0
	29294.99999998	18.85574		1.76139  0.2  0.2		4.1705503158		-1.0
	29339.99999998	19.63918		1.62861  0.2  0.2		4.1705503158		-1.0
	29384.99999998	20.68145		-1.9404  0.2  0.2		4.1705503158		-1.0
	29429.99999998	21.25434		-0.87177  0.2  0.2		4.1705503158		-1.0
	29474.99999998	21.87698		-1.15535  0.2  0.2		4.1705503158		-1.0
	29519.99999998	22.31303		-1.15945  0.2  0.2		4.1705503158		-1.0
	29564.99999998	22.95786		-1.10926  0.2  0.2		4.1705503158		-1.0
	29609.99999998	23.69185		-1.15167  0.2  0.2		4.1705503158		-1.0
	29654.99999998	24.57341		-1.12445  0.2  0.2		4.1705503158		-1.0
	29699.99999998	25.45694		-1.23144  0.2  0.2		4.1705503158		-1.0
	29744.99999998	26.33831		-1.09388  0.2  0.2		4.1705503158		-1.0
	29789.99999998	25.81944		-0.91938  0.2  0.2		4.1705503158		-1.0
	29834.99999998	25.12746		0.77416  0.2  0.2		4.1705503158		-1.0
	29879.99999998	24.03464		0.52029  0.2  0.2		4.1705503158		-1.0
	29924.99999998	22.67639		0.18619  0.2  0.2		4.1705503158		-1.0
	29969.99999998	21.40894		-0.19287  0.2  0.2		4.1705503158		-1.0
	30014.99999998	20.13494		-0.58607  0.2  0.2		4.1705503158		-1.0
	30059.99999998	18.65477		-0.90545  0.2  0.2		4.1705503158		-1.0
	30104.99999998	17.23254		-1.35128  0.2  0.2		4.1705503158		-1.0
	30149.99999998	15.57894		-1.70005  0.2  0.2		4.1705503158		-1.0
	30194.99999998	14.21211		-2.07312  0.2  0.2		4.1705503158		-1.0
	30239.99999998	12.50619		-2.55064  0.2  0.2		4.1705503158		-1.0
	30284.99999998	11.07581		-3.01618  0.2  0.2		4.1705503158		-1.0
	30329.99999998	9.89495		2.6943  0.2  0.2		4.1705503158		-1.0
	30374.99999998	8.63891		2.26475  0.2  0.2		4.1705503158		-1.0
	30419.99999998	7.76577		1.73654  0.2  0.2		4.1705503158		-1.0
	30464.99999998	6.74807		1.38338  0.2  0.2		4.1705503158		-1.0
	30509.99999998	5.8835		1.03874  0.2  0.2		4.1705503158		-1.0
	30554.99999998	5.34553		1.01021  0.2  0.2		4.1705503158		-1.0
	30599.99999998	5.95176		0.94591  0.2  0.2		4.1705503158		-1.0
	30644.99999998	7.02333		0.79864  0.2  0.2		4.1705503158		-1.0
	30689.99999998	8.13605		0.49599  0.2  0.2		4.1705503158		-1.0
	30734.99999998	9.20998		-0.00379  0.2  0.2		4.1705503158		-1.0
	30779.99999998	9.88998		-0.58229  0.2  0.2		4.1705503158		-1.0
	30824.99999998	10.73845		-1.06723  0.2  0.2		4.1705503158		-1.0
	30869.99999998	11.84971		-1.39304  0.2  0.2		4.1705503158		-1.0
	30914.99999998	12.57306		-1.62655  0.2  0.2		4.1705503158		-1.0
	30959.99999998	13.61314		-1.87104  0.2  0.2		4.1705503158		-1.0
	31004.99999998	14.40525		-2.15764  0.2  0.2		4.1705503158		-1.0
	31049.99999998	15.69076		-2.40848  0.2  0.2		4.1705503158		-1.0
	31094.99999998	16.7563		-2.80566  0.2  0.2		4.1705503158		-1.0
	31139.99999998	18.12017		-2.95481  0.2  0.2		4.1705503158		-1.0
	31184.99999998	19.42336		2.91591  0.2  0.2		4.1705503158		-1.0
	31229.99999998	20.85819		2.749  0.2  0.2		4.1705503158		-1.0
	31274.99999998	22.41741		2.58889  0.2  0.2		4.1705503158		-1.0
	31319.99999998	23.81327		1.57556  0.2  0.2		4.1705503158		-1.0
	31364.99999998	25.27787		2.41775  0.2  0.2		4.1705503158		-1.0
	31409.99999998	26.57927		2.03185  0.2  0.2		4.1705503158		-1.0
	31454.99999998	26.22568		2.56954  0.2  0.2		4.1705503158		-1.0
	31499.99999998	25.09157		-1.39856  0.2  0.2		4.1705503158		-1.0
	31544.99999998	23.90281		-1.41215  0.2  0.2		4.1705503158		-1.0
	31589.99999998	23.22988		-2.99554  0.2  0.2		4.1705503158		-1.0
	31634.99999998	22.09932		3.1304  0.2  0.2		4.1705503158		-1.0
	31679.99999998	20.97224		-2.61576  0.2  0.2		4.1705503158		-1.0
	31724.99999998	19.79473		-2.76198  0.2  0.2		4.1705503158		-1.0
	31769.99999998	18.69949		-2.34108  0.2  0.2		4.1705503158		-1.0
	31814.99999998	17.34101		-2.41117  0.2  0.2		4.1705503158		-1.0
	31859.99999998	16.40972		-2.09458  0.2  0.2		4.1705503158		-1.0
	31904.99999998	15.23746		-1.82087  0.2  0.2		4.1705503158		-1.0
	31949.99999998	14.09563		-1.66064  0.2  0.2		4.1705503158		-1.0
	31994.99999998	13.03059		-1.27047  0.2  0.2		4.1705503158		-1.0
	32039.99999998	11.92567		-1.04377  0.2  0.2		4.1705503158		-1.0
	32084.99999998	10.86215		-0.48789  0.2  0.2		4.1705503158		-1.0
	32129.99999998	9.76614		-0.24619  0.2  0.2		4.1705503158		-1.0
	32174.99999998	8.77561		0.25382  0.2  0.2		4.1705503158		-1.0
	32219.99999998	7.74591		0.54906  0.2  0.2		4.1705503158		-1.0
	32264.99999998	7.18073		0.86039  0.2  0.2		4.1705503158		-1.0
	32309.99999998	7.80289		0.35878  0.2  0.2		4.1705503158		-1.0
	32354.99999998	9.03695		0.51665  0.2  0.2		4.1705503158		-1.0
	32399.99999998	10.43437		0.51484  0.2  0.2		4.1705503158		-1.0
	32444.99999998	12.16649		0.67958  0.2  0.2		4.1705503158		-1.0
	32489.99999998	13.88356		0.61268  0.2  0.2		4.1705503158		-1.0
	32534.99999998	15.67601		0.53098  0.2  0.2		4.1705503158		-1.0
	32579.99999998	17.38597		0.28833  0.2  0.2		4.1705503158		-1.0
	32624.99999998	19.06141		-0.00023  0.2  0.2		4.1705503158		-1.0
	32669.99999998	19.97694		-0.33755  0.2  0.2		4.1705503158		-1.0
	32714.99999998	20.8286		-0.57332  0.2  0.2		4.1705503158		-1.0
	32759.99999998	21.36306		-0.60967  0.2  0.2		4.1705503158		-1.0
	32804.99999998	22.03198		-0.23461  0.2  0.2		4.1705503158		-1.0
	32849.99999998	22.63406		-0.2261  0.2  0.2		4.1705503158		-1.0
	32894.99999998	23.10905		-2.81442  0.2  0.2		4.1705503158		-1.0
	32939.99999998	23.15286		-2.57858  0.2  0.2		4.1705503158		-1.0
	32984.99999998	23.18393		-2.51264  0.2  0.2		4.1705503158		-1.0
	33029.99999998	23.37131		1.94522  0.2  0.2		4.1705503158		-1.0
	33074.99999998	23.24584		1.516  0.2  0.2		4.1705503158		-1.0
	33119.99999998	22.72211		0.83095  0.2  0.2		4.1705503158		-1.0
	33164.99999998	22.01683		0.3235  0.2  0.2		4.1705503158		-1.0
	33209.99999998	21.39173		-0.29475  0.2  0.2		4.1705503158		-1.0
	33254.99999998	20.47874		-0.68251  0.2  0.2		4.1705503158		-1.0
	33299.99999998	19.5864		-2.0457  0.2  0.2		4.1705503158		-1.0
	33344.99999998	18.71065		-2.30848  0.2  0.2		4.1705503158		-1.0
	33389.99999998	18.34032		-2.81408  0.2  0.2		4.1705503158		-1.0
	33434.99999998	18.21233		2.78687  0.2  0.2		4.1705503158		-1.0
	33479.99999998	18.82482		2.54429  0.2  0.2		4.1705503158		-1.0
	33524.99999998	19.66784		2.40107  0.2  0.2		4.1705503158		-1.0
	33569.99999998	20.7631		2.20366  0.2  0.2		4.1705503158		-1.0
	33614.99999998	19.79462		1.7535  0.2  0.2		4.1705503158		-1.0
	33659.99999998	19.00568		2.66326  0.2  0.2		4.1705503158		-1.0
	33704.99999998	18.55297		-3.08573  0.2  0.2		4.1705503158		-1.0
	33749.99999997	18.69856		1.02367  0.2  0.2		4.1705503158		-1.0
	33794.99999997	18.57944		0.84662  0.2  0.2		4.1705503158		-1.0
	33839.99999997	18.64474		-0.00059  0.2  0.2		4.1705503158		-1.0
	33884.99999997	18.40518		-0.54233  0.2  0.2		4.1705503158		-1.0
	33929.99999997	18.16327		-1.02672  0.2  0.2		4.1705503158		-1.0
	33974.99999997	17.63705		-1.49357  0.2  0.2		4.1705503158		-1.0
	34019.99999997	17.21367		-1.83423  0.2  0.2		4.1705503158		-1.0
	34064.99999997	16.5629		-2.22081  0.2  0.2		4.1705503158		-1.0
	34109.99999997	16.02853		-2.57711  0.2  0.2		4.1705503158		-1.0
	34154.99999997	15.35389		-3.01955  0.2  0.2		4.1705503158		-1.0
	34199.99999997	14.65309		2.83805  0.2  0.2		4.1705503158		-1.0
	34244.99999997	13.5572		2.33368  0.2  0.2		4.1705503158		-1.0
	34289.99999997	12.30274		2.03265  0.2  0.2		4.1705503158		-1.0
	34334.99999997	11.02984		1.52709  0.2  0.2		4.1705503158		-1.0
	34379.99999997	9.73546		1.36071  0.2  0.2		4.1705503158		-1.0
	34424.99999997	8.37468		0.92071  0.2  0.2		4.1705503158		-1.0
	34469.99999997	7.00114		0.71768  0.2  0.2		4.1705503158		-1.0
	34514.99999997	6.30714		0.29458  0.2  0.2		4.1705503158		-1.0
	34559.99999997	6.43583		0.09503  0.2  0.2		4.1705503158		-1.0
	34604.99999997	6.98353		-0.18604  0.2  0.2		4.1705503158		-1.0
	34649.99999997	7.91993		-0.29423  0.2  0.2		4.1705503158		-1.0
	34694.99999997	8.74447		-0.7798  0.2  0.2		4.1705503158		-1.0
	34739.99999997	9.7911		-1.06113  0.2  0.2		4.1705503158		-1.0
	34784.99999997	10.87664		-1.6429  0.2  0.2		4.1705503158		-1.0
	34829.99999997	11.9011		-2.15158  0.2  0.2		4.1705503158		-1.0
	34874.99999997	12.94901		-2.76269  0.2  0.2		4.1705503158		-1.0
	34919.99999997	13.7132		2.84946  0.2  0.2		4.1705503158		-1.0
	34964.99999997	14.53419		2.59166  0.2  0.2		4.1705503158		-1.0
	35009.99999997	15.05381		1.89521  0.2  0.2		4.1705503158		-1.0
	35054.99999997	15.79196		1.64282  0.2  0.2		4.1705503158		-1.0
	35099.99999997	15.62827		1.28633  0.2  0.2		4.1705503158		-1.0
	35144.99999997	15.90894		1.07901  0.2  0.2		4.1705503158		-1.0
	35189.99999997	16.09493		0.41849  0.2  0.2		4.1705503158		-1.0
	35234.99999997	16.73924		-0.60376  0.2  0.2		4.1705503158		-1.0
	35279.99999997	16.87355		-1.11381  0.2  0.2		4.1705503158		-1.0
	35324.99999997	16.78261		-1.75245  0.2  0.2		4.1705503158		-1.0
	35369.99999997	16.94963		-1.75936  0.2  0.2		4.1705503158		-1.0
	35414.99999997	17.22907		-2.1023  0.2  0.2		4.1705503158		-1.0
	35459.99999997	18.27846		-2.19521  0.2  0.2		4.1705503158		-1.0
	35504.99999997	19.29864		-2.56885  0.2  0.2		4.1705503158		-1.0
	35549.99999997	20.61844		-2.24507  0.2  0.2		4.1705503158		-1.0
	35594.99999997	21.72376		-2.74717  0.2  0.2		4.1705503158		-1.0
	35639.99999997	22.80449		-2.99253  0.2  0.2		4.1705503158		-1.0
	35684.99999997	23.50566		2.31403  0.2  0.2		4.1705503158		-1.0
	35729.99999997	23.80073		1.65841  0.2  0.2		4.1705503158		-1.0
	35774.99999997	24.46818		1.02431  0.2  0.2		4.1705503158		-1.0
	35819.99999997	24.92843		0.22606  0.2  0.2		4.1705503158		-1.0
	35864.99999997	25.46507		-0.26901  0.2  0.2		4.1705503158		-1.0
	35909.99999997	25.86989		-0.91948  0.2  0.2		4.1705503158		-1.0
	35954.99999997	26.37646		-1.54433  0.2  0.2		4.1705503158		-1.0
	35999.99999997	26.52437		-2.17  0.2  0.2		4.1705503158		-1.0
	36044.99999997	26.22154		-2.94346  0.2  0.2		4.1705503158		-1.0
	36089.99999997	26.15008		2.64641  0.2  0.2		4.1705503158		-1.0
	36134.99999997	25.86442		0.22369  0.2  0.2		4.1705503158		-1.0
	36179.99999997	25.53949		0.35388  0.2  0.2		4.1705503158		-1.0
	36224.99999997	25.79354		0.84258  0.2  0.2		4.1705503158		-1.0
	36269.99999997	26.7374		1.24649  0.2  0.2		4.1705503158		-1.0
	36314.99999997	27.39342		1.81273  0.2  0.2		4.1705503158		-1.0
	36359.99999997	27.60493		2.23411  0.2  0.2		4.1705503158		-1.0
	36404.99999997	27.99438		1.4651  0.2  0.2		4.1705503158		-1.0
	36449.99999997	28.1073		0.34411  0.2  0.2		4.1705503158		-1.0
	36494.99999997	28.35564		0.46873  0.2  0.2		4.1705503158		-1.0
	36539.99999997	29.06933		0.8533  0.2  0.2		4.1705503158		-1.0
	36584.99999997	30.22383		1.24734  0.2  0.2		4.1705503158		-1.0
	36629.99999997	30.99802		3.03922  0.2  0.2		4.1705503158		-1.0
	36674.99999997	30.10696		-3.13448  0.2  0.2		4.1705503158		-1.0
	36719.99999997	29.05003		-2.92613  0.2  0.2		4.1705503158		-1.0
	36764.99999997	28.11207		-2.89258  0.2  0.2		4.1705503158		-1.0
	36809.99999997	27.19339		-2.81569  0.2  0.2		4.1705503158		-1.0
	36854.99999997	26.20157		-2.7045  0.2  0.2		4.1705503158		-1.0
	36899.99999997	25.09884		-2.61283  0.2  0.2		4.1705503158		-1.0
	36944.99999997	23.78008		-2.46915  0.2  0.2		4.1705503158		-1.0
	36989.99999997	22.99509		-2.32568  0.2  0.2		4.1705503158		-1.0
	37034.99999997	21.89551		-2.21704  0.2  0.2		4.1705503158		-1.0
	37079.99999997	20.72231		1.12131  0.2  0.2		4.1705503158		-1.0
	37124.99999997	19.97837		-2.37674  0.2  0.2		4.1705503158		-1.0
	37169.99999997	19.39917		-1.46105  0.2  0.2		4.1705503158		-1.0
	37214.99999997	18.82378		-1.27255  0.2  0.2		4.1705503158		-1.0
	37259.99999997	18.41597		-1.11756  0.2  0.2		4.1705503158		-1.0
	37304.99999997	17.94589		-0.93167  0.2  0.2		4.1705503158		-1.0
	37349.99999997	17.33976		-0.69493  0.2  0.2		4.1705503158		-1.0
	37394.99999997	16.99071		-0.23334  0.2  0.2		4.1705503158		-1.0
	37439.99999997	16.6431		-0.06265  0.2  0.2		4.1705503158		-1.0
	37484.99999997	16.21926		0.21584  0.2  0.2		4.1705503158		-1.0
	37529.99999997	15.18362		0.21623  0.2  0.2		4.1705503158		-1.0
	37574.99999997	14.40763		0.29051  0.2  0.2		4.1705503158		-1.0
	37619.99999997	13.01279		0.2697  0.2  0.2		4.1705503158		-1.0
	37664.99999997	11.7789		0.33327  0.2  0.2		4.1705503158		-1.0
	37709.99999997	10.05095		0.25898  0.2  0.2		4.1705503158		-1.0
	37754.99999997	9.0673		0.23396  0.2  0.2		4.1705503158		-1.0
	37799.99999997	7.70532		-0.03683  0.2  0.2		4.1705503158		-1.0
	37844.99999997	7.07674		-0.78911  0.2  0.2		4.1705503158		-1.0
	37889.99999997	6.54692		-2.15608  0.2  0.2		4.1705503158		-1.0
	37934.99999997	7.14168		-2.58792  0.2  0.2		4.1705503158		-1.0
	37979.99999997	7.95621		3.10799  0.2  0.2		4.1705503158		-1.0
	38024.99999997	9.23284		2.74878  0.2  0.2		4.1705503158		-1.0
	38069.99999997	10.03047		2.1341  0.2  0.2		4.1705503158		-1.0
	38114.99999997	10.70485		1.62646  0.2  0.2		4.1705503158		-1.0
	38159.99999997	11.29201		1.25035  0.2  0.2		4.1705503158		-1.0
	38204.99999997	12.3562		1.16668  0.2  0.2		4.1705503158		-1.0
	38249.99999997	12.94119		1.14016  0.2  0.2		4.1705503158		-1.0
	38294.99999997	14.03593		1.35202  0.2  0.2		4.1705503158		-1.0
	38339.99999997	14.56085		1.75761  0.2  0.2		4.1705503158		-1.0
	38384.99999997	15.80955		2.18301  0.2  0.2		4.1705503158		-1.0
	38429.99999997	16.11651		-2.29979  0.2  0.2		4.1705503158		-1.0
	38474.99999997	16.489		-1.36248  0.2  0.2		4.1705503158		-1.0
	38519.99999997	15.98599		-0.90681  0.2  0.2		4.1705503158		-1.0
	38564.99999997	15.86611		-0.40152  0.2  0.2		4.1705503158		-1.0
	38609.99999997	15.13629		0.0226  0.2  0.2		4.1705503158		-1.0
	38654.99999997	14.48515		-0.00674  0.2  0.2		4.1705503158		-1.0
	38699.99999997	13.48639		-0.28695  0.2  0.2		4.1705503158		-1.0
	38744.99999997	11.85716		-0.7932  0.2  0.2		4.1705503158		-1.0
	38789.99999997	10.3413		-1.07947  0.2  0.2		4.1705503158		-1.0
	38834.99999997	8.90227		-1.49066  0.2  0.2		4.1705503158		-1.0
	38879.99999997	8.01607		-2.36969  0.2  0.2		4.1705503158		-1.0
	38924.99999997	7.68582		2.68984  0.2  0.2		4.1705503158		-1.0
	38969.99999997	7.95075		2.15456  0.2  0.2		4.1705503158		-1.0
	39014.99999997	8.58225		1.95835  0.2  0.2		4.1705503158		-1.0
	39059.99999997	9.34006		1.39819  0.2  0.2		4.1705503158		-1.0
	39104.99999997	9.56373		0.82335  0.2  0.2		4.1705503158		-1.0
	39149.99999997	9.91698		0.77082  0.2  0.2		4.1705503158		-1.0
	39194.99999997	10.48225		0.78626  0.2  0.2		4.1705503158		-1.0
	39239.99999997	11.38894		0.91163  0.2  0.2		4.1705503158		-1.0
	39284.99999997	12.13535		1.06459  0.2  0.2		4.1705503158		-1.0
	39329.99999997	12.76693		1.60526  0.2  0.2		4.1705503158		-1.0
	39374.99999997	13.10297		-2.15055  0.2  0.2		4.1705503158		-1.0
	39419.99999997	12.79014		-1.44831  0.2  0.2		4.1705503158		-1.0
	39464.99999997	12.1324		-0.91686  0.2  0.2		4.1705503158		-1.0
	39509.99999997	11.48119		-0.06245  0.2  0.2		4.1705503158		-1.0
	39554.99999997	10.93218		0.5885  0.2  0.2		4.1705503158		-1.0
	39599.99999997	10.99808		0.92877  0.2  0.2		4.1705503158		-1.0
	39644.99999997	10.52056		0.74582  0.2  0.2		4.1705503158		-1.0
	39689.99999997	9.60245		0.52829  0.2  0.2		4.1705503158		-1.0
	39734.99999997	8.97443		-0.13879  0.2  0.2		4.1705503158		-1.0
	39779.99999997	8.9718		-0.68756  0.2  0.2		4.1705503158		-1.0
	39824.99999997	10.13261		1.41607  0.2  0.2		4.1705503158		-1.0
	39869.99999997	11.67416		1.66465  0.2  0.2		4.1705503158		-1.0
	39914.99999997	13.41304		1.95203  0.2  0.2		4.1705503158		-1.0
	39959.99999997	14.92779		2.11359  0.2  0.2		4.1705503158		-1.0
	40004.99999997	15.84763		2.36445  0.2  0.2		4.1705503158		-1.0
	40049.99999997	16.72325		2.65716  0.2  0.2		4.1705503158		-1.0
	40094.99999997	17.65307		2.84598  0.2  0.2		4.1705503158		-1.0
	40139.99999997	18.68166		-3.07762  0.2  0.2		4.1705503158		-1.0
	40184.99999997	19.93373		-2.78461  0.2  0.2		4.1705503158		-1.0
	40229.99999996	21.28395		-1.55457  0.2  0.2		4.1705503158		-1.0
	40274.99999996	20.39613		-0.74751  0.2  0.2		4.1705503158		-1.0
	40319.99999996	19.84224		-0.00925  0.2  0.2		4.1705503158		-1.0
	40364.99999996	19.73211		2.53289  0.2  0.2		4.1705503158		-1.0
	40409.99999996	20.39919		2.5829  0.2  0.2		4.1705503158		-1.0
	40454.99999996	21.34639		2.63954  0.2  0.2		4.1705503158		-1.0
	40499.99999996	22.4872		2.58082  0.2  0.2		4.1705503158		-1.0
	40544.99999996	23.54718		2.53279  0.2  0.2		4.1705503158		-1.0
	40589.99999996	24.30917		2.55215  0.2  0.2		4.1705503158		-1.0
	40634.99999996	24.70184		2.67858  0.2  0.2		4.1705503158		-1.0
	40679.99999996	23.73227		-2.60246  0.2  0.2		4.1705503158		-1.0
	40724.99999996	22.74962		-1.55528  0.2  0.2		4.1705503158		-1.0
	40769.99999996	22.22469		-1.39455  0.2  0.2		4.1705503158		-1.0
	40814.99999996	22.04236		-1.41788  0.2  0.2		4.1705503158		-1.0
	40859.99999996	21.85234		2.60193  0.2  0.2		4.1705503158		-1.0
	40904.99999996	22.12515		2.42856  0.2  0.2		4.1705503158		-1.0
	40949.99999996	22.56737		2.02643  0.2  0.2		4.1705503158		-1.0
	40994.99999996	22.81943		1.73422  0.2  0.2		4.1705503158		-1.0
	41039.99999996	23.03601		1.49629  0.2  0.2		4.1705503158		-1.0
	41084.99999996	23.38358		1.5917  0.2  0.2		4.1705503158		-1.0
	41129.99999996	23.95335		1.6779  0.2  0.2		4.1705503158		-1.0
	41174.99999996	25.02452		1.94606  0.2  0.2		4.1705503158		-1.0
	41219.99999996	26.09371		2.07419  0.2  0.2		4.1705503158		-1.0
	41264.99999996	25.55083		-2.09918  0.2  0.2		4.1705503158		-1.0
	41309.99999996	23.26692		-1.82275  0.2  0.2		4.1705503158		-1.0
	41354.99999996	21.59175		-1.68017  0.2  0.2		4.1705503158		-1.0
	41399.99999996	19.66981		-1.40219  0.2  0.2		4.1705503158		-1.0
	41444.99999996	17.62617		-1.13953  0.2  0.2		4.1705503158		-1.0
	41489.99999996	15.92332		-0.54175  0.2  0.2		4.1705503158		-1.0
	41534.99999996	14.43853		1.02941  0.2  0.2		4.1705503158		-1.0
	41579.99999996	13.28031		1.57206  0.2  0.2		4.1705503158		-1.0
	41624.99999996	12.48106		2.15072  0.2  0.2		4.1705503158		-1.0
	41669.99999996	11.95388		2.74157  0.2  0.2		4.1705503158		-1.0
	41714.99999996	11.72718		3.09378  0.2  0.2		4.1705503158		-1.0
	41759.99999996	11.86664		-2.90543  0.2  0.2		4.1705503158		-1.0
	41804.99999996	12.46325		-2.47418  0.2  0.2		4.1705503158		-1.0
	41849.99999996	12.8752		-2.09174  0.2  0.2		4.1705503158		-1.0
	41894.99999996	12.51963		-1.81429  0.2  0.2		4.1705503158		-1.0
	41939.99999996	11.56816		-1.63819  0.2  0.2		4.1705503158		-1.0
	41984.99999996	10.509		-1.74033  0.2  0.2		4.1705503158		-1.0
	42029.99999996	9.36518		-2.07537  0.2  0.2		4.1705503158		-1.0
	42074.99999996	8.35679		-2.5806  0.2  0.2		4.1705503158		-1.0
	42119.99999996	8.53345		2.72958  0.2  0.2		4.1705503158		-1.0
	42164.99999996	9.84625		2.41261  0.2  0.2		4.1705503158		-1.0
	42209.99999996	11.06314		2.63589  0.2  0.2		4.1705503158		-1.0
	42254.99999996	12.18138		-2.9892  0.2  0.2		4.1705503158		-1.0
	42299.99999996	13.45148		-2.73814  0.2  0.2		4.1705503158		-1.0
	42344.99999996	14.80869		-2.57442  0.2  0.2		4.1705503158		-1.0
	42389.99999996	16.00742		-2.56001  0.2  0.2		4.1705503158		-1.0
	42434.99999996	17.35473		-2.66362  0.2  0.2		4.1705503158		-1.0
	42479.99999996	18.49315		-2.6376  0.2  0.2		4.1705503158		-1.0
	42524.99999996	19.88412		-2.7557  0.2  0.2		4.1705503158		-1.0
	42569.99999996	21.02425		-2.93334  0.2  0.2		4.1705503158		-1.0
	42614.99999996	22.18302		3.01776  0.2  0.2		4.1705503158		-1.0
	42659.99999996	23.09676		2.78115  0.2  0.2		4.1705503158		-1.0
	42704.99999996	22.70224		2.58068  0.2  0.2		4.1705503158		-1.0
	42749.99999996	22.50798		-2.53317  0.2  0.2		4.1705503158		-1.0
	42794.99999996	22.21267		-2.2058  0.2  0.2		4.1705503158		-1.0
	42839.99999996	22.2663		-1.83983  0.2  0.2		4.1705503158		-1.0
	42884.99999996	21.95226		-1.59171  0.2  0.2		4.1705503158		-1.0
	42929.99999996	21.75954		-1.54795  0.2  0.2		4.1705503158		-1.0
	42974.99999996	20.78102		-1.4809  0.2  0.2		4.1705503158		-1.0
	43019.99999996	20.26082		-1.39204  0.2  0.2		4.1705503158		-1.0
	43064.99999996	19.41291		-1.12642  0.2  0.2		4.1705503158		-1.0
	43109.99999996	18.69011		-0.53751  0.2  0.2		4.1705503158		-1.0
	43154.99999996	17.90025		0.74943  0.2  0.2		4.1705503158		-1.0
	43199.99999996	17.36129		1.86979  0.2  0.2		4.1705503158		-1.0
	43244.99999996	16.89047		2.41749  0.2  0.2		4.1705503158		-1.0
	43289.99999996	16.40592		2.86405  0.2  0.2		4.1705503158		-1.0
	43334.99999996	15.82256		-2.88747  0.2  0.2		4.1705503158		-1.0
	43379.99999996	15.05896		-2.57272  0.2  0.2		4.1705503158		-1.0
	43424.99999996	14.48498		-2.00085  0.2  0.2		4.1705503158		-1.0
	43469.99999996	13.89858		-1.20138  0.2  0.2		4.1705503158		-1.0
	43514.99999996	13.46967		-0.19018  0.2  0.2		4.1705503158		-1.0
	43559.99999996	13.22033		1.61482  0.2  0.2		4.1705503158		-1.0
	43604.99999996	13.0376		-2.91556  0.2  0.2		4.1705503158		-1.0
	43649.99999996	13.18265		-2.10711  0.2  0.2		4.1705503158		-1.0
	43694.99999996	13.5355		-1.17212  0.2  0.2		4.1705503158		-1.0
	43739.99999996	13.65843		-0.47766  0.2  0.2		4.1705503158		-1.0
	43784.99999996	14.00208		0.25657  0.2  0.2		4.1705503158		-1.0
	43829.99999996	14.38146		0.64887  0.2  0.2		4.1705503158		-1.0
	43874.99999996	15.04035		0.97535  0.2  0.2		4.1705503158		-1.0
	43919.99999996	15.47391		0.77519  0.2  0.2		4.1705503158		-1.0
	43964.99999996	16.21428		-0.48792  0.2  0.2		4.1705503158		-1.0
	44009.99999996	16.81022		-1.1473  0.2  0.2		4.1705503158		-1.0
	44054.99999996	17.752		-1.29441  0.2  0.2		4.1705503158		-1.0
	44099.99999996	19.23262		-1.15183  0.2  0.2		4.1705503158		-1.0
	44144.99999996	18.61507		1.30045  0.2  0.2		4.1705503158		-1.0
	44189.99999996	17.18902		1.16409  0.2  0.2		4.1705503158		-1.0
	44234.99999996	15.88307		0.88402  0.2  0.2		4.1705503158		-1.0
	44279.99999996	15.29975		-0.40113  0.2  0.2		4.1705503158		-1.0
	44324.99999996	15.37364		-1.14841  0.2  0.2		4.1705503158		-1.0
	44369.99999996	14.81121		-2.23708  0.2  0.2		4.1705503158		-1.0
	44414.99999996	14.68026		-2.00639  0.2  0.2		4.1705503158		-1.0
	44459.99999996	14.88431		-1.66186  0.2  0.2		4.1705503158		-1.0
	44504.99999996	15.64543		-1.6007  0.2  0.2		4.1705503158		-1.0
	44549.99999996	16.62078		-2.69071  0.2  0.2		4.1705503158		-1.0
	44594.99999996	18.19761		2.78814  0.2  0.2		4.1705503158		-1.0
	44639.99999996	18.84589		2.36418  0.2  0.2		4.1705503158		-1.0
	44684.99999996	17.53853		1.88679  0.2  0.2		4.1705503158		-1.0
	44729.99999996	16.56093		1.11311  0.2  0.2		4.1705503158		-1.0
	44774.99999996	15.73733		0.39017  0.2  0.2		4.1705503158		-1.0
	44819.99999996	15.3542		-0.07164  0.2  0.2		4.1705503158		-1.0
	44864.99999996	15.19492		-0.37324  0.2  0.2		4.1705503158		-1.0
	44909.99999996	14.68088		-0.69679  0.2  0.2		4.1705503158		-1.0
	44954.99999996	13.50206		-1.09702  0.2  0.2		4.1705503158		-1.0
	44999.99999996	12.31138		-1.35677  0.2  0.2		4.1705503158		-1.0
	45044.99999996	11.30534		-1.69258  0.2  0.2		4.1705503158		-1.0
	45089.99999996	10.70894		-2.67663  0.2  0.2		4.1705503158		-1.0
	45134.99999996	10.6649		1.9824  0.2  0.2		4.1705503158		-1.0
	45179.99999996	11.12428		1.55842  0.2  0.2		4.1705503158		-1.0
	45224.99999996	12.22798		1.6017  0.2  0.2		4.1705503158		-1.0
	45269.99999996	13.28785		1.81415  0.2  0.2		4.1705503158		-1.0
	45314.99999996	13.90101		2.80036  0.2  0.2		4.1705503158		-1.0
	45359.99999996	14.17719		-2.94453  0.2  0.2		4.1705503158		-1.0
	45404.99999996	14.51071		-2.78792  0.2  0.2		4.1705503158		-1.0
	45449.99999996	14.75488		-2.96021  0.2  0.2		4.1705503158		-1.0
	45494.99999996	15.27187		2.92294  0.2  0.2		4.1705503158		-1.0
	45539.99999996	15.84751		2.27933  0.2  0.2		4.1705503158		-1.0
	45584.99999996	16.35783		1.42271  0.2  0.2		4.1705503158		-1.0
	45629.99999996	16.66001		0.32583  0.2  0.2		4.1705503158		-1.0
	45674.99999996	16.42294		-0.35576  0.2  0.2		4.1705503158		-1.0
	45719.99999996	16.27023		-1.09757  0.2  0.2		4.1705503158		-1.0
	45764.99999996	16.16981		-1.96895  0.2  0.2		4.1705503158		-1.0
	45809.99999996	16.06074		-2.33607  0.2  0.2		4.1705503158		-1.0
	45854.99999996	15.08056		-2.47397  0.2  0.2		4.1705503158		-1.0
	45899.99999996	13.90826		-2.43162  0.2  0.2		4.1705503158		-1.0
	45944.99999996	12.65734		-2.46528  0.2  0.2		4.1705503158		-1.0
	45989.99999996	11.30106		-2.43693  0.2  0.2		4.1705503158		-1.0
	46034.99999996	10.28436		-2.17708  0.2  0.2		4.1705503158		-1.0
	46079.99999996	9.6557		-1.41463  0.2  0.2		4.1705503158		-1.0
	46124.99999996	9.28359		-0.44675  0.2  0.2		4.1705503158		-1.0
	46169.99999996	9.58412		-0.44593  0.2  0.2		4.1705503158		-1.0
	46214.99999996	10.18185		-0.43834  0.2  0.2		4.1705503158		-1.0
	46259.99999996	11.1866		-0.65002  0.2  0.2		4.1705503158		-1.0
	46304.99999996	11.98699		-0.36779  0.2  0.2		4.1705503158		-1.0
	46349.99999996	12.60583		0.22155  0.2  0.2		4.1705503158		-1.0
	46394.99999996	12.9639		-3.11686  0.2  0.2		4.1705503158		-1.0
	46439.99999996	13.07424		2.37977  0.2  0.2		4.1705503158		-1.0
	46484.99999996	12.83284		2.12352  0.2  0.2		4.1705503158		-1.0
	46529.99999996	12.67059		1.7199  0.2  0.2		4.1705503158		-1.0
	46574.99999996	12.21422		1.32224  0.2  0.2		4.1705503158		-1.0
	46619.99999996	11.21872		1.29087  0.2  0.2		4.1705503158		-1.0
	46664.99999996	9.36673		1.27149  0.2  0.2		4.1705503158		-1.0
	46709.99999996	7.954		1.2215  0.2  0.2		4.1705503158		-1.0
	46754.99999995	6.31793		1.12433  0.2  0.2		4.1705503158		-1.0
	46799.99999995	6.07355		1.47835  0.2  0.2		4.1705503158		-1.0
	46844.99999995	6.89107		1.55055  0.2  0.2		4.1705503158		-1.0
	46889.99999995	8.35208		1.36947  0.2  0.2		4.1705503158		-1.0
	46934.99999995	9.47973		1.01223  0.2  0.2		4.1705503158		-1.0
	46979.99999995	9.74309		1.00818  0.2  0.2		4.1705503158		-1.0
	47024.99999995	10.77882		1.12395  0.2  0.2		4.1705503158		-1.0
	47069.99999995	11.40956		1.66185  0.2  0.2		4.1705503158		-1.0
	47114.99999995	12.34151		2.61262  0.2  0.2		4.1705503158		-1.0
	47159.99999995	13.71551		3.04173  0.2  0.2		4.1705503158		-1.0
	47204.99999995	15.41004		-2.92259  0.2  0.2		4.1705503158		-1.0
	47249.99999995	17.00901		-3.04403  0.2  0.2		4.1705503158		-1.0
	47294.99999995	18.33111		2.9987  0.2  0.2		4.1705503158		-1.0
	47339.99999995	18.95296		2.74658  0.2  0.2		4.1705503158		-1.0
	47384.99999995	19.14068		-2.97617  0.2  0.2		4.1705503158		-1.0
	47429.99999995	18.96103		-2.63938  0.2  0.2		4.1705503158		-1.0
	47474.99999995	19.18688		-1.98221  0.2  0.2		4.1705503158		-1.0
	47519.99999995	19.07247		-1.72959  0.2  0.2		4.1705503158		-1.0
	47564.99999995	18.7863		-1.0599  0.2  0.2		4.1705503158		-1.0
	47609.99999995	18.19101		-0.44765  0.2  0.2		4.1705503158		-1.0
	47654.99999995	17.46481		0.06837  0.2  0.2		4.1705503158		-1.0
	47699.99999995	16.91789		0.65421  0.2  0.2		4.1705503158		-1.0
	47744.99999995	17.12369		0.63869  0.2  0.2		4.1705503158		-1.0
	47789.99999995	17.76574		1.1138  0.2  0.2		4.1705503158		-1.0
	47834.99999995	18.44688		0.89465  0.2  0.2		4.1705503158		-1.0
	47879.99999995	18.83879		1.61676  0.2  0.2		4.1705503158		-1.0
	47924.99999995	19.60321		1.9856  0.2  0.2		4.1705503158		-1.0
	47969.99999995	20.58553		2.47813  0.2  0.2		4.1705503158		-1.0
	48014.99999995	21.8178		2.57736  0.2  0.2		4.1705503158		-1.0
	48059.99999995	22.97898		2.82891  0.2  0.2		4.1705503158		-1.0
	48104.99999995	23.40058		-2.89286  0.2  0.2		4.1705503158		-1.0
	48149.99999995	23.86884		-2.71522  0.2  0.2		4.1705503158		-1.0
	48194.99999995	24.99747		-2.93376  0.2  0.2		4.1705503158		-1.0
	48239.99999995	26.07428		-2.87848  0.2  0.2		4.1705503158		-1.0
	48284.99999995	27.52614		-3.00009  0.2  0.2		4.1705503158		-1.0
	48329.99999995	28.51292		2.96592  0.2  0.2		4.1705503158		-1.0
	48374.99999995	27.2552		2.59481  0.2  0.2		4.1705503158		-1.0
	48419.99999995	25.76617		3.04418  0.2  0.2		4.1705503158		-1.0
	48464.99999995	24.39381		3.12907  0.2  0.2		4.1705503158		-1.0
	48509.99999995	23.3756		-2.77746  0.2  0.2		4.1705503158		-1.0
	48554.99999995	22.82738		0.49443  0.2  0.2		4.1705503158		-1.0
	48599.99999995	23.16647		0.88914  0.2  0.2		4.1705503158		-1.0
	48644.99999995	23.54319		1.5238  0.2  0.2		4.1705503158		-1.0
	48689.99999995	24.45234		1.84047  0.2  0.2		4.1705503158		-1.0
	48734.99999995	24.96427		1.95712  0.2  0.2		4.1705503158		-1.0
	48779.99999995	26.06101		-2.56259  0.2  0.2		4.1705503158		-1.0
	48824.99999995	25.41421		-2.13596  0.2  0.2		4.1705503158		-1.0
	48869.99999995	24.87166		-2.2049  0.2  0.2		4.1705503158		-1.0
	48914.99999995	24.01561		-2.08717  0.2  0.2		4.1705503158		-1.0
	48959.99999995	23.95058		-1.73799  0.2  0.2		4.1705503158		-1.0
	49004.99999995	23.75915		-1.28205  0.2  0.2		4.1705503158		-1.0
	49049.99999995	24.13516		-0.69401  0.2  0.2		4.1705503158		-1.0
	49094.99999995	25.04721		-0.35688  0.2  0.2		4.1705503158		-1.0
	49139.99999995	25.95119		0.01377  0.2  0.2		4.1705503158		-1.0
	49184.99999995	26.98279		0.16398  0.2  0.2		4.1705503158		-1.0
	49229.99999995	26.10756		-0.6358  0.2  0.2		4.1705503158		-1.0
	49274.99999995	25.27712		-0.47544  0.2  0.2		4.1705503158		-1.0
	49319.99999995	24.48153		-0.72374  0.2  0.2		4.1705503158		-1.0
	49364.99999995	23.78269		-0.93629  0.2  0.2		4.1705503158		-1.0
	49409.99999995	22.89908		-1.47146  0.2  0.2		4.1705503158		-1.0
	49454.99999995	22.33563		-2.30583  0.2  0.2		4.1705503158		-1.0
	49499.99999995	21.89141		-2.64688  0.2  0.2		4.1705503158		-1.0
	49544.99999995	21.3928		-3.04863  0.2  0.2		4.1705503158		-1.0
	49589.99999995	20.63883		3.06878  0.2  0.2		4.1705503158		-1.0
	49634.99999995	19.86083		2.88702  0.2  0.2		4.1705503158		-1.0
	49679.99999995	19.17684		-3.13431  0.2  0.2		4.1705503158		-1.0
	49724.99999995	18.40058		-2.68795  0.2  0.2		4.1705503158		-1.0
	49769.99999995	17.78225		-1.83493  0.2  0.2		4.1705503158		-1.0
	49814.99999995	17.47202		-1.19012  0.2  0.2		4.1705503158		-1.0
	49859.99999995	17.27942		-0.72149  0.2  0.2		4.1705503158		-1.0
	49904.99999995	16.97488		-0.24916  0.2  0.2		4.1705503158		-1.0
	49949.99999995	16.96317		0.07031  0.2  0.2		4.1705503158		-1.0
	49994.99999995	16.95192		0.52071  0.2  0.2		4.1705503158		-1.0
