	45.00000000	2.82588		2.02286     0.2    0.2		4.1705503158		-1.0
	90.00000000	2.96019		2.2916     0.2    0.2		4.1705503158		-1.0
	135.00000000	2.85234		2.40368     0.2    0.2		4.1705503158		-1.0
	180.00000000	2.95138		2.41052     0.2    0.2		4.1705503158		-1.0
	225.00000000	2.92752		2.63744     0.2    0.2		4.1705503158		-1.0
	270.00000000	2.88785		2.68023     0.2    0.2		4.1705503158		-1.0
	315.00000000	2.96531		-3.13168     0.2    0.2		4.1705503158		-1.0
	360.00000000	2.94425		-2.81989     0.2    0.2		4.1705503158		-1.0
	405.00000000	2.87575		-2.40439     0.2    0.2		4.1705503158		-1.0
	450.00000000	2.97167		-1.85592     0.2    0.2		4.1705503158		-1.0
	495.00000000	2.85499		-1.69951     0.2    0.2		4.1705503158		-1.0
	540.00000000	2.95187		-1.37756     0.2    0.2		4.1705503158		-1.0
	585.00000000	2.90079		-1.02471     0.2    0.2		4.1705503158		-1.0
	630.00000000	2.97444		-0.47538     0.2    0.2		4.1705503158		-1.0
	675.00000000	2.92017		0.1333     0.2    0.2		4.1705503158		-1.0
	720.00000000	2.94133		0.97543     0.2    0.2		4.1705503158		-1.0
	765.00000000	2.86026		1.45466     0.2    0.2		4.1705503158		-1.0
	810.00000000	2.94287		1.88033     0.2    0.2		4.1705503158		-1.0
	855.00000000	3.04005		2.23447     0.2    0.2		4.1705503158		-1.0
	900.00000000	2.83753		2.16187     0.2    0.2		4.1705503158		-1.0
	945.00000000	2.8646		1.66465     0.2    0.2		4.1705503158		-1.0
	990.00000000	2.84236		1.45039     0.2    0.2		4.1705503158		-1.0
	1035.00000000	3.10267		1.22821     0.2    0.2		4.1705503158		-1.0
	1080.00000000	2.91763		0.74394     0.2    0.2		4.1705503158		-1.0
	1125.00000000	2.90551		0.24295     0.2    0.2		4.1705503158		-1.0
	1170.00000000	2.82372		-0.31794     0.2    0.2		4.1705503158		-1.0
	1215.00000000	2.99797		-0.70457     0.2    0.2		4.1705503158		-1.0
	1260.00000000	2.93074		-1.09361     0.2    0.2		4.1705503158		-1.0
	1305.00000000	2.89543		-1.4321     0.2    0.2		4.1705503158		-1.0
	1350.00000000	2.90792		-1.57244     0.2    0.2		4.1705503158		-1.0
	1395.00000000	2.92197		-2.01208     0.2    0.2		4.1705503158		-1.0
	1440.00000000	3.03685		-2.30179     0.2    0.2		4.1705503158		-1.0
	1485.00000000	2.90902		-2.46537     0.2    0.2		4.1705503158		-1.0
	1530.00000000	2.88574		-2.66644     0.2    0.2		4.1705503158		-1.0
	1575.00000000	2.87852		-2.74565     0.2    0.2		4.1705503158		-1.0
	1620.00000000	2.87243		-2.851     0.2    0.2		4.1705503158		-1.0
	1665.00000000	2.75898		-3.11724     0.2    0.2		4.1705503158		-1.0
	1710.00000000	2.90111		-3.10493     0.2    0.2		4.1705503158		-1.0
	1755.00000000	2.93666		2.87455     0.2    0.2		4.1705503158		-1.0
	1800.00000000	2.96536		2.62338     0.2    0.2		4.1705503158		-1.0
	1845.00000000	2.91264		2.34132     0.2    0.2		4.1705503158		-1.0
	1890.00000000	2.92734		1.91171     0.2    0.2		4.1705503158		-1.0
	1935.00000000	2.95775		1.53073     0.2    0.2		4.1705503158		-1.0
	1980.00000000	3.1599		1.08263     0.2    0.2		4.1705503158		-1.0
	2025.00000000	2.94774		0.71324     0.2    0.2		4.1705503158		-1.0
	2070.00000000	2.83902		-0.33047     0.2    0.2		4.1705503158		-1.0
	2115.00000000	2.76376		-0.72153     0.2    0.2		4.1705503158		-1.0
	2160.00000000	2.98404		-1.07789     0.2    0.2		4.1705503158		-1.0
	2205.00000000	3.10306		-1.26439     0.2    0.2		4.1705503158		-1.0
	2250.00000000	3.14554		-1.56333     0.2    0.2		4.1705503158		-1.0
	2295.00000000	3.10121		-1.73763     0.2    0.2		4.1705503158		-1.0
	2340.00000000	2.92397		-2.12108     0.2    0.2		4.1705503158		-1.0
	2385.00000000	2.94109		-2.25419     0.2    0.2		4.1705503158		-1.0
	2430.00000000	2.89258		-2.51435     0.2    0.2		4.1705503158		-1.0
	2475.00000000	2.97993		-2.98273     0.2    0.2		4.1705503158		-1.0
	2520.00000000	2.95508		2.97463     0.2    0.2		4.1705503158		-1.0
	2565.00000000	2.92814		2.78042     0.2    0.2		4.1705503158		-1.0
	2610.00000000	2.9104		2.05592     0.2    0.2		4.1705503158		-1.0
	2655.00000000	2.92778		2.02312     0.2    0.2		4.1705503158		-1.0
	2700.00000000	2.873		1.47022     0.2    0.2		4.1705503158		-1.0
	2745.00000000	2.74816		1.15016     0.2    0.2		4.1705503158		-1.0
	2790.00000000	2.87429		0.42657     0.2    0.2		4.1705503158		-1.0
	2835.00000000	2.97722		-0.15717     0.2    0.2		4.1705503158		-1.0
	2880.00000000	3.06762		-0.79113     0.2    0.2		4.1705503158		-1.0
	2925.00000000	3.05691		-1.06404     0.2    0.2		4.1705503158		-1.0
	2970.00000000	2.82968		-1.28751     0.2    0.2		4.1705503158		-1.0
	3015.00000000	3.01295		-1.50254     0.2    0.2		4.1705503158		-1.0
	3060.00000000	2.83434		-2.08323     0.2    0.2		4.1705503158		-1.0
	3105.00000000	2.82373		-2.33754     0.2    0.2		4.1705503158		-1.0
	3150.00000000	2.98089		-2.46806     0.2    0.2		4.1705503158		-1.0
	3195.00000000	3.11211		-2.79699     0.2    0.2		4.1705503158		-1.0
	3240.00000000	3.09918		-3.06432     0.2    0.2		4.1705503158		-1.0
	3285.00000000	3.055		2.9808     0.2    0.2		4.1705503158		-1.0
	3330.00000000	2.86667		2.72285     0.2    0.2		4.1705503158		-1.0
	3375.00000000	2.86368		2.37242     0.2    0.2		4.1705503158		-1.0
	3420.00000000	2.89242		1.85863     0.2    0.2		4.1705503158		-1.0
	3465.00000000	2.9173		1.51295     0.2    0.2		4.1705503158		-1.0
	3510.00000000	2.90016		0.67866     0.2    0.2		4.1705503158		-1.0
	3555.00000000	2.90657		0.21744     0.2    0.2		4.1705503158		-1.0
	3600.00000000	2.8688		-0.68962     0.2    0.2		4.1705503158		-1.0
	3645.00000000	2.8456		-1.14601     0.2    0.2		4.1705503158		-1.0
	3690.00000000	2.82821		-1.85923     0.2    0.2		4.1705503158		-1.0
	3735.00000000	2.91869		-2.01645     0.2    0.2		4.1705503158		-1.0
	3780.00000000	2.88876		-2.49999     0.2    0.2		4.1705503158		-1.0
	3825.00000000	2.96547		-2.93577     0.2    0.2		4.1705503158		-1.0
	3870.00000000	3.05975		2.74391     0.2    0.2		4.1705503158		-1.0
	3915.00000000	3.00123		2.15514     0.2    0.2		4.1705503158		-1.0
	3960.00000000	2.96373		1.35375     0.2    0.2		4.1705503158		-1.0
	4005.00000000	2.9343		1.00366     0.2    0.2		4.1705503158		-1.0
	4050.00000000	2.96814		-0.03047     0.2    0.2		4.1705503158		-1.0
	4095.00000000	3.00453		-0.83067     0.2    0.2		4.1705503158		-1.0
	4140.00000000	2.90839		-1.58765     0.2    0.2		4.1705503158		-1.0
	4185.00000000	3.05336		-1.93299     0.2    0.2		4.1705503158		-1.0
	4230.00000000	3.10089		-2.52469     0.2    0.2		4.1705503158		-1.0
	4275.00000000	2.77859		-2.57422     0.2    0.2		4.1705503158		-1.0
	4320.00000000	3.18439		-2.83066     0.2    0.2		4.1705503158		-1.0
	4365.00000000	2.92188		-3.08446     0.2    0.2		4.1705503158		-1.0
	4410.00000000	2.8836		-3.06495     0.2    0.2		4.1705503158		-1.0
	4455.00000000	2.84086		3.08679     0.2    0.2		4.1705503158		-1.0
	4500.00000000	2.91073		2.53222     0.2    0.2		4.1705503158		-1.0
	4545.00000000	3.25672		2.41401     0.2    0.2		4.1705503158		-1.0
	4590.00000000	2.91128		1.82574     0.2    0.2		4.1705503158		-1.0
	4635.00000000	2.8417		1.71718     0.2    0.2		4.1705503158		-1.0
	4680.00000000	2.80117		1.2481     0.2    0.2		4.1705503158		-1.0
	4725.00000000	2.89196		0.53555     0.2    0.2		4.1705503158		-1.0
	4770.00000000	2.82863		0.11069     0.2    0.2		4.1705503158		-1.0
	4815.00000000	2.85833		-0.66526     0.2    0.2		4.1705503158		-1.0
	4860.00000000	2.98437		-0.84324     0.2    0.2		4.1705503158		-1.0
	4905.00000000	2.86114		-1.09213     0.2    0.2		4.1705503158		-1.0
	4950.00000000	2.80099		-1.13244     0.2    0.2		4.1705503158		-1.0
	4995.00000000	2.94445		-0.79944     0.2    0.2		4.1705503158		-1.0
	5040.00000000	2.91562		0.15347     0.2    0.2		4.1705503158		-1.0
	5085.00000000	2.91532		1.10342     0.2    0.2		4.1705503158		-1.0
	5130.00000000	2.95683		1.42204     0.2    0.2		4.1705503158		-1.0
	5175.00000000	2.80537		1.89605     0.2    0.2		4.1705503158		-1.0
	5220.00000000	3.12503		2.05454     0.2    0.2		4.1705503158		-1.0
	5265.00000000	3.13176		2.18747     0.2    0.2		4.1705503158		-1.0
	5310.00000000	2.93735		2.79973     0.2    0.2		4.1705503158		-1.0
	5355.00000000	2.68894		2.83956     0.2    0.2		4.1705503158		-1.0
	5400.00000000	2.89216		-3.13394     0.2    0.2		4.1705503158		-1.0
	5445.00000000	3.36985		-2.91433     0.2    0.2		4.1705503158		-1.0
	5490.00000000	3.16367		-2.46584     0.2    0.2		4.1705503158		-1.0
	5535.00000000	3.18005		-2.23293     0.2    0.2		4.1705503158		-1.0
	5580.00000000	2.98122		-1.62695     0.2    0.2		4.1705503158		-1.0
	5625.00000000	3.07785		-1.2278     0.2    0.2		4.1705503158		-1.0
	5670.00000000	2.76196		-1.18614     0.2    0.2		4.1705503158		-1.0
	5715.00000000	3.06668		-1.23563     0.2    0.2		4.1705503158		-1.0
	5760.00000000	3.20681		-0.86777     0.2    0.2		4.1705503158		-1.0
	5805.00000000	3.11791		-0.78162     0.2    0.2		4.1705503158		-1.0
	5850.00000000	3.00564		-0.19063     0.2    0.2		4.1705503158		-1.0
	5895.00000000	3.14618		-0.16235     0.2    0.2		4.1705503158		-1.0
	5940.00000000	3.00145		0.62435     0.2    0.2		4.1705503158		-1.0
	5985.00000000	3.01982		0.6953     0.2    0.2		4.1705503158		-1.0
	6030.00000000	3.08565		0.89016     0.2    0.2		4.1705503158		-1.0
	6075.00000000	2.90619		1.21892     0.2    0.2		4.1705503158		-1.0
	6120.00000000	3.03586		0.90924     0.2    0.2		4.1705503158		-1.0
	6165.00000000	3.29729		0.78187     0.2    0.2		4.1705503158		-1.0
	6210.00000000	3.27331		0.71327     0.2    0.2		4.1705503158		-1.0
	6255.00000000	3.22555		-0.15314     0.2    0.2		4.1705503158		-1.0
	6300.00000000	3.11394		-0.29161     0.2    0.2		4.1705503158		-1.0
	6345.00000000	3.12929		-0.58613     0.2    0.2		4.1705503158		-1.0
	6390.00000000	3.2136		-0.596     0.2    0.2		4.1705503158		-1.0
	6435.00000000	3.00445		-0.03231     0.2    0.2		4.1705503158		-1.0
	6480.00000000	2.81609		-0.42244     0.2    0.2		4.1705503158		-1.0
	6525.00000000	2.91888		0.45228     0.2    0.2		4.1705503158		-1.0
	6570.00000000	2.98218		0.49443     0.2    0.2		4.1705503158		-1.0
	6615.00000000	2.81724		0.12056     0.2    0.2		4.1705503158		-1.0
	6660.00000000	2.73625		-0.02159     0.2    0.2		4.1705503158		-1.0
	6705.00000000	2.92357		-0.25417     0.2    0.2		4.1705503158		-1.0
	6750.00000000	2.79464		-0.62331     0.2    0.2		4.1705503158		-1.0
	6795.00000000	3.09353		-0.20438     0.2    0.2		4.1705503158		-1.0
	6840.00000000	2.89266		-0.025     0.2    0.2		4.1705503158		-1.0
	6885.00000000	2.82446		0.63049     0.2    0.2		4.1705503158		-1.0
	6930.00000000	2.68257		1.1025     0.2    0.2		4.1705503158		-1.0
	6975.00000000	2.87488		1.10054     0.2    0.2		4.1705503158		-1.0
	7020.00000000	3.22112		1.33414     0.2    0.2		4.1705503158		-1.0
	7065.00000000	3.12814		1.23432     0.2    0.2		4.1705503158		-1.0
	7110.00000000	2.79243		1.23815     0.2    0.2		4.1705503158		-1.0
	7155.00000000	2.73434		0.72988     0.2    0.2		4.1705503158		-1.0
	7200.00000000	2.78208		0.08449     0.2    0.2		4.1705503158		-1.0
	7245.00000000	2.79057		-0.42842     0.2    0.2		4.1705503158		-1.0
	7290.00000000	2.94861		-0.45622     0.2    0.2		4.1705503158		-1.0
	7335.00000000	3.06258		-0.22388     0.2    0.2		4.1705503158		-1.0
	7380.00000000	3.00585		0.38777     0.2    0.2		4.1705503158		-1.0
	7425.00000000	2.72187		0.68489     0.2    0.2		4.1705503158		-1.0
	7470.00000000	2.80596		1.01618     0.2    0.2		4.1705503158		-1.0
	7515.00000000	2.81721		0.91456     0.2    0.2		4.1705503158		-1.0
	7560.00000000	2.89594		1.26297     0.2    0.2		4.1705503158		-1.0
	7605.00000000	3.30932		1.61718     0.2    0.2		4.1705503158		-1.0
	7650.00000000	2.88392		1.52581     0.2    0.2		4.1705503158		-1.0
	7695.00000000	2.97885		1.72347     0.2    0.2		4.1705503158		-1.0
	7740.00000000	3.01296		1.89044     0.2    0.2		4.1705503158		-1.0
	7785.00000000	3.09117		2.23767     0.2    0.2		4.1705503158		-1.0
	7830.00000000	3.11905		2.66994     0.2    0.2		4.1705503158		-1.0
	7875.00000000	2.6888		2.87904     0.2    0.2		4.1705503158		-1.0
	7920.00000000	3.0248		3.12731     0.2    0.2		4.1705503158		-1.0
	7965.00000000	2.85814		-2.63721     0.2    0.2		4.1705503158		-1.0
	8010.00000000	3.29391		-2.47247     0.2    0.2		4.1705503158		-1.0
	8055.00000000	2.88777		-1.97322     0.2    0.2		4.1705503158		-1.0
	8100.00000000	3.08648		-1.99673     0.2    0.2		4.1705503158		-1.0
	8145.00000000	2.75481		-1.53207     0.2    0.2		4.1705503158		-1.0
	8190.00000000	3.11362		-1.84122     0.2    0.2		4.1705503158		-1.0
	8235.00000000	2.73049		-1.50665     0.2    0.2		4.1705503158		-1.0
	8280.00000000	3.13948		-1.96215     0.2    0.2		4.1705503158		-1.0
	8325.00000000	2.73188		-2.07879     0.2    0.2		4.1705503158		-1.0
	8370.00000000	2.81687		-2.49134     0.2    0.2		4.1705503158		-1.0
	8415.00000000	2.99602		-2.74456     0.2    0.2		4.1705503158		-1.0
	8460.00000000	3.08196		-2.93304     0.2    0.2		4.1705503158		-1.0
	8505.00000000	2.97558		-3.13794     0.2    0.2		4.1705503158		-1.0
	8550.00000000	2.82971		3.04754     0.2    0.2		4.1705503158		-1.0
	8595.00000000	3.33553		2.5989     0.2    0.2		4.1705503158		-1.0
	8640.00000000	3.03395		2.28679     0.2    0.2		4.1705503158		-1.0
	8685.00000000	2.92642		1.6768     0.2    0.2		4.1705503158		-1.0
	8730.00000000	2.93714		1.60692     0.2    0.2		4.1705503158		-1.0
	8775.00000000	2.80979		1.18565     0.2    0.2		4.1705503158		-1.0
	8820.00000000	2.92871		0.53285     0.2    0.2		4.1705503158		-1.0
	8865.00000000	3.07257		0.13065     0.2    0.2		4.1705503158		-1.0
	8910.00000000	2.71514		0.4964     0.2    0.2		4.1705503158		-1.0
	8955.00000000	3.16828		0.50199     0.2    0.2		4.1705503158		-1.0
	9000.00000000	3.19843		0.42475     0.2    0.2		4.1705503158		-1.0
	9045.00000000	3.14522		-0.05374     0.2    0.2		4.1705503158		-1.0
	9090.00000000	2.76032		-0.8038     0.2    0.2		4.1705503158		-1.0
	9135.00000000	2.88123		-0.74744     0.2    0.2		4.1705503158		-1.0
	9180.00000000	2.67894		-0.47816     0.2    0.2		4.1705503158		-1.0
	9225.00000000	3.07524		-0.37411     0.2    0.2		4.1705503158		-1.0
	9270.00000000	2.83605		-0.13301     0.2    0.2		4.1705503158		-1.0
	9315.00000000	3.03329		0.31635     0.2    0.2		4.1705503158		-1.0
	9360.00000000	2.72555		0.12633     0.2    0.2		4.1705503158		-1.0
	9405.00000000	2.7506		0.49661     0.2    0.2		4.1705503158		-1.0
	9450.00000000	2.73317		0.33038     0.2    0.2		4.1705503158		-1.0
	9495.00000000	2.81059		-0.43958     0.2    0.2		4.1705503158		-1.0
	9540.00000000	2.79364		-0.80282     0.2    0.2		4.1705503158		-1.0
	9585.00000000	3.21575		-1.51631     0.2    0.2		4.1705503158		-1.0
	9630.00000000	3.12235		-1.85188     0.2    0.2		4.1705503158		-1.0
	9675.00000000	3.15787		-2.35174     0.2    0.2		4.1705503158		-1.0
	9720.00000000	2.91391		-2.38012     0.2    0.2		4.1705503158		-1.0
	9765.00000000	2.83043		-2.25334     0.2    0.2		4.1705503158		-1.0
	9810.00000000	2.68533		-1.95321     0.2    0.2		4.1705503158		-1.0
	9855.00000000	2.7539		-1.47754     0.2    0.2		4.1705503158		-1.0
	9900.00000000	3.02914		-1.03211     0.2    0.2		4.1705503158		-1.0
	9945.00000000	2.78868		-1.04265     0.2    0.2		4.1705503158		-1.0
	9990.00000000	2.86892		-1.48398     0.2    0.2		4.1705503158		-1.0
	10035.00000000	3.24034		-1.44521     0.2    0.2		4.1705503158		-1.0
	10080.00000000	2.69783		-1.71057     0.2    0.2		4.1705503158		-1.0
	10125.00000000	2.81263		-2.11828     0.2    0.2		4.1705503158		-1.0
	10170.00000000	2.80436		-2.58788     0.2    0.2		4.1705503158		-1.0
	10215.00000000	2.75848		-2.37343     0.2    0.2		4.1705503158		-1.0
	10260.00000000	2.72849		-2.03862     0.2    0.2		4.1705503158		-1.0
	10305.00000000	3.03752		-1.61544     0.2    0.2		4.1705503158		-1.0
	10350.00000000	3.10932		-1.34445     0.2    0.2		4.1705503158		-1.0
	10395.00000000	3.21401		-0.6579     0.2    0.2		4.1705503158		-1.0
	10440.00000000	3.11339		-0.23559     0.2    0.2		4.1705503158		-1.0
	10485.00000000	3.05008		0.41472     0.2    0.2		4.1705503158		-1.0
	10530.00000000	3.21666		0.50794     0.2    0.2		4.1705503158		-1.0
	10575.00000000	3.10078		0.67846     0.2    0.2		4.1705503158		-1.0
	10620.00000000	3.1109		1.29709     0.2    0.2		4.1705503158		-1.0
	10665.00000000	3.12501		1.04895     0.2    0.2		4.1705503158		-1.0
	10710.00000000	2.62175		0.85299     0.2    0.2		4.1705503158		-1.0
	10755.00000000	3.17005		1.20095     0.2    0.2		4.1705503158		-1.0
	10800.00000000	2.64472		0.91174     0.2    0.2		4.1705503158		-1.0
	10845.00000001	3.04389		0.63104     0.2    0.2		4.1705503158		-1.0
	10890.00000001	3.3144		0.1943     0.2    0.2		4.1705503158		-1.0
	10935.00000001	2.85655		-0.15509     0.2    0.2		4.1705503158		-1.0
	10980.00000001	2.81772		-0.48474     0.2    0.2		4.1705503158		-1.0
	11025.00000001	3.3276		-0.43512     0.2    0.2		4.1705503158		-1.0
	11070.00000001	2.9297		-0.82247     0.2    0.2		4.1705503158		-1.0
	11115.00000001	3.00747		-0.49132     0.2    0.2		4.1705503158		-1.0
	11160.00000001	2.83953		-0.69301     0.2    0.2		4.1705503158		-1.0
	11205.00000001	3.4738		-0.65228     0.2    0.2		4.1705503158		-1.0
	11250.00000001	3.30263		-0.41761     0.2    0.2		4.1705503158		-1.0
	11295.00000001	3.21801		0.04402     0.2    0.2		4.1705503158		-1.0
	11340.00000001	3.18653		0.08882     0.2    0.2		4.1705503158		-1.0
	11385.00000001	2.84919		0.85453     0.2    0.2		4.1705503158		-1.0
	11430.00000001	2.89024		0.92068     0.2    0.2		4.1705503158		-1.0
	11475.00000001	3.2511		0.97868     0.2    0.2		4.1705503158		-1.0
	11520.00000001	3.10669		1.76868     0.2    0.2		4.1705503158		-1.0
	11565.00000001	3.00543		1.6323     0.2    0.2		4.1705503158		-1.0
	11610.00000001	3.00159		2.0879     0.2    0.2		4.1705503158		-1.0
	11655.00000001	2.7918		2.40974     0.2    0.2		4.1705503158		-1.0
	11700.00000001	2.75318		2.64428     0.2    0.2		4.1705503158		-1.0
	11745.00000001	3.15736		2.95786     0.2    0.2		4.1705503158		-1.0
	11790.00000001	3.20322		2.50644     0.2    0.2		4.1705503158		-1.0
	11835.00000001	2.70919		2.53486     0.2    0.2		4.1705503158		-1.0
	11880.00000001	2.81118		2.12549     0.2    0.2		4.1705503158		-1.0
	11925.00000001	2.76048		1.93422     0.2    0.2		4.1705503158		-1.0
	11970.00000001	2.77644		2.16544     0.2    0.2		4.1705503158		-1.0
	12015.00000001	2.71137		1.93713     0.2    0.2		4.1705503158		-1.0
	12060.00000001	2.69176		2.24979     0.2    0.2		4.1705503158		-1.0
	12105.00000001	2.71374		2.4768     0.2    0.2		4.1705503158		-1.0
	12150.00000001	2.71057		2.37868     0.2    0.2		4.1705503158		-1.0
	12195.00000001	3.22787		2.63936     0.2    0.2		4.1705503158		-1.0
	12240.00000001	3.27758		2.6404     0.2    0.2		4.1705503158		-1.0
	12285.00000001	2.85403		3.0925     0.2    0.2		4.1705503158		-1.0
	12330.00000001	2.83184		2.98907     0.2    0.2		4.1705503158		-1.0
	12375.00000001	3.36685		2.98769     0.2    0.2		4.1705503158		-1.0
	12420.00000001	3.21232		2.97625     0.2    0.2		4.1705503158		-1.0
	12465.00000001	2.66499		2.83843     0.2    0.2		4.1705503158		-1.0
	12510.00000001	3.30976		2.2815     0.2    0.2		4.1705503158		-1.0
	12555.00000001	3.21798		1.87155     0.2    0.2		4.1705503158		-1.0
	12600.00000001	3.18903		1.39062     0.2    0.2		4.1705503158		-1.0
	12645.00000001	3.27876		1.35194     0.2    0.2		4.1705503158		-1.0
	12690.00000001	3.2639		1.03005     0.2    0.2		4.1705503158		-1.0
	12735.00000001	3.33391		0.68715     0.2    0.2		4.1705503158		-1.0
	12780.00000001	3.19715		0.20353     0.2    0.2		4.1705503158		-1.0
	12825.00000001	3.30265		0.23142     0.2    0.2		4.1705503158		-1.0
	12870.00000001	3.32334		-0.50036     0.2    0.2		4.1705503158		-1.0
	12915.00000001	3.35665		-1.04085     0.2    0.2		4.1705503158		-1.0
	12960.00000001	3.10122		-1.6918     0.2    0.2		4.1705503158		-1.0
	13005.00000001	3.16215		-2.14753     0.2    0.2		4.1705503158		-1.0
	13050.00000001	3.15177		-2.67287     0.2    0.2		4.1705503158		-1.0
	13095.00000001	3.28273		-2.90247     0.2    0.2		4.1705503158		-1.0
	13140.00000001	3.21661		2.88913     0.2    0.2		4.1705503158		-1.0
	13185.00000001	2.67192		2.52676     0.2    0.2		4.1705503158		-1.0
	13230.00000001	3.32118		2.41366     0.2    0.2		4.1705503158		-1.0
	13275.00000001	2.77423		1.98119     0.2    0.2		4.1705503158		-1.0
	13320.00000001	2.6521		1.77692     0.2    0.2		4.1705503158		-1.0
	13365.00000001	3.3217		1.57364     0.2    0.2		4.1705503158		-1.0
	13410.00000001	3.28998		1.75499     0.2    0.2		4.1705503158		-1.0
	13455.00000001	3.28043		1.92224     0.2    0.2		4.1705503158		-1.0
	13500.00000001	3.34411		2.09166     0.2    0.2		4.1705503158		-1.0
	13545.00000001	3.25359		2.11095     0.2    0.2		4.1705503158		-1.0
	13590.00000001	3.23669		2.29248     0.2    0.2		4.1705503158		-1.0
	13635.00000001	2.96279		2.32759     0.2    0.2		4.1705503158		-1.0
	13680.00000001	3.31314		2.26844     0.2    0.2		4.1705503158		-1.0
	13725.00000001	3.40411		1.97893     0.2    0.2		4.1705503158		-1.0
	13770.00000001	2.76479		1.74199     0.2    0.2		4.1705503158		-1.0
	13815.00000001	2.80646		1.53006     0.2    0.2		4.1705503158		-1.0
	13860.00000001	2.69364		1.5537     0.2    0.2		4.1705503158		-1.0
	13905.00000001	2.81888		1.10361     0.2    0.2		4.1705503158		-1.0
	13950.00000001	3.20504		1.41433     0.2    0.2		4.1705503158		-1.0
	13995.00000001	3.15366		0.62055     0.2    0.2		4.1705503158		-1.0
	14040.00000001	3.2138		1.08301     0.2    0.2		4.1705503158		-1.0
	14085.00000001	3.15395		0.61308     0.2    0.2		4.1705503158		-1.0
	14130.00000001	2.78702		0.22125     0.2    0.2		4.1705503158		-1.0
	14175.00000001	3.39801		-0.57639     0.2    0.2		4.1705503158		-1.0
	14220.00000001	2.89075		-0.97833     0.2    0.2		4.1705503158		-1.0
	14265.00000000	2.71311		-1.39743     0.2    0.2		4.1705503158		-1.0
	14310.00000000	2.7316		-1.87251     0.2    0.2		4.1705503158		-1.0
	14355.00000000	3.32703		-2.03462     0.2    0.2		4.1705503158		-1.0
	14400.00000000	2.73702		-2.68048     0.2    0.2		4.1705503158		-1.0
	14445.00000000	2.75172		-2.85349     0.2    0.2		4.1705503158		-1.0
	14490.00000000	2.69134		-3.04085     0.2    0.2		4.1705503158		-1.0
	14535.00000000	2.68648		2.85273     0.2    0.2		4.1705503158		-1.0
	14580.00000000	3.33122		2.8192     0.2    0.2		4.1705503158		-1.0
	14625.00000000	2.84507		2.40462     0.2    0.2		4.1705503158		-1.0
	14670.00000000	3.15137		2.43134     0.2    0.2		4.1705503158		-1.0
	14715.00000000	3.23589		1.90456     0.2    0.2		4.1705503158		-1.0
	14760.00000000	3.054		1.82993     0.2    0.2		4.1705503158		-1.0
	14805.00000000	3.01351		1.46393     0.2    0.2		4.1705503158		-1.0
	14850.00000000	3.37918		1.02303     0.2    0.2		4.1705503158		-1.0
	14895.00000000	2.91173		0.99031     0.2    0.2		4.1705503158		-1.0
	14940.00000000	2.69836		0.28593     0.2    0.2		4.1705503158		-1.0
	14985.00000000	2.72117		-0.15758     0.2    0.2		4.1705503158		-1.0
	15030.00000000	2.87421		-0.73885     0.2    0.2		4.1705503158		-1.0
	15075.00000000	3.15205		-1.20815     0.2    0.2		4.1705503158		-1.0
	15120.00000000	3.10043		-1.30468     0.2    0.2		4.1705503158		-1.0
	15165.00000000	2.86702		-1.90574     0.2    0.2		4.1705503158		-1.0
	15210.00000000	2.97189		-2.06885     0.2    0.2		4.1705503158		-1.0
	15255.00000000	2.93857		-2.43822     0.2    0.2		4.1705503158		-1.0
	15300.00000000	2.7589		-2.52288     0.2    0.2		4.1705503158		-1.0
	15345.00000000	3.19114		-3.10713     0.2    0.2		4.1705503158		-1.0
	15390.00000000	2.80862		-2.94499     0.2    0.2		4.1705503158		-1.0
	15435.00000000	2.74141		-3.11935     0.2    0.2		4.1705503158		-1.0
	15480.00000000	2.71302		-2.59544     0.2    0.2		4.1705503158		-1.0
	15525.00000000	2.7422		-2.6208     0.2    0.2		4.1705503158		-1.0
	15570.00000000	2.7444		-2.2439     0.2    0.2		4.1705503158		-1.0
	15615.00000000	3.41692		-2.17995     0.2    0.2		4.1705503158		-1.0
	15660.00000000	3.04153		-1.80633     0.2    0.2		4.1705503158		-1.0
	15705.00000000	2.84866		-1.78172     0.2    0.2		4.1705503158		-1.0
	15750.00000000	2.79998		-1.6415     0.2    0.2		4.1705503158		-1.0
	15795.00000000	2.72492		-1.7242     0.2    0.2		4.1705503158		-1.0
	15840.00000000	2.78798		-1.27983     0.2    0.2		4.1705503158		-1.0
	15885.00000000	2.73215		-1.37621     0.2    0.2		4.1705503158		-1.0
	15930.00000000	2.74831		-0.807     0.2    0.2		4.1705503158		-1.0
	15975.00000000	2.69254		0.03338     0.2    0.2		4.1705503158		-1.0
	16020.00000000	2.67294		0.85931     0.2    0.2		4.1705503158		-1.0
	16065.00000000	2.71165		0.77905     0.2    0.2		4.1705503158		-1.0
	16110.00000000	2.86144		0.12628     0.2    0.2		4.1705503158		-1.0
	16155.00000000	2.6841		-0.50523     0.2    0.2		4.1705503158		-1.0
	16200.00000000	2.86583		-0.21427     0.2    0.2		4.1705503158		-1.0
	16245.00000000	2.75276		0.07063     0.2    0.2		4.1705503158		-1.0
	16290.00000000	2.75283		0.63657     0.2    0.2		4.1705503158		-1.0
	16335.00000000	2.75708		0.93292     0.2    0.2		4.1705503158		-1.0
	16380.00000000	2.76085		0.90445     0.2    0.2		4.1705503158		-1.0
	16425.00000000	2.72707		1.18804     0.2    0.2		4.1705503158		-1.0
	16470.00000000	2.76819		1.03846     0.2    0.2		4.1705503158		-1.0
	16515.00000000	2.64942		1.63551     0.2    0.2		4.1705503158		-1.0
	16560.00000000	2.69704		1.59836     0.2    0.2		4.1705503158		-1.0
	16605.00000000	2.74955		2.19853     0.2    0.2		4.1705503158		-1.0
	16650.00000000	2.75549		2.37845     0.2    0.2		4.1705503158		-1.0
	16695.00000000	3.30901		2.26174     0.2    0.2		4.1705503158		-1.0
	16740.00000000	2.97493		2.13363     0.2    0.2		4.1705503158		-1.0
	16785.00000000	2.65343		1.86034     0.2    0.2		4.1705503158		-1.0
	16830.00000000	2.6608		1.84513     0.2    0.2		4.1705503158		-1.0
	16875.00000000	3.26579		1.68223     0.2    0.2		4.1705503158		-1.0
	16920.00000000	3.52754		1.79096     0.2    0.2		4.1705503158		-1.0
	16965.00000000	3.34256		1.7341     0.2    0.2		4.1705503158		-1.0
	17010.00000000	2.62759		1.66869     0.2    0.2		4.1705503158		-1.0
	17055.00000000	3.15674		1.31746     0.2    0.2		4.1705503158		-1.0
	17100.00000000	2.85563		1.52738     0.2    0.2		4.1705503158		-1.0
	17145.00000000	3.40911		1.07791     0.2    0.2		4.1705503158		-1.0
	17190.00000000	3.27003		0.75361     0.2    0.2		4.1705503158		-1.0
	17235.00000000	3.20447		0.1753     0.2    0.2		4.1705503158		-1.0
	17280.00000000	3.26221		-0.06055     0.2    0.2		4.1705503158		-1.0
	17325.00000000	3.06194		-0.96444     0.2    0.2		4.1705503158		-1.0
	17370.00000000	3.23154		-1.2959     0.2    0.2		4.1705503158		-1.0
	17415.00000000	3.3575		-1.33199     0.2    0.2		4.1705503158		-1.0
	17460.00000000	3.33686		-1.92752     0.2    0.2		4.1705503158		-1.0
	17505.00000000	3.34651		-1.91954     0.2    0.2		4.1705503158		-1.0
	17550.00000000	3.19514		-2.27109     0.2    0.2		4.1705503158		-1.0
	17595.00000000	3.23372		-2.42031     0.2    0.2		4.1705503158		-1.0
	17640.00000000	3.20167		-2.80662     0.2    0.2		4.1705503158		-1.0
	17685.00000000	3.19521		-2.94811     0.2    0.2		4.1705503158		-1.0
	17730.00000000	3.26027		2.91995     0.2    0.2		4.1705503158		-1.0
	17775.00000000	2.62937		2.76785     0.2    0.2		4.1705503158		-1.0
	17820.00000000	3.49538		2.38816     0.2    0.2		4.1705503158		-1.0
	17865.00000000	3.29513		1.98255     0.2    0.2		4.1705503158		-1.0
	17910.00000000	3.23151		1.78965     0.2    0.2		4.1705503158		-1.0
	17955.00000000	3.46548		1.39853     0.2    0.2		4.1705503158		-1.0
	18000.00000000	3.37333		1.03679     0.2    0.2		4.1705503158		-1.0
	18045.00000000	3.09281		0.86429     0.2    0.2		4.1705503158		-1.0
	18090.00000000	3.25031		-0.13322     0.2    0.2		4.1705503158		-1.0
	18135.00000000	2.85356		-0.57422     0.2    0.2		4.1705503158		-1.0
	18180.00000000	3.50014		-0.24723     0.2    0.2		4.1705503158		-1.0
	18225.00000000	3.32677		-0.78809     0.2    0.2		4.1705503158		-1.0
	18270.00000000	3.43711		-1.06919     0.2    0.2		4.1705503158		-1.0
	18315.00000000	2.99758		-1.11851     0.2    0.2		4.1705503158		-1.0
	18360.00000000	3.27347		-1.6413     0.2    0.2		4.1705503158		-1.0
	18405.00000000	3.11096		-2.06355     0.2    0.2		4.1705503158		-1.0
	18450.00000000	3.27836		-2.61243     0.2    0.2		4.1705503158		-1.0
	18495.00000000	3.46059		-2.72382     0.2    0.2		4.1705503158		-1.0
	18540.00000000	2.98208		-2.8339     0.2    0.2		4.1705503158		-1.0
	18585.00000000	2.6757		-2.74557     0.2    0.2		4.1705503158		-1.0
	18630.00000000	2.63394		-2.78235     0.2    0.2		4.1705503158		-1.0
	18675.00000000	2.75244		-2.84352     0.2    0.2		4.1705503158		-1.0
	18720.00000000	2.8603		-2.65634     0.2    0.2		4.1705503158		-1.0
	18765.00000000	3.02342		-2.75319     0.2    0.2		4.1705503158		-1.0
	18810.00000000	3.01111		-2.437     0.2    0.2		4.1705503158		-1.0
	18855.00000000	2.79391		-2.28111     0.2    0.2		4.1705503158		-1.0
	18900.00000000	3.43787		-1.972     0.2    0.2		4.1705503158		-1.0
	18945.00000000	3.457		-1.6166     0.2    0.2		4.1705503158		-1.0
	18990.00000000	2.72276		-1.13824     0.2    0.2		4.1705503158		-1.0
	19035.00000000	2.66419		-0.843     0.2    0.2		4.1705503158		-1.0
	19080.00000000	2.75235		-0.12715     0.2    0.2		4.1705503158		-1.0
	19125.00000000	2.66941		0.10162     0.2    0.2		4.1705503158		-1.0
	19170.00000000	2.83952		0.76452     0.2    0.2		4.1705503158		-1.0
	19215.00000000	3.39244		0.3357     0.2    0.2		4.1705503158		-1.0
	19260.00000000	3.36245		0.10474     0.2    0.2		4.1705503158		-1.0
	19305.00000000	3.16825		-0.06348     0.2    0.2		4.1705503158		-1.0
	19350.00000000	3.19905		-0.51522     0.2    0.2		4.1705503158		-1.0
	19395.00000000	2.70235		-0.70004     0.2    0.2		4.1705503158		-1.0
	19440.00000000	2.67278		-1.0123     0.2    0.2		4.1705503158		-1.0
	19485.00000000	2.65855		-1.1433     0.2    0.2		4.1705503158		-1.0
	19530.00000000	3.33753		-1.46423     0.2    0.2		4.1705503158		-1.0
	19575.00000000	2.65408		-1.92607     0.2    0.2		4.1705503158		-1.0
	19620.00000000	2.79125		-2.20299     0.2    0.2		4.1705503158		-1.0
	19665.00000000	2.62055		-2.43395     0.2    0.2		4.1705503158		-1.0
	19710.00000000	2.71377		-2.2476     0.2    0.2		4.1705503158		-1.0
	19755.00000000	2.70887		-2.13684     0.2    0.2		4.1705503158		-1.0
	19800.00000000	2.83373		-1.61941     0.2    0.2		4.1705503158		-1.0
	19845.00000000	3.09798		-1.25886     0.2    0.2		4.1705503158		-1.0
	19890.00000000	3.21564		-0.94399     0.2    0.2		4.1705503158		-1.0
	19935.00000000	3.24962		-0.84432     0.2    0.2		4.1705503158		-1.0
	19980.00000000	3.32465		-0.66373     0.2    0.2		4.1705503158		-1.0
	20025.00000000	3.41991		-0.21206     0.2    0.2		4.1705503158		-1.0
	20070.00000000	3.25014		-0.17211     0.2    0.2		4.1705503158		-1.0
	20115.00000000	3.18683		0.39355     0.2    0.2		4.1705503158		-1.0
	20160.00000000	2.77668		0.46074     0.2    0.2		4.1705503158		-1.0
	20205.00000000	2.72973		0.36384     0.2    0.2		4.1705503158		-1.0
	20250.00000000	2.67609		0.74402     0.2    0.2		4.1705503158		-1.0
	20295.00000000	2.90424		0.30058     0.2    0.2		4.1705503158		-1.0
	20340.00000000	2.73104		-0.16177     0.2    0.2		4.1705503158		-1.0
	20385.00000000	2.64157		-0.21264     0.2    0.2		4.1705503158		-1.0
	20430.00000000	3.07463		-0.41326     0.2    0.2		4.1705503158		-1.0
	20475.00000000	3.45468		-0.32444     0.2    0.2		4.1705503158		-1.0
	20520.00000000	2.6575		-0.51268     0.2    0.2		4.1705503158		-1.0
	20565.00000000	2.6022		-0.04794     0.2    0.2		4.1705503158		-1.0
	20610.00000000	2.77163		-0.19466     0.2    0.2		4.1705503158		-1.0
	20655.00000000	2.72891		-0.41608     0.2    0.2		4.1705503158		-1.0
	20700.00000000	2.61597		-0.66855     0.2    0.2		4.1705503158		-1.0
	20744.99999999	3.08718		-0.29287     0.2    0.2		4.1705503158		-1.0
	20789.99999999	3.014		0.08096     0.2    0.2		4.1705503158		-1.0
	20834.99999999	2.62839		0.53518     0.2    0.2		4.1705503158		-1.0
	20879.99999999	2.76124		0.51534     0.2    0.2		4.1705503158		-1.0
	20924.99999999	2.59581		0.35112     0.2    0.2		4.1705503158		-1.0
	20969.99999999	3.61645		0.27548     0.2    0.2		4.1705503158		-1.0
	21014.99999999	3.35642		0.35397     0.2    0.2		4.1705503158		-1.0
	21059.99999999	3.29145		0.32157     0.2    0.2		4.1705503158		-1.0
	21104.99999999	3.41586		0.57931     0.2    0.2		4.1705503158		-1.0
	21149.99999999	3.48559		0.93758     0.2    0.2		4.1705503158		-1.0
	21194.99999999	3.22576		1.32475     0.2    0.2		4.1705503158		-1.0
	21239.99999999	3.16836		1.56578     0.2    0.2		4.1705503158		-1.0
	21284.99999999	3.3185		1.85355     0.2    0.2		4.1705503158		-1.0
	21329.99999999	3.40401		2.25191     0.2    0.2		4.1705503158		-1.0
	21374.99999999	2.88311		2.53442     0.2    0.2		4.1705503158		-1.0
	21419.99999999	3.16466		3.09298     0.2    0.2		4.1705503158		-1.0
	21464.99999999	3.28679		-3.13542     0.2    0.2		4.1705503158		-1.0
	21509.99999999	3.255		-2.62745     0.2    0.2		4.1705503158		-1.0
	21554.99999999	3.27931		-2.55061     0.2    0.2		4.1705503158		-1.0
	21599.99999999	2.96121		-2.01617     0.2    0.2		4.1705503158		-1.0
	21644.99999999	2.76527		-1.7398     0.2    0.2		4.1705503158		-1.0
	21689.99999999	2.73667		-1.36991     0.2    0.2		4.1705503158		-1.0
	21734.99999999	2.6346		-1.1014     0.2    0.2		4.1705503158		-1.0
	21779.99999999	2.57549		-0.81971     0.2    0.2		4.1705503158		-1.0
	21824.99999999	3.65847		-0.18069     0.2    0.2		4.1705503158		-1.0
	21869.99999999	3.42002		0.0066     0.2    0.2		4.1705503158		-1.0
	21914.99999999	3.26661		0.7313     0.2    0.2		4.1705503158		-1.0
	21959.99999999	3.53282		0.83678     0.2    0.2		4.1705503158		-1.0
	22004.99999999	2.60419		1.34074     0.2    0.2		4.1705503158		-1.0
	22049.99999999	2.70559		1.62748     0.2    0.2		4.1705503158		-1.0
	22094.99999999	2.76342		1.97794     0.2    0.2		4.1705503158		-1.0
	22139.99999999	2.65794		2.32027     0.2    0.2		4.1705503158		-1.0
	22184.99999999	3.17242		2.72956     0.2    0.2		4.1705503158		-1.0
	22229.99999999	3.32274		3.03481     0.2    0.2		4.1705503158		-1.0
	22274.99999999	3.36382		-2.64564     0.2    0.2		4.1705503158		-1.0
	22319.99999999	3.34714		-2.40623     0.2    0.2		4.1705503158		-1.0
	22364.99999999	3.27549		-1.91266     0.2    0.2		4.1705503158		-1.0
	22409.99999999	3.36014		-1.71938     0.2    0.2		4.1705503158		-1.0
	22454.99999999	3.27045		-1.0257     0.2    0.2		4.1705503158		-1.0
	22499.99999999	3.35724		-1.01825     0.2    0.2		4.1705503158		-1.0
	22544.99999999	3.38123		-0.21022     0.2    0.2		4.1705503158		-1.0
	22589.99999999	3.46909		0.4738     0.2    0.2		4.1705503158		-1.0
	22634.99999999	3.35835		0.60742     0.2    0.2		4.1705503158		-1.0
	22679.99999999	3.45365		1.45819     0.2    0.2		4.1705503158		-1.0
	22724.99999999	3.3281		1.56566     0.2    0.2		4.1705503158		-1.0
	22769.99999999	3.04106		1.68943     0.2    0.2		4.1705503158		-1.0
	22814.99999999	3.19409		2.28115     0.2    0.2		4.1705503158		-1.0
	22859.99999999	2.62935		2.61981     0.2    0.2		4.1705503158		-1.0
	22904.99999999	3.49471		2.91504     0.2    0.2		4.1705503158		-1.0
	22949.99999999	3.41925		-2.84225     0.2    0.2		4.1705503158		-1.0
	22994.99999999	3.3726		-2.46883     0.2    0.2		4.1705503158		-1.0
	23039.99999999	3.24651		-2.07493     0.2    0.2		4.1705503158		-1.0
	23084.99999999	3.51951		-1.95897     0.2    0.2		4.1705503158		-1.0
	23129.99999999	3.19165		-1.45041     0.2    0.2		4.1705503158		-1.0
	23174.99999999	3.2013		-1.52947     0.2    0.2		4.1705503158		-1.0
	23219.99999999	3.03909		-1.25277     0.2    0.2		4.1705503158		-1.0
	23264.99999999	3.22286		-1.01951     0.2    0.2		4.1705503158		-1.0
	23309.99999999	3.52491		-0.92277     0.2    0.2		4.1705503158		-1.0
	23354.99999999	3.09133		-0.53999     0.2    0.2		4.1705503158		-1.0
	23399.99999999	3.30238		-0.78549     0.2    0.2		4.1705503158		-1.0
	23444.99999999	3.1805		-0.41485     0.2    0.2		4.1705503158		-1.0
	23489.99999999	2.76452		-0.2986     0.2    0.2		4.1705503158		-1.0
	23534.99999999	2.69733		0.25715     0.2    0.2		4.1705503158		-1.0
	23579.99999999	2.82315		0.77666     0.2    0.2		4.1705503158		-1.0
	23624.99999999	2.97324		0.84074     0.2    0.2		4.1705503158		-1.0
	23669.99999999	3.44031		1.16305     0.2    0.2		4.1705503158		-1.0
	23714.99999999	3.56566		1.07326     0.2    0.2		4.1705503158		-1.0
	23759.99999999	2.5619		1.55679     0.2    0.2		4.1705503158		-1.0
	23804.99999999	3.89164		1.45772     0.2    0.2		4.1705503158		-1.0
	23849.99999999	2.75604		1.93952     0.2    0.2		4.1705503158		-1.0
	23894.99999999	2.7979		2.18499     0.2    0.2		4.1705503158		-1.0
	23939.99999999	2.98096		2.47556     0.2    0.2		4.1705503158		-1.0
	23984.99999999	2.802		2.96174     0.2    0.2		4.1705503158		-1.0
	24029.99999999	2.75949		-2.76472     0.2    0.2		4.1705503158		-1.0
	24074.99999999	2.75547		-2.31166     0.2    0.2		4.1705503158		-1.0
	24119.99999999	3.53826		-2.28885     0.2    0.2		4.1705503158		-1.0
	24164.99999999	2.73202		-1.91362     0.2    0.2		4.1705503158		-1.0
	24209.99999999	2.73672		-1.56175     0.2    0.2		4.1705503158		-1.0
	24254.99999999	2.823		-1.33127     0.2    0.2		4.1705503158		-1.0
	24299.99999999	2.76231		-0.69721     0.2    0.2		4.1705503158		-1.0
	24344.99999999	2.66727		0.32588     0.2    0.2		4.1705503158		-1.0
	24389.99999999	2.62551		0.8509     0.2    0.2		4.1705503158		-1.0
	24434.99999999	2.73012		1.18488     0.2    0.2		4.1705503158		-1.0
	24479.99999999	3.18224		1.5204     0.2    0.2		4.1705503158		-1.0
	24524.99999999	3.40546		1.54338     0.2    0.2		4.1705503158		-1.0
	24569.99999999	3.48651		1.65458     0.2    0.2		4.1705503158		-1.0
	24614.99999999	3.51836		2.08133     0.2    0.2		4.1705503158		-1.0
	24659.99999999	3.16859		2.09745     0.2    0.2		4.1705503158		-1.0
	24704.99999999	2.60279		2.56404     0.2    0.2		4.1705503158		-1.0
	24749.99999999	3.4266		2.8467     0.2    0.2		4.1705503158		-1.0
	24794.99999999	3.28056		2.92007     0.2    0.2		4.1705503158		-1.0
	24839.99999999	3.16059		-2.9368     0.2    0.2		4.1705503158		-1.0
	24884.99999999	3.53315		-2.83667     0.2    0.2		4.1705503158		-1.0
	24929.99999999	3.15404		-2.73554     0.2    0.2		4.1705503158		-1.0
	24974.99999999	3.15379		-2.50786     0.2    0.2		4.1705503158		-1.0
	25019.99999999	3.27789		-2.14745     0.2    0.2		4.1705503158		-1.0
	25064.99999999	2.78967		-2.06164     0.2    0.2		4.1705503158		-1.0
	25109.99999999	3.17222		-1.76642     0.2    0.2		4.1705503158		-1.0
	25154.99999999	2.80597		-1.61029     0.2    0.2		4.1705503158		-1.0
	25199.99999999	2.86169		-1.21545     0.2    0.2		4.1705503158		-1.0
	25244.99999999	3.15511		-1.64742     0.2    0.2		4.1705503158		-1.0
	25289.99999999	3.36254		-1.40947     0.2    0.2		4.1705503158		-1.0
	25334.99999999	3.0147		-1.40828     0.2    0.2		4.1705503158		-1.0
	25379.99999999	3.11345		-1.55382     0.2    0.2		4.1705503158		-1.0
	25424.99999999	3.34261		-1.43435     0.2    0.2		4.1705503158		-1.0
	25469.99999999	3.0503		-1.90582     0.2    0.2		4.1705503158		-1.0
	25514.99999999	3.24373		-2.09646     0.2    0.2		4.1705503158		-1.0
	25559.99999999	3.53134		-2.32766     0.2    0.2		4.1705503158		-1.0
	25604.99999999	3.27032		-2.8829     0.2    0.2		4.1705503158		-1.0
	25649.99999999	3.67654		-2.70051     0.2    0.2		4.1705503158		-1.0
	25694.99999999	2.81496		2.87921     0.2    0.2		4.1705503158		-1.0
	25739.99999999	3.53529		2.85462     0.2    0.2		4.1705503158		-1.0
	25784.99999999	2.89772		2.66118     0.2    0.2		4.1705503158		-1.0
	25829.99999999	2.60393		2.09503     0.2    0.2		4.1705503158		-1.0
	25874.99999999	2.66674		2.2491     0.2    0.2		4.1705503158		-1.0
	25919.99999999	2.83079		1.55796     0.2    0.2		4.1705503158		-1.0
	25964.99999999	2.7816		1.52161     0.2    0.2		4.1705503158		-1.0
	26009.99999999	2.65057		1.28427     0.2    0.2		4.1705503158		-1.0
	26054.99999999	2.59954		1.0153     0.2    0.2		4.1705503158		-1.0
	26099.99999999	2.7887		0.51327     0.2    0.2		4.1705503158		-1.0
	26144.99999999	2.72953		-0.21458     0.2    0.2		4.1705503158		-1.0
	26189.99999999	2.70889		-0.53499     0.2    0.2		4.1705503158		-1.0
	26234.99999999	2.66853		-1.07437     0.2    0.2		4.1705503158		-1.0
	26279.99999999	2.68718		-1.19899     0.2    0.2		4.1705503158		-1.0
	26324.99999999	2.63106		-1.53262     0.2    0.2		4.1705503158		-1.0
	26369.99999999	2.69781		-1.95083     0.2    0.2		4.1705503158		-1.0
	26414.99999999	2.68804		-2.2351     0.2    0.2		4.1705503158		-1.0
	26459.99999999	2.6023		-2.80129     0.2    0.2		4.1705503158		-1.0
	26504.99999999	2.64412		-2.99195     0.2    0.2		4.1705503158		-1.0
	26549.99999999	2.81001		2.94481     0.2    0.2		4.1705503158		-1.0
	26594.99999999	2.88878		2.6077     0.2    0.2		4.1705503158		-1.0
	26639.99999999	3.36556		2.45217     0.2    0.2		4.1705503158		-1.0
	26684.99999999	3.05781		1.86388     0.2    0.2		4.1705503158		-1.0
	26729.99999999	3.48763		1.79448     0.2    0.2		4.1705503158		-1.0
	26774.99999999	3.2336		1.01857     0.2    0.2		4.1705503158		-1.0
	26819.99999999	3.4722		1.15477     0.2    0.2		4.1705503158		-1.0
	26864.99999999	3.40276		0.96315     0.2    0.2		4.1705503158		-1.0
	26909.99999999	3.11974		0.08521     0.2    0.2		4.1705503158		-1.0
	26954.99999999	3.32626		-0.01961     0.2    0.2		4.1705503158		-1.0
	26999.99999999	3.17384		-0.3736     0.2    0.2		4.1705503158		-1.0
	27044.99999999	3.28038		-0.35993     0.2    0.2		4.1705503158		-1.0
	27089.99999999	4.68695		-0.61214     0.2    0.2		4.1705503158		-1.0
	27134.99999999	7.34456		-0.56607     0.2    0.2		4.1705503158		-1.0
	27179.99999999	9.33537		-0.5944     0.2    0.2		4.1705503158		-1.0
	27224.99999998	11.37134		-0.10699     0.2    0.2		4.1705503158		-1.0
	27269.99999998	12.88295		0.90744     0.2    0.2		4.1705503158		-1.0
	27314.99999998	13.88038		1.77156     0.2    0.2		4.1705503158		-1.0
	27359.99999998	14.76744		2.15921     0.2    0.2		4.1705503158		-1.0
	27404.99999998	15.53415		2.22733     0.2    0.2		4.1705503158		-1.0
	27449.99999998	16.39496		2.31457     0.2    0.2		4.1705503158		-1.0
	27494.99999998	17.26465		2.3738     0.2    0.2		4.1705503158		-1.0
	27539.99999998	18.20044		2.31926     0.2    0.2		4.1705503158		-1.0
	27584.99999998	19.25707		2.33026     0.2    0.2		4.1705503158		-1.0
	27629.99999998	20.31807		2.21369     0.2    0.2		4.1705503158		-1.0
	27674.99999998	21.44569		2.00393     0.2    0.2		4.1705503158		-1.0
	27719.99999998	22.54138		0.23657     0.2    0.2		4.1705503158		-1.0
	27764.99999998	23.31797		-0.26812     0.2    0.2		4.1705503158		-1.0
	27809.99999998	24.35658		-0.59865     0.2    0.2		4.1705503158		-1.0
	27854.99999998	25.13604		-0.64297     0.2    0.2		4.1705503158		-1.0
	27899.99999998	26.10816		-0.71759     0.2    0.2		4.1705503158		-1.0
	27944.99999998	27.10438		-0.78692     0.2    0.2		4.1705503158		-1.0
	27989.99999998	28.21059		-0.85995     0.2    0.2		4.1705503158		-1.0
	28034.99999998	29.32009		0.4625     0.2    0.2		4.1705503158		-1.0
	28079.99999998	29.73918		0.27296     0.2    0.2		4.1705503158		-1.0
	28124.99999998	30.42521		-0.12633     0.2    0.2		4.1705503158		-1.0
	28169.99999998	31.42526		-0.41381     0.2    0.2		4.1705503158		-1.0
	28214.99999998	31.82722		2.75957     0.2    0.2		4.1705503158		-1.0
	28259.99999998	31.07163		1.49065     0.2    0.2		4.1705503158		-1.0
	28304.99999998	30.12349		0.10811     0.2    0.2		4.1705503158		-1.0
	28349.99999998	29.18843		-0.39158     0.2    0.2		4.1705503158		-1.0
	28394.99999998	28.18936		-0.92948     0.2    0.2		4.1705503158		-1.0
	28439.99999998	27.0896		-1.52341     0.2    0.2		4.1705503158		-1.0
	28484.99999998	26.10272		-2.25965     0.2    0.2		4.1705503158		-1.0
	28529.99999998	25.34717		-3.06816     0.2    0.2		4.1705503158		-1.0
	28574.99999998	24.7308		2.57292     0.2    0.2		4.1705503158		-1.0
	28619.99999998	24.09799		1.91194     0.2    0.2		4.1705503158		-1.0
	28664.99999998	23.45559		1.23241     0.2    0.2		4.1705503158		-1.0
	28709.99999998	22.71318		0.51316     0.2    0.2		4.1705503158		-1.0
	28754.99999998	21.74496		0.00942     0.2    0.2		4.1705503158		-1.0
	28799.99999998	20.30738		-0.53018     0.2    0.2		4.1705503158		-1.0
	28844.99999998	19.04842		-1.05786     0.2    0.2		4.1705503158		-1.0
	28889.99999998	17.95655		-1.56054     0.2    0.2		4.1705503158		-1.0
	28934.99999998	16.96484		-1.93723     0.2    0.2		4.1705503158		-1.0
	28979.99999998	16.2791		-2.626     0.2    0.2		4.1705503158		-1.0
	29024.99999998	15.86524		2.52711     0.2    0.2		4.1705503158		-1.0
	29069.99999998	15.70834		1.03287     0.2    0.2		4.1705503158		-1.0
	29114.99999998	15.58655		-0.29584     0.2    0.2		4.1705503158		-1.0
	29159.99999998	15.51393		-1.39588     0.2    0.2		4.1705503158		-1.0
	29204.99999998	15.25316		-2.35327     0.2    0.2		4.1705503158		-1.0
	29249.99999998	14.88072		3.06464     0.2    0.2		4.1705503158		-1.0
	29294.99999998	14.76367		2.27154     0.2    0.2		4.1705503158		-1.0
	29339.99999998	15.01064		1.56952     0.2    0.2		4.1705503158		-1.0
	29384.99999998	15.4352		0.68413     0.2    0.2		4.1705503158		-1.0
	29429.99999998	15.63323		-0.08098     0.2    0.2		4.1705503158		-1.0
	29474.99999998	15.98951		-2.66266     0.2    0.2		4.1705503158		-1.0
	29519.99999998	15.83582		1.73239     0.2    0.2		4.1705503158		-1.0
	29564.99999998	15.37668		1.09528     0.2    0.2		4.1705503158		-1.0
	29609.99999998	14.64829		-0.4584     0.2    0.2		4.1705503158		-1.0
	29654.99999998	14.43705		-2.39667     0.2    0.2		4.1705503158		-1.0
	29699.99999998	14.11303		2.75831     0.2    0.2		4.1705503158		-1.0
	29744.99999998	14.33705		1.32284     0.2    0.2		4.1705503158		-1.0
	29789.99999998	14.22356		0.55097     0.2    0.2		4.1705503158		-1.0
	29834.99999998	14.25176		-0.16697     0.2    0.2		4.1705503158		-1.0
	29879.99999998	13.4396		1.26817     0.2    0.2		4.1705503158		-1.0
	29924.99999998	12.9363		0.87009     0.2    0.2		4.1705503158		-1.0
	29969.99999998	12.42891		-0.10824     0.2    0.2		4.1705503158		-1.0
	30014.99999998	11.97362		-1.13268     0.2    0.2		4.1705503158		-1.0
	30059.99999998	11.48189		-2.40573     0.2    0.2		4.1705503158		-1.0
	30104.99999998	11.38482		2.4537     0.2    0.2		4.1705503158		-1.0
	30149.99999998	11.71291		-0.51259     0.2    0.2		4.1705503158		-1.0
	30194.99999998	12.03642		-0.94878     0.2    0.2		4.1705503158		-1.0
	30239.99999998	13.12726		-0.938     0.2    0.2		4.1705503158		-1.0
	30284.99999998	13.49555		-0.65529     0.2    0.2		4.1705503158		-1.0
	30329.99999998	13.79247		-0.9158     0.2    0.2		4.1705503158		-1.0
	30374.99999998	13.44315		-1.81739     0.2    0.2		4.1705503158		-1.0
	30419.99999998	13.29503		-2.9478     0.2    0.2		4.1705503158		-1.0
	30464.99999998	13.63874		2.15184     0.2    0.2		4.1705503158		-1.0
	30509.99999998	14.60694		1.03801     0.2    0.2		4.1705503158		-1.0
	30554.99999998	15.82509		0.45884     0.2    0.2		4.1705503158		-1.0
	30599.99999998	17.18058		0.10377     0.2    0.2		4.1705503158		-1.0
	30644.99999998	17.73216		0.06125     0.2    0.2		4.1705503158		-1.0
	30689.99999998	18.2205		-0.1892     0.2    0.2		4.1705503158		-1.0
	30734.99999998	18.27117		3.0612     0.2    0.2		4.1705503158		-1.0
	30779.99999998	18.06716		2.74085     0.2    0.2		4.1705503158		-1.0
	30824.99999998	17.81904		1.72409     0.2    0.2		4.1705503158		-1.0
	30869.99999998	18.02894		0.14243     0.2    0.2		4.1705503158		-1.0
	30914.99999998	19.27124		-0.52364     0.2    0.2		4.1705503158		-1.0
	30959.99999998	20.73504		-0.87155     0.2    0.2		4.1705503158		-1.0
	31004.99999998	22.2134		-0.73611     0.2    0.2		4.1705503158		-1.0
	31049.99999998	23.1206		-0.67414     0.2    0.2		4.1705503158		-1.0
	31094.99999998	23.2124		0.98445     0.2    0.2		4.1705503158		-1.0
	31139.99999998	22.54355		1.5204     0.2    0.2		4.1705503158		-1.0
	31184.99999998	22.28815		0.50319     0.2    0.2		4.1705503158		-1.0
	31229.99999998	22.54173		-0.46566     0.2    0.2		4.1705503158		-1.0
	31274.99999998	23.56757		-1.21458     0.2    0.2		4.1705503158		-1.0
	31319.99999998	24.91285		-1.4234     0.2    0.2		4.1705503158		-1.0
	31364.99999998	25.73452		-1.35311     0.2    0.2		4.1705503158		-1.0
	31409.99999998	25.05711		-0.91943     0.2    0.2		4.1705503158		-1.0
	31454.99999998	24.754		-0.50472     0.2    0.2		4.1705503158		-1.0
	31499.99999998	24.83022		0.05107     0.2    0.2		4.1705503158		-1.0
	31544.99999998	25.65161		-0.32084     0.2    0.2		4.1705503158		-1.0
	31589.99999998	25.684		-0.99698     0.2    0.2		4.1705503158		-1.0
	31634.99999998	24.95431		0.93375     0.2    0.2		4.1705503158		-1.0
	31679.99999998	23.10074		1.82847     0.2    0.2		4.1705503158		-1.0
	31724.99999998	21.74549		2.58891     0.2    0.2		4.1705503158		-1.0
	31769.99999998	20.99666		2.97424     0.2    0.2		4.1705503158		-1.0
	31814.99999998	21.6033		-2.53287     0.2    0.2		4.1705503158		-1.0
	31859.99999998	22.28387		-1.76752     0.2    0.2		4.1705503158		-1.0
	31904.99999998	22.30362		-0.45157     0.2    0.2		4.1705503158		-1.0
	31949.99999998	21.5926		0.74623     0.2    0.2		4.1705503158		-1.0
	31994.99999998	20.07727		1.64831     0.2    0.2		4.1705503158		-1.0
	32039.99999998	19.24185		2.39039     0.2    0.2		4.1705503158		-1.0
	32084.99999998	18.70964		2.86091     0.2    0.2		4.1705503158		-1.0
	32129.99999998	19.41222		-2.7088     0.2    0.2		4.1705503158		-1.0
	32174.99999998	20.11087		-1.80946     0.2    0.2		4.1705503158		-1.0
	32219.99999998	20.50621		-0.60235     0.2    0.2		4.1705503158		-1.0
	32264.99999998	20.07534		0.70933     0.2    0.2		4.1705503158		-1.0
	32309.99999998	18.82151		1.49921     0.2    0.2		4.1705503158		-1.0
	32354.99999998	17.70831		-2.59692     0.2    0.2		4.1705503158		-1.0
	32399.99999998	17.2751		-1.82292     0.2    0.2		4.1705503158		-1.0
	32444.99999998	17.73651		-1.90165     0.2    0.2		4.1705503158		-1.0
	32489.99999998	19.27211		-1.35509     0.2    0.2		4.1705503158		-1.0
	32534.99999998	20.79095		-0.51559     0.2    0.2		4.1705503158		-1.0
	32579.99999998	21.41892		0.41764     0.2    0.2		4.1705503158		-1.0
	32624.99999998	20.66863		0.96031     0.2    0.2		4.1705503158		-1.0
	32669.99999998	19.67124		0.59355     0.2    0.2		4.1705503158		-1.0
	32714.99999998	19.4528		-1.50263     0.2    0.2		4.1705503158		-1.0
	32759.99999998	20.33208		-2.03408     0.2    0.2		4.1705503158		-1.0
	32804.99999998	21.77547		-1.61279     0.2    0.2		4.1705503158		-1.0
	32849.99999998	22.56816		-0.69245     0.2    0.2		4.1705503158		-1.0
	32894.99999998	22.95228		0.26377     0.2    0.2		4.1705503158		-1.0
	32939.99999998	23.15457		0.77427     0.2    0.2		4.1705503158		-1.0
	32984.99999998	23.7187		1.13431     0.2    0.2		4.1705503158		-1.0
	33029.99999998	24.8695		1.37793     0.2    0.2		4.1705503158		-1.0
	33074.99999998	26.11431		-2.81352     0.2    0.2		4.1705503158		-1.0
	33119.99999998	27.57305		-2.4262     0.2    0.2		4.1705503158		-1.0
	33164.99999998	29.20912		-2.4927     0.2    0.2		4.1705503158		-1.0
	33209.99999998	30.02368		-2.53212     0.2    0.2		4.1705503158		-1.0
	33254.99999998	31.09825		3.00947     0.2    0.2		4.1705503158		-1.0
	33299.99999998	31.49306		2.14981     0.2    0.2		4.1705503158		-1.0
	33344.99999998	30.95656		1.91858     0.2    0.2		4.1705503158		-1.0
	33389.99999998	30.45679		1.92288     0.2    0.2		4.1705503158		-1.0
	33434.99999998	29.71511		-1.8499     0.2    0.2		4.1705503158		-1.0
	33479.99999998	29.14965		-1.31334     0.2    0.2		4.1705503158		-1.0
	33524.99999998	28.56667		-0.77722     0.2    0.2		4.1705503158		-1.0
	33569.99999998	28.43992		-0.18468     0.2    0.2		4.1705503158		-1.0
	33614.99999998	28.61127		0.36375     0.2    0.2		4.1705503158		-1.0
	33659.99999998	28.56956		0.98655     0.2    0.2		4.1705503158		-1.0
	33704.99999998	27.87747		1.62673     0.2    0.2		4.1705503158		-1.0
	33749.99999997	26.57537		2.20983     0.2    0.2		4.1705503158		-1.0
	33794.99999997	25.4276		1.48244     0.2    0.2		4.1705503158		-1.0
	33839.99999997	24.30312		1.92483     0.2    0.2		4.1705503158		-1.0
	33884.99999997	23.68547		1.71915     0.2    0.2		4.1705503158		-1.0
	33929.99999997	22.94723		2.13203     0.2    0.2		4.1705503158		-1.0
	33974.99999997	22.63866		2.65002     0.2    0.2		4.1705503158		-1.0
	34019.99999997	22.10774		-2.44138     0.2    0.2		4.1705503158		-1.0
	34064.99999997	21.98688		-1.69435     0.2    0.2		4.1705503158		-1.0
	34109.99999997	22.29969		-1.07749     0.2    0.2		4.1705503158		-1.0
	34154.99999997	23.08504		-0.75671     0.2    0.2		4.1705503158		-1.0
	34199.99999997	24.24891		-0.21721     0.2    0.2		4.1705503158		-1.0
	34244.99999997	25.37038		0.52207     0.2    0.2		4.1705503158		-1.0
	34289.99999997	25.43842		1.42208     0.2    0.2		4.1705503158		-1.0
	34334.99999997	24.76445		1.56285     0.2    0.2		4.1705503158		-1.0
	34379.99999997	23.89021		0.17072     0.2    0.2		4.1705503158		-1.0
	34424.99999997	23.09279		0.25652     0.2    0.2		4.1705503158		-1.0
	34469.99999997	22.51958		0.94368     0.2    0.2		4.1705503158		-1.0
	34514.99999997	22.2604		1.60554     0.2    0.2		4.1705503158		-1.0
	34559.99999997	21.6938		2.47997     0.2    0.2		4.1705503158		-1.0
	34604.99999997	21.45622		-3.05939     0.2    0.2		4.1705503158		-1.0
	34649.99999997	21.29544		-2.22245     0.2    0.2		4.1705503158		-1.0
	34694.99999997	21.36485		-1.80438     0.2    0.2		4.1705503158		-1.0
	34739.99999997	21.36892		-1.13753     0.2    0.2		4.1705503158		-1.0
	34784.99999997	21.19765		-0.45675     0.2    0.2		4.1705503158		-1.0
	34829.99999997	20.97144		0.48722     0.2    0.2		4.1705503158		-1.0
	34874.99999997	20.3479		1.28262     0.2    0.2		4.1705503158		-1.0
	34919.99999997	20.33851		1.57917     0.2    0.2		4.1705503158		-1.0
	34964.99999997	20.65174		1.9161     0.2    0.2		4.1705503158		-1.0
	35009.99999997	21.92494		1.99037     0.2    0.2		4.1705503158		-1.0
	35054.99999997	23.10956		1.66616     0.2    0.2		4.1705503158		-1.0
	35099.99999997	23.32491		1.25656     0.2    0.2		4.1705503158		-1.0
	35144.99999997	23.06667		1.09263     0.2    0.2		4.1705503158		-1.0
	35189.99999997	21.55985		1.23642     0.2    0.2		4.1705503158		-1.0
	35234.99999997	20.12606		2.88879     0.2    0.2		4.1705503158		-1.0
	35279.99999997	19.81527		-1.79945     0.2    0.2		4.1705503158		-1.0
	35324.99999997	19.78329		-1.28753     0.2    0.2		4.1705503158		-1.0
	35369.99999997	19.70558		-1.27163     0.2    0.2		4.1705503158		-1.0
	35414.99999997	18.2736		-1.5858     0.2    0.2		4.1705503158		-1.0
	35459.99999997	16.32296		-1.70414     0.2    0.2		4.1705503158		-1.0
	35504.99999997	14.46526		-1.31619     0.2    0.2		4.1705503158		-1.0
	35549.99999997	13.21821		-0.78627     0.2    0.2		4.1705503158		-1.0
	35594.99999997	13.02136		-1.63607     0.2    0.2		4.1705503158		-1.0
	35639.99999997	12.62512		-1.52647     0.2    0.2		4.1705503158		-1.0
	35684.99999997	11.95201		-1.25401     0.2    0.2		4.1705503158		-1.0
	35729.99999997	11.10353		-1.04023     0.2    0.2		4.1705503158		-1.0
	35774.99999997	10.07656		-0.68736     0.2    0.2		4.1705503158		-1.0
	35819.99999997	9.05502		2.14663     0.2    0.2		4.1705503158		-1.0
	35864.99999997	8.51657		2.33578     0.2    0.2		4.1705503158		-1.0
	35909.99999997	7.85931		2.60952     0.2    0.2		4.1705503158		-1.0
	35954.99999997	7.12578		2.64134     0.2    0.2		4.1705503158		-1.0
	35999.99999997	6.23779		2.7566     0.2    0.2		4.1705503158		-1.0
	36044.99999997	6.49244		2.6792     0.2    0.2		4.1705503158		-1.0
	36089.99999997	7.54373		2.87833     0.2    0.2		4.1705503158		-1.0
	36134.99999997	8.66698		3.01708     0.2    0.2		4.1705503158		-1.0
	36179.99999997	9.88114		-3.0805     0.2    0.2		4.1705503158		-1.0
	36224.99999997	11.14266		-2.96074     0.2    0.2		4.1705503158		-1.0
	36269.99999997	12.44687		-2.82814     0.2    0.2		4.1705503158		-1.0
	36314.99999997	13.67274		2.82482     0.2    0.2		4.1705503158		-1.0
	36359.99999997	14.81172		1.62096     0.2    0.2		4.1705503158		-1.0
	36404.99999997	15.93681		1.64143     0.2    0.2		4.1705503158		-1.0
	36449.99999997	17.12751		1.66594     0.2    0.2		4.1705503158		-1.0
	36494.99999997	18.27935		1.71829     0.2    0.2		4.1705503158		-1.0
	36539.99999997	19.03838		1.83285     0.2    0.2		4.1705503158		-1.0
	36584.99999997	19.64732		1.90661     0.2    0.2		4.1705503158		-1.0
	36629.99999997	20.2008		2.17408     0.2    0.2		4.1705503158		-1.0
	36674.99999997	19.89508		2.45508     0.2    0.2		4.1705503158		-1.0
	36719.99999997	18.93538		2.91563     0.2    0.2		4.1705503158		-1.0
	36764.99999997	18.31804		-2.72602     0.2    0.2		4.1705503158		-1.0
	36809.99999997	18.07417		-2.04536     0.2    0.2		4.1705503158		-1.0
	36854.99999997	18.60255		-1.1355     0.2    0.2		4.1705503158		-1.0
	36899.99999997	19.4293		-0.35977     0.2    0.2		4.1705503158		-1.0
	36944.99999997	20.23307		0.35684     0.2    0.2		4.1705503158		-1.0
	36989.99999997	19.95537		0.92251     0.2    0.2		4.1705503158		-1.0
	37034.99999997	19.78685		1.43405     0.2    0.2		4.1705503158		-1.0
	37079.99999997	19.53406		1.65433     0.2    0.2		4.1705503158		-1.0
	37124.99999997	19.02124		2.76035     0.2    0.2		4.1705503158		-1.0
	37169.99999997	18.48616		2.14251     0.2    0.2		4.1705503158		-1.0
	37214.99999997	18.08912		1.10057     0.2    0.2		4.1705503158		-1.0
	37259.99999997	17.52351		0.84451     0.2    0.2		4.1705503158		-1.0
	37304.99999997	16.77459		0.39829     0.2    0.2		4.1705503158		-1.0
	37349.99999997	15.90463		0.1964     0.2    0.2		4.1705503158		-1.0
	37394.99999997	15.115		0.11422     0.2    0.2		4.1705503158		-1.0
	37439.99999997	14.08162		0.17917     0.2    0.2		4.1705503158		-1.0
	37484.99999997	13.52601		0.38792     0.2    0.2		4.1705503158		-1.0
	37529.99999997	12.88163		0.56027     0.2    0.2		4.1705503158		-1.0
	37574.99999997	12.15793		0.61149     0.2    0.2		4.1705503158		-1.0
	37619.99999997	11.29829		0.50976     0.2    0.2		4.1705503158		-1.0
	37664.99999997	10.08418		0.59801     0.2    0.2		4.1705503158		-1.0
	37709.99999997	8.94973		0.597     0.2    0.2		4.1705503158		-1.0
	37754.99999997	7.74694		0.88353     0.2    0.2		4.1705503158		-1.0
	37799.99999997	7.04903		1.2365     0.2    0.2		4.1705503158		-1.0
	37844.99999997	7.66237		1.7216     0.2    0.2		4.1705503158		-1.0
	37889.99999997	8.2624		1.96327     0.2    0.2		4.1705503158		-1.0
	37934.99999997	9.6022		2.08473     0.2    0.2		4.1705503158		-1.0
	37979.99999997	10.63966		2.29316     0.2    0.2		4.1705503158		-1.0
	38024.99999997	12.33116		2.348     0.2    0.2		4.1705503158		-1.0
	38069.99999997	13.36133		2.39179     0.2    0.2		4.1705503158		-1.0
	38114.99999997	14.60524		2.38527     0.2    0.2		4.1705503158		-1.0
	38159.99999997	15.57929		2.92598     0.2    0.2		4.1705503158		-1.0
	38204.99999997	16.82509		-2.79062     0.2    0.2		4.1705503158		-1.0
	38249.99999997	17.95682		-2.32912     0.2    0.2		4.1705503158		-1.0
	38294.99999997	18.70961		-1.82306     0.2    0.2		4.1705503158		-1.0
	38339.99999997	19.75499		-0.65158     0.2    0.2		4.1705503158		-1.0
	38384.99999997	20.38977		-0.65894     0.2    0.2		4.1705503158		-1.0
	38429.99999997	19.1343		-0.38908     0.2    0.2		4.1705503158		-1.0
	38474.99999997	18.47218		-0.8401     0.2    0.2		4.1705503158		-1.0
	38519.99999997	17.69921		1.49454     0.2    0.2		4.1705503158		-1.0
	38564.99999997	17.27538		1.29989     0.2    0.2		4.1705503158		-1.0
	38609.99999997	16.69735		0.85573     0.2    0.2		4.1705503158		-1.0
	38654.99999997	16.15118		0.5526     0.2    0.2		4.1705503158		-1.0
	38699.99999997	15.87664		0.21488     0.2    0.2		4.1705503158		-1.0
	38744.99999997	16.38511		-0.35432     0.2    0.2		4.1705503158		-1.0
	38789.99999997	17.2485		-0.89684     0.2    0.2		4.1705503158		-1.0
	38834.99999997	17.56747		-1.6797     0.2    0.2		4.1705503158		-1.0
	38879.99999997	17.6587		-2.27659     0.2    0.2		4.1705503158		-1.0
	38924.99999997	16.86889		-3.03312     0.2    0.2		4.1705503158		-1.0
	38969.99999997	16.02609		2.61988     0.2    0.2		4.1705503158		-1.0
	39014.99999997	15.11693		2.13593     0.2    0.2		4.1705503158		-1.0
	39059.99999997	14.09057		1.69967     0.2    0.2		4.1705503158		-1.0
	39104.99999997	13.03433		1.27019     0.2    0.2		4.1705503158		-1.0
	39149.99999997	11.98222		1.58966     0.2    0.2		4.1705503158		-1.0
	39194.99999997	11.17066		0.71083     0.2    0.2		4.1705503158		-1.0
	39239.99999997	10.44911		1.44505     0.2    0.2		4.1705503158		-1.0
	39284.99999997	9.60479		1.35211     0.2    0.2		4.1705503158		-1.0
	39329.99999997	8.68043		1.22766     0.2    0.2		4.1705503158		-1.0
	39374.99999997	7.74949		1.13623     0.2    0.2		4.1705503158		-1.0
	39419.99999997	6.60415		0.87827     0.2    0.2		4.1705503158		-1.0
	39464.99999997	5.95804		0.60901     0.2    0.2		4.1705503158		-1.0
	39509.99999997	5.67767		-0.04287     0.2    0.2		4.1705503158		-1.0
	39554.99999997	6.35824		-0.51316     0.2    0.2		4.1705503158		-1.0
	39599.99999997	7.66047		-0.79606     0.2    0.2		4.1705503158		-1.0
	39644.99999997	9.31818		-0.89566     0.2    0.2		4.1705503158		-1.0
	39689.99999997	10.85885		-0.90024     0.2    0.2		4.1705503158		-1.0
	39734.99999997	12.13886		-0.71994     0.2    0.2		4.1705503158		-1.0
	39779.99999997	13.45493		0.85071     0.2    0.2		4.1705503158		-1.0
	39824.99999997	14.08463		1.53964     0.2    0.2		4.1705503158		-1.0
	39869.99999997	14.80372		1.28461     0.2    0.2		4.1705503158		-1.0
	39914.99999997	15.28611		1.03929     0.2    0.2		4.1705503158		-1.0
	39959.99999997	15.68519		0.71048     0.2    0.2		4.1705503158		-1.0
	40004.99999997	15.97491		0.35353     0.2    0.2		4.1705503158		-1.0
	40049.99999997	16.84582		0.00504     0.2    0.2		4.1705503158		-1.0
	40094.99999997	17.83385		-0.50864     0.2    0.2		4.1705503158		-1.0
	40139.99999997	18.9219		-1.12185     0.2    0.2		4.1705503158		-1.0
	40184.99999997	19.64168		-1.292     0.2    0.2		4.1705503158		-1.0
	40229.99999996	20.45377		-1.06339     0.2    0.2		4.1705503158		-1.0
	40274.99999996	21.28377		-1.24101     0.2    0.2		4.1705503158		-1.0
	40319.99999996	21.46888		-1.9691     0.2    0.2		4.1705503158		-1.0
	40364.99999996	22.01385		-2.13094     0.2    0.2		4.1705503158		-1.0
	40409.99999996	22.94575		-2.61129     0.2    0.2		4.1705503158		-1.0
	40454.99999996	24.16661		-2.68326     0.2    0.2		4.1705503158		-1.0
	40499.99999996	25.30829		-3.05154     0.2    0.2		4.1705503158		-1.0
	40544.99999996	25.77422		-2.80075     0.2    0.2		4.1705503158		-1.0
	40589.99999996	26.24734		-2.86115     0.2    0.2		4.1705503158		-1.0
	40634.99999996	27.13109		-3.0611     0.2    0.2		4.1705503158		-1.0
	40679.99999996	27.7231		3.03875     0.2    0.2		4.1705503158		-1.0
	40724.99999996	27.09409		2.55721     0.2    0.2		4.1705503158		-1.0
	40769.99999996	26.46697		1.76224     0.2    0.2		4.1705503158		-1.0
	40814.99999996	26.33991		-1.61986     0.2    0.2		4.1705503158		-1.0
	40859.99999996	26.54858		-1.63086     0.2    0.2		4.1705503158		-1.0
	40904.99999996	27.38624		-2.33309     0.2    0.2		4.1705503158		-1.0
	40949.99999996	28.37045		-2.03059     0.2    0.2		4.1705503158		-1.0
	40994.99999996	28.33432		-1.60466     0.2    0.2		4.1705503158		-1.0
	41039.99999996	27.60511		0.11197     0.2    0.2		4.1705503158		-1.0
	41084.99999996	26.56467		0.19818     0.2    0.2		4.1705503158		-1.0
	41129.99999996	25.69375		0.16162     0.2    0.2		4.1705503158		-1.0
	41174.99999996	24.87014		0.12324     0.2    0.2		4.1705503158		-1.0
	41219.99999996	24.05039		0.01386     0.2    0.2		4.1705503158		-1.0
	41264.99999996	23.13162		-0.23584     0.2    0.2		4.1705503158		-1.0
	41309.99999996	22.71854		-0.59598     0.2    0.2		4.1705503158		-1.0
	41354.99999996	22.61269		-1.25611     0.2    0.2		4.1705503158		-1.0
	41399.99999996	22.85683		-1.7558     0.2    0.2		4.1705503158		-1.0
	41444.99999996	23.57205		-2.9263     0.2    0.2		4.1705503158		-1.0
	41489.99999996	23.48877		-2.42395     0.2    0.2		4.1705503158		-1.0
	41534.99999996	22.8133		-2.00734     0.2    0.2		4.1705503158		-1.0
	41579.99999996	22.19862		-1.81105     0.2    0.2		4.1705503158		-1.0
	41624.99999996	22.14052		-1.41225     0.2    0.2		4.1705503158		-1.0
	41669.99999996	22.43906		-0.84953     0.2    0.2		4.1705503158		-1.0
	41714.99999996	23.12081		-0.41394     0.2    0.2		4.1705503158		-1.0
	41759.99999996	24.19011		-0.17406     0.2    0.2		4.1705503158		-1.0
	41804.99999996	25.67609		0.10258     0.2    0.2		4.1705503158		-1.0
	41849.99999996	26.9737		-0.67037     0.2    0.2		4.1705503158		-1.0
	41894.99999996	28.20767		-1.32477     0.2    0.2		4.1705503158		-1.0
	41939.99999996	29.21198		-1.45514     0.2    0.2		4.1705503158		-1.0
	41984.99999996	30.10345		-1.56199     0.2    0.2		4.1705503158		-1.0
	42029.99999996	30.99448		-1.69017     0.2    0.2		4.1705503158		-1.0
	42074.99999996	31.41734		-2.02921     0.2    0.2		4.1705503158		-1.0
	42119.99999996	30.43305		-2.69029     0.2    0.2		4.1705503158		-1.0
	42164.99999996	29.14637		-3.08895     0.2    0.2		4.1705503158		-1.0
	42209.99999996	28.19646		2.26541     0.2    0.2		4.1705503158		-1.0
	42254.99999996	27.41011		2.06392     0.2    0.2		4.1705503158		-1.0
	42299.99999996	26.84995		1.97604     0.2    0.2		4.1705503158		-1.0
	42344.99999996	26.42078		2.00629     0.2    0.2		4.1705503158		-1.0
	42389.99999996	25.97476		1.98934     0.2    0.2		4.1705503158		-1.0
	42434.99999996	25.16		2.08102     0.2    0.2		4.1705503158		-1.0
	42479.99999996	24.53921		2.20832     0.2    0.2		4.1705503158		-1.0
	42524.99999996	23.72728		2.27485     0.2    0.2		4.1705503158		-1.0
	42569.99999996	23.04818		2.4808     0.2    0.2		4.1705503158		-1.0
	42614.99999996	22.29691		2.24191     0.2    0.2		4.1705503158		-1.0
	42659.99999996	21.64976		1.91485     0.2    0.2		4.1705503158		-1.0
	42704.99999996	20.73765		0.86172     0.2    0.2		4.1705503158		-1.0
	42749.99999996	19.9566		-0.28523     0.2    0.2		4.1705503158		-1.0
	42794.99999996	18.93871		-0.69707     0.2    0.2		4.1705503158		-1.0
	42839.99999996	17.80429		-0.94262     0.2    0.2		4.1705503158		-1.0
	42884.99999996	16.66565		-0.98607     0.2    0.2		4.1705503158		-1.0
	42929.99999996	15.67118		-0.63815     0.2    0.2		4.1705503158		-1.0
	42974.99999996	15.11958		-0.43911     0.2    0.2		4.1705503158		-1.0
	43019.99999996	14.41551		-0.32285     0.2    0.2		4.1705503158		-1.0
	43064.99999996	14.04557		-0.40198     0.2    0.2		4.1705503158		-1.0
	43109.99999996	12.75382		-0.49674     0.2    0.2		4.1705503158		-1.0
	43154.99999996	11.39254		-0.75838     0.2    0.2		4.1705503158		-1.0
	43199.99999996	9.96296		-0.80989     0.2    0.2		4.1705503158		-1.0
	43244.99999996	8.84631		-1.13294     0.2    0.2		4.1705503158		-1.0
	43289.99999996	7.77617		-1.34148     0.2    0.2		4.1705503158		-1.0
	43334.99999996	6.9925		-1.75031     0.2    0.2		4.1705503158		-1.0
	43379.99999996	6.68038		-1.75682     0.2    0.2		4.1705503158		-1.0
	43424.99999996	6.37404		-1.81907     0.2    0.2		4.1705503158		-1.0
	43469.99999996	5.58665		-2.09781     0.2    0.2		4.1705503158		-1.0
	43514.99999996	5.98655		-2.16997     0.2    0.2		4.1705503158		-1.0
	43559.99999996	7.27958		-2.27625     0.2    0.2		4.1705503158		-1.0
	43604.99999996	9.27128		-2.35408     0.2    0.2		4.1705503158		-1.0
	43649.99999996	10.62231		-2.53973     0.2    0.2		4.1705503158		-1.0
	43694.99999996	12.20496		-2.6889     0.2    0.2		4.1705503158		-1.0
	43739.99999996	13.45662		-2.71192     0.2    0.2		4.1705503158		-1.0
	43784.99999996	14.73571		-2.70783     0.2    0.2		4.1705503158		-1.0
	43829.99999996	15.91856		-2.68776     0.2    0.2		4.1705503158		-1.0
	43874.99999996	16.9874		2.21084     0.2    0.2		4.1705503158		-1.0
	43919.99999996	17.83135		1.77961     0.2    0.2		4.1705503158		-1.0
	43964.99999996	18.32846		0.40654     0.2    0.2		4.1705503158		-1.0
	44009.99999996	19.33278		0.03168     0.2    0.2		4.1705503158		-1.0
	44054.99999996	19.86173		-0.15409     0.2    0.2		4.1705503158		-1.0
	44099.99999996	18.70952		0.0683     0.2    0.2		4.1705503158		-1.0
	44144.99999996	17.88107		0.0986     0.2    0.2		4.1705503158		-1.0
	44189.99999996	16.77482		-0.06427     0.2    0.2		4.1705503158		-1.0
	44234.99999996	15.70933		-0.1543     0.2    0.2		4.1705503158		-1.0
	44279.99999996	14.5937		-0.2582     0.2    0.2		4.1705503158		-1.0
	44324.99999996	13.50922		-0.2964     0.2    0.2		4.1705503158		-1.0
	44369.99999996	12.20707		-0.25611     0.2    0.2		4.1705503158		-1.0
	44414.99999996	11.07382		-0.19967     0.2    0.2		4.1705503158		-1.0
	44459.99999996	10.02094		-0.18687     0.2    0.2		4.1705503158		-1.0
	44504.99999996	8.81627		-0.24349     0.2    0.2		4.1705503158		-1.0
	44549.99999996	8.18139		-0.30017     0.2    0.2		4.1705503158		-1.0
	44594.99999996	8.49275		-0.84272     0.2    0.2		4.1705503158		-1.0
	44639.99999996	9.87299		-1.06269     0.2    0.2		4.1705503158		-1.0
	44684.99999996	11.25507		-1.59215     0.2    0.2		4.1705503158		-1.0
	44729.99999996	12.75104		-2.01985     0.2    0.2		4.1705503158		-1.0
	44774.99999996	13.96897		-2.56494     0.2    0.2		4.1705503158		-1.0
	44819.99999996	15.10078		2.8364     0.2    0.2		4.1705503158		-1.0
	44864.99999996	15.83109		2.16993     0.2    0.2		4.1705503158		-1.0
	44909.99999996	16.56932		1.31217     0.2    0.2		4.1705503158		-1.0
	44954.99999996	17.47867		0.91826     0.2    0.2		4.1705503158		-1.0
	44999.99999996	17.88965		0.31231     0.2    0.2		4.1705503158		-1.0
	45044.99999996	18.49024		-0.01007     0.2    0.2		4.1705503158		-1.0
	45089.99999996	19.05493		-0.34785     0.2    0.2		4.1705503158		-1.0
	45134.99999996	19.56067		-0.72198     0.2    0.2		4.1705503158		-1.0
	45179.99999996	19.57862		-1.1056     0.2    0.2		4.1705503158		-1.0
	45224.99999996	20.33664		-1.32282     0.2    0.2		4.1705503158		-1.0
	45269.99999996	21.16661		-1.25631     0.2    0.2		4.1705503158		-1.0
	45314.99999996	21.71678		-1.6838     0.2    0.2		4.1705503158		-1.0
	45359.99999996	21.56889		-1.76423     0.2    0.2		4.1705503158		-1.0
	45404.99999996	21.62438		-2.30357     0.2    0.2		4.1705503158		-1.0
	45449.99999996	21.82563		-2.7113     0.2    0.2		4.1705503158		-1.0
	45494.99999996	22.4728		2.7847     0.2    0.2		4.1705503158		-1.0
	45539.99999996	22.93074		2.00697     0.2    0.2		4.1705503158		-1.0
	45584.99999996	22.55594		1.53015     0.2    0.2		4.1705503158		-1.0
	45629.99999996	21.66774		1.31104     0.2    0.2		4.1705503158		-1.0
	45674.99999996	20.93196		1.42562     0.2    0.2		4.1705503158		-1.0
	45719.99999996	20.7304		1.60908     0.2    0.2		4.1705503158		-1.0
	45764.99999996	21.56813		1.71736     0.2    0.2		4.1705503158		-1.0
	45809.99999996	22.23843		1.37815     0.2    0.2		4.1705503158		-1.0
	45854.99999996	22.8653		1.57681     0.2    0.2		4.1705503158		-1.0
	45899.99999996	22.28417		1.82003     0.2    0.2		4.1705503158		-1.0
	45944.99999996	21.87628		1.96839     0.2    0.2		4.1705503158		-1.0
	45989.99999996	21.41955		1.36753     0.2    0.2		4.1705503158		-1.0
	46034.99999996	21.40755		0.944     0.2    0.2		4.1705503158		-1.0
	46079.99999996	20.38371		1.27278     0.2    0.2		4.1705503158		-1.0
	46124.99999996	19.63938		1.94122     0.2    0.2		4.1705503158		-1.0
	46169.99999996	18.88421		2.65618     0.2    0.2		4.1705503158		-1.0
	46214.99999996	18.53138		-2.36546     0.2    0.2		4.1705503158		-1.0
	46259.99999996	18.05092		-0.54617     0.2    0.2		4.1705503158		-1.0
	46304.99999996	17.94277		1.42555     0.2    0.2		4.1705503158		-1.0
	46349.99999996	17.57881		2.89799     0.2    0.2		4.1705503158		-1.0
	46394.99999996	17.29371		-2.35716     0.2    0.2		4.1705503158		-1.0
	46439.99999996	17.86435		-1.56417     0.2    0.2		4.1705503158		-1.0
	46484.99999996	18.14356		-1.28774     0.2    0.2		4.1705503158		-1.0
	46529.99999996	18.75517		-0.63298     0.2    0.2		4.1705503158		-1.0
	46574.99999996	18.24705		-1.23668     0.2    0.2		4.1705503158		-1.0
	46619.99999996	18.31998		2.3506     0.2    0.2		4.1705503158		-1.0
	46664.99999996	18.28464		2.98966     0.2    0.2		4.1705503158		-1.0
	46709.99999996	19.25457		-2.91015     0.2    0.2		4.1705503158		-1.0
	46754.99999995	19.7487		-1.80201     0.2    0.2		4.1705503158		-1.0
	46799.99999995	20.33657		-0.99917     0.2    0.2		4.1705503158		-1.0
	46844.99999995	19.8806		-0.76337     0.2    0.2		4.1705503158		-1.0
	46889.99999995	20.19969		-0.82588     0.2    0.2		4.1705503158		-1.0
	46934.99999995	20.35311		1.35211     0.2    0.2		4.1705503158		-1.0
	46979.99999995	21.41491		1.46783     0.2    0.2		4.1705503158		-1.0
	47024.99999995	21.2329		-1.32622     0.2    0.2		4.1705503158		-1.0
	47069.99999995	20.84915		-0.64708     0.2    0.2		4.1705503158		-1.0
	47114.99999995	20.56732		-0.24287     0.2    0.2		4.1705503158		-1.0
	47159.99999995	20.12492		-0.4092     0.2    0.2		4.1705503158		-1.0
	47204.99999995	19.21989		-0.1035     0.2    0.2		4.1705503158		-1.0
	47249.99999995	18.38217		-0.23665     0.2    0.2		4.1705503158		-1.0
	47294.99999995	17.05888		-0.56056     0.2    0.2		4.1705503158		-1.0
	47339.99999995	15.80606		-0.50571     0.2    0.2		4.1705503158		-1.0
	47384.99999995	14.56654		-0.78224     0.2    0.2		4.1705503158		-1.0
	47429.99999995	13.27922		-0.72044     0.2    0.2		4.1705503158		-1.0
	47474.99999995	12.26081		-0.52158     0.2    0.2		4.1705503158		-1.0
	47519.99999995	10.66155		-0.46829     0.2    0.2		4.1705503158		-1.0
	47564.99999995	9.87444		0.31287     0.2    0.2		4.1705503158		-1.0
	47609.99999995	8.75426		0.0801     0.2    0.2		4.1705503158		-1.0
	47654.99999995	8.50367		-1.64601     0.2    0.2		4.1705503158		-1.0
	47699.99999995	8.26656		-1.61087     0.2    0.2		4.1705503158		-1.0
	47744.99999995	7.8668		-1.68112     0.2    0.2		4.1705503158		-1.0
	47789.99999995	6.88984		-1.73514     0.2    0.2		4.1705503158		-1.0
	47834.99999995	6.37437		-1.80107     0.2    0.2		4.1705503158		-1.0
	47879.99999995	5.7582		-1.86702     0.2    0.2		4.1705503158		-1.0
	47924.99999995	6.33172		-1.51941     0.2    0.2		4.1705503158		-1.0
	47969.99999995	6.65273		-0.94059     0.2    0.2		4.1705503158		-1.0
	48014.99999995	8.08397		-0.48073     0.2    0.2		4.1705503158		-1.0
	48059.99999995	9.43805		-0.14189     0.2    0.2		4.1705503158		-1.0
	48104.99999995	11.15546		0.21568     0.2    0.2		4.1705503158		-1.0
	48149.99999995	12.36417		2.50282     0.2    0.2		4.1705503158		-1.0
	48194.99999995	13.40608		-2.31359     0.2    0.2		4.1705503158		-1.0
	48239.99999995	14.10513		-1.84898     0.2    0.2		4.1705503158		-1.0
	48284.99999995	15.19001		-1.30824     0.2    0.2		4.1705503158		-1.0
	48329.99999995	16.23179		-0.73779     0.2    0.2		4.1705503158		-1.0
	48374.99999995	17.23041		-0.07407     0.2    0.2		4.1705503158		-1.0
	48419.99999995	18.35167		1.0453     0.2    0.2		4.1705503158		-1.0
	48464.99999995	19.27115		2.26321     0.2    0.2		4.1705503158		-1.0
	48509.99999995	20.01227		2.69864     0.2    0.2		4.1705503158		-1.0
	48554.99999995	20.63241		2.72872     0.2    0.2		4.1705503158		-1.0
	48599.99999995	21.66856		2.96152     0.2    0.2		4.1705503158		-1.0
	48644.99999995	22.71003		3.1028     0.2    0.2		4.1705503158		-1.0
	48689.99999995	23.94909		-3.04204     0.2    0.2		4.1705503158		-1.0
	48734.99999995	25.25537		-2.90237     0.2    0.2		4.1705503158		-1.0
	48779.99999995	26.3558		-2.86489     0.2    0.2		4.1705503158		-1.0
	48824.99999995	26.6882		0.37154     0.2    0.2		4.1705503158		-1.0
	48869.99999995	25.81625		1.18425     0.2    0.2		4.1705503158		-1.0
	48914.99999995	24.18759		2.28397     0.2    0.2		4.1705503158		-1.0
	48959.99999995	22.60221		2.3867     0.2    0.2		4.1705503158		-1.0
	49004.99999995	21.0582		2.31543     0.2    0.2		4.1705503158		-1.0
	49049.99999995	19.65791		2.44088     0.2    0.2		4.1705503158		-1.0
	49094.99999995	18.15774		2.55518     0.2    0.2		4.1705503158		-1.0
	49139.99999995	16.87518		2.75366     0.2    0.2		4.1705503158		-1.0
	49184.99999995	15.63455		2.7705     0.2    0.2		4.1705503158		-1.0
	49229.99999995	14.52485		3.12142     0.2    0.2		4.1705503158		-1.0
	49274.99999995	13.52445		-2.9186     0.2    0.2		4.1705503158		-1.0
	49319.99999995	12.52353		-2.71496     0.2    0.2		4.1705503158		-1.0
	49364.99999995	11.68516		-2.192     0.2    0.2		4.1705503158		-1.0
	49409.99999995	11.15196		-1.81057     0.2    0.2		4.1705503158		-1.0
	49454.99999995	10.26327		-1.24334     0.2    0.2		4.1705503158		-1.0
	49499.99999995	9.57073		-1.21658     0.2    0.2		4.1705503158		-1.0
	49544.99999995	8.33253		-1.16712     0.2    0.2		4.1705503158		-1.0
	49589.99999995	7.09471		-1.36676     0.2    0.2		4.1705503158		-1.0
	49634.99999995	6.74821		-1.33259     0.2    0.2		4.1705503158		-1.0
	49679.99999995	7.66449		-1.35774     0.2    0.2		4.1705503158		-1.0
	49724.99999995	8.81612		-1.36889     0.2    0.2		4.1705503158		-1.0
	49769.99999995	10.12864		-1.45808     0.2    0.2		4.1705503158		-1.0
	49814.99999995	11.17558		-1.77723     0.2    0.2		4.1705503158		-1.0
	49859.99999995	12.12756		-3.09909     0.2    0.2		4.1705503158		-1.0
	49904.99999995	12.98809		1.72426     0.2    0.2		4.1705503158		-1.0
	49949.99999995	13.7047		1.32321     0.2    0.2		4.1705503158		-1.0
	49994.99999995	13.89801		1.07468     0.2    0.2		4.1705503158		-1.0
