	45.00000000	2.97123		-0.28725     0.2    0.2		4.1705503158		-1.0
	90.00000000	2.92004		-0.51537     0.2    0.2		4.1705503158		-1.0
	135.00000000	2.88067		-0.8555     0.2    0.2		4.1705503158		-1.0
	180.00000000	2.82767		-0.53942     0.2    0.2		4.1705503158		-1.0
	225.00000000	3.01403		-0.13331     0.2    0.2		4.1705503158		-1.0
	270.00000000	2.92082		0.40444     0.2    0.2		4.1705503158		-1.0
	315.00000000	2.88532		1.06299     0.2    0.2		4.1705503158		-1.0
	360.00000000	2.95269		1.07445     0.2    0.2		4.1705503158		-1.0
	405.00000000	2.92115		1.45908     0.2    0.2		4.1705503158		-1.0
	450.00000000	2.96564		1.73769     0.2    0.2		4.1705503158		-1.0
	495.00000000	2.84222		1.82519     0.2    0.2		4.1705503158		-1.0
	540.00000000	3.00872		2.17093     0.2    0.2		4.1705503158		-1.0
	585.00000000	2.89781		2.24464     0.2    0.2		4.1705503158		-1.0
	630.00000000	2.87665		2.65142     0.2    0.2		4.1705503158		-1.0
	675.00000000	2.88063		2.97428     0.2    0.2		4.1705503158		-1.0
	720.00000000	3.14525		2.79638     0.2    0.2		4.1705503158		-1.0
	765.00000000	2.93834		-3.01334     0.2    0.2		4.1705503158		-1.0
	810.00000000	2.92064		-2.78298     0.2    0.2		4.1705503158		-1.0
	855.00000000	2.93119		-2.33364     0.2    0.2		4.1705503158		-1.0
	900.00000000	2.84044		-2.27046     0.2    0.2		4.1705503158		-1.0
	945.00000000	2.96714		-1.78408     0.2    0.2		4.1705503158		-1.0
	990.00000000	2.94221		-1.4151     0.2    0.2		4.1705503158		-1.0
	1035.00000000	2.84489		-1.07307     0.2    0.2		4.1705503158		-1.0
	1080.00000000	2.98725		-0.98407     0.2    0.2		4.1705503158		-1.0
	1125.00000000	2.9417		0.07854     0.2    0.2		4.1705503158		-1.0
	1170.00000000	2.93413		0.77868     0.2    0.2		4.1705503158		-1.0
	1215.00000000	2.98137		0.85086     0.2    0.2		4.1705503158		-1.0
	1260.00000000	2.97124		1.19422     0.2    0.2		4.1705503158		-1.0
	1305.00000000	2.95117		1.38124     0.2    0.2		4.1705503158		-1.0
	1350.00000000	2.93387		1.28981     0.2    0.2		4.1705503158		-1.0
	1395.00000000	2.93972		0.99669     0.2    0.2		4.1705503158		-1.0
	1440.00000000	2.90997		0.66737     0.2    0.2		4.1705503158		-1.0
	1485.00000000	2.92838		0.48356     0.2    0.2		4.1705503158		-1.0
	1530.00000000	2.86321		0.03167     0.2    0.2		4.1705503158		-1.0
	1575.00000000	2.83209		-0.68064     0.2    0.2		4.1705503158		-1.0
	1620.00000000	2.89302		-0.58792     0.2    0.2		4.1705503158		-1.0
	1665.00000000	2.87716		-0.46815     0.2    0.2		4.1705503158		-1.0
	1710.00000000	2.89108		-0.89811     0.2    0.2		4.1705503158		-1.0
	1755.00000000	2.82232		-1.27801     0.2    0.2		4.1705503158		-1.0
	1800.00000000	2.92561		-1.13986     0.2    0.2		4.1705503158		-1.0
	1845.00000000	2.90618		-1.64423     0.2    0.2		4.1705503158		-1.0
	1890.00000000	2.93331		-2.51573     0.2    0.2		4.1705503158		-1.0
	1935.00000000	2.93862		-2.38871     0.2    0.2		4.1705503158		-1.0
	1980.00000000	2.89236		-3.0113     0.2    0.2		4.1705503158		-1.0
	2025.00000000	2.872		-3.04677     0.2    0.2		4.1705503158		-1.0
	2070.00000000	2.93522		2.67719     0.2    0.2		4.1705503158		-1.0
	2115.00000000	2.99345		2.18727     0.2    0.2		4.1705503158		-1.0
	2160.00000000	3.10446		1.74126     0.2    0.2		4.1705503158		-1.0
	2205.00000000	2.88554		1.62526     0.2    0.2		4.1705503158		-1.0
	2250.00000000	2.82214		1.36092     0.2    0.2		4.1705503158		-1.0
	2295.00000000	2.82802		1.37754     0.2    0.2		4.1705503158		-1.0
	2340.00000000	3.00294		1.23637     0.2    0.2		4.1705503158		-1.0
	2385.00000000	2.9394		1.6223     0.2    0.2		4.1705503158		-1.0
	2430.00000000	3.04566		1.68888     0.2    0.2		4.1705503158		-1.0
	2475.00000000	3.05317		2.44334     0.2    0.2		4.1705503158		-1.0
	2520.00000000	2.90324		2.27876     0.2    0.2		4.1705503158		-1.0
	2565.00000000	2.78374		2.62423     0.2    0.2		4.1705503158		-1.0
	2610.00000000	2.83518		-3.13045     0.2    0.2		4.1705503158		-1.0
	2655.00000000	2.78856		2.78346     0.2    0.2		4.1705503158		-1.0
	2700.00000000	2.83671		-2.76214     0.2    0.2		4.1705503158		-1.0
	2745.00000000	2.83971		-2.88877     0.2    0.2		4.1705503158		-1.0
	2790.00000000	2.87132		-2.3165     0.2    0.2		4.1705503158		-1.0
	2835.00000000	2.97608		-2.03488     0.2    0.2		4.1705503158		-1.0
	2880.00000000	2.94342		-1.85964     0.2    0.2		4.1705503158		-1.0
	2925.00000000	3.00541		-1.43522     0.2    0.2		4.1705503158		-1.0
	2970.00000000	3.00257		-1.50049     0.2    0.2		4.1705503158		-1.0
	3015.00000000	2.91921		-1.39463     0.2    0.2		4.1705503158		-1.0
	3060.00000000	2.76883		-1.47455     0.2    0.2		4.1705503158		-1.0
	3105.00000000	2.96656		-1.85803     0.2    0.2		4.1705503158		-1.0
	3150.00000000	3.10029		-2.30628     0.2    0.2		4.1705503158		-1.0
	3195.00000000	3.11569		-2.24019     0.2    0.2		4.1705503158		-1.0
	3240.00000000	2.95274		-2.72524     0.2    0.2		4.1705503158		-1.0
	3285.00000000	2.77078		-2.40169     0.2    0.2		4.1705503158		-1.0
	3330.00000000	2.89738		-2.89377     0.2    0.2		4.1705503158		-1.0
	3375.00000000	3.11594		-2.68873     0.2    0.2		4.1705503158		-1.0
	3420.00000000	3.1234		-2.90294     0.2    0.2		4.1705503158		-1.0
	3465.00000000	2.97903		-2.57808     0.2    0.2		4.1705503158		-1.0
	3510.00000000	2.80887		-2.27964     0.2    0.2		4.1705503158		-1.0
	3555.00000000	2.85354		-1.70879     0.2    0.2		4.1705503158		-1.0
	3600.00000000	2.88857		-1.57928     0.2    0.2		4.1705503158		-1.0
	3645.00000000	2.98859		-1.01238     0.2    0.2		4.1705503158		-1.0
	3690.00000000	2.91315		-0.88734     0.2    0.2		4.1705503158		-1.0
	3735.00000000	3.09329		-0.89949     0.2    0.2		4.1705503158		-1.0
	3780.00000000	2.81672		-0.03079     0.2    0.2		4.1705503158		-1.0
	3825.00000000	2.80445		0.37415     0.2    0.2		4.1705503158		-1.0
	3870.00000000	2.93986		0.69664     0.2    0.2		4.1705503158		-1.0
	3915.00000000	2.87308		1.07279     0.2    0.2		4.1705503158		-1.0
	3960.00000000	2.9744		1.21389     0.2    0.2		4.1705503158		-1.0
	4005.00000000	2.935		0.23228     0.2    0.2		4.1705503158		-1.0
	4050.00000000	2.87309		-0.12635     0.2    0.2		4.1705503158		-1.0
	4095.00000000	2.86825		0.15262     0.2    0.2		4.1705503158		-1.0
	4140.00000000	2.88534		-0.18633     0.2    0.2		4.1705503158		-1.0
	4185.00000000	2.98105		-0.10158     0.2    0.2		4.1705503158		-1.0
	4230.00000000	2.91091		-0.23447     0.2    0.2		4.1705503158		-1.0
	4275.00000000	3.11801		-0.54155     0.2    0.2		4.1705503158		-1.0
	4320.00000000	3.07303		-0.21856     0.2    0.2		4.1705503158		-1.0
	4365.00000000	3.25019		-0.55887     0.2    0.2		4.1705503158		-1.0
	4410.00000000	3.11451		-0.63892     0.2    0.2		4.1705503158		-1.0
	4455.00000000	3.12653		-1.00614     0.2    0.2		4.1705503158		-1.0
	4500.00000000	2.89959		-0.88676     0.2    0.2		4.1705503158		-1.0
	4545.00000000	2.9083		-0.45201     0.2    0.2		4.1705503158		-1.0
	4590.00000000	2.86195		-0.74455     0.2    0.2		4.1705503158		-1.0
	4635.00000000	3.12617		-0.23436     0.2    0.2		4.1705503158		-1.0
	4680.00000000	2.79423		0.5622     0.2    0.2		4.1705503158		-1.0
	4725.00000000	3.13654		0.97206     0.2    0.2		4.1705503158		-1.0
	4770.00000000	3.09889		1.71336     0.2    0.2		4.1705503158		-1.0
	4815.00000000	2.83959		2.01573     0.2    0.2		4.1705503158		-1.0
	4860.00000000	2.85669		2.44928     0.2    0.2		4.1705503158		-1.0
	4905.00000000	2.86156		2.66586     0.2    0.2		4.1705503158		-1.0
	4950.00000000	2.83644		2.98084     0.2    0.2		4.1705503158		-1.0
	4995.00000000	2.84332		-3.10604     0.2    0.2		4.1705503158		-1.0
	5040.00000000	2.99389		2.96097     0.2    0.2		4.1705503158		-1.0
	5085.00000000	3.1749		3.12435     0.2    0.2		4.1705503158		-1.0
	5130.00000000	3.0829		2.71815     0.2    0.2		4.1705503158		-1.0
	5175.00000000	3.16609		2.75415     0.2    0.2		4.1705503158		-1.0
	5220.00000000	3.02617		2.05594     0.2    0.2		4.1705503158		-1.0
	5265.00000000	3.05305		1.84518     0.2    0.2		4.1705503158		-1.0
	5310.00000000	2.90994		1.47185     0.2    0.2		4.1705503158		-1.0
	5355.00000000	2.99931		1.42868     0.2    0.2		4.1705503158		-1.0
	5400.00000000	2.6533		1.35793     0.2    0.2		4.1705503158		-1.0
	5445.00000000	3.06813		1.43882     0.2    0.2		4.1705503158		-1.0
	5490.00000000	3.12921		1.39398     0.2    0.2		4.1705503158		-1.0
	5535.00000000	3.11636		1.34985     0.2    0.2		4.1705503158		-1.0
	5580.00000000	2.99204		1.12279     0.2    0.2		4.1705503158		-1.0
	5625.00000000	3.159		0.5783     0.2    0.2		4.1705503158		-1.0
	5670.00000000	3.15481		0.15491     0.2    0.2		4.1705503158		-1.0
	5715.00000000	3.2297		0.01749     0.2    0.2		4.1705503158		-1.0
	5760.00000000	3.14013		-0.38867     0.2    0.2		4.1705503158		-1.0
	5805.00000000	3.07328		-0.20332     0.2    0.2		4.1705503158		-1.0
	5850.00000000	2.75475		-0.35923     0.2    0.2		4.1705503158		-1.0
	5895.00000000	2.62869		-0.33629     0.2    0.2		4.1705503158		-1.0
	5940.00000000	2.65219		0.60381     0.2    0.2		4.1705503158		-1.0
	5985.00000000	2.71837		0.6866     0.2    0.2		4.1705503158		-1.0
	6030.00000000	2.9125		0.71237     0.2    0.2		4.1705503158		-1.0
	6075.00000000	2.85563		0.47725     0.2    0.2		4.1705503158		-1.0
	6120.00000000	2.99816		0.49839     0.2    0.2		4.1705503158		-1.0
	6165.00000000	3.24193		-0.08396     0.2    0.2		4.1705503158		-1.0
	6210.00000000	2.83301		-0.22576     0.2    0.2		4.1705503158		-1.0
	6255.00000000	2.89848		-1.022     0.2    0.2		4.1705503158		-1.0
	6300.00000000	2.8048		-0.446     0.2    0.2		4.1705503158		-1.0
	6345.00000000	3.04049		-0.97453     0.2    0.2		4.1705503158		-1.0
	6390.00000000	2.73373		-1.4992     0.2    0.2		4.1705503158		-1.0
	6435.00000000	2.96598		-1.38885     0.2    0.2		4.1705503158		-1.0
	6480.00000000	2.91242		-2.04294     0.2    0.2		4.1705503158		-1.0
	6525.00000000	2.98652		-2.09795     0.2    0.2		4.1705503158		-1.0
	6570.00000000	2.7904		-2.35302     0.2    0.2		4.1705503158		-1.0
	6615.00000000	3.09083		-2.25543     0.2    0.2		4.1705503158		-1.0
	6660.00000000	2.77341		-1.89628     0.2    0.2		4.1705503158		-1.0
	6705.00000000	2.77004		-2.14364     0.2    0.2		4.1705503158		-1.0
	6750.00000000	3.0981		-1.88288     0.2    0.2		4.1705503158		-1.0
	6795.00000000	3.04695		-2.11404     0.2    0.2		4.1705503158		-1.0
	6840.00000000	2.6696		-1.91787     0.2    0.2		4.1705503158		-1.0
	6885.00000000	2.90859		-1.81658     0.2    0.2		4.1705503158		-1.0
	6930.00000000	3.19872		-1.60328     0.2    0.2		4.1705503158		-1.0
	6975.00000000	3.04001		-1.20033     0.2    0.2		4.1705503158		-1.0
	7020.00000000	3.12584		-1.25913     0.2    0.2		4.1705503158		-1.0
	7065.00000000	3.00235		-0.80759     0.2    0.2		4.1705503158		-1.0
	7110.00000000	3.34746		-0.37671     0.2    0.2		4.1705503158		-1.0
	7155.00000000	2.92733		0.56813     0.2    0.2		4.1705503158		-1.0
	7200.00000000	2.75518		1.01245     0.2    0.2		4.1705503158		-1.0
	7245.00000000	2.67467		0.97443     0.2    0.2		4.1705503158		-1.0
	7290.00000000	2.9747		0.95706     0.2    0.2		4.1705503158		-1.0
	7335.00000000	3.28054		0.35176     0.2    0.2		4.1705503158		-1.0
	7380.00000000	3.08497		0.19632     0.2    0.2		4.1705503158		-1.0
	7425.00000000	3.02757		0.12409     0.2    0.2		4.1705503158		-1.0
	7470.00000000	3.24095		0.41829     0.2    0.2		4.1705503158		-1.0
	7515.00000000	2.96079		0.3834     0.2    0.2		4.1705503158		-1.0
	7560.00000000	2.7791		0.11632     0.2    0.2		4.1705503158		-1.0
	7605.00000000	2.6557		0.19211     0.2    0.2		4.1705503158		-1.0
	7650.00000000	2.88539		0.69788     0.2    0.2		4.1705503158		-1.0
	7695.00000000	3.18199		0.8815     0.2    0.2		4.1705503158		-1.0
	7740.00000000	3.10231		0.84129     0.2    0.2		4.1705503158		-1.0
	7785.00000000	3.11873		0.86144     0.2    0.2		4.1705503158		-1.0
	7830.00000000	3.30608		1.16777     0.2    0.2		4.1705503158		-1.0
	7875.00000000	3.27203		0.78223     0.2    0.2		4.1705503158		-1.0
	7920.00000000	3.12666		0.48448     0.2    0.2		4.1705503158		-1.0
	7965.00000000	3.02812		0.38073     0.2    0.2		4.1705503158		-1.0
	8010.00000000	2.96706		-0.54316     0.2    0.2		4.1705503158		-1.0
	8055.00000000	2.94696		-0.71566     0.2    0.2		4.1705503158		-1.0
	8100.00000000	2.86887		-1.13798     0.2    0.2		4.1705503158		-1.0
	8145.00000000	2.79638		-1.28079     0.2    0.2		4.1705503158		-1.0
	8190.00000000	3.05634		-1.51378     0.2    0.2		4.1705503158		-1.0
	8235.00000000	2.64162		-1.63904     0.2    0.2		4.1705503158		-1.0
	8280.00000000	2.95222		-1.99351     0.2    0.2		4.1705503158		-1.0
	8325.00000000	3.10458		-2.08223     0.2    0.2		4.1705503158		-1.0
	8370.00000000	2.78982		-2.55493     0.2    0.2		4.1705503158		-1.0
	8415.00000000	3.14583		-2.66486     0.2    0.2		4.1705503158		-1.0
	8460.00000000	2.97625		-2.94632     0.2    0.2		4.1705503158		-1.0
	8505.00000000	2.81013		2.89644     0.2    0.2		4.1705503158		-1.0
	8550.00000000	3.1574		2.83124     0.2    0.2		4.1705503158		-1.0
	8595.00000000	3.02059		2.18176     0.2    0.2		4.1705503158		-1.0
	8640.00000000	3.13842		2.06919     0.2    0.2		4.1705503158		-1.0
	8685.00000000	2.81434		1.81918     0.2    0.2		4.1705503158		-1.0
	8730.00000000	2.77606		1.60142     0.2    0.2		4.1705503158		-1.0
	8775.00000000	2.78859		1.85626     0.2    0.2		4.1705503158		-1.0
	8820.00000000	2.92514		1.75656     0.2    0.2		4.1705503158		-1.0
	8865.00000000	2.76594		2.15963     0.2    0.2		4.1705503158		-1.0
	8910.00000000	2.79398		2.49901     0.2    0.2		4.1705503158		-1.0
	8955.00000000	2.93031		2.68224     0.2    0.2		4.1705503158		-1.0
	9000.00000000	3.29273		2.85576     0.2    0.2		4.1705503158		-1.0
	9045.00000000	2.96837		-3.00854     0.2    0.2		4.1705503158		-1.0
	9090.00000000	2.66937		-2.70986     0.2    0.2		4.1705503158		-1.0
	9135.00000000	2.95405		-2.41928     0.2    0.2		4.1705503158		-1.0
	9180.00000000	2.86904		-2.05681     0.2    0.2		4.1705503158		-1.0
	9225.00000000	3.3518		-1.65244     0.2    0.2		4.1705503158		-1.0
	9270.00000000	2.82343		-1.46274     0.2    0.2		4.1705503158		-1.0
	9315.00000000	2.87089		-1.02861     0.2    0.2		4.1705503158		-1.0
	9360.00000000	3.43452		-0.56657     0.2    0.2		4.1705503158		-1.0
	9405.00000000	3.01397		0.1876     0.2    0.2		4.1705503158		-1.0
	9450.00000000	3.18624		0.47389     0.2    0.2		4.1705503158		-1.0
	9495.00000000	3.32433		1.23039     0.2    0.2		4.1705503158		-1.0
	9540.00000000	3.28987		1.14819     0.2    0.2		4.1705503158		-1.0
	9585.00000000	3.02757		2.01302     0.2    0.2		4.1705503158		-1.0
	9630.00000000	2.76819		2.30278     0.2    0.2		4.1705503158		-1.0
	9675.00000000	2.95292		2.32366     0.2    0.2		4.1705503158		-1.0
	9720.00000000	3.10804		2.49544     0.2    0.2		4.1705503158		-1.0
	9765.00000000	3.17361		2.05031     0.2    0.2		4.1705503158		-1.0
	9810.00000000	2.81342		2.11155     0.2    0.2		4.1705503158		-1.0
	9855.00000000	2.95712		2.24033     0.2    0.2		4.1705503158		-1.0
	9900.00000000	3.10421		1.78292     0.2    0.2		4.1705503158		-1.0
	9945.00000000	2.75127		1.9299     0.2    0.2		4.1705503158		-1.0
	9990.00000000	2.93502		1.83267     0.2    0.2		4.1705503158		-1.0
	10035.00000000	2.72916		2.00295     0.2    0.2		4.1705503158		-1.0
	10080.00000000	2.78749		2.03183     0.2    0.2		4.1705503158		-1.0
	10125.00000000	3.06683		2.27112     0.2    0.2		4.1705503158		-1.0
	10170.00000000	2.84251		2.60558     0.2    0.2		4.1705503158		-1.0
	10215.00000000	2.86882		2.97611     0.2    0.2		4.1705503158		-1.0
	10260.00000000	3.30416		-2.99615     0.2    0.2		4.1705503158		-1.0
	10305.00000000	3.28916		-2.37602     0.2    0.2		4.1705503158		-1.0
	10350.00000000	3.28026		-1.99182     0.2    0.2		4.1705503158		-1.0
	10395.00000000	2.68508		-1.78767     0.2    0.2		4.1705503158		-1.0
	10440.00000000	3.1678		-1.68843     0.2    0.2		4.1705503158		-1.0
	10485.00000000	3.05648		-1.67845     0.2    0.2		4.1705503158		-1.0
	10530.00000000	2.88807		-1.87363     0.2    0.2		4.1705503158		-1.0
	10575.00000000	2.74762		-2.28154     0.2    0.2		4.1705503158		-1.0
	10620.00000000	2.82441		-2.36078     0.2    0.2		4.1705503158		-1.0
	10665.00000000	3.1717		-2.94566     0.2    0.2		4.1705503158		-1.0
	10710.00000000	2.79245		-2.70373     0.2    0.2		4.1705503158		-1.0
	10755.00000000	2.95643		-2.92197     0.2    0.2		4.1705503158		-1.0
	10800.00000000	2.82155		-2.51281     0.2    0.2		4.1705503158		-1.0
	10845.00000001	3.22982		-2.74134     0.2    0.2		4.1705503158		-1.0
	10890.00000001	3.37435		-2.5656     0.2    0.2		4.1705503158		-1.0
	10935.00000001	2.9137		-2.71892     0.2    0.2		4.1705503158		-1.0
	10980.00000001	3.19483		-2.38092     0.2    0.2		4.1705503158		-1.0
	11025.00000001	3.23163		-2.61027     0.2    0.2		4.1705503158		-1.0
	11070.00000001	3.1771		-2.41132     0.2    0.2		4.1705503158		-1.0
	11115.00000001	3.21301		-2.21813     0.2    0.2		4.1705503158		-1.0
	11160.00000001	3.16413		-2.00367     0.2    0.2		4.1705503158		-1.0
	11205.00000001	3.03213		-1.82073     0.2    0.2		4.1705503158		-1.0
	11250.00000001	2.84137		-1.63809     0.2    0.2		4.1705503158		-1.0
	11295.00000001	2.94294		-1.2416     0.2    0.2		4.1705503158		-1.0
	11340.00000001	2.68144		-1.06393     0.2    0.2		4.1705503158		-1.0
	11385.00000001	2.73512		-0.62716     0.2    0.2		4.1705503158		-1.0
	11430.00000001	3.23937		-0.18744     0.2    0.2		4.1705503158		-1.0
	11475.00000001	2.83064		0.47031     0.2    0.2		4.1705503158		-1.0
	11520.00000001	2.65817		1.33948     0.2    0.2		4.1705503158		-1.0
	11565.00000001	3.3794		0.97008     0.2    0.2		4.1705503158		-1.0
	11610.00000001	3.189		1.62821     0.2    0.2		4.1705503158		-1.0
	11655.00000001	3.29789		1.65826     0.2    0.2		4.1705503158		-1.0
	11700.00000001	3.25406		1.94497     0.2    0.2		4.1705503158		-1.0
	11745.00000001	3.33584		2.31589     0.2    0.2		4.1705503158		-1.0
	11790.00000001	2.71426		2.39969     0.2    0.2		4.1705503158		-1.0
	11835.00000001	2.95859		2.88967     0.2    0.2		4.1705503158		-1.0
	11880.00000001	3.25069		2.9703     0.2    0.2		4.1705503158		-1.0
	11925.00000001	3.06364		-2.85828     0.2    0.2		4.1705503158		-1.0
	11970.00000001	3.06831		-2.55957     0.2    0.2		4.1705503158		-1.0
	12015.00000001	3.22154		-2.18336     0.2    0.2		4.1705503158		-1.0
	12060.00000001	3.27948		-1.73191     0.2    0.2		4.1705503158		-1.0
	12105.00000001	3.23963		-1.44771     0.2    0.2		4.1705503158		-1.0
	12150.00000001	3.28405		-1.0561     0.2    0.2		4.1705503158		-1.0
	12195.00000001	3.12983		-0.61276     0.2    0.2		4.1705503158		-1.0
	12240.00000001	3.08972		-0.08959     0.2    0.2		4.1705503158		-1.0
	12285.00000001	2.71184		0.61117     0.2    0.2		4.1705503158		-1.0
	12330.00000001	2.82561		1.12458     0.2    0.2		4.1705503158		-1.0
	12375.00000001	2.9066		0.95068     0.2    0.2		4.1705503158		-1.0
	12420.00000001	2.67747		0.80257     0.2    0.2		4.1705503158		-1.0
	12465.00000001	2.70465		0.81983     0.2    0.2		4.1705503158		-1.0
	12510.00000001	3.39166		1.00655     0.2    0.2		4.1705503158		-1.0
	12555.00000001	2.84047		1.04157     0.2    0.2		4.1705503158		-1.0
	12600.00000001	3.0793		1.5177     0.2    0.2		4.1705503158		-1.0
	12645.00000001	2.70215		1.4928     0.2    0.2		4.1705503158		-1.0
	12690.00000001	2.73824		2.23619     0.2    0.2		4.1705503158		-1.0
	12735.00000001	3.04732		2.55506     0.2    0.2		4.1705503158		-1.0
	12780.00000001	3.3089		3.06185     0.2    0.2		4.1705503158		-1.0
	12825.00000001	2.80938		3.11845     0.2    0.2		4.1705503158		-1.0
	12870.00000001	3.23585		-2.97997     0.2    0.2		4.1705503158		-1.0
	12915.00000001	3.05144		-2.65767     0.2    0.2		4.1705503158		-1.0
	12960.00000001	3.30749		-2.69081     0.2    0.2		4.1705503158		-1.0
	13005.00000001	3.28366		-2.36423     0.2    0.2		4.1705503158		-1.0
	13050.00000001	3.3204		-2.26563     0.2    0.2		4.1705503158		-1.0
	13095.00000001	2.91633		-1.84336     0.2    0.2		4.1705503158		-1.0
	13140.00000001	2.79632		-2.0033     0.2    0.2		4.1705503158		-1.0
	13185.00000001	2.71055		-1.71008     0.2    0.2		4.1705503158		-1.0
	13230.00000001	3.18921		-1.80751     0.2    0.2		4.1705503158		-1.0
	13275.00000001	3.23392		-1.5517     0.2    0.2		4.1705503158		-1.0
	13320.00000001	3.19585		-1.12092     0.2    0.2		4.1705503158		-1.0
	13365.00000001	3.31421		-0.66556     0.2    0.2		4.1705503158		-1.0
	13410.00000001	2.64504		-0.15728     0.2    0.2		4.1705503158		-1.0
	13455.00000001	2.97137		0.32374     0.2    0.2		4.1705503158		-1.0
	13500.00000001	2.858		0.48263     0.2    0.2		4.1705503158		-1.0
	13545.00000001	2.77167		0.81967     0.2    0.2		4.1705503158		-1.0
	13590.00000001	2.78345		1.32756     0.2    0.2		4.1705503158		-1.0
	13635.00000001	2.70965		1.02457     0.2    0.2		4.1705503158		-1.0
	13680.00000001	2.74918		1.08784     0.2    0.2		4.1705503158		-1.0
	13725.00000001	2.65215		1.50722     0.2    0.2		4.1705503158		-1.0
	13770.00000001	2.82278		1.75586     0.2    0.2		4.1705503158		-1.0
	13815.00000001	2.72991		2.19433     0.2    0.2		4.1705503158		-1.0
	13860.00000001	2.90206		2.75865     0.2    0.2		4.1705503158		-1.0
	13905.00000001	2.75968		2.86841     0.2    0.2		4.1705503158		-1.0
	13950.00000001	2.83715		3.01937     0.2    0.2		4.1705503158		-1.0
	13995.00000001	3.2794		2.91188     0.2    0.2		4.1705503158		-1.0
	14040.00000001	2.92454		2.8239     0.2    0.2		4.1705503158		-1.0
	14085.00000001	2.99663		2.858     0.2    0.2		4.1705503158		-1.0
	14130.00000001	2.81045		2.45922     0.2    0.2		4.1705503158		-1.0
	14175.00000001	3.36572		2.40269     0.2    0.2		4.1705503158		-1.0
	14220.00000001	3.33029		2.20932     0.2    0.2		4.1705503158		-1.0
	14265.00000000	3.27506		2.0032     0.2    0.2		4.1705503158		-1.0
	14310.00000000	3.36211		1.85003     0.2    0.2		4.1705503158		-1.0
	14355.00000000	3.35689		1.62801     0.2    0.2		4.1705503158		-1.0
	14400.00000000	3.37619		1.40828     0.2    0.2		4.1705503158		-1.0
	14445.00000000	3.32622		1.29104     0.2    0.2		4.1705503158		-1.0
	14490.00000000	3.21367		0.81644     0.2    0.2		4.1705503158		-1.0
	14535.00000000	3.30616		0.61068     0.2    0.2		4.1705503158		-1.0
	14580.00000000	3.29542		-0.08833     0.2    0.2		4.1705503158		-1.0
	14625.00000000	2.78742		-0.75414     0.2    0.2		4.1705503158		-1.0
	14670.00000000	2.76909		-1.31832     0.2    0.2		4.1705503158		-1.0
	14715.00000000	3.4106		-1.31639     0.2    0.2		4.1705503158		-1.0
	14760.00000000	2.74285		-1.93465     0.2    0.2		4.1705503158		-1.0
	14805.00000000	2.74097		-1.99062     0.2    0.2		4.1705503158		-1.0
	14850.00000000	2.70739		-2.40754     0.2    0.2		4.1705503158		-1.0
	14895.00000000	2.74203		-2.58402     0.2    0.2		4.1705503158		-1.0
	14940.00000000	2.71976		-3.03134     0.2    0.2		4.1705503158		-1.0
	14985.00000000	2.80665		3.06582     0.2    0.2		4.1705503158		-1.0
	15030.00000000	3.29991		2.7992     0.2    0.2		4.1705503158		-1.0
	15075.00000000	3.10693		2.39716     0.2    0.2		4.1705503158		-1.0
	15120.00000000	3.06108		2.10957     0.2    0.2		4.1705503158		-1.0
	15165.00000000	2.76858		2.01491     0.2    0.2		4.1705503158		-1.0
	15210.00000000	2.66992		1.52779     0.2    0.2		4.1705503158		-1.0
	15255.00000000	2.74487		1.45851     0.2    0.2		4.1705503158		-1.0
	15300.00000000	3.26775		1.2986     0.2    0.2		4.1705503158		-1.0
	15345.00000000	3.2407		1.24977     0.2    0.2		4.1705503158		-1.0
	15390.00000000	3.2678		0.71104     0.2    0.2		4.1705503158		-1.0
	15435.00000000	3.36137		0.56301     0.2    0.2		4.1705503158		-1.0
	15480.00000000	3.19094		-0.281     0.2    0.2		4.1705503158		-1.0
	15525.00000000	2.94412		-1.09396     0.2    0.2		4.1705503158		-1.0
	15570.00000000	3.16453		-1.31156     0.2    0.2		4.1705503158		-1.0
	15615.00000000	3.1572		-1.61151     0.2    0.2		4.1705503158		-1.0
	15660.00000000	3.27516		-1.98393     0.2    0.2		4.1705503158		-1.0
	15705.00000000	3.40604		-2.19268     0.2    0.2		4.1705503158		-1.0
	15750.00000000	2.88116		-2.28592     0.2    0.2		4.1705503158		-1.0
	15795.00000000	2.6865		-2.72924     0.2    0.2		4.1705503158		-1.0
	15840.00000000	2.61501		-2.4778     0.2    0.2		4.1705503158		-1.0
	15885.00000000	3.37131		-2.9777     0.2    0.2		4.1705503158		-1.0
	15930.00000000	3.23306		-2.99377     0.2    0.2		4.1705503158		-1.0
	15975.00000000	2.59377		3.10909     0.2    0.2		4.1705503158		-1.0
	16020.00000000	3.34721		2.72559     0.2    0.2		4.1705503158		-1.0
	16065.00000000	2.66724		2.45313     0.2    0.2		4.1705503158		-1.0
	16110.00000000	2.99882		2.37461     0.2    0.2		4.1705503158		-1.0
	16155.00000000	3.10041		1.92091     0.2    0.2		4.1705503158		-1.0
	16200.00000000	3.29064		1.73822     0.2    0.2		4.1705503158		-1.0
	16245.00000000	3.09944		1.6044     0.2    0.2		4.1705503158		-1.0
	16290.00000000	3.31413		1.42182     0.2    0.2		4.1705503158		-1.0
	16335.00000000	3.21876		1.13096     0.2    0.2		4.1705503158		-1.0
	16380.00000000	2.78107		1.2422     0.2    0.2		4.1705503158		-1.0
	16425.00000000	3.22104		0.71502     0.2    0.2		4.1705503158		-1.0
	16470.00000000	2.70653		0.26799     0.2    0.2		4.1705503158		-1.0
	16515.00000000	2.75366		-0.30123     0.2    0.2		4.1705503158		-1.0
	16560.00000000	2.73173		-0.83079     0.2    0.2		4.1705503158		-1.0
	16605.00000000	2.71088		-1.23641     0.2    0.2		4.1705503158		-1.0
	16650.00000000	2.78112		-1.64179     0.2    0.2		4.1705503158		-1.0
	16695.00000000	2.74087		-1.82503     0.2    0.2		4.1705503158		-1.0
	16740.00000000	2.7561		-2.10915     0.2    0.2		4.1705503158		-1.0
	16785.00000000	2.9121		-2.25999     0.2    0.2		4.1705503158		-1.0
	16830.00000000	2.73867		-2.58987     0.2    0.2		4.1705503158		-1.0
	16875.00000000	2.83943		-2.77024     0.2    0.2		4.1705503158		-1.0
	16920.00000000	2.77902		-3.03018     0.2    0.2		4.1705503158		-1.0
	16965.00000000	3.07353		2.87523     0.2    0.2		4.1705503158		-1.0
	17010.00000000	3.18923		2.50724     0.2    0.2		4.1705503158		-1.0
	17055.00000000	3.38028		2.15997     0.2    0.2		4.1705503158		-1.0
	17100.00000000	3.35529		1.70935     0.2    0.2		4.1705503158		-1.0
	17145.00000000	2.84173		1.67076     0.2    0.2		4.1705503158		-1.0
	17190.00000000	3.12819		1.14447     0.2    0.2		4.1705503158		-1.0
	17235.00000000	3.0893		0.88808     0.2    0.2		4.1705503158		-1.0
	17280.00000000	3.26728		0.07659     0.2    0.2		4.1705503158		-1.0
	17325.00000000	3.0325		-0.18058     0.2    0.2		4.1705503158		-1.0
	17370.00000000	2.85108		-0.98391     0.2    0.2		4.1705503158		-1.0
	17415.00000000	2.67753		-0.02339     0.2    0.2		4.1705503158		-1.0
	17460.00000000	2.77304		0.70521     0.2    0.2		4.1705503158		-1.0
	17505.00000000	3.39411		0.42218     0.2    0.2		4.1705503158		-1.0
	17550.00000000	2.89639		-0.433     0.2    0.2		4.1705503158		-1.0
	17595.00000000	2.69668		-0.63712     0.2    0.2		4.1705503158		-1.0
	17640.00000000	2.75616		-1.15188     0.2    0.2		4.1705503158		-1.0
	17685.00000000	2.72976		-1.03306     0.2    0.2		4.1705503158		-1.0
	17730.00000000	2.66217		-1.26748     0.2    0.2		4.1705503158		-1.0
	17775.00000000	2.70208		-0.56485     0.2    0.2		4.1705503158		-1.0
	17820.00000000	2.89084		-0.12459     0.2    0.2		4.1705503158		-1.0
	17865.00000000	2.70579		0.36076     0.2    0.2		4.1705503158		-1.0
	17910.00000000	2.77416		0.31801     0.2    0.2		4.1705503158		-1.0
	17955.00000000	2.77714		0.04489     0.2    0.2		4.1705503158		-1.0
	18000.00000000	2.6714		-0.35625     0.2    0.2		4.1705503158		-1.0
	18045.00000000	2.73415		-0.72138     0.2    0.2		4.1705503158		-1.0
	18090.00000000	2.8414		-0.35394     0.2    0.2		4.1705503158		-1.0
	18135.00000000	2.70962		0.30219     0.2    0.2		4.1705503158		-1.0
	18180.00000000	3.07229		0.19135     0.2    0.2		4.1705503158		-1.0
	18225.00000000	3.1449		-0.75957     0.2    0.2		4.1705503158		-1.0
	18270.00000000	2.92347		-0.60638     0.2    0.2		4.1705503158		-1.0
	18315.00000000	3.1738		-0.72083     0.2    0.2		4.1705503158		-1.0
	18360.00000000	3.27997		-0.80743     0.2    0.2		4.1705503158		-1.0
	18405.00000000	3.23546		-1.15036     0.2    0.2		4.1705503158		-1.0
	18450.00000000	3.24108		-1.55857     0.2    0.2		4.1705503158		-1.0
	18495.00000000	3.30082		-1.62068     0.2    0.2		4.1705503158		-1.0
	18540.00000000	3.27472		-1.84672     0.2    0.2		4.1705503158		-1.0
	18585.00000000	3.33513		-2.096     0.2    0.2		4.1705503158		-1.0
	18630.00000000	3.02531		-1.91551     0.2    0.2		4.1705503158		-1.0
	18675.00000000	2.86691		-2.19826     0.2    0.2		4.1705503158		-1.0
	18720.00000000	2.71006		-2.13537     0.2    0.2		4.1705503158		-1.0
	18765.00000000	3.23031		-2.48925     0.2    0.2		4.1705503158		-1.0
	18810.00000000	3.19737		-2.39953     0.2    0.2		4.1705503158		-1.0
	18855.00000000	2.62132		-2.6837     0.2    0.2		4.1705503158		-1.0
	18900.00000000	2.58857		-2.84784     0.2    0.2		4.1705503158		-1.0
	18945.00000000	3.3556		3.08989     0.2    0.2		4.1705503158		-1.0
	18990.00000000	3.29534		3.00152     0.2    0.2		4.1705503158		-1.0
	19035.00000000	3.0402		2.43282     0.2    0.2		4.1705503158		-1.0
	19080.00000000	2.68075		2.38018     0.2    0.2		4.1705503158		-1.0
	19125.00000000	2.78956		1.84288     0.2    0.2		4.1705503158		-1.0
	19170.00000000	2.78303		1.48778     0.2    0.2		4.1705503158		-1.0
	19215.00000000	2.79897		1.14438     0.2    0.2		4.1705503158		-1.0
	19260.00000000	2.84484		0.48567     0.2    0.2		4.1705503158		-1.0
	19305.00000000	2.60357		-0.14754     0.2    0.2		4.1705503158		-1.0
	19350.00000000	3.12555		-0.4612     0.2    0.2		4.1705503158		-1.0
	19395.00000000	2.70182		-0.59311     0.2    0.2		4.1705503158		-1.0
	19440.00000000	2.82766		-0.20811     0.2    0.2		4.1705503158		-1.0
	19485.00000000	2.70064		0.06756     0.2    0.2		4.1705503158		-1.0
	19530.00000000	2.82481		0.27696     0.2    0.2		4.1705503158		-1.0
	19575.00000000	3.24371		0.72795     0.2    0.2		4.1705503158		-1.0
	19620.00000000	3.22472		0.65035     0.2    0.2		4.1705503158		-1.0
	19665.00000000	3.18369		0.53156     0.2    0.2		4.1705503158		-1.0
	19710.00000000	3.09342		-0.09937     0.2    0.2		4.1705503158		-1.0
	19755.00000000	3.17208		0.02021     0.2    0.2		4.1705503158		-1.0
	19800.00000000	3.20525		0.19337     0.2    0.2		4.1705503158		-1.0
	19845.00000000	3.17076		0.20739     0.2    0.2		4.1705503158		-1.0
	19890.00000000	3.33065		0.29403     0.2    0.2		4.1705503158		-1.0
	19935.00000000	3.24683		0.07468     0.2    0.2		4.1705503158		-1.0
	19980.00000000	3.27384		-0.329     0.2    0.2		4.1705503158		-1.0
	20025.00000000	3.42297		-0.91477     0.2    0.2		4.1705503158		-1.0
	20070.00000000	3.33734		-1.26944     0.2    0.2		4.1705503158		-1.0
	20115.00000000	2.68693		-1.64496     0.2    0.2		4.1705503158		-1.0
	20160.00000000	2.6332		-2.06092     0.2    0.2		4.1705503158		-1.0
	20205.00000000	2.67342		-2.26908     0.2    0.2		4.1705503158		-1.0
	20250.00000000	2.76856		-2.67421     0.2    0.2		4.1705503158		-1.0
	20295.00000000	3.53313		-2.81     0.2    0.2		4.1705503158		-1.0
	20340.00000000	3.11882		-2.96658     0.2    0.2		4.1705503158		-1.0
	20385.00000000	2.5957		3.07119     0.2    0.2		4.1705503158		-1.0
	20430.00000000	3.5235		2.64679     0.2    0.2		4.1705503158		-1.0
	20475.00000000	2.98353		2.32678     0.2    0.2		4.1705503158		-1.0
	20520.00000000	3.07212		2.14509     0.2    0.2		4.1705503158		-1.0
	20565.00000000	3.51814		1.79359     0.2    0.2		4.1705503158		-1.0
	20610.00000000	2.67754		1.63818     0.2    0.2		4.1705503158		-1.0
	20655.00000000	2.73942		1.65204     0.2    0.2		4.1705503158		-1.0
	20700.00000000	2.74704		1.42387     0.2    0.2		4.1705503158		-1.0
	20744.99999999	3.14652		1.21939     0.2    0.2		4.1705503158		-1.0
	20789.99999999	3.11248		1.31871     0.2    0.2		4.1705503158		-1.0
	20834.99999999	2.98974		0.90579     0.2    0.2		4.1705503158		-1.0
	20879.99999999	3.53862		0.81809     0.2    0.2		4.1705503158		-1.0
	20924.99999999	3.32665		0.43841     0.2    0.2		4.1705503158		-1.0
	20969.99999999	3.45876		-0.30283     0.2    0.2		4.1705503158		-1.0
	21014.99999999	3.34133		-0.70864     0.2    0.2		4.1705503158		-1.0
	21059.99999999	3.38299		-1.14851     0.2    0.2		4.1705503158		-1.0
	21104.99999999	3.25909		-1.34112     0.2    0.2		4.1705503158		-1.0
	21149.99999999	3.40714		-1.73065     0.2    0.2		4.1705503158		-1.0
	21194.99999999	3.33581		-1.9169     0.2    0.2		4.1705503158		-1.0
	21239.99999999	3.43676		-1.93074     0.2    0.2		4.1705503158		-1.0
	21284.99999999	3.43699		-2.23958     0.2    0.2		4.1705503158		-1.0
	21329.99999999	3.27997		-2.67617     0.2    0.2		4.1705503158		-1.0
	21374.99999999	3.51358		-2.7555     0.2    0.2		4.1705503158		-1.0
	21419.99999999	3.12079		3.05898     0.2    0.2		4.1705503158		-1.0
	21464.99999999	2.73173		2.96032     0.2    0.2		4.1705503158		-1.0
	21509.99999999	3.42106		2.47541     0.2    0.2		4.1705503158		-1.0
	21554.99999999	3.24919		2.35613     0.2    0.2		4.1705503158		-1.0
	21599.99999999	3.1201		1.99021     0.2    0.2		4.1705503158		-1.0
	21644.99999999	3.48059		1.68895     0.2    0.2		4.1705503158		-1.0
	21689.99999999	3.28159		1.44549     0.2    0.2		4.1705503158		-1.0
	21734.99999999	3.30501		1.25223     0.2    0.2		4.1705503158		-1.0
	21779.99999999	3.38204		1.05136     0.2    0.2		4.1705503158		-1.0
	21824.99999999	3.39677		0.62682     0.2    0.2		4.1705503158		-1.0
	21869.99999999	3.32771		0.21152     0.2    0.2		4.1705503158		-1.0
	21914.99999999	3.37479		-0.30743     0.2    0.2		4.1705503158		-1.0
	21959.99999999	3.26945		-0.7409     0.2    0.2		4.1705503158		-1.0
	22004.99999999	3.32031		-1.27176     0.2    0.2		4.1705503158		-1.0
	22049.99999999	3.35587		-1.60675     0.2    0.2		4.1705503158		-1.0
	22094.99999999	3.42588		-1.949     0.2    0.2		4.1705503158		-1.0
	22139.99999999	3.38893		-2.17495     0.2    0.2		4.1705503158		-1.0
	22184.99999999	3.38928		-2.53836     0.2    0.2		4.1705503158		-1.0
	22229.99999999	3.27471		-2.92707     0.2    0.2		4.1705503158		-1.0
	22274.99999999	3.27813		3.03456     0.2    0.2		4.1705503158		-1.0
	22319.99999999	2.71065		2.68276     0.2    0.2		4.1705503158		-1.0
	22364.99999999	2.89396		2.48181     0.2    0.2		4.1705503158		-1.0
	22409.99999999	3.11666		1.7956     0.2    0.2		4.1705503158		-1.0
	22454.99999999	3.27964		2.05658     0.2    0.2		4.1705503158		-1.0
	22499.99999999	3.39833		1.26244     0.2    0.2		4.1705503158		-1.0
	22544.99999999	3.22527		1.57941     0.2    0.2		4.1705503158		-1.0
	22589.99999999	3.10017		0.88653     0.2    0.2		4.1705503158		-1.0
	22634.99999999	2.92912		0.26521     0.2    0.2		4.1705503158		-1.0
	22679.99999999	2.63954		0.0753     0.2    0.2		4.1705503158		-1.0
	22724.99999999	2.59462		-0.74164     0.2    0.2		4.1705503158		-1.0
	22769.99999999	2.77578		-1.04318     0.2    0.2		4.1705503158		-1.0
	22814.99999999	2.74845		-1.52404     0.2    0.2		4.1705503158		-1.0
	22859.99999999	2.57346		-1.93867     0.2    0.2		4.1705503158		-1.0
	22904.99999999	3.10505		-2.3019     0.2    0.2		4.1705503158		-1.0
	22949.99999999	2.97608		-2.74275     0.2    0.2		4.1705503158		-1.0
	22994.99999999	2.67495		-2.77904     0.2    0.2		4.1705503158		-1.0
	23039.99999999	2.80977		2.5879     0.2    0.2		4.1705503158		-1.0
	23084.99999999	2.77155		2.44372     0.2    0.2		4.1705503158		-1.0
	23129.99999999	2.76943		2.08772     0.2    0.2		4.1705503158		-1.0
	23174.99999999	2.66162		1.7397     0.2    0.2		4.1705503158		-1.0
	23219.99999999	2.59146		1.63761     0.2    0.2		4.1705503158		-1.0
	23264.99999999	2.62289		1.47509     0.2    0.2		4.1705503158		-1.0
	23309.99999999	2.6498		0.90917     0.2    0.2		4.1705503158		-1.0
	23354.99999999	2.74212		0.59834     0.2    0.2		4.1705503158		-1.0
	23399.99999999	2.65567		0.22879     0.2    0.2		4.1705503158		-1.0
	23444.99999999	2.74743		-0.42634     0.2    0.2		4.1705503158		-1.0
	23489.99999999	2.64956		0.05179     0.2    0.2		4.1705503158		-1.0
	23534.99999999	2.63832		0.48475     0.2    0.2		4.1705503158		-1.0
	23579.99999999	2.70343		-0.00518     0.2    0.2		4.1705503158		-1.0
	23624.99999999	2.69049		-0.23354     0.2    0.2		4.1705503158		-1.0
	23669.99999999	2.67271		-0.5561     0.2    0.2		4.1705503158		-1.0
	23714.99999999	2.70752		-1.19389     0.2    0.2		4.1705503158		-1.0
	23759.99999999	2.78042		-1.66563     0.2    0.2		4.1705503158		-1.0
	23804.99999999	2.68171		-2.30668     0.2    0.2		4.1705503158		-1.0
	23849.99999999	2.70283		-2.35886     0.2    0.2		4.1705503158		-1.0
	23894.99999999	2.7031		-2.84393     0.2    0.2		4.1705503158		-1.0
	23939.99999999	3.1317		-2.6748     0.2    0.2		4.1705503158		-1.0
	23984.99999999	3.11791		-2.96228     0.2    0.2		4.1705503158		-1.0
	24029.99999999	2.72506		-3.07646     0.2    0.2		4.1705503158		-1.0
	24074.99999999	2.68216		-2.89034     0.2    0.2		4.1705503158		-1.0
	24119.99999999	2.70546		3.11029     0.2    0.2		4.1705503158		-1.0
	24164.99999999	2.76523		2.59457     0.2    0.2		4.1705503158		-1.0
	24209.99999999	2.66577		2.40411     0.2    0.2		4.1705503158		-1.0
	24254.99999999	2.6839		2.07649     0.2    0.2		4.1705503158		-1.0
	24299.99999999	2.67611		1.7791     0.2    0.2		4.1705503158		-1.0
	24344.99999999	2.79694		1.79943     0.2    0.2		4.1705503158		-1.0
	24389.99999999	2.7047		2.00087     0.2    0.2		4.1705503158		-1.0
	24434.99999999	2.57022		2.11338     0.2    0.2		4.1705503158		-1.0
	24479.99999999	2.73062		2.23549     0.2    0.2		4.1705503158		-1.0
	24524.99999999	2.74548		2.4158     0.2    0.2		4.1705503158		-1.0
	24569.99999999	2.74903		2.74796     0.2    0.2		4.1705503158		-1.0
	24614.99999999	3.28942		3.06603     0.2    0.2		4.1705503158		-1.0
	24659.99999999	3.09302		-3.01002     0.2    0.2		4.1705503158		-1.0
	24704.99999999	2.86946		-3.03247     0.2    0.2		4.1705503158		-1.0
	24749.99999999	2.74227		-3.13055     0.2    0.2		4.1705503158		-1.0
	24794.99999999	2.61707		2.735     0.2    0.2		4.1705503158		-1.0
	24839.99999999	2.68638		2.39679     0.2    0.2		4.1705503158		-1.0
	24884.99999999	2.73298		1.87462     0.2    0.2		4.1705503158		-1.0
	24929.99999999	2.90062		1.64044     0.2    0.2		4.1705503158		-1.0
	24974.99999999	3.23948		1.90991     0.2    0.2		4.1705503158		-1.0
	25019.99999999	3.47742		1.91288     0.2    0.2		4.1705503158		-1.0
	25064.99999999	3.37785		2.04606     0.2    0.2		4.1705503158		-1.0
	25109.99999999	3.22223		2.35644     0.2    0.2		4.1705503158		-1.0
	25154.99999999	3.31931		2.70095     0.2    0.2		4.1705503158		-1.0
	25199.99999999	3.3267		2.71739     0.2    0.2		4.1705503158		-1.0
	25244.99999999	3.47357		2.30174     0.2    0.2		4.1705503158		-1.0
	25289.99999999	3.5667		2.12048     0.2    0.2		4.1705503158		-1.0
	25334.99999999	3.28012		2.43652     0.2    0.2		4.1705503158		-1.0
	25379.99999999	3.2731		2.47504     0.2    0.2		4.1705503158		-1.0
	25424.99999999	3.44609		2.44395     0.2    0.2		4.1705503158		-1.0
	25469.99999999	3.26051		2.64346     0.2    0.2		4.1705503158		-1.0
	25514.99999999	3.52024		2.61774     0.2    0.2		4.1705503158		-1.0
	25559.99999999	3.84508		2.6895     0.2    0.2		4.1705503158		-1.0
	25604.99999999	2.96572		2.68199     0.2    0.2		4.1705503158		-1.0
	25649.99999999	3.67872		2.90818     0.2    0.2		4.1705503158		-1.0
	25694.99999999	2.58963		2.79362     0.2    0.2		4.1705503158		-1.0
	25739.99999999	2.74273		2.67708     0.2    0.2		4.1705503158		-1.0
	25784.99999999	2.77809		2.83481     0.2    0.2		4.1705503158		-1.0
	25829.99999999	2.73106		2.87407     0.2    0.2		4.1705503158		-1.0
	25874.99999999	3.53786		-2.97169     0.2    0.2		4.1705503158		-1.0
	25919.99999999	3.5976		-3.12993     0.2    0.2		4.1705503158		-1.0
	25964.99999999	3.2741		-3.02017     0.2    0.2		4.1705503158		-1.0
	26009.99999999	3.61866		3.12324     0.2    0.2		4.1705503158		-1.0
	26054.99999999	3.37122		2.92682     0.2    0.2		4.1705503158		-1.0
	26099.99999999	2.96786		2.7532     0.2    0.2		4.1705503158		-1.0
	26144.99999999	3.46689		2.74045     0.2    0.2		4.1705503158		-1.0
	26189.99999999	3.06675		2.60258     0.2    0.2		4.1705503158		-1.0
	26234.99999999	3.51327		2.33366     0.2    0.2		4.1705503158		-1.0
	26279.99999999	3.25022		2.04566     0.2    0.2		4.1705503158		-1.0
	26324.99999999	2.94075		1.89684     0.2    0.2		4.1705503158		-1.0
	26369.99999999	2.88825		1.86343     0.2    0.2		4.1705503158		-1.0
	26414.99999999	3.7837		1.27276     0.2    0.2		4.1705503158		-1.0
	26459.99999999	3.30476		1.45204     0.2    0.2		4.1705503158		-1.0
	26504.99999999	3.24638		0.99967     0.2    0.2		4.1705503158		-1.0
	26549.99999999	3.36099		0.79745     0.2    0.2		4.1705503158		-1.0
	26594.99999999	3.56695		0.24129     0.2    0.2		4.1705503158		-1.0
	26639.99999999	3.49551		-0.18868     0.2    0.2		4.1705503158		-1.0
	26684.99999999	3.49534		-0.94765     0.2    0.2		4.1705503158		-1.0
	26729.99999999	3.20224		-1.04178     0.2    0.2		4.1705503158		-1.0
	26774.99999999	3.43963		-1.38897     0.2    0.2		4.1705503158		-1.0
	26819.99999999	3.54736		-1.54197     0.2    0.2		4.1705503158		-1.0
	26864.99999999	2.54946		-1.63891     0.2    0.2		4.1705503158		-1.0
	26909.99999999	3.689		-2.04785     0.2    0.2		4.1705503158		-1.0
	26954.99999999	3.41205		-2.14671     0.2    0.2		4.1705503158		-1.0
	26999.99999999	3.4022		-2.40649     0.2    0.2		4.1705503158		-1.0
	27044.99999999	3.39704		-2.59049     0.2    0.2		4.1705503158		-1.0
	27089.99999999	3.52679		-2.91812     0.2    0.2		4.1705503158		-1.0
	27134.99999999	2.63986		3.05878     0.2    0.2		4.1705503158		-1.0
	27179.99999999	3.6366		2.86462     0.2    0.2		4.1705503158		-1.0
	27224.99999998	4.19367		2.35446     0.2    0.2		4.1705503158		-1.0
	27269.99999998	6.07709		2.13782     0.2    0.2		4.1705503158		-1.0
	27314.99999998	7.83276		1.77283     0.2    0.2		4.1705503158		-1.0
	27359.99999998	9.47096		1.72428     0.2    0.2		4.1705503158		-1.0
	27404.99999998	11.16932		1.69443     0.2    0.2		4.1705503158		-1.0
	27449.99999998	12.34697		1.90287     0.2    0.2		4.1705503158		-1.0
	27494.99999998	13.37929		2.08038     0.2    0.2		4.1705503158		-1.0
	27539.99999998	13.95657		2.58535     0.2    0.2		4.1705503158		-1.0
	27584.99999998	14.7681		-1.85095     0.2    0.2		4.1705503158		-1.0
	27629.99999998	14.92139		-1.1855     0.2    0.2		4.1705503158		-1.0
	27674.99999998	15.38205		-0.83807     0.2    0.2		4.1705503158		-1.0
	27719.99999998	15.89914		-0.74899     0.2    0.2		4.1705503158		-1.0
	27764.99999998	16.74159		-0.56715     0.2    0.2		4.1705503158		-1.0
	27809.99999998	17.70901		-0.56557     0.2    0.2		4.1705503158		-1.0
	27854.99999998	18.79626		-0.50166     0.2    0.2		4.1705503158		-1.0
	27899.99999998	19.79828		-0.70548     0.2    0.2		4.1705503158		-1.0
	27944.99999998	20.94097		-1.07782     0.2    0.2		4.1705503158		-1.0
	27989.99999998	21.78198		-1.60307     0.2    0.2		4.1705503158		-1.0
	28034.99999998	22.51945		-2.37191     0.2    0.2		4.1705503158		-1.0
	28079.99999998	21.82505		-3.13963     0.2    0.2		4.1705503158		-1.0
	28124.99999998	21.33704		2.60937     0.2    0.2		4.1705503158		-1.0
	28169.99999998	20.58521		-2.27309     0.2    0.2		4.1705503158		-1.0
	28214.99999998	19.95528		-1.66419     0.2    0.2		4.1705503158		-1.0
	28259.99999998	18.97271		-0.8685     0.2    0.2		4.1705503158		-1.0
	28304.99999998	17.88328		-0.50039     0.2    0.2		4.1705503158		-1.0
	28349.99999998	16.58775		-0.50474     0.2    0.2		4.1705503158		-1.0
	28394.99999998	15.29012		-0.35975     0.2    0.2		4.1705503158		-1.0
	28439.99999998	13.91591		-0.14807     0.2    0.2		4.1705503158		-1.0
	28484.99999998	12.63526		-0.0503     0.2    0.2		4.1705503158		-1.0
	28529.99999998	11.48382		0.03935     0.2    0.2		4.1705503158		-1.0
	28574.99999998	10.38137		0.05174     0.2    0.2		4.1705503158		-1.0
	28619.99999998	9.48926		0.0204     0.2    0.2		4.1705503158		-1.0
	28664.99999998	8.57871		-0.37392     0.2    0.2		4.1705503158		-1.0
	28709.99999998	8.12457		-1.90494     0.2    0.2		4.1705503158		-1.0
	28754.99999998	7.59583		-2.40974     0.2    0.2		4.1705503158		-1.0
	28799.99999998	7.0173		-2.64749     0.2    0.2		4.1705503158		-1.0
	28844.99999998	6.42467		-2.82391     0.2    0.2		4.1705503158		-1.0
	28889.99999998	5.99971		3.0867     0.2    0.2		4.1705503158		-1.0
	28934.99999998	6.57513		2.47071     0.2    0.2		4.1705503158		-1.0
	28979.99999998	7.87671		1.95413     0.2    0.2		4.1705503158		-1.0
	29024.99999998	9.39917		1.31554     0.2    0.2		4.1705503158		-1.0
	29069.99999998	10.92183		1.05676     0.2    0.2		4.1705503158		-1.0
	29114.99999998	12.5291		0.75559     0.2    0.2		4.1705503158		-1.0
	29159.99999998	14.0233		0.74263     0.2    0.2		4.1705503158		-1.0
	29204.99999998	15.44326		0.61978     0.2    0.2		4.1705503158		-1.0
	29249.99999998	16.97406		0.62923     0.2    0.2		4.1705503158		-1.0
	29294.99999998	18.31496		0.61881     0.2    0.2		4.1705503158		-1.0
	29339.99999998	19.66955		0.63889     0.2    0.2		4.1705503158		-1.0
	29384.99999998	21.20293		0.70889     0.2    0.2		4.1705503158		-1.0
	29429.99999998	22.421		0.72418     0.2    0.2		4.1705503158		-1.0
	29474.99999998	23.8854		0.84555     0.2    0.2		4.1705503158		-1.0
	29519.99999998	25.29069		0.93013     0.2    0.2		4.1705503158		-1.0
	29564.99999998	26.53772		1.02144     0.2    0.2		4.1705503158		-1.0
	29609.99999998	27.69363		1.06107     0.2    0.2		4.1705503158		-1.0
	29654.99999998	28.81909		1.0706     0.2    0.2		4.1705503158		-1.0
	29699.99999998	29.43582		1.06977     0.2    0.2		4.1705503158		-1.0
	29744.99999998	29.11956		0.88697     0.2    0.2		4.1705503158		-1.0
	29789.99999998	28.51647		0.5135     0.2    0.2		4.1705503158		-1.0
	29834.99999998	27.78751		0.87797     0.2    0.2		4.1705503158		-1.0
	29879.99999998	27.13659		1.15265     0.2    0.2		4.1705503158		-1.0
	29924.99999998	26.52383		1.62063     0.2    0.2		4.1705503158		-1.0
	29969.99999998	25.97094		1.61117     0.2    0.2		4.1705503158		-1.0
	30014.99999998	25.4623		1.14936     0.2    0.2		4.1705503158		-1.0
	30059.99999998	24.47532		0.99241     0.2    0.2		4.1705503158		-1.0
	30104.99999998	23.75087		-0.46953     0.2    0.2		4.1705503158		-1.0
	30149.99999998	22.85955		-1.11997     0.2    0.2		4.1705503158		-1.0
	30194.99999998	22.20363		-1.73185     0.2    0.2		4.1705503158		-1.0
	30239.99999998	21.28322		-2.17703     0.2    0.2		4.1705503158		-1.0
	30284.99999998	20.5549		-2.6936     0.2    0.2		4.1705503158		-1.0
	30329.99999998	19.59224		-3.01796     0.2    0.2		4.1705503158		-1.0
	30374.99999998	18.62086		2.57492     0.2    0.2		4.1705503158		-1.0
	30419.99999998	17.60374		1.64166     0.2    0.2		4.1705503158		-1.0
	30464.99999998	16.64554		0.08386     0.2    0.2		4.1705503158		-1.0
	30509.99999998	16.06291		-0.86584     0.2    0.2		4.1705503158		-1.0
	30554.99999998	15.51907		-1.94276     0.2    0.2		4.1705503158		-1.0
	30599.99999998	15.54768		-2.55682     0.2    0.2		4.1705503158		-1.0
	30644.99999998	15.31911		2.89275     0.2    0.2		4.1705503158		-1.0
	30689.99999998	15.3502		2.14442     0.2    0.2		4.1705503158		-1.0
	30734.99999998	15.06289		1.31308     0.2    0.2		4.1705503158		-1.0
	30779.99999998	14.60338		0.53879     0.2    0.2		4.1705503158		-1.0
	30824.99999998	13.84902		-0.06666     0.2    0.2		4.1705503158		-1.0
	30869.99999998	13.08798		-0.02677     0.2    0.2		4.1705503158		-1.0
	30914.99999998	12.80255		1.19071     0.2    0.2		4.1705503158		-1.0
	30959.99999998	12.87658		0.37255     0.2    0.2		4.1705503158		-1.0
	31004.99999998	13.34198		-0.09288     0.2    0.2		4.1705503158		-1.0
	31049.99999998	13.72686		-0.82924     0.2    0.2		4.1705503158		-1.0
	31094.99999998	14.15732		-1.09738     0.2    0.2		4.1705503158		-1.0
	31139.99999998	14.64493		-1.19907     0.2    0.2		4.1705503158		-1.0
	31184.99999998	14.96048		-0.6359     0.2    0.2		4.1705503158		-1.0
	31229.99999998	15.74853		0.54077     0.2    0.2		4.1705503158		-1.0
	31274.99999998	16.98457		0.62053     0.2    0.2		4.1705503158		-1.0
	31319.99999998	18.45945		0.3765     0.2    0.2		4.1705503158		-1.0
	31364.99999998	19.44293		-0.26979     0.2    0.2		4.1705503158		-1.0
	31409.99999998	20.48563		-0.89552     0.2    0.2		4.1705503158		-1.0
	31454.99999998	21.474		-0.98496     0.2    0.2		4.1705503158		-1.0
	31499.99999998	22.89143		-0.76155     0.2    0.2		4.1705503158		-1.0
	31544.99999998	24.22862		-0.62063     0.2    0.2		4.1705503158		-1.0
	31589.99999998	25.56883		-0.35058     0.2    0.2		4.1705503158		-1.0
	31634.99999998	27.02238		-0.28745     0.2    0.2		4.1705503158		-1.0
	31679.99999998	28.15625		0.57454     0.2    0.2		4.1705503158		-1.0
	31724.99999998	28.10552		1.83281     0.2    0.2		4.1705503158		-1.0
	31769.99999998	27.21106		2.05899     0.2    0.2		4.1705503158		-1.0
	31814.99999998	26.81928		-2.48103     0.2    0.2		4.1705503158		-1.0
	31859.99999998	26.21508		-2.22515     0.2    0.2		4.1705503158		-1.0
	31904.99999998	25.71648		-1.91788     0.2    0.2		4.1705503158		-1.0
	31949.99999998	24.86554		-1.56147     0.2    0.2		4.1705503158		-1.0
	31994.99999998	24.43165		-1.29841     0.2    0.2		4.1705503158		-1.0
	32039.99999998	23.65195		-0.91374     0.2    0.2		4.1705503158		-1.0
	32084.99999998	23.13941		-0.63069     0.2    0.2		4.1705503158		-1.0
	32129.99999998	22.62644		0.19442     0.2    0.2		4.1705503158		-1.0
	32174.99999998	22.68363		1.07206     0.2    0.2		4.1705503158		-1.0
	32219.99999998	23.10597		2.16051     0.2    0.2		4.1705503158		-1.0
	32264.99999998	23.92195		2.65919     0.2    0.2		4.1705503158		-1.0
	32309.99999998	24.98414		2.82505     0.2    0.2		4.1705503158		-1.0
	32354.99999998	25.87842		2.67298     0.2    0.2		4.1705503158		-1.0
	32399.99999998	26.76065		2.29212     0.2    0.2		4.1705503158		-1.0
	32444.99999998	26.86843		-2.78602     0.2    0.2		4.1705503158		-1.0
	32489.99999998	27.16728		-1.80985     0.2    0.2		4.1705503158		-1.0
	32534.99999998	26.94857		-1.03603     0.2    0.2		4.1705503158		-1.0
	32579.99999998	26.60818		-0.48155     0.2    0.2		4.1705503158		-1.0
	32624.99999998	26.23699		-0.13763     0.2    0.2		4.1705503158		-1.0
	32669.99999998	25.59061		0.17522     0.2    0.2		4.1705503158		-1.0
	32714.99999998	24.84028		-0.12565     0.2    0.2		4.1705503158		-1.0
	32759.99999998	24.01881		-0.22165     0.2    0.2		4.1705503158		-1.0
	32804.99999998	22.96634		0.17816     0.2    0.2		4.1705503158		-1.0
	32849.99999998	22.1799		0.37126     0.2    0.2		4.1705503158		-1.0
	32894.99999998	21.13831		0.67356     0.2    0.2		4.1705503158		-1.0
	32939.99999998	20.16282		0.64256     0.2    0.2		4.1705503158		-1.0
	32984.99999998	19.29912		0.46665     0.2    0.2		4.1705503158		-1.0
	33029.99999998	18.97456		-0.56138     0.2    0.2		4.1705503158		-1.0
	33074.99999998	19.02524		-1.16823     0.2    0.2		4.1705503158		-1.0
	33119.99999998	19.94881		-1.18197     0.2    0.2		4.1705503158		-1.0
	33164.99999998	21.12372		-1.65977     0.2    0.2		4.1705503158		-1.0
	33209.99999998	22.29258		-2.18308     0.2    0.2		4.1705503158		-1.0
	33254.99999998	22.57342		2.82496     0.2    0.2		4.1705503158		-1.0
	33299.99999998	22.57664		2.13591     0.2    0.2		4.1705503158		-1.0
	33344.99999998	22.00726		2.30739     0.2    0.2		4.1705503158		-1.0
	33389.99999998	21.25406		2.53677     0.2    0.2		4.1705503158		-1.0
	33434.99999998	20.16151		3.07289     0.2    0.2		4.1705503158		-1.0
	33479.99999998	19.50066		-2.61537     0.2    0.2		4.1705503158		-1.0
	33524.99999998	18.9812		-1.6159     0.2    0.2		4.1705503158		-1.0
	33569.99999998	18.60028		1.24932     0.2    0.2		4.1705503158		-1.0
	33614.99999998	17.7535		1.51109     0.2    0.2		4.1705503158		-1.0
	33659.99999998	16.73443		1.85037     0.2    0.2		4.1705503158		-1.0
	33704.99999998	15.40071		2.0424     0.2    0.2		4.1705503158		-1.0
	33749.99999997	14.01263		2.00454     0.2    0.2		4.1705503158		-1.0
	33794.99999997	12.57757		0.60077     0.2    0.2		4.1705503158		-1.0
	33839.99999997	11.04149		0.64199     0.2    0.2		4.1705503158		-1.0
	33884.99999997	9.29932		0.65628     0.2    0.2		4.1705503158		-1.0
	33929.99999997	7.78159		0.66443     0.2    0.2		4.1705503158		-1.0
	33974.99999997	7.07254		0.5184     0.2    0.2		4.1705503158		-1.0
	34019.99999997	7.78676		0.36468     0.2    0.2		4.1705503158		-1.0
	34064.99999997	9.01742		0.15845     0.2    0.2		4.1705503158		-1.0
	34109.99999997	10.29052		-0.06202     0.2    0.2		4.1705503158		-1.0
	34154.99999997	11.81253		-0.32481     0.2    0.2		4.1705503158		-1.0
	34199.99999997	13.40455		-0.49557     0.2    0.2		4.1705503158		-1.0
	34244.99999997	14.84148		-0.66499     0.2    0.2		4.1705503158		-1.0
	34289.99999997	16.05835		-0.72481     0.2    0.2		4.1705503158		-1.0
	34334.99999997	17.08632		-0.68682     0.2    0.2		4.1705503158		-1.0
	34379.99999997	18.09209		-0.77625     0.2    0.2		4.1705503158		-1.0
	34424.99999997	18.91327		-1.24728     0.2    0.2		4.1705503158		-1.0
	34469.99999997	19.85746		-2.63706     0.2    0.2		4.1705503158		-1.0
	34514.99999997	20.84291		2.8849     0.2    0.2		4.1705503158		-1.0
	34559.99999997	22.12619		2.75387     0.2    0.2		4.1705503158		-1.0
	34604.99999997	22.92826		-2.61089     0.2    0.2		4.1705503158		-1.0
	34649.99999997	23.75587		-1.54105     0.2    0.2		4.1705503158		-1.0
	34694.99999997	23.46696		-1.51053     0.2    0.2		4.1705503158		-1.0
	34739.99999997	22.92061		-1.46109     0.2    0.2		4.1705503158		-1.0
	34784.99999997	21.46917		-1.26285     0.2    0.2		4.1705503158		-1.0
	34829.99999997	20.26575		-0.92615     0.2    0.2		4.1705503158		-1.0
	34874.99999997	18.97048		-0.29507     0.2    0.2		4.1705503158		-1.0
	34919.99999997	17.87696		0.1189     0.2    0.2		4.1705503158		-1.0
	34964.99999997	17.30221		0.49676     0.2    0.2		4.1705503158		-1.0
	35009.99999997	17.5117		0.84016     0.2    0.2		4.1705503158		-1.0
	35054.99999997	18.18678		1.1055     0.2    0.2		4.1705503158		-1.0
	35099.99999997	19.43306		1.40879     0.2    0.2		4.1705503158		-1.0
	35144.99999997	20.55975		1.8585     0.2    0.2		4.1705503158		-1.0
	35189.99999997	21.87488		1.42186     0.2    0.2		4.1705503158		-1.0
	35234.99999997	22.64522		1.03219     0.2    0.2		4.1705503158		-1.0
	35279.99999997	23.52604		1.45793     0.2    0.2		4.1705503158		-1.0
	35324.99999997	24.73365		2.08266     0.2    0.2		4.1705503158		-1.0
	35369.99999997	25.98583		2.63216     0.2    0.2		4.1705503158		-1.0
	35414.99999997	27.61618		-3.06477     0.2    0.2		4.1705503158		-1.0
	35459.99999997	28.85832		-2.42027     0.2    0.2		4.1705503158		-1.0
	35504.99999997	30.11086		-1.44102     0.2    0.2		4.1705503158		-1.0
	35549.99999997	29.36995		-0.25203     0.2    0.2		4.1705503158		-1.0
	35594.99999997	28.92013		0.55943     0.2    0.2		4.1705503158		-1.0
	35639.99999997	28.42191		0.89925     0.2    0.2		4.1705503158		-1.0
	35684.99999997	27.95902		1.75322     0.2    0.2		4.1705503158		-1.0
	35729.99999997	27.48777		1.67516     0.2    0.2		4.1705503158		-1.0
	35774.99999997	26.89519		1.69273     0.2    0.2		4.1705503158		-1.0
	35819.99999997	26.01987		1.54825     0.2    0.2		4.1705503158		-1.0
	35864.99999997	25.79028		0.79827     0.2    0.2		4.1705503158		-1.0
	35909.99999997	25.47674		-1.83167     0.2    0.2		4.1705503158		-1.0
	35954.99999997	25.62434		-2.50381     0.2    0.2		4.1705503158		-1.0
	35999.99999997	25.68024		-3.09724     0.2    0.2		4.1705503158		-1.0
	36044.99999997	25.382		2.28728     0.2    0.2		4.1705503158		-1.0
	36089.99999997	24.57093		1.48898     0.2    0.2		4.1705503158		-1.0
	36134.99999997	23.34674		1.13147     0.2    0.2		4.1705503158		-1.0
	36179.99999997	22.18444		0.9136     0.2    0.2		4.1705503158		-1.0
	36224.99999997	20.89111		1.30346     0.2    0.2		4.1705503158		-1.0
	36269.99999997	19.74348		1.953     0.2    0.2		4.1705503158		-1.0
	36314.99999997	19.10467		2.42577     0.2    0.2		4.1705503158		-1.0
	36359.99999997	18.75052		2.85256     0.2    0.2		4.1705503158		-1.0
	36404.99999997	18.54039		2.66206     0.2    0.2		4.1705503158		-1.0
	36449.99999997	17.58873		2.58449     0.2    0.2		4.1705503158		-1.0
	36494.99999997	16.339		2.31857     0.2    0.2		4.1705503158		-1.0
	36539.99999997	14.89949		2.13364     0.2    0.2		4.1705503158		-1.0
	36584.99999997	13.62841		1.7774     0.2    0.2		4.1705503158		-1.0
	36629.99999997	12.10023		1.45195     0.2    0.2		4.1705503158		-1.0
	36674.99999997	11.15616		0.79849     0.2    0.2		4.1705503158		-1.0
	36719.99999997	10.34055		0.01331     0.2    0.2		4.1705503158		-1.0
	36764.99999997	10.3545		-1.1757     0.2    0.2		4.1705503158		-1.0
	36809.99999997	10.72204		-1.95749     0.2    0.2		4.1705503158		-1.0
	36854.99999997	11.28612		-2.97464     0.2    0.2		4.1705503158		-1.0
	36899.99999997	12.00855		2.52287     0.2    0.2		4.1705503158		-1.0
	36944.99999997	12.37422		1.9489     0.2    0.2		4.1705503158		-1.0
	36989.99999997	13.06271		1.73563     0.2    0.2		4.1705503158		-1.0
	37034.99999997	13.64309		1.50113     0.2    0.2		4.1705503158		-1.0
	37079.99999997	14.58729		1.16205     0.2    0.2		4.1705503158		-1.0
	37124.99999997	15.02582		0.86668     0.2    0.2		4.1705503158		-1.0
	37169.99999997	15.55589		0.52106     0.2    0.2		4.1705503158		-1.0
	37214.99999997	15.52665		0.05147     0.2    0.2		4.1705503158		-1.0
	37259.99999997	15.29792		-0.77317     0.2    0.2		4.1705503158		-1.0
	37304.99999997	15.15298		-1.55361     0.2    0.2		4.1705503158		-1.0
	37349.99999997	15.13028		-2.50781     0.2    0.2		4.1705503158		-1.0
	37394.99999997	15.20125		2.91162     0.2    0.2		4.1705503158		-1.0
	37439.99999997	14.64383		2.22597     0.2    0.2		4.1705503158		-1.0
	37484.99999997	13.87186		1.90351     0.2    0.2		4.1705503158		-1.0
	37529.99999997	13.1527		1.26772     0.2    0.2		4.1705503158		-1.0
	37574.99999997	12.14147		0.90557     0.2    0.2		4.1705503158		-1.0
	37619.99999997	11.12352		0.38134     0.2    0.2		4.1705503158		-1.0
	37664.99999997	10.54428		0.30126     0.2    0.2		4.1705503158		-1.0
	37709.99999997	10.8497		0.58635     0.2    0.2		4.1705503158		-1.0
	37754.99999997	11.53928		0.62287     0.2    0.2		4.1705503158		-1.0
	37799.99999997	12.51751		0.7372     0.2    0.2		4.1705503158		-1.0
	37844.99999997	13.71507		0.53998     0.2    0.2		4.1705503158		-1.0
	37889.99999997	15.03398		0.21764     0.2    0.2		4.1705503158		-1.0
	37934.99999997	15.41353		-0.38158     0.2    0.2		4.1705503158		-1.0
	37979.99999997	16.29126		-2.48694     0.2    0.2		4.1705503158		-1.0
	38024.99999997	16.16805		2.60823     0.2    0.2		4.1705503158		-1.0
	38069.99999997	15.93748		2.37265     0.2    0.2		4.1705503158		-1.0
	38114.99999997	15.07049		2.28139     0.2    0.2		4.1705503158		-1.0
	38159.99999997	13.94001		2.43267     0.2    0.2		4.1705503158		-1.0
	38204.99999997	12.75983		2.85106     0.2    0.2		4.1705503158		-1.0
	38249.99999997	11.7552		-2.88047     0.2    0.2		4.1705503158		-1.0
	38294.99999997	11.43641		-2.68378     0.2    0.2		4.1705503158		-1.0
	38339.99999997	11.36247		-2.22926     0.2    0.2		4.1705503158		-1.0
	38384.99999997	11.0397		-2.50674     0.2    0.2		4.1705503158		-1.0
	38429.99999997	10.74582		-2.7399     0.2    0.2		4.1705503158		-1.0
	38474.99999997	9.27585		2.99222     0.2    0.2		4.1705503158		-1.0
	38519.99999997	8.45492		1.96574     0.2    0.2		4.1705503158		-1.0
	38564.99999997	8.10326		1.24366     0.2    0.2		4.1705503158		-1.0
	38609.99999997	8.2301		0.08552     0.2    0.2		4.1705503158		-1.0
	38654.99999997	8.7241		-1.1114     0.2    0.2		4.1705503158		-1.0
	38699.99999997	9.7128		-1.29234     0.2    0.2		4.1705503158		-1.0
	38744.99999997	11.38484		-1.29716     0.2    0.2		4.1705503158		-1.0
	38789.99999997	13.24945		-0.98083     0.2    0.2		4.1705503158		-1.0
	38834.99999997	14.8458		-0.92141     0.2    0.2		4.1705503158		-1.0
	38879.99999997	16.24381		-1.32986     0.2    0.2		4.1705503158		-1.0
	38924.99999997	17.46669		-1.41083     0.2    0.2		4.1705503158		-1.0
	38969.99999997	18.85059		-1.38401     0.2    0.2		4.1705503158		-1.0
	39014.99999997	19.99176		-1.28085     0.2    0.2		4.1705503158		-1.0
	39059.99999997	21.43852		-1.38562     0.2    0.2		4.1705503158		-1.0
	39104.99999997	22.55363		-1.52393     0.2    0.2		4.1705503158		-1.0
	39149.99999997	23.50253		-1.83883     0.2    0.2		4.1705503158		-1.0
	39194.99999997	23.99789		-2.15726     0.2    0.2		4.1705503158		-1.0
	39239.99999997	24.62251		2.43833     0.2    0.2		4.1705503158		-1.0
	39284.99999997	25.14895		0.42006     0.2    0.2		4.1705503158		-1.0
	39329.99999997	25.60249		-0.78099     0.2    0.2		4.1705503158		-1.0
	39374.99999997	25.67104		-1.6226     0.2    0.2		4.1705503158		-1.0
	39419.99999997	25.59298		-2.21506     0.2    0.2		4.1705503158		-1.0
	39464.99999997	25.20035		-2.76612     0.2    0.2		4.1705503158		-1.0
	39509.99999997	24.319		2.71953     0.2    0.2		4.1705503158		-1.0
	39554.99999997	23.65577		1.86101     0.2    0.2		4.1705503158		-1.0
	39599.99999997	23.54586		-0.04154     0.2    0.2		4.1705503158		-1.0
	39644.99999997	23.33297		-1.62212     0.2    0.2		4.1705503158		-1.0
	39689.99999997	23.59645		3.14146     0.2    0.2		4.1705503158		-1.0
	39734.99999997	23.54826		1.86864     0.2    0.2		4.1705503158		-1.0
	39779.99999997	24.3418		0.6997     0.2    0.2		4.1705503158		-1.0
	39824.99999997	25.04262		1.27689     0.2    0.2		4.1705503158		-1.0
	39869.99999997	26.28577		2.02042     0.2    0.2		4.1705503158		-1.0
	39914.99999997	27.66247		1.81399     0.2    0.2		4.1705503158		-1.0
	39959.99999997	29.14765		1.50077     0.2    0.2		4.1705503158		-1.0
	40004.99999997	30.28809		0.87965     0.2    0.2		4.1705503158		-1.0
	40049.99999997	31.12689		-0.25163     0.2    0.2		4.1705503158		-1.0
	40094.99999997	31.39313		-2.77033     0.2    0.2		4.1705503158		-1.0
	40139.99999997	31.65784		-3.034     0.2    0.2		4.1705503158		-1.0
	40184.99999997	30.97463		2.55896     0.2    0.2		4.1705503158		-1.0
	40229.99999996	29.57063		2.85504     0.2    0.2		4.1705503158		-1.0
	40274.99999996	28.05884		-2.71596     0.2    0.2		4.1705503158		-1.0
	40319.99999996	27.20894		-1.53327     0.2    0.2		4.1705503158		-1.0
	40364.99999996	27.41207		-0.54114     0.2    0.2		4.1705503158		-1.0
	40409.99999996	28.34492		-0.04011     0.2    0.2		4.1705503158		-1.0
	40454.99999996	29.20066		0.02259     0.2    0.2		4.1705503158		-1.0
	40499.99999996	29.87019		-0.1589     0.2    0.2		4.1705503158		-1.0
	40544.99999996	30.45456		0.64951     0.2    0.2		4.1705503158		-1.0
	40589.99999996	30.85404		1.89555     0.2    0.2		4.1705503158		-1.0
	40634.99999996	31.41105		2.29443     0.2    0.2		4.1705503158		-1.0
	40679.99999996	32.29922		2.12476     0.2    0.2		4.1705503158		-1.0
	40724.99999996	31.20199		0.05522     0.2    0.2		4.1705503158		-1.0
	40769.99999996	30.13773		0.25789     0.2    0.2		4.1705503158		-1.0
	40814.99999996	29.62395		0.50646     0.2    0.2		4.1705503158		-1.0
	40859.99999996	28.92581		0.85032     0.2    0.2		4.1705503158		-1.0
	40904.99999996	27.86599		2.65439     0.2    0.2		4.1705503158		-1.0
	40949.99999996	27.19056		-1.70678     0.2    0.2		4.1705503158		-1.0
	40994.99999996	26.40281		-1.17101     0.2    0.2		4.1705503158		-1.0
	41039.99999996	25.46921		-0.84636     0.2    0.2		4.1705503158		-1.0
	41084.99999996	24.6492		-0.63029     0.2    0.2		4.1705503158		-1.0
	41129.99999996	24.15037		-0.60677     0.2    0.2		4.1705503158		-1.0
	41174.99999996	23.88071		-0.8277     0.2    0.2		4.1705503158		-1.0
	41219.99999996	23.90474		-2.05496     0.2    0.2		4.1705503158		-1.0
	41264.99999996	24.50193		3.00273     0.2    0.2		4.1705503158		-1.0
	41309.99999996	25.80311		2.53125     0.2    0.2		4.1705503158		-1.0
	41354.99999996	26.63642		-0.75936     0.2    0.2		4.1705503158		-1.0
	41399.99999996	27.38139		0.03603     0.2    0.2		4.1705503158		-1.0
	41444.99999996	26.83682		0.7154     0.2    0.2		4.1705503158		-1.0
	41489.99999996	26.65134		1.2833     0.2    0.2		4.1705503158		-1.0
	41534.99999996	26.37449		1.71095     0.2    0.2		4.1705503158		-1.0
	41579.99999996	26.00063		0.28011     0.2    0.2		4.1705503158		-1.0
	41624.99999996	25.11951		-0.10921     0.2    0.2		4.1705503158		-1.0
	41669.99999996	24.15572		0.51361     0.2    0.2		4.1705503158		-1.0
	41714.99999996	22.96763		0.97373     0.2    0.2		4.1705503158		-1.0
	41759.99999996	22.63289		1.84837     0.2    0.2		4.1705503158		-1.0
	41804.99999996	22.38066		2.74903     0.2    0.2		4.1705503158		-1.0
	41849.99999996	22.83048		2.91061     0.2    0.2		4.1705503158		-1.0
	41894.99999996	23.28679		3.0209     0.2    0.2		4.1705503158		-1.0
	41939.99999996	23.58545		3.02917     0.2    0.2		4.1705503158		-1.0
	41984.99999996	24.28545		-2.85184     0.2    0.2		4.1705503158		-1.0
	42029.99999996	24.9191		-2.62785     0.2    0.2		4.1705503158		-1.0
	42074.99999996	25.80755		0.24805     0.2    0.2		4.1705503158		-1.0
	42119.99999996	26.62276		0.30356     0.2    0.2		4.1705503158		-1.0
	42164.99999996	26.19764		0.28785     0.2    0.2		4.1705503158		-1.0
	42209.99999996	25.67663		0.47821     0.2    0.2		4.1705503158		-1.0
	42254.99999996	24.81828		0.81924     0.2    0.2		4.1705503158		-1.0
	42299.99999996	24.30744		1.62575     0.2    0.2		4.1705503158		-1.0
	42344.99999996	23.79339		2.71578     0.2    0.2		4.1705503158		-1.0
	42389.99999996	24.0324		-2.86515     0.2    0.2		4.1705503158		-1.0
	42434.99999996	24.3704		-2.6931     0.2    0.2		4.1705503158		-1.0
	42479.99999996	25.06885		-2.47594     0.2    0.2		4.1705503158		-1.0
	42524.99999996	25.46656		-2.25533     0.2    0.2		4.1705503158		-1.0
	42569.99999996	26.40591		-1.83125     0.2    0.2		4.1705503158		-1.0
	42614.99999996	26.97861		-1.66317     0.2    0.2		4.1705503158		-1.0
	42659.99999996	26.59405		-0.99332     0.2    0.2		4.1705503158		-1.0
	42704.99999996	25.6286		-0.58826     0.2    0.2		4.1705503158		-1.0
	42749.99999996	24.28816		-0.03137     0.2    0.2		4.1705503158		-1.0
	42794.99999996	23.47568		0.13981     0.2    0.2		4.1705503158		-1.0
	42839.99999996	22.67464		0.57973     0.2    0.2		4.1705503158		-1.0
	42884.99999996	22.05934		1.02103     0.2    0.2		4.1705503158		-1.0
	42929.99999996	21.05054		1.35638     0.2    0.2		4.1705503158		-1.0
	42974.99999996	20.06183		1.73262     0.2    0.2		4.1705503158		-1.0
	43019.99999996	19.02975		2.00483     0.2    0.2		4.1705503158		-1.0
	43064.99999996	18.01715		2.19157     0.2    0.2		4.1705503158		-1.0
	43109.99999996	17.03245		1.87606     0.2    0.2		4.1705503158		-1.0
	43154.99999996	16.03149		1.82142     0.2    0.2		4.1705503158		-1.0
	43199.99999996	14.97415		1.83568     0.2    0.2		4.1705503158		-1.0
	43244.99999996	14.10886		2.18844     0.2    0.2		4.1705503158		-1.0
	43289.99999996	13.7251		2.38303     0.2    0.2		4.1705503158		-1.0
	43334.99999996	12.84815		2.97418     0.2    0.2		4.1705503158		-1.0
	43379.99999996	12.24587		-2.63872     0.2    0.2		4.1705503158		-1.0
	43424.99999996	11.66951		-2.02817     0.2    0.2		4.1705503158		-1.0
	43469.99999996	11.74333		-1.31496     0.2    0.2		4.1705503158		-1.0
	43514.99999996	12.35693		-0.87758     0.2    0.2		4.1705503158		-1.0
	43559.99999996	13.12463		-0.17971     0.2    0.2		4.1705503158		-1.0
	43604.99999996	13.47264		0.62259     0.2    0.2		4.1705503158		-1.0
	43649.99999996	13.46627		0.94566     0.2    0.2		4.1705503158		-1.0
	43694.99999996	13.58636		1.09245     0.2    0.2		4.1705503158		-1.0
	43739.99999996	14.43267		1.2952     0.2    0.2		4.1705503158		-1.0
	43784.99999996	14.95808		1.64275     0.2    0.2		4.1705503158		-1.0
	43829.99999996	15.8529		1.97458     0.2    0.2		4.1705503158		-1.0
	43874.99999996	16.5129		2.45887     0.2    0.2		4.1705503158		-1.0
	43919.99999996	17.33515		-2.93778     0.2    0.2		4.1705503158		-1.0
	43964.99999996	17.45915		-0.96394     0.2    0.2		4.1705503158		-1.0
	44009.99999996	17.26173		-0.36586     0.2    0.2		4.1705503158		-1.0
	44054.99999996	16.70033		-0.16219     0.2    0.2		4.1705503158		-1.0
	44099.99999996	15.78369		0.24843     0.2    0.2		4.1705503158		-1.0
	44144.99999996	15.38053		0.1946     0.2    0.2		4.1705503158		-1.0
	44189.99999996	14.6839		-0.16606     0.2    0.2		4.1705503158		-1.0
	44234.99999996	14.10818		-0.0355     0.2    0.2		4.1705503158		-1.0
	44279.99999996	14.54438		0.17387     0.2    0.2		4.1705503158		-1.0
	44324.99999996	15.13147		0.91512     0.2    0.2		4.1705503158		-1.0
	44369.99999996	15.74967		1.63155     0.2    0.2		4.1705503158		-1.0
	44414.99999996	16.26701		2.35121     0.2    0.2		4.1705503158		-1.0
	44459.99999996	16.68208		3.09019     0.2    0.2		4.1705503158		-1.0
	44504.99999996	17.31616		-2.29597     0.2    0.2		4.1705503158		-1.0
	44549.99999996	17.73371		-1.77565     0.2    0.2		4.1705503158		-1.0
	44594.99999996	18.6592		-1.11973     0.2    0.2		4.1705503158		-1.0
	44639.99999996	19.02192		-2.97905     0.2    0.2		4.1705503158		-1.0
	44684.99999996	19.87809		-3.09635     0.2    0.2		4.1705503158		-1.0
	44729.99999996	20.39913		-2.37328     0.2    0.2		4.1705503158		-1.0
	44774.99999996	21.30504		-1.76963     0.2    0.2		4.1705503158		-1.0
	44819.99999996	21.94127		-1.07543     0.2    0.2		4.1705503158		-1.0
	44864.99999996	22.77446		-0.47049     0.2    0.2		4.1705503158		-1.0
	44909.99999996	23.31646		-0.11965     0.2    0.2		4.1705503158		-1.0
	44954.99999996	24.26239		-1.57051     0.2    0.2		4.1705503158		-1.0
	44999.99999996	25.14694		-1.87127     0.2    0.2		4.1705503158		-1.0
	45044.99999996	26.04058		-1.05576     0.2    0.2		4.1705503158		-1.0
	45089.99999996	25.68911		-0.38026     0.2    0.2		4.1705503158		-1.0
	45134.99999996	26.34089		-0.62338     0.2    0.2		4.1705503158		-1.0
	45179.99999996	26.08868		-0.63944     0.2    0.2		4.1705503158		-1.0
	45224.99999996	25.75646		-1.25969     0.2    0.2		4.1705503158		-1.0
	45269.99999996	24.87285		-1.69319     0.2    0.2		4.1705503158		-1.0
	45314.99999996	24.24652		-2.25634     0.2    0.2		4.1705503158		-1.0
	45359.99999996	23.41327		-2.2686     0.2    0.2		4.1705503158		-1.0
	45404.99999996	22.31059		-2.35462     0.2    0.2		4.1705503158		-1.0
	45449.99999996	21.01731		-2.20782     0.2    0.2		4.1705503158		-1.0
	45494.99999996	19.61867		-2.14821     0.2    0.2		4.1705503158		-1.0
	45539.99999996	18.16329		-1.87511     0.2    0.2		4.1705503158		-1.0
	45584.99999996	16.96091		-1.62952     0.2    0.2		4.1705503158		-1.0
	45629.99999996	16.03065		-1.16612     0.2    0.2		4.1705503158		-1.0
	45674.99999996	15.45595		-0.60532     0.2    0.2		4.1705503158		-1.0
	45719.99999996	15.142		-0.0529     0.2    0.2		4.1705503158		-1.0
	45764.99999996	15.02407		-0.03954     0.2    0.2		4.1705503158		-1.0
	45809.99999996	14.41336		0.07261     0.2    0.2		4.1705503158		-1.0
	45854.99999996	13.7967		-0.22351     0.2    0.2		4.1705503158		-1.0
	45899.99999996	12.94838		-0.30038     0.2    0.2		4.1705503158		-1.0
	45944.99999996	12.42746		-0.93771     0.2    0.2		4.1705503158		-1.0
	45989.99999996	11.69125		-0.94916     0.2    0.2		4.1705503158		-1.0
	46034.99999996	10.56933		-1.26     0.2    0.2		4.1705503158		-1.0
	46079.99999996	9.45237		-1.07299     0.2    0.2		4.1705503158		-1.0
	46124.99999996	8.14605		-1.35846     0.2    0.2		4.1705503158		-1.0
	46169.99999996	6.66386		-0.94839     0.2    0.2		4.1705503158		-1.0
	46214.99999996	5.50068		-2.16392     0.2    0.2		4.1705503158		-1.0
	46259.99999996	5.90969		-1.67407     0.2    0.2		4.1705503158		-1.0
	46304.99999996	7.34725		-1.31015     0.2    0.2		4.1705503158		-1.0
	46349.99999996	9.07059		-0.62818     0.2    0.2		4.1705503158		-1.0
	46394.99999996	10.85961		-0.14245     0.2    0.2		4.1705503158		-1.0
	46439.99999996	12.24032		0.38521     0.2    0.2		4.1705503158		-1.0
	46484.99999996	13.72061		0.3009     0.2    0.2		4.1705503158		-1.0
	46529.99999996	14.58477		0.62875     0.2    0.2		4.1705503158		-1.0
	46574.99999996	16.13064		0.54478     0.2    0.2		4.1705503158		-1.0
	46619.99999996	16.64948		0.76265     0.2    0.2		4.1705503158		-1.0
	46664.99999996	18.05842		1.11414     0.2    0.2		4.1705503158		-1.0
	46709.99999996	18.16814		1.55442     0.2    0.2		4.1705503158		-1.0
	46754.99999995	18.65516		2.08247     0.2    0.2		4.1705503158		-1.0
	46799.99999995	18.29406		2.29059     0.2    0.2		4.1705503158		-1.0
	46844.99999995	17.9693		2.5477     0.2    0.2		4.1705503158		-1.0
	46889.99999995	16.94614		2.36458     0.2    0.2		4.1705503158		-1.0
	46934.99999995	16.77259		2.24612     0.2    0.2		4.1705503158		-1.0
	46979.99999995	16.57181		2.07438     0.2    0.2		4.1705503158		-1.0
	47024.99999995	16.48		1.99951     0.2    0.2		4.1705503158		-1.0
	47069.99999995	16.16582		1.55196     0.2    0.2		4.1705503158		-1.0
	47114.99999995	16.21328		0.15388     0.2    0.2		4.1705503158		-1.0
	47159.99999995	16.35675		-0.44069     0.2    0.2		4.1705503158		-1.0
	47204.99999995	16.79969		-0.1564     0.2    0.2		4.1705503158		-1.0
	47249.99999995	17.38937		1.01859     0.2    0.2		4.1705503158		-1.0
	47294.99999995	18.37573		0.67438     0.2    0.2		4.1705503158		-1.0
	47339.99999995	19.65521		1.12283     0.2    0.2		4.1705503158		-1.0
	47384.99999995	20.76669		0.42426     0.2    0.2		4.1705503158		-1.0
	47429.99999995	21.88197		0.24942     0.2    0.2		4.1705503158		-1.0
	47474.99999995	22.52164		-1.24847     0.2    0.2		4.1705503158		-1.0
	47519.99999995	23.02293		-1.60134     0.2    0.2		4.1705503158		-1.0
	47564.99999995	22.91971		-2.30301     0.2    0.2		4.1705503158		-1.0
	47609.99999995	22.54313		-2.68719     0.2    0.2		4.1705503158		-1.0
	47654.99999995	21.26099		3.13541     0.2    0.2		4.1705503158		-1.0
	47699.99999995	19.9238		2.64349     0.2    0.2		4.1705503158		-1.0
	47744.99999995	18.66819		2.15788     0.2    0.2		4.1705503158		-1.0
	47789.99999995	17.85491		1.2253     0.2    0.2		4.1705503158		-1.0
	47834.99999995	17.5717		0.27973     0.2    0.2		4.1705503158		-1.0
	47879.99999995	17.66695		-0.35465     0.2    0.2		4.1705503158		-1.0
	47924.99999995	18.29539		-0.45495     0.2    0.2		4.1705503158		-1.0
	47969.99999995	19.1459		-0.30416     0.2    0.2		4.1705503158		-1.0
	48014.99999995	20.18063		0.28249     0.2    0.2		4.1705503158		-1.0
	48059.99999995	20.99787		-0.70904     0.2    0.2		4.1705503158		-1.0
	48104.99999995	22.13257		0.13465     0.2    0.2		4.1705503158		-1.0
	48149.99999995	22.65604		0.82493     0.2    0.2		4.1705503158		-1.0
	48194.99999995	21.26487		1.24728     0.2    0.2		4.1705503158		-1.0
	48239.99999995	19.93154		1.62741     0.2    0.2		4.1705503158		-1.0
	48284.99999995	18.48555		1.79308     0.2    0.2		4.1705503158		-1.0
	48329.99999995	17.66446		-1.93733     0.2    0.2		4.1705503158		-1.0
	48374.99999995	16.78604		-2.43437     0.2    0.2		4.1705503158		-1.0
	48419.99999995	16.43956		-2.14113     0.2    0.2		4.1705503158		-1.0
	48464.99999995	15.93844		-2.13923     0.2    0.2		4.1705503158		-1.0
	48509.99999995	15.97468		-1.8434     0.2    0.2		4.1705503158		-1.0
	48554.99999995	16.09453		-1.68676     0.2    0.2		4.1705503158		-1.0
	48599.99999995	16.75578		-1.24559     0.2    0.2		4.1705503158		-1.0
	48644.99999995	17.23053		-0.64552     0.2    0.2		4.1705503158		-1.0
	48689.99999995	17.97646		-0.0005     0.2    0.2		4.1705503158		-1.0
	48734.99999995	18.27595		0.55196     0.2    0.2		4.1705503158		-1.0
	48779.99999995	18.8729		1.37537     0.2    0.2		4.1705503158		-1.0
	48824.99999995	18.9684		1.91719     0.2    0.2		4.1705503158		-1.0
	48869.99999995	19.56732		2.68856     0.2    0.2		4.1705503158		-1.0
	48914.99999995	19.56942		-3.1082     0.2    0.2		4.1705503158		-1.0
	48959.99999995	19.29318		-2.60479     0.2    0.2		4.1705503158		-1.0
	49004.99999995	18.03656		-2.41788     0.2    0.2		4.1705503158		-1.0
	49049.99999995	16.64412		-2.29865     0.2    0.2		4.1705503158		-1.0
	49094.99999995	15.1508		-2.48238     0.2    0.2		4.1705503158		-1.0
	49139.99999995	13.72213		-2.7783     0.2    0.2		4.1705503158		-1.0
	49184.99999995	12.76908		-2.66716     0.2    0.2		4.1705503158		-1.0
	49229.99999995	11.81478		-2.12213     0.2    0.2		4.1705503158		-1.0
	49274.99999995	11.81158		-1.36561     0.2    0.2		4.1705503158		-1.0
	49319.99999995	13.05882		-0.9193     0.2    0.2		4.1705503158		-1.0
	49364.99999995	14.40313		-0.49703     0.2    0.2		4.1705503158		-1.0
	49409.99999995	15.69817		-0.00775     0.2    0.2		4.1705503158		-1.0
	49454.99999995	16.98723		0.43883     0.2    0.2		4.1705503158		-1.0
	49499.99999995	18.08454		0.58999     0.2    0.2		4.1705503158		-1.0
	49544.99999995	17.61637		0.72313     0.2    0.2		4.1705503158		-1.0
	49589.99999995	17.36613		-0.28616     0.2    0.2		4.1705503158		-1.0
	49634.99999995	17.99083		-1.41898     0.2    0.2		4.1705503158		-1.0
	49679.99999995	19.371		-2.16045     0.2    0.2		4.1705503158		-1.0
	49724.99999995	20.64035		-1.79425     0.2    0.2		4.1705503158		-1.0
	49769.99999995	20.50481		-1.37952     0.2    0.2		4.1705503158		-1.0
	49814.99999995	19.88945		-0.89106     0.2    0.2		4.1705503158		-1.0
	49859.99999995	19.27195		-0.79075     0.2    0.2		4.1705503158		-1.0
	49904.99999995	19.08938		-2.14679     0.2    0.2		4.1705503158		-1.0
	49949.99999995	20.33966		-2.26657     0.2    0.2		4.1705503158		-1.0
	49994.99999995	21.16167		-2.31327     0.2    0.2		4.1705503158		-1.0
