	45.00000000	2.86196		0.44109     0.2    0.2		4.1705503158		-1.0
	90.00000000	2.83833		0.26966     0.2    0.2		4.1705503158		-1.0
	135.00000000	2.98263		-0.03521     0.2    0.2		4.1705503158		-1.0
	180.00000000	2.91085		-0.38217     0.2    0.2		4.1705503158		-1.0
	225.00000000	2.90776		-0.99781     0.2    0.2		4.1705503158		-1.0
	270.00000000	2.90656		-0.92564     0.2    0.2		4.1705503158		-1.0
	315.00000000	3.00433		-1.24444     0.2    0.2		4.1705503158		-1.0
	360.00000000	3.08867		-0.75662     0.2    0.2		4.1705503158		-1.0
	405.00000000	2.87114		-0.82142     0.2    0.2		4.1705503158		-1.0
	450.00000000	2.8114		0.06966     0.2    0.2		4.1705503158		-1.0
	495.00000000	2.95237		0.79179     0.2    0.2		4.1705503158		-1.0
	540.00000000	3.02484		1.1297     0.2    0.2		4.1705503158		-1.0
	585.00000000	2.91942		1.61135     0.2    0.2		4.1705503158		-1.0
	630.00000000	2.82642		1.63953     0.2    0.2		4.1705503158		-1.0
	675.00000000	2.93147		2.2108     0.2    0.2		4.1705503158		-1.0
	720.00000000	3.12059		2.5306     0.2    0.2		4.1705503158		-1.0
	765.00000000	2.80683		2.84315     0.2    0.2		4.1705503158		-1.0
	810.00000000	2.88096		3.10943     0.2    0.2		4.1705503158		-1.0
	855.00000000	2.92409		-2.93143     0.2    0.2		4.1705503158		-1.0
	900.00000000	2.95914		-2.64426     0.2    0.2		4.1705503158		-1.0
	945.00000000	2.93407		-2.14723     0.2    0.2		4.1705503158		-1.0
	990.00000000	2.86134		-1.98626     0.2    0.2		4.1705503158		-1.0
	1035.00000000	2.94154		-1.52765     0.2    0.2		4.1705503158		-1.0
	1080.00000000	3.0216		-1.22981     0.2    0.2		4.1705503158		-1.0
	1125.00000000	2.89246		-0.52569     0.2    0.2		4.1705503158		-1.0
	1170.00000000	2.86435		0.2051     0.2    0.2		4.1705503158		-1.0
	1215.00000000	2.94234		0.89533     0.2    0.2		4.1705503158		-1.0
	1260.00000000	2.96089		1.36728     0.2    0.2		4.1705503158		-1.0
	1305.00000000	2.9753		1.71011     0.2    0.2		4.1705503158		-1.0
	1350.00000000	2.87095		2.13421     0.2    0.2		4.1705503158		-1.0
	1395.00000000	2.8824		2.34873     0.2    0.2		4.1705503158		-1.0
	1440.00000000	2.93358		2.08718     0.2    0.2		4.1705503158		-1.0
	1485.00000000	2.96071		2.2161     0.2    0.2		4.1705503158		-1.0
	1530.00000000	2.94803		2.21248     0.2    0.2		4.1705503158		-1.0
	1575.00000000	2.94213		2.31261     0.2    0.2		4.1705503158		-1.0
	1620.00000000	2.77749		2.56454     0.2    0.2		4.1705503158		-1.0
	1665.00000000	2.87757		2.8716     0.2    0.2		4.1705503158		-1.0
	1710.00000000	2.97578		2.8816     0.2    0.2		4.1705503158		-1.0
	1755.00000000	3.1351		2.93721     0.2    0.2		4.1705503158		-1.0
	1800.00000000	3.01833		-2.99043     0.2    0.2		4.1705503158		-1.0
	1845.00000000	3.08826		-3.12042     0.2    0.2		4.1705503158		-1.0
	1890.00000000	2.86952		-2.59074     0.2    0.2		4.1705503158		-1.0
	1935.00000000	2.81476		-2.60389     0.2    0.2		4.1705503158		-1.0
	1980.00000000	2.8098		-2.11249     0.2    0.2		4.1705503158		-1.0
	2025.00000000	3.02139		-2.15573     0.2    0.2		4.1705503158		-1.0
	2070.00000000	3.01964		-1.70581     0.2    0.2		4.1705503158		-1.0
	2115.00000000	3.03104		-1.74706     0.2    0.2		4.1705503158		-1.0
	2160.00000000	2.78143		-1.58837     0.2    0.2		4.1705503158		-1.0
	2205.00000000	2.79365		-1.52615     0.2    0.2		4.1705503158		-1.0
	2250.00000000	2.74098		-2.05639     0.2    0.2		4.1705503158		-1.0
	2295.00000000	2.88753		-2.42254     0.2    0.2		4.1705503158		-1.0
	2340.00000000	2.93409		-2.42014     0.2    0.2		4.1705503158		-1.0
	2385.00000000	2.96353		-2.67905     0.2    0.2		4.1705503158		-1.0
	2430.00000000	2.90546		-2.18442     0.2    0.2		4.1705503158		-1.0
	2475.00000000	2.86576		-2.68509     0.2    0.2		4.1705503158		-1.0
	2520.00000000	3.00381		-2.69707     0.2    0.2		4.1705503158		-1.0
	2565.00000000	3.15864		-2.61183     0.2    0.2		4.1705503158		-1.0
	2610.00000000	2.97288		-2.94602     0.2    0.2		4.1705503158		-1.0
	2655.00000000	2.94061		-2.88135     0.2    0.2		4.1705503158		-1.0
	2700.00000000	2.93856		2.9344     0.2    0.2		4.1705503158		-1.0
	2745.00000000	3.00874		2.68784     0.2    0.2		4.1705503158		-1.0
	2790.00000000	2.95446		2.26642     0.2    0.2		4.1705503158		-1.0
	2835.00000000	2.84771		1.63288     0.2    0.2		4.1705503158		-1.0
	2880.00000000	2.93453		1.32258     0.2    0.2		4.1705503158		-1.0
	2925.00000000	2.97307		0.98417     0.2    0.2		4.1705503158		-1.0
	2970.00000000	2.98003		0.46445     0.2    0.2		4.1705503158		-1.0
	3015.00000000	2.98371		0.16357     0.2    0.2		4.1705503158		-1.0
	3060.00000000	2.86577		-0.45269     0.2    0.2		4.1705503158		-1.0
	3105.00000000	2.78052		-0.26154     0.2    0.2		4.1705503158		-1.0
	3150.00000000	2.79437		0.15569     0.2    0.2		4.1705503158		-1.0
	3195.00000000	2.83599		1.0538     0.2    0.2		4.1705503158		-1.0
	3240.00000000	2.89091		0.58138     0.2    0.2		4.1705503158		-1.0
	3285.00000000	2.91802		0.5254     0.2    0.2		4.1705503158		-1.0
	3330.00000000	2.95644		1.29543     0.2    0.2		4.1705503158		-1.0
	3375.00000000	2.88005		0.90248     0.2    0.2		4.1705503158		-1.0
	3420.00000000	2.79972		0.74629     0.2    0.2		4.1705503158		-1.0
	3465.00000000	2.77477		0.29394     0.2    0.2		4.1705503158		-1.0
	3510.00000000	2.92097		-0.39388     0.2    0.2		4.1705503158		-1.0
	3555.00000000	3.05074		-0.16646     0.2    0.2		4.1705503158		-1.0
	3600.00000000	3.13264		-0.3214     0.2    0.2		4.1705503158		-1.0
	3645.00000000	3.09305		-0.04877     0.2    0.2		4.1705503158		-1.0
	3690.00000000	3.14637		-0.19977     0.2    0.2		4.1705503158		-1.0
	3735.00000000	2.97496		0.4756     0.2    0.2		4.1705503158		-1.0
	3780.00000000	2.80485		0.85557     0.2    0.2		4.1705503158		-1.0
	3825.00000000	2.79534		1.1339     0.2    0.2		4.1705503158		-1.0
	3870.00000000	2.91803		1.37813     0.2    0.2		4.1705503158		-1.0
	3915.00000000	2.95317		1.52485     0.2    0.2		4.1705503158		-1.0
	3960.00000000	2.90096		1.86579     0.2    0.2		4.1705503158		-1.0
	4005.00000000	3.0333		1.80092     0.2    0.2		4.1705503158		-1.0
	4050.00000000	2.97528		2.43551     0.2    0.2		4.1705503158		-1.0
	4095.00000000	3.13075		2.88459     0.2    0.2		4.1705503158		-1.0
	4140.00000000	2.97562		-2.99983     0.2    0.2		4.1705503158		-1.0
	4185.00000000	2.80766		-2.93928     0.2    0.2		4.1705503158		-1.0
	4230.00000000	3.16945		-2.19409     0.2    0.2		4.1705503158		-1.0
	4275.00000000	3.00613		-2.12095     0.2    0.2		4.1705503158		-1.0
	4320.00000000	3.06914		-1.59459     0.2    0.2		4.1705503158		-1.0
	4365.00000000	3.03773		-1.81667     0.2    0.2		4.1705503158		-1.0
	4410.00000000	2.94515		-1.24148     0.2    0.2		4.1705503158		-1.0
	4455.00000000	2.75866		-1.32866     0.2    0.2		4.1705503158		-1.0
	4500.00000000	2.78606		-0.75417     0.2    0.2		4.1705503158		-1.0
	4545.00000000	2.73875		-0.78923     0.2    0.2		4.1705503158		-1.0
	4590.00000000	2.78143		0.06011     0.2    0.2		4.1705503158		-1.0
	4635.00000000	2.83144		0.25353     0.2    0.2		4.1705503158		-1.0
	4680.00000000	2.75519		1.01924     0.2    0.2		4.1705503158		-1.0
	4725.00000000	2.82087		0.67657     0.2    0.2		4.1705503158		-1.0
	4770.00000000	3.03851		0.71285     0.2    0.2		4.1705503158		-1.0
	4815.00000000	3.20993		0.55068     0.2    0.2		4.1705503158		-1.0
	4860.00000000	2.9949		0.38438     0.2    0.2		4.1705503158		-1.0
	4905.00000000	2.81229		0.02594     0.2    0.2		4.1705503158		-1.0
	4950.00000000	3.00202		-0.65126     0.2    0.2		4.1705503158		-1.0
	4995.00000000	2.92294		-1.3031     0.2    0.2		4.1705503158		-1.0
	5040.00000000	3.00216		-1.72528     0.2    0.2		4.1705503158		-1.0
	5085.00000000	2.88523		-2.39986     0.2    0.2		4.1705503158		-1.0
	5130.00000000	3.15487		-2.55613     0.2    0.2		4.1705503158		-1.0
	5175.00000000	3.15308		-2.51284     0.2    0.2		4.1705503158		-1.0
	5220.00000000	2.83093		-2.12948     0.2    0.2		4.1705503158		-1.0
	5265.00000000	2.86633		-2.50044     0.2    0.2		4.1705503158		-1.0
	5310.00000000	3.11983		-1.93077     0.2    0.2		4.1705503158		-1.0
	5355.00000000	2.97164		-1.8365     0.2    0.2		4.1705503158		-1.0
	5400.00000000	3.24784		-1.27298     0.2    0.2		4.1705503158		-1.0
	5445.00000000	3.17898		-0.76691     0.2    0.2		4.1705503158		-1.0
	5490.00000000	2.94089		0.03119     0.2    0.2		4.1705503158		-1.0
	5535.00000000	3.0097		0.42428     0.2    0.2		4.1705503158		-1.0
	5580.00000000	2.91656		0.8983     0.2    0.2		4.1705503158		-1.0
	5625.00000000	3.07304		1.46205     0.2    0.2		4.1705503158		-1.0
	5670.00000000	2.98497		1.68442     0.2    0.2		4.1705503158		-1.0
	5715.00000000	2.76153		2.02344     0.2    0.2		4.1705503158		-1.0
	5760.00000000	3.068		2.41904     0.2    0.2		4.1705503158		-1.0
	5805.00000000	3.06226		2.5312     0.2    0.2		4.1705503158		-1.0
	5850.00000000	2.94866		2.96785     0.2    0.2		4.1705503158		-1.0
	5895.00000000	3.13817		2.93454     0.2    0.2		4.1705503158		-1.0
	5940.00000000	3.06894		2.71449     0.2    0.2		4.1705503158		-1.0
	5985.00000000	3.10879		2.52919     0.2    0.2		4.1705503158		-1.0
	6030.00000000	2.85601		2.10574     0.2    0.2		4.1705503158		-1.0
	6075.00000000	2.92978		1.84579     0.2    0.2		4.1705503158		-1.0
	6120.00000000	3.0641		1.53237     0.2    0.2		4.1705503158		-1.0
	6165.00000000	2.8835		1.43643     0.2    0.2		4.1705503158		-1.0
	6210.00000000	2.91958		0.94053     0.2    0.2		4.1705503158		-1.0
	6255.00000000	2.86894		1.00804     0.2    0.2		4.1705503158		-1.0
	6300.00000000	2.92635		0.61733     0.2    0.2		4.1705503158		-1.0
	6345.00000000	2.85179		0.49949     0.2    0.2		4.1705503158		-1.0
	6390.00000000	2.95126		0.25569     0.2    0.2		4.1705503158		-1.0
	6435.00000000	2.68697		-0.04755     0.2    0.2		4.1705503158		-1.0
	6480.00000000	2.7688		-0.7475     0.2    0.2		4.1705503158		-1.0
	6525.00000000	2.76362		-1.17126     0.2    0.2		4.1705503158		-1.0
	6570.00000000	2.87395		-1.48797     0.2    0.2		4.1705503158		-1.0
	6615.00000000	2.84253		-1.87902     0.2    0.2		4.1705503158		-1.0
	6660.00000000	3.0519		-2.13435     0.2    0.2		4.1705503158		-1.0
	6705.00000000	2.68813		-2.28558     0.2    0.2		4.1705503158		-1.0
	6750.00000000	3.262		-2.41272     0.2    0.2		4.1705503158		-1.0
	6795.00000000	2.95352		-2.61775     0.2    0.2		4.1705503158		-1.0
	6840.00000000	2.95049		-2.57275     0.2    0.2		4.1705503158		-1.0
	6885.00000000	2.82635		-2.79785     0.2    0.2		4.1705503158		-1.0
	6930.00000000	3.044		-3.02266     0.2    0.2		4.1705503158		-1.0
	6975.00000000	3.18969		-2.95177     0.2    0.2		4.1705503158		-1.0
	7020.00000000	2.66393		2.94558     0.2    0.2		4.1705503158		-1.0
	7065.00000000	2.74545		2.60397     0.2    0.2		4.1705503158		-1.0
	7110.00000000	2.90927		2.57488     0.2    0.2		4.1705503158		-1.0
	7155.00000000	3.00656		1.90304     0.2    0.2		4.1705503158		-1.0
	7200.00000000	3.15223		1.87759     0.2    0.2		4.1705503158		-1.0
	7245.00000000	3.05136		1.45777     0.2    0.2		4.1705503158		-1.0
	7290.00000000	3.19177		1.33933     0.2    0.2		4.1705503158		-1.0
	7335.00000000	3.11425		0.90397     0.2    0.2		4.1705503158		-1.0
	7380.00000000	3.13566		0.53537     0.2    0.2		4.1705503158		-1.0
	7425.00000000	2.78359		-0.27517     0.2    0.2		4.1705503158		-1.0
	7470.00000000	2.97711		-0.94886     0.2    0.2		4.1705503158		-1.0
	7515.00000000	2.94882		-1.25534     0.2    0.2		4.1705503158		-1.0
	7560.00000000	2.79342		-1.70317     0.2    0.2		4.1705503158		-1.0
	7605.00000000	2.76218		-1.94039     0.2    0.2		4.1705503158		-1.0
	7650.00000000	3.25084		-2.13619     0.2    0.2		4.1705503158		-1.0
	7695.00000000	2.90204		-2.37863     0.2    0.2		4.1705503158		-1.0
	7740.00000000	2.87519		-2.5611     0.2    0.2		4.1705503158		-1.0
	7785.00000000	2.73272		-2.88391     0.2    0.2		4.1705503158		-1.0
	7830.00000000	2.74217		3.13767     0.2    0.2		4.1705503158		-1.0
	7875.00000000	3.08987		3.04468     0.2    0.2		4.1705503158		-1.0
	7920.00000000	2.82695		2.48423     0.2    0.2		4.1705503158		-1.0
	7965.00000000	2.8518		2.36933     0.2    0.2		4.1705503158		-1.0
	8010.00000000	2.83733		1.80519     0.2    0.2		4.1705503158		-1.0
	8055.00000000	3.1718		1.70011     0.2    0.2		4.1705503158		-1.0
	8100.00000000	2.7617		1.24813     0.2    0.2		4.1705503158		-1.0
	8145.00000000	3.16863		0.99078     0.2    0.2		4.1705503158		-1.0
	8190.00000000	3.22115		0.37044     0.2    0.2		4.1705503158		-1.0
	8235.00000000	2.99487		-0.18493     0.2    0.2		4.1705503158		-1.0
	8280.00000000	3.08318		-0.72492     0.2    0.2		4.1705503158		-1.0
	8325.00000000	3.09207		-1.16679     0.2    0.2		4.1705503158		-1.0
	8370.00000000	2.94378		-1.42274     0.2    0.2		4.1705503158		-1.0
	8415.00000000	3.37051		-1.79531     0.2    0.2		4.1705503158		-1.0
	8460.00000000	3.25781		-1.86842     0.2    0.2		4.1705503158		-1.0
	8505.00000000	2.69258		-2.13481     0.2    0.2		4.1705503158		-1.0
	8550.00000000	3.13374		-2.35309     0.2    0.2		4.1705503158		-1.0
	8595.00000000	3.21542		-2.67299     0.2    0.2		4.1705503158		-1.0
	8640.00000000	3.02321		-2.96142     0.2    0.2		4.1705503158		-1.0
	8685.00000000	2.79868		3.00897     0.2    0.2		4.1705503158		-1.0
	8730.00000000	2.8604		2.66984     0.2    0.2		4.1705503158		-1.0
	8775.00000000	2.75251		2.26933     0.2    0.2		4.1705503158		-1.0
	8820.00000000	2.83985		1.89975     0.2    0.2		4.1705503158		-1.0
	8865.00000000	2.76517		1.54363     0.2    0.2		4.1705503158		-1.0
	8910.00000000	2.98925		1.06569     0.2    0.2		4.1705503158		-1.0
	8955.00000000	3.04416		0.4984     0.2    0.2		4.1705503158		-1.0
	9000.00000000	2.72342		-0.56753     0.2    0.2		4.1705503158		-1.0
	9045.00000000	3.04599		-0.93092     0.2    0.2		4.1705503158		-1.0
	9090.00000000	3.27829		-1.28306     0.2    0.2		4.1705503158		-1.0
	9135.00000000	2.8746		-1.4654     0.2    0.2		4.1705503158		-1.0
	9180.00000000	2.80705		-1.70691     0.2    0.2		4.1705503158		-1.0
	9225.00000000	3.24504		-1.78556     0.2    0.2		4.1705503158		-1.0
	9270.00000000	3.43064		-2.02627     0.2    0.2		4.1705503158		-1.0
	9315.00000000	3.13491		-2.28274     0.2    0.2		4.1705503158		-1.0
	9360.00000000	2.63208		-2.39278     0.2    0.2		4.1705503158		-1.0
	9405.00000000	3.21412		-2.48282     0.2    0.2		4.1705503158		-1.0
	9450.00000000	3.18905		-2.25299     0.2    0.2		4.1705503158		-1.0
	9495.00000000	2.90282		-2.08377     0.2    0.2		4.1705503158		-1.0
	9540.00000000	2.82857		-1.86411     0.2    0.2		4.1705503158		-1.0
	9585.00000000	3.27333		-1.73157     0.2    0.2		4.1705503158		-1.0
	9630.00000000	2.67124		-1.82067     0.2    0.2		4.1705503158		-1.0
	9675.00000000	3.23855		-1.58008     0.2    0.2		4.1705503158		-1.0
	9720.00000000	2.85598		-1.51564     0.2    0.2		4.1705503158		-1.0
	9765.00000000	2.84996		-1.80122     0.2    0.2		4.1705503158		-1.0
	9810.00000000	3.16159		-1.47884     0.2    0.2		4.1705503158		-1.0
	9855.00000000	2.67854		-1.33398     0.2    0.2		4.1705503158		-1.0
	9900.00000000	2.8984		-0.90747     0.2    0.2		4.1705503158		-1.0
	9945.00000000	3.13192		-0.79322     0.2    0.2		4.1705503158		-1.0
	9990.00000000	2.83449		0.02174     0.2    0.2		4.1705503158		-1.0
	10035.00000000	3.02555		0.08992     0.2    0.2		4.1705503158		-1.0
	10080.00000000	3.12668		-0.51035     0.2    0.2		4.1705503158		-1.0
	10125.00000000	2.85704		-0.3764     0.2    0.2		4.1705503158		-1.0
	10170.00000000	2.94285		-0.26744     0.2    0.2		4.1705503158		-1.0
	10215.00000000	3.12784		0.27612     0.2    0.2		4.1705503158		-1.0
	10260.00000000	2.7034		-0.0121     0.2    0.2		4.1705503158		-1.0
	10305.00000000	3.12191		-0.7751     0.2    0.2		4.1705503158		-1.0
	10350.00000000	2.84162		-1.35061     0.2    0.2		4.1705503158		-1.0
	10395.00000000	2.73279		-0.88155     0.2    0.2		4.1705503158		-1.0
	10440.00000000	2.89286		-0.71152     0.2    0.2		4.1705503158		-1.0
	10485.00000000	3.37498		0.35637     0.2    0.2		4.1705503158		-1.0
	10530.00000000	2.92293		0.70675     0.2    0.2		4.1705503158		-1.0
	10575.00000000	3.04624		1.24264     0.2    0.2		4.1705503158		-1.0
	10620.00000000	2.84103		1.62342     0.2    0.2		4.1705503158		-1.0
	10665.00000000	2.84681		1.86533     0.2    0.2		4.1705503158		-1.0
	10710.00000000	2.74176		2.18448     0.2    0.2		4.1705503158		-1.0
	10755.00000000	3.39918		2.4643     0.2    0.2		4.1705503158		-1.0
	10800.00000000	2.7235		2.75249     0.2    0.2		4.1705503158		-1.0
	10845.00000001	3.3565		2.87389     0.2    0.2		4.1705503158		-1.0
	10890.00000001	3.32007		2.91913     0.2    0.2		4.1705503158		-1.0
	10935.00000001	3.05162		2.98625     0.2    0.2		4.1705503158		-1.0
	10980.00000001	2.80403		-2.93524     0.2    0.2		4.1705503158		-1.0
	11025.00000001	2.74711		3.10941     0.2    0.2		4.1705503158		-1.0
	11070.00000001	2.69628		-2.70937     0.2    0.2		4.1705503158		-1.0
	11115.00000001	3.25728		-2.87143     0.2    0.2		4.1705503158		-1.0
	11160.00000001	3.2746		-2.3945     0.2    0.2		4.1705503158		-1.0
	11205.00000001	2.91769		-2.47529     0.2    0.2		4.1705503158		-1.0
	11250.00000001	3.31355		-1.89744     0.2    0.2		4.1705503158		-1.0
	11295.00000001	2.78023		-2.13056     0.2    0.2		4.1705503158		-1.0
	11340.00000001	3.23532		-1.52296     0.2    0.2		4.1705503158		-1.0
	11385.00000001	3.02465		-1.46347     0.2    0.2		4.1705503158		-1.0
	11430.00000001	3.02201		-0.92697     0.2    0.2		4.1705503158		-1.0
	11475.00000001	2.93834		-1.0198     0.2    0.2		4.1705503158		-1.0
	11520.00000001	2.89836		0.03218     0.2    0.2		4.1705503158		-1.0
	11565.00000001	2.8374		0.15216     0.2    0.2		4.1705503158		-1.0
	11610.00000001	2.73423		0.97185     0.2    0.2		4.1705503158		-1.0
	11655.00000001	2.81826		0.57783     0.2    0.2		4.1705503158		-1.0
	11700.00000001	2.81177		1.22826     0.2    0.2		4.1705503158		-1.0
	11745.00000001	2.675		0.89832     0.2    0.2		4.1705503158		-1.0
	11790.00000001	3.36599		1.41821     0.2    0.2		4.1705503158		-1.0
	11835.00000001	3.22837		0.94934     0.2    0.2		4.1705503158		-1.0
	11880.00000001	2.90548		1.48651     0.2    0.2		4.1705503158		-1.0
	11925.00000001	2.7361		1.33318     0.2    0.2		4.1705503158		-1.0
	11970.00000001	3.49411		1.36252     0.2    0.2		4.1705503158		-1.0
	12015.00000001	2.88111		1.39797     0.2    0.2		4.1705503158		-1.0
	12060.00000001	3.09857		1.74445     0.2    0.2		4.1705503158		-1.0
	12105.00000001	3.292		1.63262     0.2    0.2		4.1705503158		-1.0
	12150.00000001	3.25722		2.12264     0.2    0.2		4.1705503158		-1.0
	12195.00000001	3.17637		2.00916     0.2    0.2		4.1705503158		-1.0
	12240.00000001	2.97396		2.68465     0.2    0.2		4.1705503158		-1.0
	12285.00000001	2.71522		2.73172     0.2    0.2		4.1705503158		-1.0
	12330.00000001	2.67674		3.01627     0.2    0.2		4.1705503158		-1.0
	12375.00000001	2.77305		-2.9149     0.2    0.2		4.1705503158		-1.0
	12420.00000001	2.67948		-2.90731     0.2    0.2		4.1705503158		-1.0
	12465.00000001	2.89716		-2.75434     0.2    0.2		4.1705503158		-1.0
	12510.00000001	2.75144		-2.36861     0.2    0.2		4.1705503158		-1.0
	12555.00000001	2.72202		-2.31762     0.2    0.2		4.1705503158		-1.0
	12600.00000001	3.06082		-1.93607     0.2    0.2		4.1705503158		-1.0
	12645.00000001	3.05335		-1.88948     0.2    0.2		4.1705503158		-1.0
	12690.00000001	2.74926		-1.50878     0.2    0.2		4.1705503158		-1.0
	12735.00000001	2.79716		-1.07935     0.2    0.2		4.1705503158		-1.0
	12780.00000001	2.90976		-0.29699     0.2    0.2		4.1705503158		-1.0
	12825.00000001	2.77898		-0.26119     0.2    0.2		4.1705503158		-1.0
	12870.00000001	2.76407		-0.05583     0.2    0.2		4.1705503158		-1.0
	12915.00000001	3.3257		-0.3294     0.2    0.2		4.1705503158		-1.0
	12960.00000001	2.87642		-0.4995     0.2    0.2		4.1705503158		-1.0
	13005.00000001	2.81125		-0.68127     0.2    0.2		4.1705503158		-1.0
	13050.00000001	3.18699		-0.4541     0.2    0.2		4.1705503158		-1.0
	13095.00000001	2.99091		-0.37799     0.2    0.2		4.1705503158		-1.0
	13140.00000001	3.29594		0.02151     0.2    0.2		4.1705503158		-1.0
	13185.00000001	3.24208		-0.05859     0.2    0.2		4.1705503158		-1.0
	13230.00000001	3.17952		0.70559     0.2    0.2		4.1705503158		-1.0
	13275.00000001	3.1969		0.59049     0.2    0.2		4.1705503158		-1.0
	13320.00000001	3.23683		1.02751     0.2    0.2		4.1705503158		-1.0
	13365.00000001	3.34626		1.03092     0.2    0.2		4.1705503158		-1.0
	13410.00000001	3.24195		1.30351     0.2    0.2		4.1705503158		-1.0
	13455.00000001	3.17199		1.17766     0.2    0.2		4.1705503158		-1.0
	13500.00000001	3.29937		1.78104     0.2    0.2		4.1705503158		-1.0
	13545.00000001	3.28		1.52306     0.2    0.2		4.1705503158		-1.0
	13590.00000001	3.36143		2.16626     0.2    0.2		4.1705503158		-1.0
	13635.00000001	2.91986		2.09408     0.2    0.2		4.1705503158		-1.0
	13680.00000001	2.90136		2.63901     0.2    0.2		4.1705503158		-1.0
	13725.00000001	3.33655		2.65609     0.2    0.2		4.1705503158		-1.0
	13770.00000001	2.71025		2.82835     0.2    0.2		4.1705503158		-1.0
	13815.00000001	3.2648		-3.04915     0.2    0.2		4.1705503158		-1.0
	13860.00000001	3.21098		2.86008     0.2    0.2		4.1705503158		-1.0
	13905.00000001	3.21096		-2.91491     0.2    0.2		4.1705503158		-1.0
	13950.00000001	3.36309		-3.05067     0.2    0.2		4.1705503158		-1.0
	13995.00000001	3.1509		-2.93585     0.2    0.2		4.1705503158		-1.0
	14040.00000001	2.68557		-2.73076     0.2    0.2		4.1705503158		-1.0
	14085.00000001	2.72738		-2.60962     0.2    0.2		4.1705503158		-1.0
	14130.00000001	2.70665		-2.34142     0.2    0.2		4.1705503158		-1.0
	14175.00000001	2.81356		-2.34047     0.2    0.2		4.1705503158		-1.0
	14220.00000001	2.81995		-1.97917     0.2    0.2		4.1705503158		-1.0
	14265.00000000	2.78032		-1.76842     0.2    0.2		4.1705503158		-1.0
	14310.00000000	3.18327		-1.59631     0.2    0.2		4.1705503158		-1.0
	14355.00000000	2.81662		-1.06105     0.2    0.2		4.1705503158		-1.0
	14400.00000000	2.74599		-0.72568     0.2    0.2		4.1705503158		-1.0
	14445.00000000	3.32744		-0.01855     0.2    0.2		4.1705503158		-1.0
	14490.00000000	3.29825		0.32541     0.2    0.2		4.1705503158		-1.0
	14535.00000000	3.26586		0.74114     0.2    0.2		4.1705503158		-1.0
	14580.00000000	3.28757		0.86119     0.2    0.2		4.1705503158		-1.0
	14625.00000000	3.16114		1.35049     0.2    0.2		4.1705503158		-1.0
	14670.00000000	3.04197		1.60018     0.2    0.2		4.1705503158		-1.0
	14715.00000000	2.80615		2.1084     0.2    0.2		4.1705503158		-1.0
	14760.00000000	2.60656		2.44228     0.2    0.2		4.1705503158		-1.0
	14805.00000000	2.95988		2.71186     0.2    0.2		4.1705503158		-1.0
	14850.00000000	3.43724		-3.11337     0.2    0.2		4.1705503158		-1.0
	14895.00000000	3.1422		-3.12173     0.2    0.2		4.1705503158		-1.0
	14940.00000000	3.14286		-2.61497     0.2    0.2		4.1705503158		-1.0
	14985.00000000	2.99276		-2.45539     0.2    0.2		4.1705503158		-1.0
	15030.00000000	3.5645		-2.39148     0.2    0.2		4.1705503158		-1.0
	15075.00000000	2.76184		-2.34122     0.2    0.2		4.1705503158		-1.0
	15120.00000000	3.13084		-2.03951     0.2    0.2		4.1705503158		-1.0
	15165.00000000	2.74735		-2.06502     0.2    0.2		4.1705503158		-1.0
	15210.00000000	2.69385		-2.08692     0.2    0.2		4.1705503158		-1.0
	15255.00000000	2.69828		-1.71206     0.2    0.2		4.1705503158		-1.0
	15300.00000000	2.73078		-1.54039     0.2    0.2		4.1705503158		-1.0
	15345.00000000	3.12353		-0.61534     0.2    0.2		4.1705503158		-1.0
	15390.00000000	3.14061		0.1513     0.2    0.2		4.1705503158		-1.0
	15435.00000000	3.01146		0.46804     0.2    0.2		4.1705503158		-1.0
	15480.00000000	2.90735		1.07762     0.2    0.2		4.1705503158		-1.0
	15525.00000000	2.58027		1.51039     0.2    0.2		4.1705503158		-1.0
	15570.00000000	2.65734		2.17208     0.2    0.2		4.1705503158		-1.0
	15615.00000000	2.71268		2.15781     0.2    0.2		4.1705503158		-1.0
	15660.00000000	2.7618		2.2356     0.2    0.2		4.1705503158		-1.0
	15705.00000000	2.6908		2.49807     0.2    0.2		4.1705503158		-1.0
	15750.00000000	3.4232		2.34594     0.2    0.2		4.1705503158		-1.0
	15795.00000000	3.49912		2.41954     0.2    0.2		4.1705503158		-1.0
	15840.00000000	3.31313		1.98807     0.2    0.2		4.1705503158		-1.0
	15885.00000000	3.36141		2.0867     0.2    0.2		4.1705503158		-1.0
	15930.00000000	2.66677		1.92933     0.2    0.2		4.1705503158		-1.0
	15975.00000000	2.76042		1.56081     0.2    0.2		4.1705503158		-1.0
	16020.00000000	2.79913		1.76816     0.2    0.2		4.1705503158		-1.0
	16065.00000000	2.76442		1.6468     0.2    0.2		4.1705503158		-1.0
	16110.00000000	2.75367		1.51179     0.2    0.2		4.1705503158		-1.0
	16155.00000000	2.72436		1.81622     0.2    0.2		4.1705503158		-1.0
	16200.00000000	3.42736		1.63546     0.2    0.2		4.1705503158		-1.0
	16245.00000000	3.29202		2.13197     0.2    0.2		4.1705503158		-1.0
	16290.00000000	3.16699		2.28619     0.2    0.2		4.1705503158		-1.0
	16335.00000000	3.32942		2.627     0.2    0.2		4.1705503158		-1.0
	16380.00000000	2.80035		2.90487     0.2    0.2		4.1705503158		-1.0
	16425.00000000	2.80439		2.97699     0.2    0.2		4.1705503158		-1.0
	16470.00000000	2.86301		-3.10422     0.2    0.2		4.1705503158		-1.0
	16515.00000000	2.66593		-3.04843     0.2    0.2		4.1705503158		-1.0
	16560.00000000	2.69752		-2.98489     0.2    0.2		4.1705503158		-1.0
	16605.00000000	3.54549		-2.69469     0.2    0.2		4.1705503158		-1.0
	16650.00000000	3.39491		-2.50417     0.2    0.2		4.1705503158		-1.0
	16695.00000000	3.5221		-2.25083     0.2    0.2		4.1705503158		-1.0
	16740.00000000	2.812		-2.20539     0.2    0.2		4.1705503158		-1.0
	16785.00000000	3.52338		-2.08252     0.2    0.2		4.1705503158		-1.0
	16830.00000000	2.79413		-1.94274     0.2    0.2		4.1705503158		-1.0
	16875.00000000	2.71449		-1.37358     0.2    0.2		4.1705503158		-1.0
	16920.00000000	3.23235		-1.08115     0.2    0.2		4.1705503158		-1.0
	16965.00000000	3.25264		-0.69566     0.2    0.2		4.1705503158		-1.0
	17010.00000000	3.22778		-0.06349     0.2    0.2		4.1705503158		-1.0
	17055.00000000	3.36016		0.74822     0.2    0.2		4.1705503158		-1.0
	17100.00000000	3.22836		0.96372     0.2    0.2		4.1705503158		-1.0
	17145.00000000	3.10945		1.44548     0.2    0.2		4.1705503158		-1.0
	17190.00000000	3.16256		1.94035     0.2    0.2		4.1705503158		-1.0
	17235.00000000	3.16401		2.51395     0.2    0.2		4.1705503158		-1.0
	17280.00000000	3.24681		2.73767     0.2    0.2		4.1705503158		-1.0
	17325.00000000	3.05015		2.37756     0.2    0.2		4.1705503158		-1.0
	17370.00000000	3.24062		1.80888     0.2    0.2		4.1705503158		-1.0
	17415.00000000	3.3535		1.78158     0.2    0.2		4.1705503158		-1.0
	17460.00000000	3.11752		1.94288     0.2    0.2		4.1705503158		-1.0
	17505.00000000	3.29199		2.47043     0.2    0.2		4.1705503158		-1.0
	17550.00000000	2.68491		2.60648     0.2    0.2		4.1705503158		-1.0
	17595.00000000	2.82955		2.25695     0.2    0.2		4.1705503158		-1.0
	17640.00000000	2.68248		1.83588     0.2    0.2		4.1705503158		-1.0
	17685.00000000	2.72223		1.85935     0.2    0.2		4.1705503158		-1.0
	17730.00000000	2.75232		1.17396     0.2    0.2		4.1705503158		-1.0
	17775.00000000	2.7251		1.30298     0.2    0.2		4.1705503158		-1.0
	17820.00000000	2.71432		0.26409     0.2    0.2		4.1705503158		-1.0
	17865.00000000	2.71265		-0.45637     0.2    0.2		4.1705503158		-1.0
	17910.00000000	2.79106		-0.571     0.2    0.2		4.1705503158		-1.0
	17955.00000000	2.75556		-0.21145     0.2    0.2		4.1705503158		-1.0
	18000.00000000	2.65073		0.37714     0.2    0.2		4.1705503158		-1.0
	18045.00000000	2.68979		0.89694     0.2    0.2		4.1705503158		-1.0
	18090.00000000	2.69771		0.50175     0.2    0.2		4.1705503158		-1.0
	18135.00000000	2.69778		0.41417     0.2    0.2		4.1705503158		-1.0
	18180.00000000	2.88946		0.54303     0.2    0.2		4.1705503158		-1.0
	18225.00000000	2.75885		1.03351     0.2    0.2		4.1705503158		-1.0
	18270.00000000	3.2351		1.11826     0.2    0.2		4.1705503158		-1.0
	18315.00000000	3.34182		1.23602     0.2    0.2		4.1705503158		-1.0
	18360.00000000	3.24253		1.37805     0.2    0.2		4.1705503158		-1.0
	18405.00000000	3.11244		1.50541     0.2    0.2		4.1705503158		-1.0
	18450.00000000	3.41089		1.62425     0.2    0.2		4.1705503158		-1.0
	18495.00000000	3.39126		1.58001     0.2    0.2		4.1705503158		-1.0
	18540.00000000	3.07783		2.01524     0.2    0.2		4.1705503158		-1.0
	18585.00000000	3.39029		2.10481     0.2    0.2		4.1705503158		-1.0
	18630.00000000	2.67829		2.32406     0.2    0.2		4.1705503158		-1.0
	18675.00000000	3.12959		2.57304     0.2    0.2		4.1705503158		-1.0
	18720.00000000	3.21215		2.91038     0.2    0.2		4.1705503158		-1.0
	18765.00000000	3.22517		-2.94719     0.2    0.2		4.1705503158		-1.0
	18810.00000000	3.0782		-2.48428     0.2    0.2		4.1705503158		-1.0
	18855.00000000	3.18909		-2.04767     0.2    0.2		4.1705503158		-1.0
	18900.00000000	3.12348		-2.04894     0.2    0.2		4.1705503158		-1.0
	18945.00000000	3.27949		-1.44325     0.2    0.2		4.1705503158		-1.0
	18990.00000000	3.25556		-0.90541     0.2    0.2		4.1705503158		-1.0
	19035.00000000	3.19017		-0.19034     0.2    0.2		4.1705503158		-1.0
	19080.00000000	3.21504		0.38855     0.2    0.2		4.1705503158		-1.0
	19125.00000000	3.19492		-0.42334     0.2    0.2		4.1705503158		-1.0
	19170.00000000	3.24687		-1.00519     0.2    0.2		4.1705503158		-1.0
	19215.00000000	3.19221		-1.6542     0.2    0.2		4.1705503158		-1.0
	19260.00000000	3.31214		-1.36275     0.2    0.2		4.1705503158		-1.0
	19305.00000000	3.04285		-1.43794     0.2    0.2		4.1705503158		-1.0
	19350.00000000	2.80111		-1.01333     0.2    0.2		4.1705503158		-1.0
	19395.00000000	3.03686		-1.09767     0.2    0.2		4.1705503158		-1.0
	19440.00000000	3.13902		-0.33232     0.2    0.2		4.1705503158		-1.0
	19485.00000000	3.17336		0.18107     0.2    0.2		4.1705503158		-1.0
	19530.00000000	3.18737		0.49772     0.2    0.2		4.1705503158		-1.0
	19575.00000000	3.14468		0.85699     0.2    0.2		4.1705503158		-1.0
	19620.00000000	3.44545		0.64049     0.2    0.2		4.1705503158		-1.0
	19665.00000000	3.31166		0.61538     0.2    0.2		4.1705503158		-1.0
	19710.00000000	2.89308		0.85956     0.2    0.2		4.1705503158		-1.0
	19755.00000000	2.72363		0.63317     0.2    0.2		4.1705503158		-1.0
	19800.00000000	2.64847		0.5828     0.2    0.2		4.1705503158		-1.0
	19845.00000000	2.59408		0.21517     0.2    0.2		4.1705503158		-1.0
	19890.00000000	2.64234		-0.29544     0.2    0.2		4.1705503158		-1.0
	19935.00000000	2.76438		-0.73113     0.2    0.2		4.1705503158		-1.0
	19980.00000000	2.74776		-0.73891     0.2    0.2		4.1705503158		-1.0
	20025.00000000	2.88587		-0.75096     0.2    0.2		4.1705503158		-1.0
	20070.00000000	3.23595		-0.42466     0.2    0.2		4.1705503158		-1.0
	20115.00000000	2.99325		-0.0084     0.2    0.2		4.1705503158		-1.0
	20160.00000000	3.18373		0.10024     0.2    0.2		4.1705503158		-1.0
	20205.00000000	3.00005		0.17663     0.2    0.2		4.1705503158		-1.0
	20250.00000000	2.63977		0.66502     0.2    0.2		4.1705503158		-1.0
	20295.00000000	2.65583		0.76679     0.2    0.2		4.1705503158		-1.0
	20340.00000000	2.70597		0.06131     0.2    0.2		4.1705503158		-1.0
	20385.00000000	2.72025		-0.71062     0.2    0.2		4.1705503158		-1.0
	20430.00000000	2.77599		-1.32619     0.2    0.2		4.1705503158		-1.0
	20475.00000000	3.44186		-0.79293     0.2    0.2		4.1705503158		-1.0
	20520.00000000	2.67663		-0.35979     0.2    0.2		4.1705503158		-1.0
	20565.00000000	2.69071		-0.00053     0.2    0.2		4.1705503158		-1.0
	20610.00000000	2.79107		-0.44043     0.2    0.2		4.1705503158		-1.0
	20655.00000000	2.68034		0.02012     0.2    0.2		4.1705503158		-1.0
	20700.00000000	2.75835		-0.45157     0.2    0.2		4.1705503158		-1.0
	20744.99999999	2.6816		-1.04824     0.2    0.2		4.1705503158		-1.0
	20789.99999999	2.77835		-1.31712     0.2    0.2		4.1705503158		-1.0
	20834.99999999	2.65696		-1.2386     0.2    0.2		4.1705503158		-1.0
	20879.99999999	2.66212		-0.8533     0.2    0.2		4.1705503158		-1.0
	20924.99999999	2.70821		-0.24623     0.2    0.2		4.1705503158		-1.0
	20969.99999999	3.18322		-0.17276     0.2    0.2		4.1705503158		-1.0
	21014.99999999	3.26275		-0.39818     0.2    0.2		4.1705503158		-1.0
	21059.99999999	3.27574		-1.01007     0.2    0.2		4.1705503158		-1.0
	21104.99999999	3.31578		-1.06887     0.2    0.2		4.1705503158		-1.0
	21149.99999999	3.38549		-1.47994     0.2    0.2		4.1705503158		-1.0
	21194.99999999	3.34198		-1.63838     0.2    0.2		4.1705503158		-1.0
	21239.99999999	3.47081		-1.82148     0.2    0.2		4.1705503158		-1.0
	21284.99999999	2.93378		-2.09173     0.2    0.2		4.1705503158		-1.0
	21329.99999999	3.19208		-2.15502     0.2    0.2		4.1705503158		-1.0
	21374.99999999	3.22004		-2.29045     0.2    0.2		4.1705503158		-1.0
	21419.99999999	3.26336		-2.4945     0.2    0.2		4.1705503158		-1.0
	21464.99999999	3.30858		-2.69827     0.2    0.2		4.1705503158		-1.0
	21509.99999999	3.28619		-2.89292     0.2    0.2		4.1705503158		-1.0
	21554.99999999	3.34109		-3.07711     0.2    0.2		4.1705503158		-1.0
	21599.99999999	3.4903		2.83426     0.2    0.2		4.1705503158		-1.0
	21644.99999999	3.23293		2.52767     0.2    0.2		4.1705503158		-1.0
	21689.99999999	3.18801		2.19081     0.2    0.2		4.1705503158		-1.0
	21734.99999999	3.22728		1.70857     0.2    0.2		4.1705503158		-1.0
	21779.99999999	3.50729		1.76358     0.2    0.2		4.1705503158		-1.0
	21824.99999999	3.47846		1.16016     0.2    0.2		4.1705503158		-1.0
	21869.99999999	3.18844		1.21017     0.2    0.2		4.1705503158		-1.0
	21914.99999999	3.33191		0.58468     0.2    0.2		4.1705503158		-1.0
	21959.99999999	3.39647		0.4293     0.2    0.2		4.1705503158		-1.0
	22004.99999999	3.37144		-0.45815     0.2    0.2		4.1705503158		-1.0
	22049.99999999	3.33192		-0.68897     0.2    0.2		4.1705503158		-1.0
	22094.99999999	3.35586		-1.24634     0.2    0.2		4.1705503158		-1.0
	22139.99999999	3.21958		-1.43862     0.2    0.2		4.1705503158		-1.0
	22184.99999999	3.31451		-1.9458     0.2    0.2		4.1705503158		-1.0
	22229.99999999	3.51131		-1.93182     0.2    0.2		4.1705503158		-1.0
	22274.99999999	3.50789		-2.45739     0.2    0.2		4.1705503158		-1.0
	22319.99999999	3.35477		-2.49645     0.2    0.2		4.1705503158		-1.0
	22364.99999999	3.25193		-2.93684     0.2    0.2		4.1705503158		-1.0
	22409.99999999	3.51096		3.08404     0.2    0.2		4.1705503158		-1.0
	22454.99999999	2.9007		2.65005     0.2    0.2		4.1705503158		-1.0
	22499.99999999	3.43732		2.51392     0.2    0.2		4.1705503158		-1.0
	22544.99999999	2.58197		1.9957     0.2    0.2		4.1705503158		-1.0
	22589.99999999	3.33635		1.68581     0.2    0.2		4.1705503158		-1.0
	22634.99999999	3.23828		1.13455     0.2    0.2		4.1705503158		-1.0
	22679.99999999	3.4231		0.63785     0.2    0.2		4.1705503158		-1.0
	22724.99999999	3.19639		0.23775     0.2    0.2		4.1705503158		-1.0
	22769.99999999	3.25836		-0.18066     0.2    0.2		4.1705503158		-1.0
	22814.99999999	3.32809		-0.65547     0.2    0.2		4.1705503158		-1.0
	22859.99999999	3.29869		-0.97622     0.2    0.2		4.1705503158		-1.0
	22904.99999999	3.04453		-1.38201     0.2    0.2		4.1705503158		-1.0
	22949.99999999	2.73872		-1.64777     0.2    0.2		4.1705503158		-1.0
	22994.99999999	2.64328		-1.967     0.2    0.2		4.1705503158		-1.0
	23039.99999999	2.69482		-2.5516     0.2    0.2		4.1705503158		-1.0
	23084.99999999	2.69975		-2.57416     0.2    0.2		4.1705503158		-1.0
	23129.99999999	2.78073		3.10974     0.2    0.2		4.1705503158		-1.0
	23174.99999999	2.71681		2.75204     0.2    0.2		4.1705503158		-1.0
	23219.99999999	2.78948		2.39368     0.2    0.2		4.1705503158		-1.0
	23264.99999999	2.69256		1.8658     0.2    0.2		4.1705503158		-1.0
	23309.99999999	2.65058		1.56988     0.2    0.2		4.1705503158		-1.0
	23354.99999999	2.67133		1.15249     0.2    0.2		4.1705503158		-1.0
	23399.99999999	2.69666		1.03914     0.2    0.2		4.1705503158		-1.0
	23444.99999999	2.65096		0.34271     0.2    0.2		4.1705503158		-1.0
	23489.99999999	2.74473		0.1696     0.2    0.2		4.1705503158		-1.0
	23534.99999999	2.69345		-0.22242     0.2    0.2		4.1705503158		-1.0
	23579.99999999	2.79927		-0.67156     0.2    0.2		4.1705503158		-1.0
	23624.99999999	3.11327		-1.12037     0.2    0.2		4.1705503158		-1.0
	23669.99999999	3.48523		-1.19707     0.2    0.2		4.1705503158		-1.0
	23714.99999999	3.7088		-1.72317     0.2    0.2		4.1705503158		-1.0
	23759.99999999	2.55676		-1.74038     0.2    0.2		4.1705503158		-1.0
	23804.99999999	3.63452		-1.69938     0.2    0.2		4.1705503158		-1.0
	23849.99999999	2.64652		-1.67825     0.2    0.2		4.1705503158		-1.0
	23894.99999999	2.70067		-1.78126     0.2    0.2		4.1705503158		-1.0
	23939.99999999	2.80679		-1.20561     0.2    0.2		4.1705503158		-1.0
	23984.99999999	2.71746		-0.94797     0.2    0.2		4.1705503158		-1.0
	24029.99999999	2.87176		0.04762     0.2    0.2		4.1705503158		-1.0
	24074.99999999	3.46655		0.07406     0.2    0.2		4.1705503158		-1.0
	24119.99999999	3.52487		0.02209     0.2    0.2		4.1705503158		-1.0
	24164.99999999	3.43553		-0.30649     0.2    0.2		4.1705503158		-1.0
	24209.99999999	2.58229		-0.75284     0.2    0.2		4.1705503158		-1.0
	24254.99999999	3.46554		-1.25932     0.2    0.2		4.1705503158		-1.0
	24299.99999999	3.44821		-1.42023     0.2    0.2		4.1705503158		-1.0
	24344.99999999	2.8854		-1.58047     0.2    0.2		4.1705503158		-1.0
	24389.99999999	3.46546		-1.723     0.2    0.2		4.1705503158		-1.0
	24434.99999999	3.07979		-2.0896     0.2    0.2		4.1705503158		-1.0
	24479.99999999	2.84057		-2.41866     0.2    0.2		4.1705503158		-1.0
	24524.99999999	2.63889		-2.72115     0.2    0.2		4.1705503158		-1.0
	24569.99999999	2.68155		-3.05999     0.2    0.2		4.1705503158		-1.0
	24614.99999999	2.63758		2.47966     0.2    0.2		4.1705503158		-1.0
	24659.99999999	3.23903		2.34338     0.2    0.2		4.1705503158		-1.0
	24704.99999999	3.18288		2.08579     0.2    0.2		4.1705503158		-1.0
	24749.99999999	2.87067		1.78597     0.2    0.2		4.1705503158		-1.0
	24794.99999999	2.58782		1.90675     0.2    0.2		4.1705503158		-1.0
	24839.99999999	2.6745		1.51579     0.2    0.2		4.1705503158		-1.0
	24884.99999999	2.66736		1.39337     0.2    0.2		4.1705503158		-1.0
	24929.99999999	2.75668		1.28173     0.2    0.2		4.1705503158		-1.0
	24974.99999999	3.25772		0.20603     0.2    0.2		4.1705503158		-1.0
	25019.99999999	2.7005		-0.47011     0.2    0.2		4.1705503158		-1.0
	25064.99999999	3.53822		-0.75106     0.2    0.2		4.1705503158		-1.0
	25109.99999999	3.43646		-0.90553     0.2    0.2		4.1705503158		-1.0
	25154.99999999	2.82984		-1.1864     0.2    0.2		4.1705503158		-1.0
	25199.99999999	3.70084		-1.18843     0.2    0.2		4.1705503158		-1.0
	25244.99999999	2.57585		-1.22889     0.2    0.2		4.1705503158		-1.0
	25289.99999999	3.57546		-1.08049     0.2    0.2		4.1705503158		-1.0
	25334.99999999	2.81386		-1.09908     0.2    0.2		4.1705503158		-1.0
	25379.99999999	3.77619		-0.72194     0.2    0.2		4.1705503158		-1.0
	25424.99999999	2.54943		-0.29045     0.2    0.2		4.1705503158		-1.0
	25469.99999999	3.51151		-0.06772     0.2    0.2		4.1705503158		-1.0
	25514.99999999	2.75206		0.68246     0.2    0.2		4.1705503158		-1.0
	25559.99999999	2.64133		0.94118     0.2    0.2		4.1705503158		-1.0
	25604.99999999	3.64996		1.02044     0.2    0.2		4.1705503158		-1.0
	25649.99999999	2.99871		1.13276     0.2    0.2		4.1705503158		-1.0
	25694.99999999	3.38653		0.92361     0.2    0.2		4.1705503158		-1.0
	25739.99999999	3.1002		0.46385     0.2    0.2		4.1705503158		-1.0
	25784.99999999	3.43766		0.34941     0.2    0.2		4.1705503158		-1.0
	25829.99999999	3.36541		0.04669     0.2    0.2		4.1705503158		-1.0
	25874.99999999	3.19943		0.07267     0.2    0.2		4.1705503158		-1.0
	25919.99999999	3.10264		-0.50734     0.2    0.2		4.1705503158		-1.0
	25964.99999999	3.67903		-0.52632     0.2    0.2		4.1705503158		-1.0
	26009.99999999	3.0957		-0.78169     0.2    0.2		4.1705503158		-1.0
	26054.99999999	3.20832		-0.55963     0.2    0.2		4.1705503158		-1.0
	26099.99999999	2.86347		-0.00164     0.2    0.2		4.1705503158		-1.0
	26144.99999999	2.71863		-0.05156     0.2    0.2		4.1705503158		-1.0
	26189.99999999	2.90473		-0.38392     0.2    0.2		4.1705503158		-1.0
	26234.99999999	3.30752		-0.9633     0.2    0.2		4.1705503158		-1.0
	26279.99999999	2.56343		-0.95899     0.2    0.2		4.1705503158		-1.0
	26324.99999999	3.40158		-1.22204     0.2    0.2		4.1705503158		-1.0
	26369.99999999	3.43458		-0.75034     0.2    0.2		4.1705503158		-1.0
	26414.99999999	3.22327		-0.74195     0.2    0.2		4.1705503158		-1.0
	26459.99999999	2.69371		0.09314     0.2    0.2		4.1705503158		-1.0
	26504.99999999	2.70441		0.78606     0.2    0.2		4.1705503158		-1.0
	26549.99999999	2.76241		0.7668     0.2    0.2		4.1705503158		-1.0
	26594.99999999	2.6553		1.4067     0.2    0.2		4.1705503158		-1.0
	26639.99999999	2.74932		1.68945     0.2    0.2		4.1705503158		-1.0
	26684.99999999	2.71423		1.6591     0.2    0.2		4.1705503158		-1.0
	26729.99999999	3.43953		2.19746     0.2    0.2		4.1705503158		-1.0
	26774.99999999	2.66553		2.51017     0.2    0.2		4.1705503158		-1.0
	26819.99999999	2.8802		2.58435     0.2    0.2		4.1705503158		-1.0
	26864.99999999	2.64423		2.72132     0.2    0.2		4.1705503158		-1.0
	26909.99999999	3.03669		3.03848     0.2    0.2		4.1705503158		-1.0
	26954.99999999	3.36499		-2.9284     0.2    0.2		4.1705503158		-1.0
	26999.99999999	3.21213		-2.61834     0.2    0.2		4.1705503158		-1.0
	27044.99999999	2.70355		-2.68346     0.2    0.2		4.1705503158		-1.0
	27089.99999999	2.64478		-2.56283     0.2    0.2		4.1705503158		-1.0
	27134.99999999	2.72095		-2.29532     0.2    0.2		4.1705503158		-1.0
	27179.99999999	2.68365		-2.28062     0.2    0.2		4.1705503158		-1.0
	27224.99999998	2.71794		-1.98913     0.2    0.2		4.1705503158		-1.0
	27269.99999998	2.70361		-1.83137     0.2    0.2		4.1705503158		-1.0
	27314.99999998	2.73835		-1.5088     0.2    0.2		4.1705503158		-1.0
	27359.99999998	3.59875		-1.47602     0.2    0.2		4.1705503158		-1.0
	27404.99999998	5.02259		-1.12662     0.2    0.2		4.1705503158		-1.0
	27449.99999998	7.20466		-0.7679     0.2    0.2		4.1705503158		-1.0
	27494.99999998	8.87626		-0.61625     0.2    0.2		4.1705503158		-1.0
	27539.99999998	10.3809		-0.54138     0.2    0.2		4.1705503158		-1.0
	27584.99999998	11.78795		-0.52001     0.2    0.2		4.1705503158		-1.0
	27629.99999998	12.74786		-0.97118     0.2    0.2		4.1705503158		-1.0
	27674.99999998	13.81314		-1.46432     0.2    0.2		4.1705503158		-1.0
	27719.99999998	14.71421		-1.27532     0.2    0.2		4.1705503158		-1.0
	27764.99999998	15.68866		-1.2009     0.2    0.2		4.1705503158		-1.0
	27809.99999998	17.05622		-1.19179     0.2    0.2		4.1705503158		-1.0
	27854.99999998	18.35006		-0.9565     0.2    0.2		4.1705503158		-1.0
	27899.99999998	19.63629		-0.95046     0.2    0.2		4.1705503158		-1.0
	27944.99999998	20.96356		-0.8753     0.2    0.2		4.1705503158		-1.0
	27989.99999998	22.15228		-0.74476     0.2    0.2		4.1705503158		-1.0
	28034.99999998	23.52521		-0.62715     0.2    0.2		4.1705503158		-1.0
	28079.99999998	24.702		0.9762     0.2    0.2		4.1705503158		-1.0
	28124.99999998	25.6172		1.8618     0.2    0.2		4.1705503158		-1.0
	28169.99999998	24.62147		1.70131     0.2    0.2		4.1705503158		-1.0
	28214.99999998	23.65423		-2.91445     0.2    0.2		4.1705503158		-1.0
	28259.99999998	22.94227		-2.11537     0.2    0.2		4.1705503158		-1.0
	28304.99999998	22.32478		-1.59566     0.2    0.2		4.1705503158		-1.0
	28349.99999998	21.88607		-1.23042     0.2    0.2		4.1705503158		-1.0
	28394.99999998	21.32047		-0.90734     0.2    0.2		4.1705503158		-1.0
	28439.99999998	21.06733		-0.63079     0.2    0.2		4.1705503158		-1.0
	28484.99999998	20.52324		-0.30006     0.2    0.2		4.1705503158		-1.0
	28529.99999998	19.89241		0.05166     0.2    0.2		4.1705503158		-1.0
	28574.99999998	19.134		0.45793     0.2    0.2		4.1705503158		-1.0
	28619.99999998	18.19161		0.85724     0.2    0.2		4.1705503158		-1.0
	28664.99999998	17.46375		1.42135     0.2    0.2		4.1705503158		-1.0
	28709.99999998	16.64075		1.90059     0.2    0.2		4.1705503158		-1.0
	28754.99999998	16.20136		2.4708     0.2    0.2		4.1705503158		-1.0
	28799.99999998	15.21519		2.99425     0.2    0.2		4.1705503158		-1.0
	28844.99999998	14.50783		-2.66938     0.2    0.2		4.1705503158		-1.0
	28889.99999998	13.5426		-2.35327     0.2    0.2		4.1705503158		-1.0
	28934.99999998	12.63011		-1.89826     0.2    0.2		4.1705503158		-1.0
	28979.99999998	11.57179		-1.80806     0.2    0.2		4.1705503158		-1.0
	29024.99999998	10.38596		-1.7042     0.2    0.2		4.1705503158		-1.0
	29069.99999998	9.4023		-1.98664     0.2    0.2		4.1705503158		-1.0
	29114.99999998	8.50706		-2.58155     0.2    0.2		4.1705503158		-1.0
	29159.99999998	8.04495		3.12945     0.2    0.2		4.1705503158		-1.0
	29204.99999998	7.27029		-3.10661     0.2    0.2		4.1705503158		-1.0
	29249.99999998	6.47237		-3.10046     0.2    0.2		4.1705503158		-1.0
	29294.99999998	5.56674		-2.82645     0.2    0.2		4.1705503158		-1.0
	29339.99999998	5.80455		-2.58407     0.2    0.2		4.1705503158		-1.0
	29384.99999998	7.02726		-2.33228     0.2    0.2		4.1705503158		-1.0
	29429.99999998	8.54854		-2.09495     0.2    0.2		4.1705503158		-1.0
	29474.99999998	10.30163		-1.57552     0.2    0.2		4.1705503158		-1.0
	29519.99999998	11.82128		-0.78915     0.2    0.2		4.1705503158		-1.0
	29564.99999998	12.92721		-0.28689     0.2    0.2		4.1705503158		-1.0
	29609.99999998	14.04649		0.00705     0.2    0.2		4.1705503158		-1.0
	29654.99999998	14.84908		0.23422     0.2    0.2		4.1705503158		-1.0
	29699.99999998	15.7665		0.41198     0.2    0.2		4.1705503158		-1.0
	29744.99999998	16.59178		0.67289     0.2    0.2		4.1705503158		-1.0
	29789.99999998	17.70371		0.88421     0.2    0.2		4.1705503158		-1.0
	29834.99999998	18.39742		1.16212     0.2    0.2		4.1705503158		-1.0
	29879.99999998	19.33095		1.72237     0.2    0.2		4.1705503158		-1.0
	29924.99999998	19.99892		2.35465     0.2    0.2		4.1705503158		-1.0
	29969.99999998	20.88247		3.07011     0.2    0.2		4.1705503158		-1.0
	30014.99999998	21.56374		-2.6282     0.2    0.2		4.1705503158		-1.0
	30059.99999998	22.40575		-2.00321     0.2    0.2		4.1705503158		-1.0
	30104.99999998	23.18606		-1.42036     0.2    0.2		4.1705503158		-1.0
	30149.99999998	23.76519		-1.01395     0.2    0.2		4.1705503158		-1.0
	30194.99999998	24.38293		-0.37776     0.2    0.2		4.1705503158		-1.0
	30239.99999998	25.09516		0.08962     0.2    0.2		4.1705503158		-1.0
	30284.99999998	26.00217		0.45813     0.2    0.2		4.1705503158		-1.0
	30329.99999998	27.10407		0.77457     0.2    0.2		4.1705503158		-1.0
	30374.99999998	27.97588		0.97053     0.2    0.2		4.1705503158		-1.0
	30419.99999998	27.51144		-1.72119     0.2    0.2		4.1705503158		-1.0
	30464.99999998	27.09063		-1.64149     0.2    0.2		4.1705503158		-1.0
	30509.99999998	26.3205		-1.61422     0.2    0.2		4.1705503158		-1.0
	30554.99999998	25.60199		-1.57574     0.2    0.2		4.1705503158		-1.0
	30599.99999998	24.70128		-1.44399     0.2    0.2		4.1705503158		-1.0
	30644.99999998	23.81405		-1.4152     0.2    0.2		4.1705503158		-1.0
	30689.99999998	23.00032		-1.29644     0.2    0.2		4.1705503158		-1.0
	30734.99999998	21.87295		-1.23594     0.2    0.2		4.1705503158		-1.0
	30779.99999998	20.8877		-1.18526     0.2    0.2		4.1705503158		-1.0
	30824.99999998	19.65272		-1.19733     0.2    0.2		4.1705503158		-1.0
	30869.99999998	18.39653		-1.23661     0.2    0.2		4.1705503158		-1.0
	30914.99999998	17.19333		-1.37099     0.2    0.2		4.1705503158		-1.0
	30959.99999998	16.16509		-1.58828     0.2    0.2		4.1705503158		-1.0
	31004.99999998	15.06044		-1.90754     0.2    0.2		4.1705503158		-1.0
	31049.99999998	13.89978		-2.20433     0.2    0.2		4.1705503158		-1.0
	31094.99999998	13.16966		3.02275     0.2    0.2		4.1705503158		-1.0
	31139.99999998	12.54324		2.50744     0.2    0.2		4.1705503158		-1.0
	31184.99999998	12.02778		1.95479     0.2    0.2		4.1705503158		-1.0
	31229.99999998	11.44865		1.70853     0.2    0.2		4.1705503158		-1.0
	31274.99999998	11.01156		1.35688     0.2    0.2		4.1705503158		-1.0
	31319.99999998	10.43421		1.20459     0.2    0.2		4.1705503158		-1.0
	31364.99999998	9.58862		1.01436     0.2    0.2		4.1705503158		-1.0
	31409.99999998	8.60345		0.99469     0.2    0.2		4.1705503158		-1.0
	31454.99999998	7.54094		0.98572     0.2    0.2		4.1705503158		-1.0
	31499.99999998	6.72802		0.77865     0.2    0.2		4.1705503158		-1.0
	31544.99999998	6.10966		0.92546     0.2    0.2		4.1705503158		-1.0
	31589.99999998	6.38688		0.31114     0.2    0.2		4.1705503158		-1.0
	31634.99999998	6.60048		0.42632     0.2    0.2		4.1705503158		-1.0
	31679.99999998	7.60227		-0.02934     0.2    0.2		4.1705503158		-1.0
	31724.99999998	8.57755		0.78039     0.2    0.2		4.1705503158		-1.0
	31769.99999998	9.73619		0.47235     0.2    0.2		4.1705503158		-1.0
	31814.99999998	10.84774		0.31768     0.2    0.2		4.1705503158		-1.0
	31859.99999998	11.65495		0.3727     0.2    0.2		4.1705503158		-1.0
	31904.99999998	12.88721		0.32149     0.2    0.2		4.1705503158		-1.0
	31949.99999998	14.14315		0.36407     0.2    0.2		4.1705503158		-1.0
	31994.99999998	15.40438		0.47312     0.2    0.2		4.1705503158		-1.0
	32039.99999998	16.79682		0.85873     0.2    0.2		4.1705503158		-1.0
	32084.99999998	18.19978		1.32801     0.2    0.2		4.1705503158		-1.0
	32129.99999998	19.42954		1.84174     0.2    0.2		4.1705503158		-1.0
	32174.99999998	20.60199		2.53226     0.2    0.2		4.1705503158		-1.0
	32219.99999998	22.07672		-3.01919     0.2    0.2		4.1705503158		-1.0
	32264.99999998	23.28241		-2.22708     0.2    0.2		4.1705503158		-1.0
	32309.99999998	22.79187		-1.52141     0.2    0.2		4.1705503158		-1.0
	32354.99999998	21.66152		1.38175     0.2    0.2		4.1705503158		-1.0
	32399.99999998	20.46598		0.96358     0.2    0.2		4.1705503158		-1.0
	32444.99999998	19.49723		-0.02505     0.2    0.2		4.1705503158		-1.0
	32489.99999998	18.44527		-0.6503     0.2    0.2		4.1705503158		-1.0
	32534.99999998	17.41039		-1.48399     0.2    0.2		4.1705503158		-1.0
	32579.99999998	16.39192		-2.62455     0.2    0.2		4.1705503158		-1.0
	32624.99999998	15.52673		2.51288     0.2    0.2		4.1705503158		-1.0
	32669.99999998	14.88063		1.51737     0.2    0.2		4.1705503158		-1.0
	32714.99999998	13.83255		0.27301     0.2    0.2		4.1705503158		-1.0
	32759.99999998	12.8474		-0.46722     0.2    0.2		4.1705503158		-1.0
	32804.99999998	11.85039		-1.32658     0.2    0.2		4.1705503158		-1.0
	32849.99999998	10.88763		-1.72314     0.2    0.2		4.1705503158		-1.0
	32894.99999998	10.09673		-2.11816     0.2    0.2		4.1705503158		-1.0
	32939.99999998	9.36426		-2.55734     0.2    0.2		4.1705503158		-1.0
	32984.99999998	8.63336		-2.94211     0.2    0.2		4.1705503158		-1.0
	33029.99999998	7.99787		2.83038     0.2    0.2		4.1705503158		-1.0
	33074.99999998	7.45043		2.28761     0.2    0.2		4.1705503158		-1.0
	33119.99999998	6.69697		1.70845     0.2    0.2		4.1705503158		-1.0
	33164.99999998	5.8182		0.9957     0.2    0.2		4.1705503158		-1.0
	33209.99999998	5.39586		0.7398     0.2    0.2		4.1705503158		-1.0
	33254.99999998	6.39687		0.85365     0.2    0.2		4.1705503158		-1.0
	33299.99999998	7.66915		0.75433     0.2    0.2		4.1705503158		-1.0
	33344.99999998	9.00464		0.5402     0.2    0.2		4.1705503158		-1.0
	33389.99999998	10.39985		0.35912     0.2    0.2		4.1705503158		-1.0
	33434.99999998	11.51026		-0.1726     0.2    0.2		4.1705503158		-1.0
	33479.99999998	12.72222		-0.38723     0.2    0.2		4.1705503158		-1.0
	33524.99999998	13.69884		-0.91277     0.2    0.2		4.1705503158		-1.0
	33569.99999998	14.6335		-1.19822     0.2    0.2		4.1705503158		-1.0
	33614.99999998	15.64763		-1.59211     0.2    0.2		4.1705503158		-1.0
	33659.99999998	16.3159		-2.10025     0.2    0.2		4.1705503158		-1.0
	33704.99999998	17.08777		-2.80113     0.2    0.2		4.1705503158		-1.0
	33749.99999997	17.64178		3.12661     0.2    0.2		4.1705503158		-1.0
	33794.99999997	18.51356		2.62349     0.2    0.2		4.1705503158		-1.0
	33839.99999997	19.02303		2.42102     0.2    0.2		4.1705503158		-1.0
	33884.99999997	19.92848		2.15119     0.2    0.2		4.1705503158		-1.0
	33929.99999997	20.79542		2.01903     0.2    0.2		4.1705503158		-1.0
	33974.99999997	21.89357		1.81382     0.2    0.2		4.1705503158		-1.0
	34019.99999997	23.00676		1.68298     0.2    0.2		4.1705503158		-1.0
	34064.99999997	24.2817		1.60852     0.2    0.2		4.1705503158		-1.0
	34109.99999997	25.42469		1.43442     0.2    0.2		4.1705503158		-1.0
	34154.99999997	26.79044		1.29204     0.2    0.2		4.1705503158		-1.0
	34199.99999997	25.86739		-0.78399     0.2    0.2		4.1705503158		-1.0
	34244.99999997	24.64229		-0.52446     0.2    0.2		4.1705503158		-1.0
	34289.99999997	23.40371		-0.36587     0.2    0.2		4.1705503158		-1.0
	34334.99999997	22.07806		-0.13456     0.2    0.2		4.1705503158		-1.0
	34379.99999997	20.94142		0.09386     0.2    0.2		4.1705503158		-1.0
	34424.99999997	19.73218		0.40682     0.2    0.2		4.1705503158		-1.0
	34469.99999997	18.78359		0.94336     0.2    0.2		4.1705503158		-1.0
	34514.99999997	18.36924		1.3601     0.2    0.2		4.1705503158		-1.0
	34559.99999997	18.66112		1.79715     0.2    0.2		4.1705503158		-1.0
	34604.99999997	19.11334		1.97797     0.2    0.2		4.1705503158		-1.0
	34649.99999997	19.48828		2.16246     0.2    0.2		4.1705503158		-1.0
	34694.99999997	19.74138		2.47967     0.2    0.2		4.1705503158		-1.0
	34739.99999997	20.39038		3.07132     0.2    0.2		4.1705503158		-1.0
	34784.99999997	21.06358		-2.45025     0.2    0.2		4.1705503158		-1.0
	34829.99999997	21.93777		-1.90204     0.2    0.2		4.1705503158		-1.0
	34874.99999997	22.70106		-1.39468     0.2    0.2		4.1705503158		-1.0
	34919.99999997	22.36117		-1.13645     0.2    0.2		4.1705503158		-1.0
	34964.99999997	22.06784		-0.76858     0.2    0.2		4.1705503158		-1.0
	35009.99999997	21.19979		-0.60696     0.2    0.2		4.1705503158		-1.0
	35054.99999997	21.25501		-0.07894     0.2    0.2		4.1705503158		-1.0
	35099.99999997	21.19129		0.48493     0.2    0.2		4.1705503158		-1.0
	35144.99999997	21.75709		1.22233     0.2    0.2		4.1705503158		-1.0
	35189.99999997	22.69335		1.63808     0.2    0.2		4.1705503158		-1.0
	35234.99999997	24.02392		2.3143     0.2    0.2		4.1705503158		-1.0
	35279.99999997	25.32084		2.77501     0.2    0.2		4.1705503158		-1.0
	35324.99999997	26.68962		-2.92821     0.2    0.2		4.1705503158		-1.0
	35369.99999997	28.07048		-2.40932     0.2    0.2		4.1705503158		-1.0
	35414.99999997	29.1168		-1.41322     0.2    0.2		4.1705503158		-1.0
	35459.99999997	30.01582		-0.5982     0.2    0.2		4.1705503158		-1.0
	35504.99999997	30.76493		0.38085     0.2    0.2		4.1705503158		-1.0
	35549.99999997	30.84595		1.05977     0.2    0.2		4.1705503158		-1.0
	35594.99999997	30.55368		1.5118     0.2    0.2		4.1705503158		-1.0
	35639.99999997	30.52263		2.24466     0.2    0.2		4.1705503158		-1.0
	35684.99999997	30.49552		2.41479     0.2    0.2		4.1705503158		-1.0
	35729.99999997	31.05033		-3.07514     0.2    0.2		4.1705503158		-1.0
	35774.99999997	31.38088		-2.92887     0.2    0.2		4.1705503158		-1.0
	35819.99999997	32.33004		-2.30111     0.2    0.2		4.1705503158		-1.0
	35864.99999997	32.94335		-2.32777     0.2    0.2		4.1705503158		-1.0
	35909.99999997	32.52004		-2.07264     0.2    0.2		4.1705503158		-1.0
	35954.99999997	32.3327		-2.05653     0.2    0.2		4.1705503158		-1.0
	35999.99999997	31.71522		-1.96572     0.2    0.2		4.1705503158		-1.0
	36044.99999997	31.12304		2.10834     0.2    0.2		4.1705503158		-1.0
	36089.99999997	30.48156		1.71291     0.2    0.2		4.1705503158		-1.0
	36134.99999997	30.07157		1.55586     0.2    0.2		4.1705503158		-1.0
	36179.99999997	29.43855		1.12692     0.2    0.2		4.1705503158		-1.0
	36224.99999997	29.03915		0.10308     0.2    0.2		4.1705503158		-1.0
	36269.99999997	28.66921		-1.25086     0.2    0.2		4.1705503158		-1.0
	36314.99999997	28.6462		-1.6845     0.2    0.2		4.1705503158		-1.0
	36359.99999997	28.6359		-2.03778     0.2    0.2		4.1705503158		-1.0
	36404.99999997	29.1728		-2.43172     0.2    0.2		4.1705503158		-1.0
	36449.99999997	29.97455		-2.53215     0.2    0.2		4.1705503158		-1.0
	36494.99999997	30.92803		-1.9529     0.2    0.2		4.1705503158		-1.0
	36539.99999997	31.66183		-1.4755     0.2    0.2		4.1705503158		-1.0
	36584.99999997	31.95543		-0.61131     0.2    0.2		4.1705503158		-1.0
	36629.99999997	31.60917		0.49138     0.2    0.2		4.1705503158		-1.0
	36674.99999997	30.94707		1.26843     0.2    0.2		4.1705503158		-1.0
	36719.99999997	30.52341		1.8688     0.2    0.2		4.1705503158		-1.0
	36764.99999997	29.72439		2.30593     0.2    0.2		4.1705503158		-1.0
	36809.99999997	28.84093		2.75849     0.2    0.2		4.1705503158		-1.0
	36854.99999997	27.79996		-2.1389     0.2    0.2		4.1705503158		-1.0
	36899.99999997	26.81085		-2.34869     0.2    0.2		4.1705503158		-1.0
	36944.99999997	26.01648		-2.65947     0.2    0.2		4.1705503158		-1.0
	36989.99999997	25.36057		-3.10532     0.2    0.2		4.1705503158		-1.0
	37034.99999997	24.70495		2.19023     0.2    0.2		4.1705503158		-1.0
	37079.99999997	24.17361		0.9875     0.2    0.2		4.1705503158		-1.0
	37124.99999997	23.95163		0.48254     0.2    0.2		4.1705503158		-1.0
	37169.99999997	23.69074		-0.06976     0.2    0.2		4.1705503158		-1.0
	37214.99999997	24.11237		-0.49386     0.2    0.2		4.1705503158		-1.0
	37259.99999997	24.51739		-1.18074     0.2    0.2		4.1705503158		-1.0
	37304.99999997	25.55805		-1.56247     0.2    0.2		4.1705503158		-1.0
	37349.99999997	26.56		-2.13134     0.2    0.2		4.1705503158		-1.0
	37394.99999997	27.55897		-2.32066     0.2    0.2		4.1705503158		-1.0
	37439.99999997	28.01843		3.01747     0.2    0.2		4.1705503158		-1.0
	37484.99999997	27.86888		2.54047     0.2    0.2		4.1705503158		-1.0
	37529.99999997	27.62181		2.19785     0.2    0.2		4.1705503158		-1.0
	37574.99999997	26.68332		1.83531     0.2    0.2		4.1705503158		-1.0
	37619.99999997	25.64462		1.82711     0.2    0.2		4.1705503158		-1.0
	37664.99999997	23.80419		1.46557     0.2    0.2		4.1705503158		-1.0
	37709.99999997	22.20503		1.34072     0.2    0.2		4.1705503158		-1.0
	37754.99999997	20.87884		0.75332     0.2    0.2		4.1705503158		-1.0
	37799.99999997	19.4179		0.45093     0.2    0.2		4.1705503158		-1.0
	37844.99999997	18.36407		-0.44743     0.2    0.2		4.1705503158		-1.0
	37889.99999997	17.01955		-0.74971     0.2    0.2		4.1705503158		-1.0
	37934.99999997	16.2611		-1.72385     0.2    0.2		4.1705503158		-1.0
	37979.99999997	15.23155		-2.15126     0.2    0.2		4.1705503158		-1.0
	38024.99999997	15.01066		-3.04875     0.2    0.2		4.1705503158		-1.0
	38069.99999997	14.58116		2.80696     0.2    0.2		4.1705503158		-1.0
	38114.99999997	14.69115		2.34786     0.2    0.2		4.1705503158		-1.0
	38159.99999997	14.62152		1.80103     0.2    0.2		4.1705503158		-1.0
	38204.99999997	14.33454		1.47311     0.2    0.2		4.1705503158		-1.0
	38249.99999997	13.58552		0.91351     0.2    0.2		4.1705503158		-1.0
	38294.99999997	12.66256		0.86113     0.2    0.2		4.1705503158		-1.0
	38339.99999997	11.54286		0.40557     0.2    0.2		4.1705503158		-1.0
	38384.99999997	10.10026		0.32837     0.2    0.2		4.1705503158		-1.0
	38429.99999997	8.73611		0.11051     0.2    0.2		4.1705503158		-1.0
	38474.99999997	7.58463		-0.12732     0.2    0.2		4.1705503158		-1.0
	38519.99999997	6.75123		-0.61964     0.2    0.2		4.1705503158		-1.0
	38564.99999997	6.41163		-1.10837     0.2    0.2		4.1705503158		-1.0
	38609.99999997	6.7037		-1.91315     0.2    0.2		4.1705503158		-1.0
	38654.99999997	7.75192		-2.02795     0.2    0.2		4.1705503158		-1.0
	38699.99999997	8.90652		-2.41706     0.2    0.2		4.1705503158		-1.0
	38744.99999997	10.44507		-2.56534     0.2    0.2		4.1705503158		-1.0
	38789.99999997	11.29185		1.34236     0.2    0.2		4.1705503158		-1.0
	38834.99999997	12.35963		0.29571     0.2    0.2		4.1705503158		-1.0
	38879.99999997	12.88016		-1.48231     0.2    0.2		4.1705503158		-1.0
	38924.99999997	13.14205		-2.42288     0.2    0.2		4.1705503158		-1.0
	38969.99999997	13.50198		-2.92712     0.2    0.2		4.1705503158		-1.0
	39014.99999997	13.46975		2.61648     0.2    0.2		4.1705503158		-1.0
	39059.99999997	14.02458		1.29868     0.2    0.2		4.1705503158		-1.0
	39104.99999997	13.59886		0.11052     0.2    0.2		4.1705503158		-1.0
	39149.99999997	13.40916		-0.9235     0.2    0.2		4.1705503158		-1.0
	39194.99999997	12.22367		-1.29969     0.2    0.2		4.1705503158		-1.0
	39239.99999997	11.66396		-2.03827     0.2    0.2		4.1705503158		-1.0
	39284.99999997	11.16223		-2.71927     0.2    0.2		4.1705503158		-1.0
	39329.99999997	11.21261		3.05004     0.2    0.2		4.1705503158		-1.0
	39374.99999997	11.0527		2.80464     0.2    0.2		4.1705503158		-1.0
	39419.99999997	10.62107		-2.53028     0.2    0.2		4.1705503158		-1.0
	39464.99999997	10.12748		-2.47658     0.2    0.2		4.1705503158		-1.0
	39509.99999997	8.99433		-2.75467     0.2    0.2		4.1705503158		-1.0
	39554.99999997	8.51711		2.66265     0.2    0.2		4.1705503158		-1.0
	39599.99999997	8.41766		1.77799     0.2    0.2		4.1705503158		-1.0
	39644.99999997	8.95843		1.2971     0.2    0.2		4.1705503158		-1.0
	39689.99999997	9.72983		1.40616     0.2    0.2		4.1705503158		-1.0
	39734.99999997	10.11166		1.83761     0.2    0.2		4.1705503158		-1.0
	39779.99999997	10.64677		1.96981     0.2    0.2		4.1705503158		-1.0
	39824.99999997	10.76304		1.40626     0.2    0.2		4.1705503158		-1.0
	39869.99999997	11.25726		0.59673     0.2    0.2		4.1705503158		-1.0
	39914.99999997	11.38804		-0.25791     0.2    0.2		4.1705503158		-1.0
	39959.99999997	11.5418		-0.61666     0.2    0.2		4.1705503158		-1.0
	40004.99999997	10.62617		-0.39655     0.2    0.2		4.1705503158		-1.0
	40049.99999997	9.083		-0.35693     0.2    0.2		4.1705503158		-1.0
	40094.99999997	7.15805		-0.39764     0.2    0.2		4.1705503158		-1.0
	40139.99999997	5.7568		2.57238     0.2    0.2		4.1705503158		-1.0
	40184.99999997	6.92704		1.38832     0.2    0.2		4.1705503158		-1.0
	40229.99999996	9.21021		1.14413     0.2    0.2		4.1705503158		-1.0
	40274.99999996	11.61747		0.72002     0.2    0.2		4.1705503158		-1.0
	40319.99999996	13.3545		0.4778     0.2    0.2		4.1705503158		-1.0
	40364.99999996	14.7587		0.02949     0.2    0.2		4.1705503158		-1.0
	40409.99999996	15.7992		-2.08628     0.2    0.2		4.1705503158		-1.0
	40454.99999996	16.49284		2.97653     0.2    0.2		4.1705503158		-1.0
	40499.99999996	17.1336		2.74844     0.2    0.2		4.1705503158		-1.0
	40544.99999996	17.96695		2.51723     0.2    0.2		4.1705503158		-1.0
	40589.99999996	18.63054		2.20875     0.2    0.2		4.1705503158		-1.0
	40634.99999996	19.25304		1.20325     0.2    0.2		4.1705503158		-1.0
	40679.99999996	19.90698		0.97417     0.2    0.2		4.1705503158		-1.0
	40724.99999996	20.57012		1.42296     0.2    0.2		4.1705503158		-1.0
	40769.99999996	21.27445		1.37453     0.2    0.2		4.1705503158		-1.0
	40814.99999996	21.7185		1.50519     0.2    0.2		4.1705503158		-1.0
	40859.99999996	22.54196		1.22549     0.2    0.2		4.1705503158		-1.0
	40904.99999996	23.73097		1.08038     0.2    0.2		4.1705503158		-1.0
	40949.99999996	24.78014		0.53266     0.2    0.2		4.1705503158		-1.0
	40994.99999996	25.594		0.40214     0.2    0.2		4.1705503158		-1.0
	41039.99999996	26.51984		0.41114     0.2    0.2		4.1705503158		-1.0
	41084.99999996	27.52626		0.55143     0.2    0.2		4.1705503158		-1.0
	41129.99999996	28.73906		0.72356     0.2    0.2		4.1705503158		-1.0
	41174.99999996	29.86057		0.75993     0.2    0.2		4.1705503158		-1.0
	41219.99999996	31.04217		0.83939     0.2    0.2		4.1705503158		-1.0
	41264.99999996	32.39673		0.86555     0.2    0.2		4.1705503158		-1.0
	41309.99999996	33.88252		1.10863     0.2    0.2		4.1705503158		-1.0
	41354.99999996	34.34574		0.76191     0.2    0.2		4.1705503158		-1.0
	41399.99999996	34.90733		-0.25568     0.2    0.2		4.1705503158		-1.0
	41444.99999996	35.6514		-0.66564     0.2    0.2		4.1705503158		-1.0
	41489.99999996	34.79004		-0.79119     0.2    0.2		4.1705503158		-1.0
	41534.99999996	33.88298		-1.09447     0.2    0.2		4.1705503158		-1.0
	41579.99999996	32.62977		-1.32051     0.2    0.2		4.1705503158		-1.0
	41624.99999996	31.6994		-1.52357     0.2    0.2		4.1705503158		-1.0
	41669.99999996	30.14821		-1.74333     0.2    0.2		4.1705503158		-1.0
	41714.99999996	29.21309		-1.97086     0.2    0.2		4.1705503158		-1.0
	41759.99999996	27.98451		-2.10985     0.2    0.2		4.1705503158		-1.0
	41804.99999996	27.0478		-2.54677     0.2    0.2		4.1705503158		-1.0
	41849.99999996	26.10257		-2.90863     0.2    0.2		4.1705503158		-1.0
	41894.99999996	25.61683		2.72483     0.2    0.2		4.1705503158		-1.0
	41939.99999996	25.09266		1.93792     0.2    0.2		4.1705503158		-1.0
	41984.99999996	25.08512		1.27606     0.2    0.2		4.1705503158		-1.0
	42029.99999996	24.86571		0.69112     0.2    0.2		4.1705503158		-1.0
	42074.99999996	25.09585		0.175     0.2    0.2		4.1705503158		-1.0
	42119.99999996	25.66342		-0.1236     0.2    0.2		4.1705503158		-1.0
	42164.99999996	26.68552		0.19412     0.2    0.2		4.1705503158		-1.0
	42209.99999996	27.81844		0.27416     0.2    0.2		4.1705503158		-1.0
	42254.99999996	28.6394		2.26024     0.2    0.2		4.1705503158		-1.0
	42299.99999996	29.40584		2.05987     0.2    0.2		4.1705503158		-1.0
	42344.99999996	28.26683		0.95588     0.2    0.2		4.1705503158		-1.0
	42389.99999996	27.11965		-0.26561     0.2    0.2		4.1705503158		-1.0
	42434.99999996	26.10642		-1.07631     0.2    0.2		4.1705503158		-1.0
	42479.99999996	24.92332		-1.48157     0.2    0.2		4.1705503158		-1.0
	42524.99999996	23.52905		-1.71765     0.2    0.2		4.1705503158		-1.0
	42569.99999996	22.28944		-2.16734     0.2    0.2		4.1705503158		-1.0
	42614.99999996	21.36153		-2.7579     0.2    0.2		4.1705503158		-1.0
	42659.99999996	21.01676		2.83922     0.2    0.2		4.1705503158		-1.0
	42704.99999996	20.9079		2.22819     0.2    0.2		4.1705503158		-1.0
	42749.99999996	21.47947		1.82721     0.2    0.2		4.1705503158		-1.0
	42794.99999996	22.01978		1.89816     0.2    0.2		4.1705503158		-1.0
	42839.99999996	22.96742		2.23607     0.2    0.2		4.1705503158		-1.0
	42884.99999996	23.59721		2.41423     0.2    0.2		4.1705503158		-1.0
	42929.99999996	24.3296		2.67492     0.2    0.2		4.1705503158		-1.0
	42974.99999996	24.92972		2.76794     0.2    0.2		4.1705503158		-1.0
	43019.99999996	25.28607		2.98765     0.2    0.2		4.1705503158		-1.0
	43064.99999996	25.71188		-2.8449     0.2    0.2		4.1705503158		-1.0
	43109.99999996	25.33317		-1.24705     0.2    0.2		4.1705503158		-1.0
	43154.99999996	24.78444		-0.79522     0.2    0.2		4.1705503158		-1.0
	43199.99999996	23.32136		-0.60498     0.2    0.2		4.1705503158		-1.0
	43244.99999996	22.37736		-0.36695     0.2    0.2		4.1705503158		-1.0
	43289.99999996	21.13144		-0.03114     0.2    0.2		4.1705503158		-1.0
	43334.99999996	20.1788		0.44013     0.2    0.2		4.1705503158		-1.0
	43379.99999996	19.14077		0.72194     0.2    0.2		4.1705503158		-1.0
	43424.99999996	18.49008		1.00574     0.2    0.2		4.1705503158		-1.0
	43469.99999996	18.2663		1.04539     0.2    0.2		4.1705503158		-1.0
	43514.99999996	17.8041		1.1307     0.2    0.2		4.1705503158		-1.0
	43559.99999996	17.09284		2.41096     0.2    0.2		4.1705503158		-1.0
	43604.99999996	16.81724		-2.55745     0.2    0.2		4.1705503158		-1.0
	43649.99999996	17.10756		-2.19612     0.2    0.2		4.1705503158		-1.0
	43694.99999996	18.02277		-1.92147     0.2    0.2		4.1705503158		-1.0
	43739.99999996	19.00783		-1.91014     0.2    0.2		4.1705503158		-1.0
	43784.99999996	19.89205		-3.05564     0.2    0.2		4.1705503158		-1.0
	43829.99999996	20.45133		2.65997     0.2    0.2		4.1705503158		-1.0
	43874.99999996	20.10352		2.61781     0.2    0.2		4.1705503158		-1.0
	43919.99999996	19.70237		3.10212     0.2    0.2		4.1705503158		-1.0
	43964.99999996	18.70889		-2.52443     0.2    0.2		4.1705503158		-1.0
	44009.99999996	18.02125		-1.26258     0.2    0.2		4.1705503158		-1.0
	44054.99999996	16.90778		0.54148     0.2    0.2		4.1705503158		-1.0
	44099.99999996	15.48128		2.09853     0.2    0.2		4.1705503158		-1.0
	44144.99999996	13.96814		2.81246     0.2    0.2		4.1705503158		-1.0
	44189.99999996	12.58532		-2.63932     0.2    0.2		4.1705503158		-1.0
	44234.99999996	11.15061		-2.13524     0.2    0.2		4.1705503158		-1.0
	44279.99999996	9.57965		-1.90558     0.2    0.2		4.1705503158		-1.0
	44324.99999996	8.20593		-1.98459     0.2    0.2		4.1705503158		-1.0
	44369.99999996	6.78666		-2.13205     0.2    0.2		4.1705503158		-1.0
	44414.99999996	5.7767		-2.42657     0.2    0.2		4.1705503158		-1.0
	44459.99999996	6.74143		-2.49542     0.2    0.2		4.1705503158		-1.0
	44504.99999996	8.27805		-2.2467     0.2    0.2		4.1705503158		-1.0
	44549.99999996	8.99978		-1.75892     0.2    0.2		4.1705503158		-1.0
	44594.99999996	9.12398		-1.45949     0.2    0.2		4.1705503158		-1.0
	44639.99999996	9.34181		-0.91867     0.2    0.2		4.1705503158		-1.0
	44684.99999996	10.11856		1.30595     0.2    0.2		4.1705503158		-1.0
	44729.99999996	11.26883		1.98143     0.2    0.2		4.1705503158		-1.0
	44774.99999996	12.15311		2.57634     0.2    0.2		4.1705503158		-1.0
	44819.99999996	12.52819		-3.13293     0.2    0.2		4.1705503158		-1.0
	44864.99999996	12.86873		-2.6996     0.2    0.2		4.1705503158		-1.0
	44909.99999996	13.88237		0.96309     0.2    0.2		4.1705503158		-1.0
	44954.99999996	15.55889		1.40276     0.2    0.2		4.1705503158		-1.0
	44999.99999996	17.24117		1.84718     0.2    0.2		4.1705503158		-1.0
	45044.99999996	18.28646		2.59211     0.2    0.2		4.1705503158		-1.0
	45089.99999996	18.73392		-2.98574     0.2    0.2		4.1705503158		-1.0
	45134.99999996	18.68692		-1.73204     0.2    0.2		4.1705503158		-1.0
	45179.99999996	18.76399		-0.76716     0.2    0.2		4.1705503158		-1.0
	45224.99999996	19.26954		-0.43347     0.2    0.2		4.1705503158		-1.0
	45269.99999996	20.20674		-0.23461     0.2    0.2		4.1705503158		-1.0
	45314.99999996	21.06586		-0.36397     0.2    0.2		4.1705503158		-1.0
	45359.99999996	22.06186		-0.53878     0.2    0.2		4.1705503158		-1.0
	45404.99999996	22.92456		-0.22473     0.2    0.2		4.1705503158		-1.0
	45449.99999996	24.04616		-0.27337     0.2    0.2		4.1705503158		-1.0
	45494.99999996	24.92898		-0.2858     0.2    0.2		4.1705503158		-1.0
	45539.99999996	25.58819		-0.90682     0.2    0.2		4.1705503158		-1.0
	45584.99999996	26.45797		-0.15825     0.2    0.2		4.1705503158		-1.0
	45629.99999996	27.17222		0.32246     0.2    0.2		4.1705503158		-1.0
	45674.99999996	28.05573		0.41367     0.2    0.2		4.1705503158		-1.0
	45719.99999996	28.70521		0.82418     0.2    0.2		4.1705503158		-1.0
	45764.99999996	29.15254		0.7564     0.2    0.2		4.1705503158		-1.0
	45809.99999996	29.99853		-0.11458     0.2    0.2		4.1705503158		-1.0
	45854.99999996	30.7545		0.05663     0.2    0.2		4.1705503158		-1.0
	45899.99999996	30.58257		-1.32613     0.2    0.2		4.1705503158		-1.0
	45944.99999996	29.55417		-1.25213     0.2    0.2		4.1705503158		-1.0
	45989.99999996	28.35158		-1.51401     0.2    0.2		4.1705503158		-1.0
	46034.99999996	27.22971		-1.80241     0.2    0.2		4.1705503158		-1.0
	46079.99999996	26.00587		-2.1802     0.2    0.2		4.1705503158		-1.0
	46124.99999996	24.6277		-2.47645     0.2    0.2		4.1705503158		-1.0
	46169.99999996	23.45669		-2.84795     0.2    0.2		4.1705503158		-1.0
	46214.99999996	22.06788		3.12493     0.2    0.2		4.1705503158		-1.0
	46259.99999996	21.029		2.86994     0.2    0.2		4.1705503158		-1.0
	46304.99999996	20.22011		2.60764     0.2    0.2		4.1705503158		-1.0
	46349.99999996	19.12079		2.53532     0.2    0.2		4.1705503158		-1.0
	46394.99999996	17.42475		2.40701     0.2    0.2		4.1705503158		-1.0
	46439.99999996	15.65341		2.22972     0.2    0.2		4.1705503158		-1.0
	46484.99999996	14.17327		2.12235     0.2    0.2		4.1705503158		-1.0
	46529.99999996	12.41557		1.79991     0.2    0.2		4.1705503158		-1.0
	46574.99999996	10.80778		1.67056     0.2    0.2		4.1705503158		-1.0
	46619.99999996	9.14143		1.08527     0.2    0.2		4.1705503158		-1.0
	46664.99999996	7.72596		0.20801     0.2    0.2		4.1705503158		-1.0
	46709.99999996	7.21344		-0.60534     0.2    0.2		4.1705503158		-1.0
	46754.99999995	8.73592		-0.88979     0.2    0.2		4.1705503158		-1.0
	46799.99999995	10.19951		-0.85847     0.2    0.2		4.1705503158		-1.0
	46844.99999995	11.5526		-0.76775     0.2    0.2		4.1705503158		-1.0
	46889.99999995	12.64259		0.13586     0.2    0.2		4.1705503158		-1.0
	46934.99999995	13.46532		0.55282     0.2    0.2		4.1705503158		-1.0
	46979.99999995	14.44989		0.53934     0.2    0.2		4.1705503158		-1.0
	47024.99999995	15.21727		1.14449     0.2    0.2		4.1705503158		-1.0
	47069.99999995	15.9454		1.43736     0.2    0.2		4.1705503158		-1.0
	47114.99999995	16.61496		1.53463     0.2    0.2		4.1705503158		-1.0
	47159.99999995	17.45096		1.64676     0.2    0.2		4.1705503158		-1.0
	47204.99999995	18.3298		1.97972     0.2    0.2		4.1705503158		-1.0
	47249.99999995	18.25078		2.02453     0.2    0.2		4.1705503158		-1.0
	47294.99999995	17.47155		2.02158     0.2    0.2		4.1705503158		-1.0
	47339.99999995	16.24704		2.09438     0.2    0.2		4.1705503158		-1.0
	47384.99999995	15.2432		1.88279     0.2    0.2		4.1705503158		-1.0
	47429.99999995	15.00531		-2.80223     0.2    0.2		4.1705503158		-1.0
	47474.99999995	14.824		-2.08628     0.2    0.2		4.1705503158		-1.0
	47519.99999995	15.35196		-2.52684     0.2    0.2		4.1705503158		-1.0
	47564.99999995	15.98544		2.64047     0.2    0.2		4.1705503158		-1.0
	47609.99999995	17.39018		1.87431     0.2    0.2		4.1705503158		-1.0
	47654.99999995	18.86315		1.66694     0.2    0.2		4.1705503158		-1.0
	47699.99999995	20.30776		1.43295     0.2    0.2		4.1705503158		-1.0
	47744.99999995	21.19755		1.31957     0.2    0.2		4.1705503158		-1.0
	47789.99999995	21.35504		2.08447     0.2    0.2		4.1705503158		-1.0
	47834.99999995	21.22908		2.88682     0.2    0.2		4.1705503158		-1.0
	47879.99999995	21.21546		-3.02104     0.2    0.2		4.1705503158		-1.0
	47924.99999995	20.86942		-2.86678     0.2    0.2		4.1705503158		-1.0
	47969.99999995	20.38225		-1.94135     0.2    0.2		4.1705503158		-1.0
	48014.99999995	19.31285		-1.65483     0.2    0.2		4.1705503158		-1.0
	48059.99999995	18.76019		-1.12368     0.2    0.2		4.1705503158		-1.0
	48104.99999995	17.83704		-1.12949     0.2    0.2		4.1705503158		-1.0
	48149.99999995	17.01957		-1.05123     0.2    0.2		4.1705503158		-1.0
	48194.99999995	15.96804		-1.05885     0.2    0.2		4.1705503158		-1.0
	48239.99999995	15.46245		-0.90029     0.2    0.2		4.1705503158		-1.0
	48284.99999995	15.08567		-0.53021     0.2    0.2		4.1705503158		-1.0
	48329.99999995	15.45581		0.39234     0.2    0.2		4.1705503158		-1.0
	48374.99999995	15.82344		3.12835     0.2    0.2		4.1705503158		-1.0
	48419.99999995	16.90939		-2.39174     0.2    0.2		4.1705503158		-1.0
	48464.99999995	18.14699		-1.94772     0.2    0.2		4.1705503158		-1.0
	48509.99999995	19.33951		-1.36236     0.2    0.2		4.1705503158		-1.0
	48554.99999995	20.25244		-0.99933     0.2    0.2		4.1705503158		-1.0
	48599.99999995	21.10006		0.03461     0.2    0.2		4.1705503158		-1.0
	48644.99999995	21.81235		1.08582     0.2    0.2		4.1705503158		-1.0
	48689.99999995	22.22483		2.3441     0.2    0.2		4.1705503158		-1.0
	48734.99999995	23.09626		3.10951     0.2    0.2		4.1705503158		-1.0
	48779.99999995	23.8602		-2.4751     0.2    0.2		4.1705503158		-1.0
	48824.99999995	25.03957		-1.6306     0.2    0.2		4.1705503158		-1.0
	48869.99999995	25.89619		-2.09003     0.2    0.2		4.1705503158		-1.0
	48914.99999995	26.44008		-3.03519     0.2    0.2		4.1705503158		-1.0
	48959.99999995	26.00713		2.74471     0.2    0.2		4.1705503158		-1.0
	49004.99999995	25.48443		2.18988     0.2    0.2		4.1705503158		-1.0
	49049.99999995	24.68595		2.15051     0.2    0.2		4.1705503158		-1.0
	49094.99999995	24.37312		-2.81068     0.2    0.2		4.1705503158		-1.0
	49139.99999995	24.80896		-2.84201     0.2    0.2		4.1705503158		-1.0
	49184.99999995	25.59812		3.09003     0.2    0.2		4.1705503158		-1.0
	49229.99999995	26.54467		2.58785     0.2    0.2		4.1705503158		-1.0
	49274.99999995	27.04942		2.08806     0.2    0.2		4.1705503158		-1.0
	49319.99999995	27.042		1.85062     0.2    0.2		4.1705503158		-1.0
	49364.99999995	27.11476		1.60559     0.2    0.2		4.1705503158		-1.0
	49409.99999995	28.20322		-1.17209     0.2    0.2		4.1705503158		-1.0
	49454.99999995	29.58436		-1.17698     0.2    0.2		4.1705503158		-1.0
	49499.99999995	30.62421		-0.8106     0.2    0.2		4.1705503158		-1.0
	49544.99999995	29.56273		1.80004     0.2    0.2		4.1705503158		-1.0
	49589.99999995	27.83989		1.65658     0.2    0.2		4.1705503158		-1.0
	49634.99999995	26.66366		1.62233     0.2    0.2		4.1705503158		-1.0
	49679.99999995	25.48933		1.42412     0.2    0.2		4.1705503158		-1.0
	49724.99999995	24.38098		1.10753     0.2    0.2		4.1705503158		-1.0
	49769.99999995	23.61344		-0.3059     0.2    0.2		4.1705503158		-1.0
	49814.99999995	23.25917		-1.05554     0.2    0.2		4.1705503158		-1.0
	49859.99999995	23.00453		-1.27856     0.2    0.2		4.1705503158		-1.0
	49904.99999995	22.64687		-1.41536     0.2    0.2		4.1705503158		-1.0
	49949.99999995	22.18273		-1.49104     0.2    0.2		4.1705503158		-1.0
	49994.99999995	20.8018		-1.76919     0.2    0.2		4.1705503158		-1.0
