	45.00000000	4.93596		1.45254  0.2  0.2		0.0		-1.0
	90.00000000	4.78122		1.43213  0.2  0.2		0.0		-1.0
	135.00000000	4.93502		1.6231  0.2  0.2		0.0		-1.0
	180.00000000	4.93689		1.72393  0.2  0.2		0.0		-1.0
	225.00000000	4.94656		1.66026  0.2  0.2		0.0		-1.0
	270.00000000	4.7805		1.86733  0.2  0.2		0.0		-1.0
	315.00000000	4.97299		2.1868  0.2  0.2		0.0		-1.0
	360.00000000	4.78124		2.4912  0.2  0.2		0.0		-1.0
	405.00000000	5.05497		2.43539  0.2  0.2		15.8428452248		-1.0
	450.00000000	4.89843		2.93797  0.2  0.2		0.0		-1.0
	495.00000000	4.99807		3.13041  0.2  0.2		0.0		-1.0
	540.00000000	4.88268		-2.7732  0.2  0.2		0.0		-1.0
	585.00000000	4.88992		-2.66633  0.2  0.2		0.0		-1.0
	630.00000000	4.96782		-2.5699  0.2  0.2		0.0		-1.0
	675.00000000	4.90942		-2.40566  0.2  0.2		0.0		-1.0
	720.00000000	4.97909		-2.42838  0.2  0.2		0.0		-1.0
	765.00000000	5.01188		-2.42592  0.2  0.2		0.7344365335999999		-1.0
	810.00000000	4.98709		-2.42209  0.2  0.2		0.0		-1.0
	855.00000000	4.94557		-2.12655  0.2  0.2		0.0		-1.0
	900.00000000	4.94734		-2.2025  0.2  0.2		0.0		-1.0
	945.00000000	4.94467		-1.58268  0.2  0.2		0.0		-1.0
	990.00000000	4.93589		-1.55856  0.2  0.2		0.0		-1.0
	1035.00000000	4.89891		-1.18609  0.2  0.2		0.0		-1.0
	1080.00000000	4.90561		-1.27635  0.2  0.2		0.0		-1.0
	1125.00000000	4.91757		-1.05761  0.2  0.2		0.0		-1.0
	1170.00000000	4.96714		-1.35821  0.2  0.2		0.0		-1.0
	1215.00000000	4.90556		-1.20715  0.2  0.2		0.0		-1.0
	1260.00000000	4.97871		-1.35349  0.2  0.2		0.0		-1.0
	1305.00000000	4.75464		-1.06287  0.2  0.2		0.0		-1.0
	1350.00000000	4.97765		-0.98781  0.2  0.2		0.0		-1.0
	1395.00000000	4.97711		-0.61694  0.2  0.2		0.0		-1.0
	1440.00000000	5.01009		-0.536  0.2  0.2		0.524597524		-1.0
	1485.00000000	5.0038		-0.42379  0.2  0.2		0.07868962859999999		-1.0
	1530.00000000	5.00398		-0.38851  0.2  0.2		0.07868962859999999		-1.0
	1575.00000000	4.97549		-0.25264  0.2  0.2		0.0		-1.0
	1620.00000000	5.01517		-0.08832  0.2  0.2		1.2065743052		-1.0
	1665.00000000	4.80335		-0.07945  0.2  0.2		0.0		-1.0
	1710.00000000	4.88821		0.1153  0.2  0.2		0.0		-1.0
	1755.00000000	4.95172		0.22807  0.2  0.2		0.0		-1.0
	1800.00000000	4.87369		0.38999  0.2  0.2		0.0		-1.0
	1845.00000000	4.78116		0.55958  0.2  0.2		0.0		-1.0
	1890.00000000	4.89971		0.61163  0.2  0.2		0.0		-1.0
	1935.00000000	4.83084		0.75492  0.2  0.2		0.0		-1.0
	1980.00000000	4.95472		1.13417  0.2  0.2		0.0		-1.0
	2025.00000000	5.01493		0.99745  0.2  0.2		1.1803444289999998		-1.0
	2070.00000000	4.97972		1.09253  0.2  0.2		0.0		-1.0
	2115.00000000	4.93118		1.47604  0.2  0.2		0.0		-1.0
	2160.00000000	5.007		1.76085  0.2  0.2		0.262298762		-1.0
	2205.00000000	4.92216		1.85593  0.2  0.2		0.0		-1.0
	2250.00000000	4.99872		1.77024  0.2  0.2		0.0		-1.0
	2295.00000000	4.93754		2.1796  0.2  0.2		0.0		-1.0
	2340.00000000	4.99094		2.25987  0.2  0.2		0.0		-1.0
	2385.00000000	4.92617		2.5594  0.2  0.2		0.0		-1.0
	2430.00000000	4.91781		2.53031  0.2  0.2		0.0		-1.0
	2475.00000000	4.94122		2.93002  0.2  0.2		0.0		-1.0
	2520.00000000	4.97742		2.9781  0.2  0.2		0.0		-1.0
	2565.00000000	4.94876		-2.94798  0.2  0.2		0.0		-1.0
	2610.00000000	4.94824		-2.85704  0.2  0.2		0.0		-1.0
	2655.00000000	4.99167		-2.55435  0.2  0.2		0.0		-1.0
	2700.00000000	4.99274		-2.54139  0.2  0.2		0.0		-1.0
	2745.00000000	5.00546		-2.231  0.2  0.2		0.15737925719999998		-1.0
	2790.00000000	4.89308		-2.06258  0.2  0.2		0.0		-1.0
	2835.00000000	4.96948		-1.91023  0.2  0.2		0.0		-1.0
	2880.00000000	4.90729		-1.62424  0.2  0.2		0.0		-1.0
	2925.00000000	4.90766		-1.51683  0.2  0.2		0.0		-1.0
	2970.00000000	4.8641		-1.32955  0.2  0.2		0.0		-1.0
	3015.00000000	4.96142		-1.30894  0.2  0.2		0.0		-1.0
	3060.00000000	4.98742		-1.16283  0.2  0.2		0.0		-1.0
	3105.00000000	5.01401		-1.04009  0.2  0.2		1.0229651718		-1.0
	3150.00000000	4.96695		-0.94403  0.2  0.2		0.0		-1.0
	3195.00000000	4.95417		-0.7885  0.2  0.2		0.0		-1.0
	3240.00000000	4.9734		-0.82552  0.2  0.2		0.0		-1.0
	3285.00000000	4.94288		-0.83019  0.2  0.2		0.0		-1.0
	3330.00000000	4.81482		-0.83362  0.2  0.2		0.0		-1.0
	3375.00000000	4.90904		-0.7181  0.2  0.2		0.0		-1.0
	3420.00000000	4.98998		-0.82298  0.2  0.2		0.0		-1.0
	3465.00000000	4.94865		-0.46269  0.2  0.2		0.0		-1.0
	3510.00000000	4.83841		-0.64352  0.2  0.2		0.0		-1.0
	3555.00000000	4.97027		-0.4029  0.2  0.2		0.0		-1.0
	3600.00000000	5.0044		-0.56332  0.2  0.2		0.10491950480000001		-1.0
	3645.00000000	4.95478		-0.35443  0.2  0.2		0.0		-1.0
	3690.00000000	4.9454		-0.42513  0.2  0.2		0.0		-1.0
	3735.00000000	4.97268		-0.12357  0.2  0.2		0.0		-1.0
	3780.00000000	4.97843		-0.02133  0.2  0.2		0.0		-1.0
	3825.00000000	4.98202		0.09328  0.2  0.2		0.0		-1.0
	3870.00000000	4.97278		0.25708  0.2  0.2		0.0		-1.0
	3915.00000000	5.00419		0.40855  0.2  0.2		0.10491950480000001		-1.0
	3960.00000000	5.01503		0.48285  0.2  0.2		1.1803444289999998		-1.0
	4005.00000000	4.82093		0.71866  0.2  0.2		0.0		-1.0
	4050.00000000	4.98531		0.74416  0.2  0.2		0.0		-1.0
	4095.00000000	4.71265		0.79984  0.2  0.2		0.0		-1.0
	4140.00000000	4.99459		0.84756  0.2  0.2		0.0		-1.0
	4185.00000000	4.88159		1.09276  0.2  0.2		0.0		-1.0
	4230.00000000	4.85808		1.44977  0.2  0.2		0.0		-1.0
	4275.00000000	5.01689		1.1796  0.2  0.2		1.4951029433999998		-1.0
	4320.00000000	4.87267		1.50993  0.2  0.2		0.0		-1.0
	4365.00000000	4.97084		1.39247  0.2  0.2		0.0		-1.0
	4410.00000000	4.45227		1.55462  0.2  0.2		0.0		-1.0
	4455.00000000	4.64822		1.7958  0.2  0.2		0.0		-1.0
	4500.00000000	4.83533		1.79984  0.2  0.2		0.0		-1.0
	4545.00000000	4.83857		2.21527  0.2  0.2		0.0		-1.0
	4590.00000000	4.61094		2.1692  0.2  0.2		0.0		-1.0
	4635.00000000	4.84694		2.35546  0.2  0.2		0.0		-1.0
	4680.00000000	5.00266		2.45025  0.2  0.2		0.026229876200000002		-1.0
	4725.00000000	5.02579		2.71196  0.2  0.2		3.4885735346		-1.0
	4770.00000000	5.009		2.7262  0.2  0.2		0.41967801920000003		-1.0
	4815.00000000	4.98892		3.03002  0.2  0.2		0.0		-1.0
	4860.00000000	4.84835		2.87471  0.2  0.2		0.0		-1.0
	4905.00000000	5.00865		-3.11001  0.2  0.2		0.393448143		-1.0
	4950.00000000	4.99872		3.0356  0.2  0.2		0.0		-1.0
	4995.00000000	4.90566		-2.96212  0.2  0.2		0.0		-1.0
	5040.00000000	4.9512		-2.82088  0.2  0.2		0.0		-1.0
	5085.00000000	5.00223		-2.69828  0.2  0.2		0.026229876200000002		-1.0
	5130.00000000	4.87441		-2.38236  0.2  0.2		0.0		-1.0
	5175.00000000	4.94297		-2.26901  0.2  0.2		0.0		-1.0
	5220.00000000	4.94135		-2.09045  0.2  0.2		0.0		-1.0
	5265.00000000	4.98175		-2.12887  0.2  0.2		0.0		-1.0
	5310.00000000	4.94775		-1.71822  0.2  0.2		0.0		-1.0
	5355.00000000	4.98529		-1.65309  0.2  0.2		0.0		-1.0
	5400.00000000	4.97769		-1.26595  0.2  0.2		0.0		-1.0
	5445.00000000	4.96456		-1.08138  0.2  0.2		0.0		-1.0
	5490.00000000	4.94521		-0.86011  0.2  0.2		0.0		-1.0
	5535.00000000	4.91351		-0.87978  0.2  0.2		0.0		-1.0
	5580.00000000	4.85448		-0.58056  0.2  0.2		0.0		-1.0
	5625.00000000	4.9273		-0.53914  0.2  0.2		0.0		-1.0
	5670.00000000	4.98071		-0.16226  0.2  0.2		0.0		-1.0
	5715.00000000	4.74967		-0.13804  0.2  0.2		0.0		-1.0
	5760.00000000	4.99707		0.17314  0.2  0.2		0.0		-1.0
	5805.00000000	4.97409		0.18764  0.2  0.2		0.0		-1.0
	5850.00000000	4.93195		0.58238  0.2  0.2		0.0		-1.0
	5895.00000000	4.89272		0.61436  0.2  0.2		0.0		-1.0
	5940.00000000	5.01501		0.76975  0.2  0.2		1.1803444289999998		-1.0
	5985.00000000	4.93826		0.78186  0.2  0.2		0.0		-1.0
	6030.00000000	4.88292		0.94973  0.2  0.2		0.0		-1.0
	6075.00000000	4.82153		1.16352  0.2  0.2		0.0		-1.0
	6120.00000000	4.95765		1.32191  0.2  0.2		0.0		-1.0
	6165.00000000	4.90138		1.36864  0.2  0.2		0.0		-1.0
	6210.00000000	4.91256		1.5242  0.2  0.2		0.0		-1.0
	6255.00000000	4.97315		1.78194  0.2  0.2		0.0		-1.0
	6300.00000000	4.80557		2.03258  0.2  0.2		0.0		-1.0
	6345.00000000	4.95133		2.16673  0.2  0.2		0.0		-1.0
	6390.00000000	5.02077		2.18467  0.2  0.2		2.2557693532		-1.0
	6435.00000000	5.04094		2.46741  0.2  0.2		8.787008527		-1.0
	6480.00000000	4.82019		2.73158  0.2  0.2		0.0		-1.0
	6525.00000000	4.9507		2.69203  0.2  0.2		0.0		-1.0
	6570.00000000	4.88242		-3.1333  0.2  0.2		0.0		-1.0
	6615.00000000	4.9225		3.13084  0.2  0.2		0.0		-1.0
	6660.00000000	5.00279		-3.13822  0.2  0.2		0.052459752400000004		-1.0
	6705.00000000	5.02133		3.10471  0.2  0.2		2.3869187342		-1.0
	6750.00000000	4.70122		-2.86962  0.2  0.2		0.0		-1.0
	6795.00000000	5.00016		-2.85352  0.2  0.2		0.0		-1.0
	6840.00000000	4.96288		-2.53948  0.2  0.2		0.0		-1.0
	6885.00000000	5.01214		-2.56839  0.2  0.2		0.7606664098		-1.0
	6930.00000000	4.95557		-2.32622  0.2  0.2		0.0		-1.0
	6975.00000000	4.93008		-2.2398  0.2  0.2		0.0		-1.0
	7020.00000000	4.6603		-1.99147  0.2  0.2		0.0		-1.0
	7065.00000000	4.90513		-2.0451  0.2  0.2		0.0		-1.0
	7110.00000000	4.96167		-1.80535  0.2  0.2		0.0		-1.0
	7155.00000000	5.01198		-1.80074  0.2  0.2		0.7606664098		-1.0
	7200.00000000	4.93532		-1.80221  0.2  0.2		0.0		-1.0
	7245.00000000	4.97087		-1.75034  0.2  0.2		0.0		-1.0
	7290.00000000	4.92916		-1.85768  0.2  0.2		0.0		-1.0
	7335.00000000	4.8213		-1.88093  0.2  0.2		0.0		-1.0
	7380.00000000	4.92105		-1.95121  0.2  0.2		0.0		-1.0
	7425.00000000	4.98895		-2.06793  0.2  0.2		0.0		-1.0
	7470.00000000	5.00048		-2.36606  0.2  0.2		0.0		-1.0
	7515.00000000	5.01661		-2.23296  0.2  0.2		1.442643191		-1.0
	7560.00000000	5.00634		-2.41592  0.2  0.2		0.20983900960000001		-1.0
	7605.00000000	4.96477		-2.40551  0.2  0.2		0.0		-1.0
	7650.00000000	4.95423		-2.56067  0.2  0.2		0.0		-1.0
	7695.00000000	4.99078		-2.46478  0.2  0.2		0.0		-1.0
	7740.00000000	5.03577		-2.52476  0.2  0.2		6.7148483072000005		-1.0
	7785.00000000	5.00877		-2.36783  0.2  0.2		0.393448143		-1.0
	7830.00000000	4.87863		-2.3376  0.2  0.2		0.0		-1.0
	7875.00000000	4.88763		-2.50011  0.2  0.2		0.0		-1.0
	7920.00000000	5.01407		-2.4865  0.2  0.2		1.049195048		-1.0
	7965.00000000	5.02257		-2.85885  0.2  0.2		2.6754473724		-1.0
	8010.00000000	4.99275		-2.68017  0.2  0.2		0.0		-1.0
	8055.00000000	4.7794		-2.81739  0.2  0.2		0.0		-1.0
	8100.00000000	4.82043		-2.52969  0.2  0.2		0.0		-1.0
	8145.00000000	4.81484		-2.50385  0.2  0.2		0.0		-1.0
	8190.00000000	4.95502		-2.34938  0.2  0.2		0.0		-1.0
	8235.00000000	4.85074		-2.38165  0.2  0.2		0.0		-1.0
	8280.00000000	5.00263		-2.23137  0.2  0.2		0.026229876200000002		-1.0
	8325.00000000	4.94184		-2.18923  0.2  0.2		0.0		-1.0
	8370.00000000	5.03284		-2.10093  0.2  0.2		5.6656532592		-1.0
	8415.00000000	5.0249		-2.09  0.2  0.2		3.2525046488		-1.0
	8460.00000000	4.86908		-2.06668  0.2  0.2		0.0		-1.0
	8505.00000000	4.99329		-2.0421  0.2  0.2		0.0		-1.0
	8550.00000000	5.00424		-2.13123  0.2  0.2		0.10491950480000001		-1.0
	8595.00000000	4.86058		-1.98982  0.2  0.2		0.0		-1.0
	8640.00000000	4.86712		-2.08589  0.2  0.2		0.0		-1.0
	8685.00000000	4.86076		-2.00315  0.2  0.2		0.0		-1.0
	8730.00000000	4.95062		-2.15601  0.2  0.2		0.0		-1.0
	8775.00000000	4.9718		-2.15401  0.2  0.2		0.0		-1.0
	8820.00000000	4.90213		-2.16246  0.2  0.2		0.0		-1.0
	8865.00000000	4.96778		-1.98434  0.2  0.2		0.0		-1.0
	8910.00000000	5.00138		-1.87961  0.2  0.2		0.0		-1.0
	8955.00000000	5.02472		-1.74873  0.2  0.2		3.2000448963999997		-1.0
	9000.00000000	4.94066		-1.9383  0.2  0.2		0.0		-1.0
	9045.00000000	4.8786		-1.94336  0.2  0.2		0.0		-1.0
	9090.00000000	4.92109		-2.35267  0.2  0.2		0.0		-1.0
	9135.00000000	4.84033		-2.46969  0.2  0.2		0.0		-1.0
	9180.00000000	5.03399		-2.49952  0.2  0.2		6.0591014022		-1.0
	9225.00000000	4.91241		-2.58957  0.2  0.2		0.0		-1.0
	9270.00000000	4.8834		-2.44586  0.2  0.2		0.0		-1.0
	9315.00000000	4.7732		-2.46869  0.2  0.2		0.0		-1.0
	9360.00000000	4.78159		-2.297  0.2  0.2		0.0		-1.0
	9405.00000000	4.83531		-2.36678  0.2  0.2		0.0		-1.0
	9450.00000000	5.03268		-2.34427  0.2  0.2		5.6131935068		-1.0
	9495.00000000	4.92355		-2.41213  0.2  0.2		0.0		-1.0
	9540.00000000	4.91274		-2.51218  0.2  0.2		0.0		-1.0
	9585.00000000	4.9747		-2.53458  0.2  0.2		0.0		-1.0
	9630.00000000	4.92418		-2.54571  0.2  0.2		0.0		-1.0
	9675.00000000	4.98748		-2.47974  0.2  0.2		0.0		-1.0
	9720.00000000	5.02051		-2.48543  0.2  0.2		2.2033096008		-1.0
	9765.00000000	5.01617		-2.32501  0.2  0.2		1.3639535623999999		-1.0
	9810.00000000	4.99643		-2.24962  0.2  0.2		0.0		-1.0
	9855.00000000	4.99665		-2.3049  0.2  0.2		0.0		-1.0
	9900.00000000	4.92329		-2.38054  0.2  0.2		0.0		-1.0
	9945.00000000	4.90133		-2.33905  0.2  0.2		0.0		-1.0
	9990.00000000	4.98596		-2.17098  0.2  0.2		0.0		-1.0
	10035.00000000	5.00577		-2.11467  0.2  0.2		0.18360913339999999		-1.0
	10080.00000000	5.01476		-1.96097  0.2  0.2		1.1541145528		-1.0
	10125.00000000	4.96614		-1.69614  0.2  0.2		0.0		-1.0
	10170.00000000	4.96335		-1.90757  0.2  0.2		0.0		-1.0
	10215.00000000	4.99541		-1.78661  0.2  0.2		0.0		-1.0
	10260.00000000	4.99612		-2.1269  0.2  0.2		0.0		-1.0
	10305.00000000	4.81707		-2.39021  0.2  0.2		0.0		-1.0
	10350.00000000	5.01623		-2.37461  0.2  0.2		1.3901834385999998		-1.0
	10395.00000000	4.93471		-2.19366  0.2  0.2		0.0		-1.0
	10440.00000000	4.98721		-2.09688  0.2  0.2		0.0		-1.0
	10485.00000000	4.968		-1.81563  0.2  0.2		0.0		-1.0
	10530.00000000	4.99305		-1.87672  0.2  0.2		0.0		-1.0
	10575.00000000	4.98861		-2.02586  0.2  0.2		0.0		-1.0
	10620.00000000	4.99343		-2.22071  0.2  0.2		0.0		-1.0
	10665.00000000	4.93434		-2.52591  0.2  0.2		0.0		-1.0
	10710.00000000	4.95859		-2.87652  0.2  0.2		0.0		-1.0
	10755.00000000	4.90762		3.07468  0.2  0.2		0.0		-1.0
	10800.00000000	4.94506		3.02506  0.2  0.2		0.0		-1.0
	10845.00000001	4.98056		2.87872  0.2  0.2		0.0		-1.0
	10890.00000001	4.99195		2.87052  0.2  0.2		0.0		-1.0
	10935.00000001	4.95905		2.5045  0.2  0.2		0.0		-1.0
	10980.00000001	4.951		2.21211  0.2  0.2		0.0		-1.0
	11025.00000001	5.0128		2.26924  0.2  0.2		0.8655859146		-1.0
	11070.00000001	4.98697		2.05251  0.2  0.2		0.0		-1.0
	11115.00000001	5.01901		2.0307  0.2  0.2		1.8885510864000001		-1.0
	11160.00000001	4.99053		1.84123  0.2  0.2		0.0		-1.0
	11205.00000001	4.97767		1.63017  0.2  0.2		0.0		-1.0
	11250.00000001	4.99418		1.20738  0.2  0.2		0.0		-1.0
	11295.00000001	4.96286		1.1123  0.2  0.2		0.0		-1.0
	11340.00000001	4.95552		0.78523  0.2  0.2		0.0		-1.0
	11385.00000001	4.96572		0.88103  0.2  0.2		0.0		-1.0
	11430.00000001	4.96136		0.57152  0.2  0.2		0.0		-1.0
	11475.00000001	4.95688		0.6199  0.2  0.2		0.0		-1.0
