	45.00000000	2.72747		0.43667     0.2    0.2		4.1705503158		-1.0
	90.00000000	2.9275		-0.10491     0.2    0.2		4.1705503158		-1.0
	135.00000000	2.92397		-0.24535     0.2    0.2		4.1705503158		-1.0
	180.00000000	2.98866		-0.3756     0.2    0.2		4.1705503158		-1.0
	225.00000000	2.83505		-0.8796     0.2    0.2		4.1705503158		-1.0
	270.00000000	3.03816		-0.59914     0.2    0.2		4.1705503158		-1.0
	315.00000000	2.85937		-0.67447     0.2    0.2		4.1705503158		-1.0
	360.00000000	3.00335		0.26753     0.2    0.2		4.1705503158		-1.0
	405.00000000	2.93504		0.80542     0.2    0.2		4.1705503158		-1.0
	450.00000000	2.92244		0.91393     0.2    0.2		4.1705503158		-1.0
	495.00000000	2.89433		1.60123     0.2    0.2		4.1705503158		-1.0
	540.00000000	2.96176		1.43016     0.2    0.2		4.1705503158		-1.0
	585.00000000	2.98144		1.96587     0.2    0.2		4.1705503158		-1.0
	630.00000000	2.78236		2.11393     0.2    0.2		4.1705503158		-1.0
	675.00000000	2.96265		2.26844     0.2    0.2		4.1705503158		-1.0
	720.00000000	2.9575		2.89987     0.2    0.2		4.1705503158		-1.0
	765.00000000	2.96958		2.91833     0.2    0.2		4.1705503158		-1.0
	810.00000000	2.9077		-2.85668     0.2    0.2		4.1705503158		-1.0
	855.00000000	2.87989		-2.70912     0.2    0.2		4.1705503158		-1.0
	900.00000000	2.91766		-2.24432     0.2    0.2		4.1705503158		-1.0
	945.00000000	2.96716		-2.0048     0.2    0.2		4.1705503158		-1.0
	990.00000000	2.89382		-1.71925     0.2    0.2		4.1705503158		-1.0
	1035.00000000	2.83266		-1.42416     0.2    0.2		4.1705503158		-1.0
	1080.00000000	2.9588		-1.21302     0.2    0.2		4.1705503158		-1.0
	1125.00000000	2.99165		-0.89387     0.2    0.2		4.1705503158		-1.0
	1170.00000000	2.98153		-0.23272     0.2    0.2		4.1705503158		-1.0
	1215.00000000	2.90406		0.58954     0.2    0.2		4.1705503158		-1.0
	1260.00000000	2.81355		0.55554     0.2    0.2		4.1705503158		-1.0
	1305.00000000	2.80818		1.06823     0.2    0.2		4.1705503158		-1.0
	1350.00000000	2.96442		1.58541     0.2    0.2		4.1705503158		-1.0
	1395.00000000	3.04395		1.43297     0.2    0.2		4.1705503158		-1.0
	1440.00000000	3.02565		1.82482     0.2    0.2		4.1705503158		-1.0
	1485.00000000	2.88541		2.22487     0.2    0.2		4.1705503158		-1.0
	1530.00000000	2.86783		2.47128     0.2    0.2		4.1705503158		-1.0
	1575.00000000	2.90875		2.66224     0.2    0.2		4.1705503158		-1.0
	1620.00000000	2.96244		2.98384     0.2    0.2		4.1705503158		-1.0
	1665.00000000	3.06879		-2.72533     0.2    0.2		4.1705503158		-1.0
	1710.00000000	2.89603		-2.40262     0.2    0.2		4.1705503158		-1.0
	1755.00000000	2.85152		-2.14223     0.2    0.2		4.1705503158		-1.0
	1800.00000000	2.87292		-1.54456     0.2    0.2		4.1705503158		-1.0
	1845.00000000	2.93325		-1.11414     0.2    0.2		4.1705503158		-1.0
	1890.00000000	2.90536		-0.28014     0.2    0.2		4.1705503158		-1.0
	1935.00000000	2.95345		0.53497     0.2    0.2		4.1705503158		-1.0
	1980.00000000	2.9888		1.15461     0.2    0.2		4.1705503158		-1.0
	2025.00000000	2.91083		1.4968     0.2    0.2		4.1705503158		-1.0
	2070.00000000	2.8515		1.58824     0.2    0.2		4.1705503158		-1.0
	2115.00000000	2.89174		2.07646     0.2    0.2		4.1705503158		-1.0
	2160.00000000	2.95567		2.05963     0.2    0.2		4.1705503158		-1.0
	2205.00000000	2.92169		2.68587     0.2    0.2		4.1705503158		-1.0
	2250.00000000	2.86183		2.9634     0.2    0.2		4.1705503158		-1.0
	2295.00000000	2.82832		-2.86712     0.2    0.2		4.1705503158		-1.0
	2340.00000000	2.90854		-2.50993     0.2    0.2		4.1705503158		-1.0
	2385.00000000	2.88532		-2.24921     0.2    0.2		4.1705503158		-1.0
	2430.00000000	3.00159		-1.92441     0.2    0.2		4.1705503158		-1.0
	2475.00000000	2.97521		-1.63993     0.2    0.2		4.1705503158		-1.0
	2520.00000000	2.95734		-0.88648     0.2    0.2		4.1705503158		-1.0
	2565.00000000	2.90093		-0.41324     0.2    0.2		4.1705503158		-1.0
	2610.00000000	2.93988		0.6369     0.2    0.2		4.1705503158		-1.0
	2655.00000000	2.94838		0.84464     0.2    0.2		4.1705503158		-1.0
	2700.00000000	3.05355		1.03002     0.2    0.2		4.1705503158		-1.0
	2745.00000000	3.01841		1.58566     0.2    0.2		4.1705503158		-1.0
	2790.00000000	2.97395		1.72726     0.2    0.2		4.1705503158		-1.0
	2835.00000000	3.07798		1.90529     0.2    0.2		4.1705503158		-1.0
	2880.00000000	3.03099		2.59013     0.2    0.2		4.1705503158		-1.0
	2925.00000000	3.05246		2.77247     0.2    0.2		4.1705503158		-1.0
	2970.00000000	2.98659		-2.95818     0.2    0.2		4.1705503158		-1.0
	3015.00000000	3.00995		-2.62954     0.2    0.2		4.1705503158		-1.0
	3060.00000000	2.87172		-2.12616     0.2    0.2		4.1705503158		-1.0
	3105.00000000	3.10205		-2.14426     0.2    0.2		4.1705503158		-1.0
	3150.00000000	3.07357		-1.55223     0.2    0.2		4.1705503158		-1.0
	3195.00000000	3.12572		-1.11448     0.2    0.2		4.1705503158		-1.0
	3240.00000000	3.10582		-0.97151     0.2    0.2		4.1705503158		-1.0
	3285.00000000	3.16929		-0.51483     0.2    0.2		4.1705503158		-1.0
	3330.00000000	2.96866		0.03277     0.2    0.2		4.1705503158		-1.0
	3375.00000000	2.88723		0.47732     0.2    0.2		4.1705503158		-1.0
	3420.00000000	2.94486		0.44385     0.2    0.2		4.1705503158		-1.0
	3465.00000000	2.88106		0.16442     0.2    0.2		4.1705503158		-1.0
	3510.00000000	2.90437		0.04102     0.2    0.2		4.1705503158		-1.0
	3555.00000000	2.94313		0.57488     0.2    0.2		4.1705503158		-1.0
	3600.00000000	2.99257		0.1438     0.2    0.2		4.1705503158		-1.0
	3645.00000000	2.98079		-0.08011     0.2    0.2		4.1705503158		-1.0
	3690.00000000	3.14104		-0.52784     0.2    0.2		4.1705503158		-1.0
	3735.00000000	3.10279		-0.17466     0.2    0.2		4.1705503158		-1.0
	3780.00000000	2.92023		0.16302     0.2    0.2		4.1705503158		-1.0
	3825.00000000	3.27053		0.57085     0.2    0.2		4.1705503158		-1.0
	3870.00000000	3.014		1.16907     0.2    0.2		4.1705503158		-1.0
	3915.00000000	3.08612		1.17293     0.2    0.2		4.1705503158		-1.0
	3960.00000000	2.97361		1.70309     0.2    0.2		4.1705503158		-1.0
	4005.00000000	2.90926		1.95142     0.2    0.2		4.1705503158		-1.0
	4050.00000000	3.03727		2.27758     0.2    0.2		4.1705503158		-1.0
	4095.00000000	2.84633		2.70976     0.2    0.2		4.1705503158		-1.0
	4140.00000000	2.82327		2.82177     0.2    0.2		4.1705503158		-1.0
	4185.00000000	2.76078		2.49492     0.2    0.2		4.1705503158		-1.0
	4230.00000000	3.0869		2.80139     0.2    0.2		4.1705503158		-1.0
	4275.00000000	3.02478		2.57502     0.2    0.2		4.1705503158		-1.0
	4320.00000000	2.89817		2.06296     0.2    0.2		4.1705503158		-1.0
	4365.00000000	2.86642		1.72546     0.2    0.2		4.1705503158		-1.0
	4410.00000000	3.0864		1.33001     0.2    0.2		4.1705503158		-1.0
	4455.00000000	2.87243		0.83837     0.2    0.2		4.1705503158		-1.0
	4500.00000000	3.11045		0.83888     0.2    0.2		4.1705503158		-1.0
	4545.00000000	2.87494		0.72398     0.2    0.2		4.1705503158		-1.0
	4590.00000000	2.80659		0.04738     0.2    0.2		4.1705503158		-1.0
	4635.00000000	2.8258		-0.45558     0.2    0.2		4.1705503158		-1.0
	4680.00000000	2.85832		-0.62565     0.2    0.2		4.1705503158		-1.0
	4725.00000000	2.86156		-1.03092     0.2    0.2		4.1705503158		-1.0
	4770.00000000	2.85773		-1.28915     0.2    0.2		4.1705503158		-1.0
	4815.00000000	2.93408		-1.6725     0.2    0.2		4.1705503158		-1.0
	4860.00000000	3.04177		-1.89257     0.2    0.2		4.1705503158		-1.0
	4905.00000000	3.04995		-2.31492     0.2    0.2		4.1705503158		-1.0
	4950.00000000	2.95761		-2.59704     0.2    0.2		4.1705503158		-1.0
	4995.00000000	2.7542		-2.61092     0.2    0.2		4.1705503158		-1.0
	5040.00000000	2.86811		-3.05278     0.2    0.2		4.1705503158		-1.0
	5085.00000000	3.02219		-3.0918     0.2    0.2		4.1705503158		-1.0
	5130.00000000	2.93227		2.92413     0.2    0.2		4.1705503158		-1.0
	5175.00000000	2.85233		2.83439     0.2    0.2		4.1705503158		-1.0
	5220.00000000	2.89752		2.39193     0.2    0.2		4.1705503158		-1.0
	5265.00000000	3.305		2.20065     0.2    0.2		4.1705503158		-1.0
	5310.00000000	2.85668		2.0585     0.2    0.2		4.1705503158		-1.0
	5355.00000000	3.00808		1.58972     0.2    0.2		4.1705503158		-1.0
	5400.00000000	2.7877		1.2825     0.2    0.2		4.1705503158		-1.0
	5445.00000000	3.01182		0.85939     0.2    0.2		4.1705503158		-1.0
	5490.00000000	3.14119		0.55678     0.2    0.2		4.1705503158		-1.0
	5535.00000000	2.82888		-0.09721     0.2    0.2		4.1705503158		-1.0
	5580.00000000	2.93645		-1.19925     0.2    0.2		4.1705503158		-1.0
	5625.00000000	3.03698		-1.43347     0.2    0.2		4.1705503158		-1.0
	5670.00000000	2.91046		-1.87357     0.2    0.2		4.1705503158		-1.0
	5715.00000000	2.8511		-1.94996     0.2    0.2		4.1705503158		-1.0
	5760.00000000	2.8993		-2.48889     0.2    0.2		4.1705503158		-1.0
	5805.00000000	2.87565		-2.43098     0.2    0.2		4.1705503158		-1.0
	5850.00000000	3.19871		-2.61843     0.2    0.2		4.1705503158		-1.0
	5895.00000000	2.79444		-2.24633     0.2    0.2		4.1705503158		-1.0
	5940.00000000	2.80905		-1.81447     0.2    0.2		4.1705503158		-1.0
	5985.00000000	2.8716		-2.00407     0.2    0.2		4.1705503158		-1.0
	6030.00000000	3.27832		-1.78151     0.2    0.2		4.1705503158		-1.0
	6075.00000000	2.7713		-1.9702     0.2    0.2		4.1705503158		-1.0
	6120.00000000	2.78179		-2.29426     0.2    0.2		4.1705503158		-1.0
	6165.00000000	2.93453		-2.64463     0.2    0.2		4.1705503158		-1.0
	6210.00000000	3.05138		-2.90196     0.2    0.2		4.1705503158		-1.0
	6255.00000000	3.21551		-2.93661     0.2    0.2		4.1705503158		-1.0
	6300.00000000	2.97125		-3.07636     0.2    0.2		4.1705503158		-1.0
	6345.00000000	3.03726		-2.90959     0.2    0.2		4.1705503158		-1.0
	6390.00000000	2.82603		-2.62323     0.2    0.2		4.1705503158		-1.0
	6435.00000000	3.18235		-2.22417     0.2    0.2		4.1705503158		-1.0
	6480.00000000	2.7095		-1.86345     0.2    0.2		4.1705503158		-1.0
	6525.00000000	3.14762		-1.95053     0.2    0.2		4.1705503158		-1.0
	6570.00000000	3.14187		-1.23792     0.2    0.2		4.1705503158		-1.0
	6615.00000000	2.91357		-1.1995     0.2    0.2		4.1705503158		-1.0
	6660.00000000	3.03118		-0.88822     0.2    0.2		4.1705503158		-1.0
	6705.00000000	2.90507		-0.16347     0.2    0.2		4.1705503158		-1.0
	6750.00000000	3.03625		0.5108     0.2    0.2		4.1705503158		-1.0
	6795.00000000	2.97859		1.20388     0.2    0.2		4.1705503158		-1.0
	6840.00000000	3.01928		1.09656     0.2    0.2		4.1705503158		-1.0
	6885.00000000	3.34218		1.50853     0.2    0.2		4.1705503158		-1.0
	6930.00000000	2.78404		1.69407     0.2    0.2		4.1705503158		-1.0
	6975.00000000	2.75246		1.76175     0.2    0.2		4.1705503158		-1.0
	7020.00000000	2.78875		2.09466     0.2    0.2		4.1705503158		-1.0
	7065.00000000	3.17265		2.31811     0.2    0.2		4.1705503158		-1.0
	7110.00000000	2.90581		2.6438     0.2    0.2		4.1705503158		-1.0
	7155.00000000	3.21784		2.53078     0.2    0.2		4.1705503158		-1.0
	7200.00000000	2.7233		2.1926     0.2    0.2		4.1705503158		-1.0
	7245.00000000	2.94067		1.90206     0.2    0.2		4.1705503158		-1.0
	7290.00000000	3.17729		1.9967     0.2    0.2		4.1705503158		-1.0
	7335.00000000	3.16685		1.72317     0.2    0.2		4.1705503158		-1.0
	7380.00000000	3.32412		1.72822     0.2    0.2		4.1705503158		-1.0
	7425.00000000	2.70042		1.67288     0.2    0.2		4.1705503158		-1.0
	7470.00000000	3.1299		1.66902     0.2    0.2		4.1705503158		-1.0
	7515.00000000	3.12264		1.7788     0.2    0.2		4.1705503158		-1.0
	7560.00000000	2.8177		2.18629     0.2    0.2		4.1705503158		-1.0
	7605.00000000	2.99138		2.56829     0.2    0.2		4.1705503158		-1.0
	7650.00000000	3.03831		2.86177     0.2    0.2		4.1705503158		-1.0
	7695.00000000	2.93558		-2.67769     0.2    0.2		4.1705503158		-1.0
	7740.00000000	2.62631		-2.65951     0.2    0.2		4.1705503158		-1.0
	7785.00000000	2.821		-2.15793     0.2    0.2		4.1705503158		-1.0
	7830.00000000	3.01485		-1.86061     0.2    0.2		4.1705503158		-1.0
	7875.00000000	2.9145		-1.49383     0.2    0.2		4.1705503158		-1.0
	7920.00000000	2.89186		-1.23686     0.2    0.2		4.1705503158		-1.0
	7965.00000000	2.70512		-0.71796     0.2    0.2		4.1705503158		-1.0
	8010.00000000	2.70011		-0.28875     0.2    0.2		4.1705503158		-1.0
	8055.00000000	3.18485		0.38343     0.2    0.2		4.1705503158		-1.0
	8100.00000000	2.92209		0.28575     0.2    0.2		4.1705503158		-1.0
	8145.00000000	2.80614		0.01832     0.2    0.2		4.1705503158		-1.0
	8190.00000000	2.93812		-0.43741     0.2    0.2		4.1705503158		-1.0
	8235.00000000	3.09477		-0.78275     0.2    0.2		4.1705503158		-1.0
	8280.00000000	2.80239		-1.21991     0.2    0.2		4.1705503158		-1.0
	8325.00000000	2.67242		-1.65032     0.2    0.2		4.1705503158		-1.0
	8370.00000000	3.01456		-1.70417     0.2    0.2		4.1705503158		-1.0
	8415.00000000	2.844		-2.29365     0.2    0.2		4.1705503158		-1.0
	8460.00000000	3.03175		-2.3868     0.2    0.2		4.1705503158		-1.0
	8505.00000000	3.14247		-2.45937     0.2    0.2		4.1705503158		-1.0
	8550.00000000	3.23572		-2.76281     0.2    0.2		4.1705503158		-1.0
	8595.00000000	3.02293		-2.90552     0.2    0.2		4.1705503158		-1.0
	8640.00000000	2.66552		3.01391     0.2    0.2		4.1705503158		-1.0
	8685.00000000	3.07401		3.01256     0.2    0.2		4.1705503158		-1.0
	8730.00000000	2.71557		2.71962     0.2    0.2		4.1705503158		-1.0
	8775.00000000	2.76855		2.38019     0.2    0.2		4.1705503158		-1.0
	8820.00000000	3.24386		2.16192     0.2    0.2		4.1705503158		-1.0
	8865.00000000	2.85189		1.93024     0.2    0.2		4.1705503158		-1.0
	8910.00000000	2.72628		1.77783     0.2    0.2		4.1705503158		-1.0
	8955.00000000	2.87937		0.97282     0.2    0.2		4.1705503158		-1.0
	9000.00000000	2.7488		0.82266     0.2    0.2		4.1705503158		-1.0
	9045.00000000	2.87		1.2199     0.2    0.2		4.1705503158		-1.0
	9090.00000000	3.0167		0.70382     0.2    0.2		4.1705503158		-1.0
	9135.00000000	2.83146		-0.0319     0.2    0.2		4.1705503158		-1.0
	9180.00000000	3.14841		-0.72273     0.2    0.2		4.1705503158		-1.0
	9225.00000000	2.97359		-0.92196     0.2    0.2		4.1705503158		-1.0
	9270.00000000	2.74579		-0.81293     0.2    0.2		4.1705503158		-1.0
	9315.00000000	3.17656		-0.11017     0.2    0.2		4.1705503158		-1.0
	9360.00000000	2.82697		0.79339     0.2    0.2		4.1705503158		-1.0
	9405.00000000	2.78914		1.35456     0.2    0.2		4.1705503158		-1.0
	9450.00000000	3.12847		1.2108     0.2    0.2		4.1705503158		-1.0
	9495.00000000	2.73195		1.29261     0.2    0.2		4.1705503158		-1.0
	9540.00000000	2.71206		1.97677     0.2    0.2		4.1705503158		-1.0
	9585.00000000	3.01078		2.20681     0.2    0.2		4.1705503158		-1.0
	9630.00000000	2.66955		2.36274     0.2    0.2		4.1705503158		-1.0
	9675.00000000	3.24075		2.39989     0.2    0.2		4.1705503158		-1.0
	9720.00000000	2.80669		2.69087     0.2    0.2		4.1705503158		-1.0
	9765.00000000	2.6936		2.96088     0.2    0.2		4.1705503158		-1.0
	9810.00000000	2.9115		-3.06544     0.2    0.2		4.1705503158		-1.0
	9855.00000000	2.80307		-2.6825     0.2    0.2		4.1705503158		-1.0
	9900.00000000	3.11076		-2.4512     0.2    0.2		4.1705503158		-1.0
	9945.00000000	2.71527		-2.24279     0.2    0.2		4.1705503158		-1.0
	9990.00000000	2.99988		-2.11044     0.2    0.2		4.1705503158		-1.0
	10035.00000000	3.09476		-1.94658     0.2    0.2		4.1705503158		-1.0
	10080.00000000	3.22962		-1.59754     0.2    0.2		4.1705503158		-1.0
	10125.00000000	2.72942		-1.4232     0.2    0.2		4.1705503158		-1.0
	10170.00000000	3.2707		-1.10792     0.2    0.2		4.1705503158		-1.0
	10215.00000000	3.05192		-0.70506     0.2    0.2		4.1705503158		-1.0
	10260.00000000	3.1634		-0.21724     0.2    0.2		4.1705503158		-1.0
	10305.00000000	2.73241		0.50233     0.2    0.2		4.1705503158		-1.0
	10350.00000000	2.80935		0.19783     0.2    0.2		4.1705503158		-1.0
	10395.00000000	2.80765		0.25848     0.2    0.2		4.1705503158		-1.0
	10440.00000000	2.69722		0.20176     0.2    0.2		4.1705503158		-1.0
	10485.00000000	3.32224		0.2787     0.2    0.2		4.1705503158		-1.0
	10530.00000000	3.20272		0.15525     0.2    0.2		4.1705503158		-1.0
	10575.00000000	3.18974		0.13762     0.2    0.2		4.1705503158		-1.0
	10620.00000000	3.18399		-0.06844     0.2    0.2		4.1705503158		-1.0
	10665.00000000	3.17651		0.27435     0.2    0.2		4.1705503158		-1.0
	10710.00000000	3.17996		0.52849     0.2    0.2		4.1705503158		-1.0
	10755.00000000	3.20527		0.93567     0.2    0.2		4.1705503158		-1.0
	10800.00000000	3.13873		1.10744     0.2    0.2		4.1705503158		-1.0
	10845.00000001	3.20936		1.2324     0.2    0.2		4.1705503158		-1.0
	10890.00000001	3.1512		1.56702     0.2    0.2		4.1705503158		-1.0
	10935.00000001	2.83815		1.3438     0.2    0.2		4.1705503158		-1.0
	10980.00000001	3.28793		1.23887     0.2    0.2		4.1705503158		-1.0
	11025.00000001	2.66447		1.33358     0.2    0.2		4.1705503158		-1.0
	11070.00000001	3.15212		0.78532     0.2    0.2		4.1705503158		-1.0
	11115.00000001	2.80523		0.26851     0.2    0.2		4.1705503158		-1.0
	11160.00000001	3.00878		0.03045     0.2    0.2		4.1705503158		-1.0
	11205.00000001	2.71249		-0.50078     0.2    0.2		4.1705503158		-1.0
	11250.00000001	2.78316		-0.42477     0.2    0.2		4.1705503158		-1.0
	11295.00000001	3.27256		-0.81462     0.2    0.2		4.1705503158		-1.0
	11340.00000001	2.84072		-1.34231     0.2    0.2		4.1705503158		-1.0
	11385.00000001	3.04357		-1.34696     0.2    0.2		4.1705503158		-1.0
	11430.00000001	3.03178		-1.57404     0.2    0.2		4.1705503158		-1.0
	11475.00000001	3.04397		-1.70135     0.2    0.2		4.1705503158		-1.0
	11520.00000001	3.42189		-2.10004     0.2    0.2		4.1705503158		-1.0
	11565.00000001	3.40838		-2.3416     0.2    0.2		4.1705503158		-1.0
	11610.00000001	3.34212		-2.57227     0.2    0.2		4.1705503158		-1.0
	11655.00000001	3.17524		-2.84433     0.2    0.2		4.1705503158		-1.0
	11700.00000001	3.10661		2.94632     0.2    0.2		4.1705503158		-1.0
	11745.00000001	2.68803		2.77244     0.2    0.2		4.1705503158		-1.0
	11790.00000001	3.12405		2.43135     0.2    0.2		4.1705503158		-1.0
	11835.00000001	3.24352		2.36893     0.2    0.2		4.1705503158		-1.0
	11880.00000001	3.14099		2.06748     0.2    0.2		4.1705503158		-1.0
	11925.00000001	3.2058		1.80032     0.2    0.2		4.1705503158		-1.0
	11970.00000001	3.26625		1.72898     0.2    0.2		4.1705503158		-1.0
	12015.00000001	3.24719		1.28408     0.2    0.2		4.1705503158		-1.0
	12060.00000001	3.42272		1.26441     0.2    0.2		4.1705503158		-1.0
	12105.00000001	3.16445		0.69858     0.2    0.2		4.1705503158		-1.0
	12150.00000001	3.18605		0.75236     0.2    0.2		4.1705503158		-1.0
	12195.00000001	3.19456		0.02781     0.2    0.2		4.1705503158		-1.0
	12240.00000001	2.86349		-0.55986     0.2    0.2		4.1705503158		-1.0
	12285.00000001	2.76208		-1.13222     0.2    0.2		4.1705503158		-1.0
	12330.00000001	2.75425		-1.40726     0.2    0.2		4.1705503158		-1.0
	12375.00000001	2.88744		-1.8108     0.2    0.2		4.1705503158		-1.0
	12420.00000001	3.11807		-1.97915     0.2    0.2		4.1705503158		-1.0
	12465.00000001	2.87357		-2.25989     0.2    0.2		4.1705503158		-1.0
	12510.00000001	3.3572		-2.52979     0.2    0.2		4.1705503158		-1.0
	12555.00000001	3.21133		-3.0859     0.2    0.2		4.1705503158		-1.0
	12600.00000001	2.98249		-3.10637     0.2    0.2		4.1705503158		-1.0
	12645.00000001	2.74783		2.97814     0.2    0.2		4.1705503158		-1.0
	12690.00000001	3.02203		2.40171     0.2    0.2		4.1705503158		-1.0
	12735.00000001	2.89336		2.38654     0.2    0.2		4.1705503158		-1.0
	12780.00000001	2.81213		1.91255     0.2    0.2		4.1705503158		-1.0
	12825.00000001	2.72015		1.55226     0.2    0.2		4.1705503158		-1.0
	12870.00000001	2.79561		1.24724     0.2    0.2		4.1705503158		-1.0
	12915.00000001	2.81794		0.62527     0.2    0.2		4.1705503158		-1.0
	12960.00000001	2.62595		-0.11639     0.2    0.2		4.1705503158		-1.0
	13005.00000001	3.2351		-0.6302     0.2    0.2		4.1705503158		-1.0
	13050.00000001	2.74001		-0.93715     0.2    0.2		4.1705503158		-1.0
	13095.00000001	2.77011		-0.99894     0.2    0.2		4.1705503158		-1.0
	13140.00000001	2.72951		-0.97971     0.2    0.2		4.1705503158		-1.0
	13185.00000001	2.90224		-0.27951     0.2    0.2		4.1705503158		-1.0
	13230.00000001	2.61356		0.22388     0.2    0.2		4.1705503158		-1.0
	13275.00000001	3.22388		0.34998     0.2    0.2		4.1705503158		-1.0
	13320.00000001	3.18515		0.06467     0.2    0.2		4.1705503158		-1.0
	13365.00000001	3.34168		-0.37394     0.2    0.2		4.1705503158		-1.0
	13410.00000001	3.15773		-0.25458     0.2    0.2		4.1705503158		-1.0
	13455.00000001	2.90951		-0.89535     0.2    0.2		4.1705503158		-1.0
	13500.00000001	3.14228		-1.13774     0.2    0.2		4.1705503158		-1.0
	13545.00000001	2.66813		-1.72229     0.2    0.2		4.1705503158		-1.0
	13590.00000001	3.21163		-1.67348     0.2    0.2		4.1705503158		-1.0
	13635.00000001	3.12006		-2.22066     0.2    0.2		4.1705503158		-1.0
	13680.00000001	3.02917		-2.21459     0.2    0.2		4.1705503158		-1.0
	13725.00000001	2.77788		-2.59242     0.2    0.2		4.1705503158		-1.0
	13770.00000001	2.7098		-2.40208     0.2    0.2		4.1705503158		-1.0
	13815.00000001	2.90772		-2.59441     0.2    0.2		4.1705503158		-1.0
	13860.00000001	3.11333		-2.91017     0.2    0.2		4.1705503158		-1.0
	13905.00000001	3.2276		-2.55413     0.2    0.2		4.1705503158		-1.0
	13950.00000001	3.45382		-2.53417     0.2    0.2		4.1705503158		-1.0
	13995.00000001	3.22043		-2.32854     0.2    0.2		4.1705503158		-1.0
	14040.00000001	3.29289		-2.49686     0.2    0.2		4.1705503158		-1.0
	14085.00000001	3.2565		-1.91944     0.2    0.2		4.1705503158		-1.0
	14130.00000001	3.29223		-1.75682     0.2    0.2		4.1705503158		-1.0
	14175.00000001	3.18013		-1.38969     0.2    0.2		4.1705503158		-1.0
	14220.00000001	3.31722		-1.27999     0.2    0.2		4.1705503158		-1.0
	14265.00000000	3.15912		-0.81259     0.2    0.2		4.1705503158		-1.0
	14310.00000000	3.12027		-0.43196     0.2    0.2		4.1705503158		-1.0
	14355.00000000	3.31645		-0.27919     0.2    0.2		4.1705503158		-1.0
	14400.00000000	3.28242		0.18262     0.2    0.2		4.1705503158		-1.0
	14445.00000000	3.33777		0.67446     0.2    0.2		4.1705503158		-1.0
	14490.00000000	3.29623		1.02289     0.2    0.2		4.1705503158		-1.0
	14535.00000000	3.31544		1.13221     0.2    0.2		4.1705503158		-1.0
	14580.00000000	3.36348		1.60657     0.2    0.2		4.1705503158		-1.0
	14625.00000000	2.97008		1.6974     0.2    0.2		4.1705503158		-1.0
	14670.00000000	3.434		2.03319     0.2    0.2		4.1705503158		-1.0
	14715.00000000	2.74332		2.32893     0.2    0.2		4.1705503158		-1.0
	14760.00000000	2.73257		2.42764     0.2    0.2		4.1705503158		-1.0
	14805.00000000	3.21373		2.87639     0.2    0.2		4.1705503158		-1.0
	14850.00000000	3.30208		3.06477     0.2    0.2		4.1705503158		-1.0
	14895.00000000	2.90869		-2.91845     0.2    0.2		4.1705503158		-1.0
	14940.00000000	2.76538		-2.86481     0.2    0.2		4.1705503158		-1.0
	14985.00000000	3.53866		-2.70973     0.2    0.2		4.1705503158		-1.0
	15030.00000000	2.87868		-2.89012     0.2    0.2		4.1705503158		-1.0
	15075.00000000	2.80768		-3.00275     0.2    0.2		4.1705503158		-1.0
	15120.00000000	2.6275		3.10331     0.2    0.2		4.1705503158		-1.0
	15165.00000000	2.67848		2.88682     0.2    0.2		4.1705503158		-1.0
	15210.00000000	3.12917		2.63458     0.2    0.2		4.1705503158		-1.0
	15255.00000000	3.08512		2.44507     0.2    0.2		4.1705503158		-1.0
	15300.00000000	3.30836		2.15758     0.2    0.2		4.1705503158		-1.0
	15345.00000000	3.3316		2.06826     0.2    0.2		4.1705503158		-1.0
	15390.00000000	3.38816		1.80208     0.2    0.2		4.1705503158		-1.0
	15435.00000000	3.22074		1.98585     0.2    0.2		4.1705503158		-1.0
	15480.00000000	3.34249		1.44794     0.2    0.2		4.1705503158		-1.0
	15525.00000000	2.73019		1.90102     0.2    0.2		4.1705503158		-1.0
	15570.00000000	2.8336		1.32489     0.2    0.2		4.1705503158		-1.0
	15615.00000000	2.76813		1.66467     0.2    0.2		4.1705503158		-1.0
	15660.00000000	2.75537		1.18004     0.2    0.2		4.1705503158		-1.0
	15705.00000000	2.71723		1.00242     0.2    0.2		4.1705503158		-1.0
	15750.00000000	2.70294		0.86085     0.2    0.2		4.1705503158		-1.0
	15795.00000000	2.70009		0.39924     0.2    0.2		4.1705503158		-1.0
	15840.00000000	2.73298		-0.57329     0.2    0.2		4.1705503158		-1.0
	15885.00000000	2.67624		-1.03299     0.2    0.2		4.1705503158		-1.0
	15930.00000000	3.26185		-0.61728     0.2    0.2		4.1705503158		-1.0
	15975.00000000	3.30572		-0.35569     0.2    0.2		4.1705503158		-1.0
	16020.00000000	3.28094		-0.66202     0.2    0.2		4.1705503158		-1.0
	16065.00000000	3.15356		-0.78591     0.2    0.2		4.1705503158		-1.0
	16110.00000000	2.82217		-0.50487     0.2    0.2		4.1705503158		-1.0
	16155.00000000	2.71044		-0.83541     0.2    0.2		4.1705503158		-1.0
	16200.00000000	2.68103		-0.3436     0.2    0.2		4.1705503158		-1.0
	16245.00000000	2.82133		0.48057     0.2    0.2		4.1705503158		-1.0
	16290.00000000	2.74699		0.93219     0.2    0.2		4.1705503158		-1.0
	16335.00000000	2.71127		0.8418     0.2    0.2		4.1705503158		-1.0
	16380.00000000	2.74998		1.19883     0.2    0.2		4.1705503158		-1.0
	16425.00000000	3.53288		1.63984     0.2    0.2		4.1705503158		-1.0
	16470.00000000	2.75993		1.37652     0.2    0.2		4.1705503158		-1.0
	16515.00000000	3.43611		2.00191     0.2    0.2		4.1705503158		-1.0
	16560.00000000	2.58744		1.82843     0.2    0.2		4.1705503158		-1.0
	16605.00000000	3.435		2.39993     0.2    0.2		4.1705503158		-1.0
	16650.00000000	2.7337		2.3928     0.2    0.2		4.1705503158		-1.0
	16695.00000000	2.81551		2.81634     0.2    0.2		4.1705503158		-1.0
	16740.00000000	3.16774		2.91486     0.2    0.2		4.1705503158		-1.0
	16785.00000000	3.24507		2.91047     0.2    0.2		4.1705503158		-1.0
	16830.00000000	3.29739		-2.96901     0.2    0.2		4.1705503158		-1.0
	16875.00000000	2.68219		-3.11348     0.2    0.2		4.1705503158		-1.0
	16920.00000000	2.67448		-2.89678     0.2    0.2		4.1705503158		-1.0
	16965.00000000	2.77488		-2.91045     0.2    0.2		4.1705503158		-1.0
	17010.00000000	2.74794		-2.86251     0.2    0.2		4.1705503158		-1.0
	17055.00000000	2.6703		-2.63191     0.2    0.2		4.1705503158		-1.0
	17100.00000000	2.70293		-2.52058     0.2    0.2		4.1705503158		-1.0
	17145.00000000	2.69373		-2.09351     0.2    0.2		4.1705503158		-1.0
	17190.00000000	2.68546		-1.9158     0.2    0.2		4.1705503158		-1.0
	17235.00000000	2.78843		-1.51218     0.2    0.2		4.1705503158		-1.0
	17280.00000000	2.94711		-1.00587     0.2    0.2		4.1705503158		-1.0
	17325.00000000	3.11439		-0.36806     0.2    0.2		4.1705503158		-1.0
	17370.00000000	2.65835		0.0664     0.2    0.2		4.1705503158		-1.0
	17415.00000000	2.68018		0.63735     0.2    0.2		4.1705503158		-1.0
	17460.00000000	2.74281		1.10736     0.2    0.2		4.1705503158		-1.0
	17505.00000000	2.98588		0.94324     0.2    0.2		4.1705503158		-1.0
	17550.00000000	3.41421		1.333     0.2    0.2		4.1705503158		-1.0
	17595.00000000	2.60974		1.54595     0.2    0.2		4.1705503158		-1.0
	17640.00000000	3.29075		1.49787     0.2    0.2		4.1705503158		-1.0
	17685.00000000	2.70915		1.67314     0.2    0.2		4.1705503158		-1.0
	17730.00000000	2.73162		1.94757     0.2    0.2		4.1705503158		-1.0
	17775.00000000	3.33801		2.11598     0.2    0.2		4.1705503158		-1.0
	17820.00000000	2.71478		2.40187     0.2    0.2		4.1705503158		-1.0
	17865.00000000	3.25215		2.49951     0.2    0.2		4.1705503158		-1.0
	17910.00000000	2.8416		3.11873     0.2    0.2		4.1705503158		-1.0
	17955.00000000	2.80069		-3.12974     0.2    0.2		4.1705503158		-1.0
	18000.00000000	2.5952		-2.71411     0.2    0.2		4.1705503158		-1.0
	18045.00000000	3.44172		-2.38055     0.2    0.2		4.1705503158		-1.0
	18090.00000000	3.38813		-1.86819     0.2    0.2		4.1705503158		-1.0
	18135.00000000	2.6783		-1.71557     0.2    0.2		4.1705503158		-1.0
	18180.00000000	3.49437		-0.97765     0.2    0.2		4.1705503158		-1.0
	18225.00000000	2.77374		-0.66426     0.2    0.2		4.1705503158		-1.0
	18270.00000000	2.7878		0.04617     0.2    0.2		4.1705503158		-1.0
	18315.00000000	2.73116		0.206     0.2    0.2		4.1705503158		-1.0
	18360.00000000	2.68275		0.4994     0.2    0.2		4.1705503158		-1.0
	18405.00000000	2.95756		0.42703     0.2    0.2		4.1705503158		-1.0
	18450.00000000	3.01727		0.97965     0.2    0.2		4.1705503158		-1.0
	18495.00000000	2.68235		1.1205     0.2    0.2		4.1705503158		-1.0
	18540.00000000	2.96356		1.34229     0.2    0.2		4.1705503158		-1.0
	18585.00000000	2.61286		1.5967     0.2    0.2		4.1705503158		-1.0
	18630.00000000	3.48589		1.95548     0.2    0.2		4.1705503158		-1.0
	18675.00000000	2.76943		2.30931     0.2    0.2		4.1705503158		-1.0
	18720.00000000	2.72181		2.48475     0.2    0.2		4.1705503158		-1.0
	18765.00000000	3.5267		2.57328     0.2    0.2		4.1705503158		-1.0
	18810.00000000	3.35583		2.60032     0.2    0.2		4.1705503158		-1.0
	18855.00000000	3.32903		2.98059     0.2    0.2		4.1705503158		-1.0
	18900.00000000	3.28517		2.83773     0.2    0.2		4.1705503158		-1.0
	18945.00000000	3.38524		2.6651     0.2    0.2		4.1705503158		-1.0
	18990.00000000	2.99354		2.65464     0.2    0.2		4.1705503158		-1.0
	19035.00000000	3.07366		2.09288     0.2    0.2		4.1705503158		-1.0
	19080.00000000	2.68848		1.95235     0.2    0.2		4.1705503158		-1.0
	19125.00000000	2.76878		1.43829     0.2    0.2		4.1705503158		-1.0
	19170.00000000	2.6622		1.08799     0.2    0.2		4.1705503158		-1.0
	19215.00000000	2.79873		0.6629     0.2    0.2		4.1705503158		-1.0
	19260.00000000	2.82762		-0.234     0.2    0.2		4.1705503158		-1.0
	19305.00000000	2.73821		-0.5863     0.2    0.2		4.1705503158		-1.0
	19350.00000000	3.39807		-1.31911     0.2    0.2		4.1705503158		-1.0
	19395.00000000	3.16015		-1.51833     0.2    0.2		4.1705503158		-1.0
	19440.00000000	3.2301		-1.97014     0.2    0.2		4.1705503158		-1.0
	19485.00000000	3.2957		-2.00313     0.2    0.2		4.1705503158		-1.0
	19530.00000000	3.20054		-2.4974     0.2    0.2		4.1705503158		-1.0
	19575.00000000	3.2374		-2.56906     0.2    0.2		4.1705503158		-1.0
	19620.00000000	3.42325		-2.95652     0.2    0.2		4.1705503158		-1.0
	19665.00000000	3.31744		-3.00169     0.2    0.2		4.1705503158		-1.0
	19710.00000000	3.24104		2.89171     0.2    0.2		4.1705503158		-1.0
	19755.00000000	3.33493		2.55912     0.2    0.2		4.1705503158		-1.0
	19800.00000000	2.66278		2.08284     0.2    0.2		4.1705503158		-1.0
	19845.00000000	3.20357		2.08592     0.2    0.2		4.1705503158		-1.0
	19890.00000000	3.23266		1.4897     0.2    0.2		4.1705503158		-1.0
	19935.00000000	3.22631		1.39119     0.2    0.2		4.1705503158		-1.0
	19980.00000000	3.21792		1.01126     0.2    0.2		4.1705503158		-1.0
	20025.00000000	3.21842		0.51172     0.2    0.2		4.1705503158		-1.0
	20070.00000000	3.10918		0.23968     0.2    0.2		4.1705503158		-1.0
	20115.00000000	3.47865		-0.4472     0.2    0.2		4.1705503158		-1.0
	20160.00000000	2.61832		-0.40886     0.2    0.2		4.1705503158		-1.0
	20205.00000000	3.00119		-0.26737     0.2    0.2		4.1705503158		-1.0
	20250.00000000	2.85423		-0.45602     0.2    0.2		4.1705503158		-1.0
	20295.00000000	2.70002		-0.39371     0.2    0.2		4.1705503158		-1.0
	20340.00000000	2.65733		-0.20054     0.2    0.2		4.1705503158		-1.0
	20385.00000000	2.86241		0.13844     0.2    0.2		4.1705503158		-1.0
	20430.00000000	3.2089		0.43458     0.2    0.2		4.1705503158		-1.0
	20475.00000000	3.42179		0.54156     0.2    0.2		4.1705503158		-1.0
	20520.00000000	3.36381		0.72905     0.2    0.2		4.1705503158		-1.0
	20565.00000000	3.37374		0.85859     0.2    0.2		4.1705503158		-1.0
	20610.00000000	3.36484		0.97386     0.2    0.2		4.1705503158		-1.0
	20655.00000000	3.3374		0.90341     0.2    0.2		4.1705503158		-1.0
	20700.00000000	3.42156		1.48707     0.2    0.2		4.1705503158		-1.0
	20744.99999999	3.14177		1.71125     0.2    0.2		4.1705503158		-1.0
	20789.99999999	2.78017		2.28326     0.2    0.2		4.1705503158		-1.0
	20834.99999999	2.81688		2.60222     0.2    0.2		4.1705503158		-1.0
	20879.99999999	2.71314		2.97541     0.2    0.2		4.1705503158		-1.0
	20924.99999999	2.7549		-3.10792     0.2    0.2		4.1705503158		-1.0
	20969.99999999	2.75182		-2.71673     0.2    0.2		4.1705503158		-1.0
	21014.99999999	2.69369		-2.45688     0.2    0.2		4.1705503158		-1.0
	21059.99999999	2.67318		-2.11749     0.2    0.2		4.1705503158		-1.0
	21104.99999999	2.79532		-1.86251     0.2    0.2		4.1705503158		-1.0
	21149.99999999	2.75127		-1.40387     0.2    0.2		4.1705503158		-1.0
	21194.99999999	2.80185		-1.50142     0.2    0.2		4.1705503158		-1.0
	21239.99999999	2.75686		-0.90548     0.2    0.2		4.1705503158		-1.0
	21284.99999999	3.08244		-0.96451     0.2    0.2		4.1705503158		-1.0
	21329.99999999	3.19343		-0.16227     0.2    0.2		4.1705503158		-1.0
	21374.99999999	2.90254		0.25684     0.2    0.2		4.1705503158		-1.0
	21419.99999999	2.64978		0.71437     0.2    0.2		4.1705503158		-1.0
	21464.99999999	2.64673		1.13568     0.2    0.2		4.1705503158		-1.0
	21509.99999999	2.64427		1.08079     0.2    0.2		4.1705503158		-1.0
	21554.99999999	3.56486		1.20774     0.2    0.2		4.1705503158		-1.0
	21599.99999999	3.3676		1.08516     0.2    0.2		4.1705503158		-1.0
	21644.99999999	3.31702		0.8404     0.2    0.2		4.1705503158		-1.0
	21689.99999999	3.41874		0.48126     0.2    0.2		4.1705503158		-1.0
	21734.99999999	3.25947		-0.30501     0.2    0.2		4.1705503158		-1.0
	21779.99999999	3.33222		-0.97472     0.2    0.2		4.1705503158		-1.0
	21824.99999999	3.21856		-1.26122     0.2    0.2		4.1705503158		-1.0
	21869.99999999	3.30633		-1.58022     0.2    0.2		4.1705503158		-1.0
	21914.99999999	3.42226		-1.81812     0.2    0.2		4.1705503158		-1.0
	21959.99999999	3.34499		-2.13697     0.2    0.2		4.1705503158		-1.0
	22004.99999999	3.34158		-1.92236     0.2    0.2		4.1705503158		-1.0
	22049.99999999	3.15786		-2.1974     0.2    0.2		4.1705503158		-1.0
	22094.99999999	2.99726		-2.28426     0.2    0.2		4.1705503158		-1.0
	22139.99999999	3.08463		-2.38914     0.2    0.2		4.1705503158		-1.0
	22184.99999999	3.22586		-2.76079     0.2    0.2		4.1705503158		-1.0
	22229.99999999	3.30725		-3.00942     0.2    0.2		4.1705503158		-1.0
	22274.99999999	3.2604		2.86437     0.2    0.2		4.1705503158		-1.0
	22319.99999999	3.09656		2.4757     0.2    0.2		4.1705503158		-1.0
	22364.99999999	3.27987		2.03521     0.2    0.2		4.1705503158		-1.0
	22409.99999999	3.07569		2.0434     0.2    0.2		4.1705503158		-1.0
	22454.99999999	2.78977		1.78511     0.2    0.2		4.1705503158		-1.0
	22499.99999999	3.56629		1.60708     0.2    0.2		4.1705503158		-1.0
	22544.99999999	2.82698		1.76724     0.2    0.2		4.1705503158		-1.0
	22589.99999999	3.00485		1.65563     0.2    0.2		4.1705503158		-1.0
	22634.99999999	3.54567		1.80447     0.2    0.2		4.1705503158		-1.0
	22679.99999999	3.23536		1.6638     0.2    0.2		4.1705503158		-1.0
	22724.99999999	3.40852		1.94575     0.2    0.2		4.1705503158		-1.0
	22769.99999999	3.58654		1.93403     0.2    0.2		4.1705503158		-1.0
	22814.99999999	2.91823		2.20316     0.2    0.2		4.1705503158		-1.0
	22859.99999999	3.4817		2.51722     0.2    0.2		4.1705503158		-1.0
	22904.99999999	3.1639		2.49651     0.2    0.2		4.1705503158		-1.0
	22949.99999999	3.26107		3.13961     0.2    0.2		4.1705503158		-1.0
	22994.99999999	3.24488		-3.09776     0.2    0.2		4.1705503158		-1.0
	23039.99999999	3.63382		-2.4624     0.2    0.2		4.1705503158		-1.0
	23084.99999999	2.71737		-2.40888     0.2    0.2		4.1705503158		-1.0
	23129.99999999	2.72724		-1.94117     0.2    0.2		4.1705503158		-1.0
	23174.99999999	2.69875		-1.9761     0.2    0.2		4.1705503158		-1.0
	23219.99999999	3.2026		-1.28475     0.2    0.2		4.1705503158		-1.0
	23264.99999999	3.00865		-1.49406     0.2    0.2		4.1705503158		-1.0
	23309.99999999	3.15703		-0.94448     0.2    0.2		4.1705503158		-1.0
	23354.99999999	3.21775		-0.69501     0.2    0.2		4.1705503158		-1.0
	23399.99999999	3.24065		-0.38025     0.2    0.2		4.1705503158		-1.0
	23444.99999999	3.11408		0.26952     0.2    0.2		4.1705503158		-1.0
	23489.99999999	3.16127		0.2666     0.2    0.2		4.1705503158		-1.0
	23534.99999999	3.19897		0.59781     0.2    0.2		4.1705503158		-1.0
	23579.99999999	3.29304		1.01778     0.2    0.2		4.1705503158		-1.0
	23624.99999999	2.98181		1.03994     0.2    0.2		4.1705503158		-1.0
	23669.99999999	3.07059		1.40117     0.2    0.2		4.1705503158		-1.0
	23714.99999999	2.71751		1.59593     0.2    0.2		4.1705503158		-1.0
	23759.99999999	2.82688		1.39862     0.2    0.2		4.1705503158		-1.0
	23804.99999999	3.7628		1.69129     0.2    0.2		4.1705503158		-1.0
	23849.99999999	2.9145		1.72225     0.2    0.2		4.1705503158		-1.0
	23894.99999999	2.65721		2.08985     0.2    0.2		4.1705503158		-1.0
	23939.99999999	2.69429		2.37319     0.2    0.2		4.1705503158		-1.0
	23984.99999999	2.71568		2.49079     0.2    0.2		4.1705503158		-1.0
	24029.99999999	2.65427		-2.97964     0.2    0.2		4.1705503158		-1.0
	24074.99999999	2.69879		-2.82769     0.2    0.2		4.1705503158		-1.0
	24119.99999999	3.28917		-2.42227     0.2    0.2		4.1705503158		-1.0
	24164.99999999	3.31851		-2.26601     0.2    0.2		4.1705503158		-1.0
	24209.99999999	3.55207		-1.89532     0.2    0.2		4.1705503158		-1.0
	24254.99999999	3.0798		-1.56367     0.2    0.2		4.1705503158		-1.0
	24299.99999999	3.48489		-1.41307     0.2    0.2		4.1705503158		-1.0
	24344.99999999	3.3129		-1.03319     0.2    0.2		4.1705503158		-1.0
	24389.99999999	3.17967		-0.45822     0.2    0.2		4.1705503158		-1.0
	24434.99999999	3.40642		0.2743     0.2    0.2		4.1705503158		-1.0
	24479.99999999	3.45129		0.33966     0.2    0.2		4.1705503158		-1.0
	24524.99999999	3.48007		0.72659     0.2    0.2		4.1705503158		-1.0
	24569.99999999	3.43164		1.01625     0.2    0.2		4.1705503158		-1.0
	24614.99999999	3.48421		1.0659     0.2    0.2		4.1705503158		-1.0
	24659.99999999	3.56737		1.03955     0.2    0.2		4.1705503158		-1.0
	24704.99999999	3.02781		1.32539     0.2    0.2		4.1705503158		-1.0
	24749.99999999	3.40183		1.31379     0.2    0.2		4.1705503158		-1.0
	24794.99999999	3.14068		1.23617     0.2    0.2		4.1705503158		-1.0
	24839.99999999	2.62593		1.5175     0.2    0.2		4.1705503158		-1.0
	24884.99999999	2.68535		1.45119     0.2    0.2		4.1705503158		-1.0
	24929.99999999	2.68523		1.19555     0.2    0.2		4.1705503158		-1.0
	24974.99999999	2.62186		0.60287     0.2    0.2		4.1705503158		-1.0
	25019.99999999	2.75607		-0.60108     0.2    0.2		4.1705503158		-1.0
	25064.99999999	2.75769		-1.2385     0.2    0.2		4.1705503158		-1.0
	25109.99999999	2.73772		-1.56607     0.2    0.2		4.1705503158		-1.0
	25154.99999999	2.72485		-2.02433     0.2    0.2		4.1705503158		-1.0
	25199.99999999	2.63979		-2.65963     0.2    0.2		4.1705503158		-1.0
	25244.99999999	2.71954		-2.2822     0.2    0.2		4.1705503158		-1.0
	25289.99999999	2.81085		-2.34556     0.2    0.2		4.1705503158		-1.0
	25334.99999999	3.31221		-2.17326     0.2    0.2		4.1705503158		-1.0
	25379.99999999	3.08139		-2.09736     0.2    0.2		4.1705503158		-1.0
	25424.99999999	3.38173		-1.58152     0.2    0.2		4.1705503158		-1.0
	25469.99999999	3.38433		-1.2259     0.2    0.2		4.1705503158		-1.0
	25514.99999999	3.29273		-0.85852     0.2    0.2		4.1705503158		-1.0
	25559.99999999	3.32186		-0.85172     0.2    0.2		4.1705503158		-1.0
	25604.99999999	3.40951		-0.0284     0.2    0.2		4.1705503158		-1.0
	25649.99999999	3.56307		0.28078     0.2    0.2		4.1705503158		-1.0
	25694.99999999	3.41737		0.6122     0.2    0.2		4.1705503158		-1.0
	25739.99999999	3.43715		0.66342     0.2    0.2		4.1705503158		-1.0
	25784.99999999	2.95961		0.36308     0.2    0.2		4.1705503158		-1.0
	25829.99999999	2.6556		-0.10526     0.2    0.2		4.1705503158		-1.0
	25874.99999999	2.61058		-1.2263     0.2    0.2		4.1705503158		-1.0
	25919.99999999	2.72464		-0.98622     0.2    0.2		4.1705503158		-1.0
	25964.99999999	2.89184		-1.2838     0.2    0.2		4.1705503158		-1.0
	26009.99999999	2.66935		-1.37659     0.2    0.2		4.1705503158		-1.0
	26054.99999999	2.96628		-1.50747     0.2    0.2		4.1705503158		-1.0
	26099.99999999	3.32309		-1.68697     0.2    0.2		4.1705503158		-1.0
	26144.99999999	3.08392		-1.69037     0.2    0.2		4.1705503158		-1.0
	26189.99999999	3.21497		-1.91975     0.2    0.2		4.1705503158		-1.0
	26234.99999999	3.45997		-2.0106     0.2    0.2		4.1705503158		-1.0
	26279.99999999	3.57927		-2.35874     0.2    0.2		4.1705503158		-1.0
	26324.99999999	3.34845		-2.42525     0.2    0.2		4.1705503158		-1.0
	26369.99999999	3.44957		-2.47162     0.2    0.2		4.1705503158		-1.0
	26414.99999999	2.5663		-2.59094     0.2    0.2		4.1705503158		-1.0
	26459.99999999	3.34785		-2.61562     0.2    0.2		4.1705503158		-1.0
	26504.99999999	3.39027		-2.88349     0.2    0.2		4.1705503158		-1.0
	26549.99999999	3.45169		-3.13048     0.2    0.2		4.1705503158		-1.0
	26594.99999999	3.3633		3.00015     0.2    0.2		4.1705503158		-1.0
	26639.99999999	3.24961		2.25806     0.2    0.2		4.1705503158		-1.0
	26684.99999999	3.14		2.18073     0.2    0.2		4.1705503158		-1.0
	26729.99999999	3.5001		1.65986     0.2    0.2		4.1705503158		-1.0
	26774.99999999	3.38759		1.54846     0.2    0.2		4.1705503158		-1.0
	26819.99999999	3.78685		1.22897     0.2    0.2		4.1705503158		-1.0
	26864.99999999	5.19728		0.82709     0.2    0.2		4.1705503158		-1.0
	26909.99999999	7.30581		0.70791     0.2    0.2		4.1705503158		-1.0
	26954.99999999	9.2286		0.59812     0.2    0.2		4.1705503158		-1.0
	26999.99999999	10.52713		0.54939     0.2    0.2		4.1705503158		-1.0
	27044.99999999	11.75135		0.36083     0.2    0.2		4.1705503158		-1.0
	27089.99999999	12.40711		-0.00495     0.2    0.2		4.1705503158		-1.0
	27134.99999999	13.35295		0.01114     0.2    0.2		4.1705503158		-1.0
	27179.99999999	14.08833		-0.11781     0.2    0.2		4.1705503158		-1.0
	27224.99999998	15.24833		0.03526     0.2    0.2		4.1705503158		-1.0
	27269.99999998	16.48179		-0.04089     0.2    0.2		4.1705503158		-1.0
	27314.99999998	17.69811		0.12627     0.2    0.2		4.1705503158		-1.0
	27359.99999998	18.97722		0.07984     0.2    0.2		4.1705503158		-1.0
	27404.99999998	20.17746		0.50115     0.2    0.2		4.1705503158		-1.0
	27449.99999998	21.37781		0.58     0.2    0.2		4.1705503158		-1.0
	27494.99999998	22.27102		0.73345     0.2    0.2		4.1705503158		-1.0
	27539.99999998	23.16258		1.45284     0.2    0.2		4.1705503158		-1.0
	27584.99999998	23.89271		-2.49598     0.2    0.2		4.1705503158		-1.0
	27629.99999998	24.61948		-2.26536     0.2    0.2		4.1705503158		-1.0
	27674.99999998	24.70698		2.68753     0.2    0.2		4.1705503158		-1.0
	27719.99999998	24.84671		2.236     0.2    0.2		4.1705503158		-1.0
	27764.99999998	25.09497		1.25162     0.2    0.2		4.1705503158		-1.0
	27809.99999998	25.10138		0.36467     0.2    0.2		4.1705503158		-1.0
	27854.99999998	24.92393		0.09794     0.2    0.2		4.1705503158		-1.0
	27899.99999998	24.5974		-0.01148     0.2    0.2		4.1705503158		-1.0
	27944.99999998	23.89668		-0.105     0.2    0.2		4.1705503158		-1.0
	27989.99999998	23.35379		-0.33917     0.2    0.2		4.1705503158		-1.0
	28034.99999998	22.56398		-0.47272     0.2    0.2		4.1705503158		-1.0
	28079.99999998	21.37532		-0.84383     0.2    0.2		4.1705503158		-1.0
	28124.99999998	20.19545		-1.20959     0.2    0.2		4.1705503158		-1.0
	28169.99999998	18.77533		-1.68336     0.2    0.2		4.1705503158		-1.0
	28214.99999998	17.43983		-2.00347     0.2    0.2		4.1705503158		-1.0
	28259.99999998	15.76646		-2.4776     0.2    0.2		4.1705503158		-1.0
	28304.99999998	14.2377		-2.65822     0.2    0.2		4.1705503158		-1.0
	28349.99999998	12.73874		-3.07168     0.2    0.2		4.1705503158		-1.0
	28394.99999998	11.54342		3.01251     0.2    0.2		4.1705503158		-1.0
	28439.99999998	10.43721		2.5151     0.2    0.2		4.1705503158		-1.0
	28484.99999998	9.8201		2.0036     0.2    0.2		4.1705503158		-1.0
	28529.99999998	9.35013		1.51597     0.2    0.2		4.1705503158		-1.0
	28574.99999998	9.61548		1.10439     0.2    0.2		4.1705503158		-1.0
	28619.99999998	10.00954		0.73416     0.2    0.2		4.1705503158		-1.0
	28664.99999998	11.13383		0.37404     0.2    0.2		4.1705503158		-1.0
	28709.99999998	11.87253		-0.22006     0.2    0.2		4.1705503158		-1.0
	28754.99999998	12.57078		-1.4054     0.2    0.2		4.1705503158		-1.0
	28799.99999998	13.19028		-2.28511     0.2    0.2		4.1705503158		-1.0
	28844.99999998	13.97545		-2.38738     0.2    0.2		4.1705503158		-1.0
	28889.99999998	14.9045		-2.38548     0.2    0.2		4.1705503158		-1.0
	28934.99999998	15.6782		-1.95817     0.2    0.2		4.1705503158		-1.0
	28979.99999998	16.46816		-1.73272     0.2    0.2		4.1705503158		-1.0
	29024.99999998	16.12934		1.91121     0.2    0.2		4.1705503158		-1.0
	29069.99999998	15.48141		2.42049     0.2    0.2		4.1705503158		-1.0
	29114.99999998	13.86362		2.70166     0.2    0.2		4.1705503158		-1.0
	29159.99999998	12.6239		2.97225     0.2    0.2		4.1705503158		-1.0
	29204.99999998	11.67246		2.93949     0.2    0.2		4.1705503158		-1.0
	29249.99999998	11.33859		2.51689     0.2    0.2		4.1705503158		-1.0
	29294.99999998	11.89677		2.60596     0.2    0.2		4.1705503158		-1.0
	29339.99999998	12.90725		2.98142     0.2    0.2		4.1705503158		-1.0
	29384.99999998	13.5017		-3.05629     0.2    0.2		4.1705503158		-1.0
	29429.99999998	13.59013		-2.84016     0.2    0.2		4.1705503158		-1.0
	29474.99999998	12.7964		-2.79819     0.2    0.2		4.1705503158		-1.0
	29519.99999998	13.46963		2.46136     0.2    0.2		4.1705503158		-1.0
	29564.99999998	14.64646		1.68953     0.2    0.2		4.1705503158		-1.0
	29609.99999998	16.3538		1.88346     0.2    0.2		4.1705503158		-1.0
	29654.99999998	17.84808		2.20237     0.2    0.2		4.1705503158		-1.0
	29699.99999998	18.58764		2.89293     0.2    0.2		4.1705503158		-1.0
	29744.99999998	19.34328		-2.88563     0.2    0.2		4.1705503158		-1.0
	29789.99999998	19.95233		-2.56969     0.2    0.2		4.1705503158		-1.0
	29834.99999998	20.81832		-2.54506     0.2    0.2		4.1705503158		-1.0
	29879.99999998	22.48195		2.89685     0.2    0.2		4.1705503158		-1.0
	29924.99999998	24.3438		2.30138     0.2    0.2		4.1705503158		-1.0
	29969.99999998	26.57804		-2.09592     0.2    0.2		4.1705503158		-1.0
	30014.99999998	25.60862		-2.6268     0.2    0.2		4.1705503158		-1.0
	30059.99999998	25.33686		2.98317     0.2    0.2		4.1705503158		-1.0
	30104.99999998	25.07617		2.67741     0.2    0.2		4.1705503158		-1.0
	30149.99999998	25.49268		2.44396     0.2    0.2		4.1705503158		-1.0
	30194.99999998	26.1813		2.60446     0.2    0.2		4.1705503158		-1.0
	30239.99999998	26.4593		2.84165     0.2    0.2		4.1705503158		-1.0
	30284.99999998	26.8622		2.73784     0.2    0.2		4.1705503158		-1.0
	30329.99999998	27.44242		2.34102     0.2    0.2		4.1705503158		-1.0
	30374.99999998	28.18754		1.48557     0.2    0.2		4.1705503158		-1.0
	30419.99999998	28.83333		0.81458     0.2    0.2		4.1705503158		-1.0
	30464.99999998	29.64386		0.14126     0.2    0.2		4.1705503158		-1.0
	30509.99999998	30.22173		-0.95189     0.2    0.2		4.1705503158		-1.0
	30554.99999998	31.34111		-1.43256     0.2    0.2		4.1705503158		-1.0
	30599.99999998	32.3336		-1.77189     0.2    0.2		4.1705503158		-1.0
	30644.99999998	33.55758		-1.74433     0.2    0.2		4.1705503158		-1.0
	30689.99999998	34.57245		-1.65249     0.2    0.2		4.1705503158		-1.0
	30734.99999998	34.97208		-1.52659     0.2    0.2		4.1705503158		-1.0
	30779.99999998	35.10429		-1.35188     0.2    0.2		4.1705503158		-1.0
	30824.99999998	35.68714		-1.37418     0.2    0.2		4.1705503158		-1.0
	30869.99999998	35.89529		1.01789     0.2    0.2		4.1705503158		-1.0
	30914.99999998	36.43364		1.50394     0.2    0.2		4.1705503158		-1.0
	30959.99999998	35.52815		2.51127     0.2    0.2		4.1705503158		-1.0
	31004.99999998	34.68453		2.85     0.2    0.2		4.1705503158		-1.0
	31049.99999998	33.6887		3.08744     0.2    0.2		4.1705503158		-1.0
	31094.99999998	32.03398		-2.86838     0.2    0.2		4.1705503158		-1.0
	31139.99999998	30.52948		-2.60502     0.2    0.2		4.1705503158		-1.0
	31184.99999998	28.84118		-2.21032     0.2    0.2		4.1705503158		-1.0
	31229.99999998	27.30894		-2.00868     0.2    0.2		4.1705503158		-1.0
	31274.99999998	25.62749		-1.73218     0.2    0.2		4.1705503158		-1.0
	31319.99999998	23.91648		-1.63887     0.2    0.2		4.1705503158		-1.0
	31364.99999998	22.57642		-1.3726     0.2    0.2		4.1705503158		-1.0
	31409.99999998	20.89634		-1.18501     0.2    0.2		4.1705503158		-1.0
	31454.99999998	19.70935		-0.62071     0.2    0.2		4.1705503158		-1.0
	31499.99999998	18.32897		0.11478     0.2    0.2		4.1705503158		-1.0
	31544.99999998	17.82529		0.40316     0.2    0.2		4.1705503158		-1.0
	31589.99999998	17.2324		1.0583     0.2    0.2		4.1705503158		-1.0
	31634.99999998	17.46397		1.43039     0.2    0.2		4.1705503158		-1.0
	31679.99999998	17.98407		1.91247     0.2    0.2		4.1705503158		-1.0
	31724.99999998	18.97713		1.90175     0.2    0.2		4.1705503158		-1.0
	31769.99999998	20.12656		2.00123     0.2    0.2		4.1705503158		-1.0
	31814.99999998	20.59375		2.06312     0.2    0.2		4.1705503158		-1.0
	31859.99999998	21.10828		2.27543     0.2    0.2		4.1705503158		-1.0
	31904.99999998	21.49483		2.82631     0.2    0.2		4.1705503158		-1.0
	31949.99999998	21.88186		3.10071     0.2    0.2		4.1705503158		-1.0
	31994.99999998	22.1829		-2.57812     0.2    0.2		4.1705503158		-1.0
	32039.99999998	21.88265		-2.17959     0.2    0.2		4.1705503158		-1.0
	32084.99999998	21.36825		-1.29815     0.2    0.2		4.1705503158		-1.0
	32129.99999998	20.39025		-0.71144     0.2    0.2		4.1705503158		-1.0
	32174.99999998	19.93231		-0.05301     0.2    0.2		4.1705503158		-1.0
	32219.99999998	19.02845		0.55881     0.2    0.2		4.1705503158		-1.0
	32264.99999998	18.48276		0.87916     0.2    0.2		4.1705503158		-1.0
	32309.99999998	17.6573		1.32694     0.2    0.2		4.1705503158		-1.0
	32354.99999998	16.81335		1.40604     0.2    0.2		4.1705503158		-1.0
	32399.99999998	16.35908		1.82988     0.2    0.2		4.1705503158		-1.0
	32444.99999998	15.77329		1.93003     0.2    0.2		4.1705503158		-1.0
	32489.99999998	15.88067		2.49625     0.2    0.2		4.1705503158		-1.0
	32534.99999998	15.90482		3.03197     0.2    0.2		4.1705503158		-1.0
	32579.99999998	16.75536		-2.79926     0.2    0.2		4.1705503158		-1.0
	32624.99999998	17.73394		-2.55701     0.2    0.2		4.1705503158		-1.0
	32669.99999998	18.92807		-2.16126     0.2    0.2		4.1705503158		-1.0
	32714.99999998	19.79451		-2.16356     0.2    0.2		4.1705503158		-1.0
	32759.99999998	20.68495		-1.64325     0.2    0.2		4.1705503158		-1.0
	32804.99999998	21.11936		-1.80908     0.2    0.2		4.1705503158		-1.0
	32849.99999998	21.63588		-2.34917     0.2    0.2		4.1705503158		-1.0
	32894.99999998	21.3759		3.09763     0.2    0.2		4.1705503158		-1.0
	32939.99999998	21.0055		-0.54075     0.2    0.2		4.1705503158		-1.0
	32984.99999998	19.94245		-0.33274     0.2    0.2		4.1705503158		-1.0
	33029.99999998	18.46745		-0.18416     0.2    0.2		4.1705503158		-1.0
	33074.99999998	16.83704		-0.10656     0.2    0.2		4.1705503158		-1.0
	33119.99999998	15.12311		-0.07265     0.2    0.2		4.1705503158		-1.0
	33164.99999998	13.67343		-0.32925     0.2    0.2		4.1705503158		-1.0
	33209.99999998	12.86319		-0.71794     0.2    0.2		4.1705503158		-1.0
	33254.99999998	13.05964		-1.35046     0.2    0.2		4.1705503158		-1.0
	33299.99999998	13.76132		-1.74523     0.2    0.2		4.1705503158		-1.0
	33344.99999998	15.06253		-2.02421     0.2    0.2		4.1705503158		-1.0
	33389.99999998	16.25221		-2.34796     0.2    0.2		4.1705503158		-1.0
	33434.99999998	17.71505		-2.61932     0.2    0.2		4.1705503158		-1.0
	33479.99999998	19.13581		-3.00069     0.2    0.2		4.1705503158		-1.0
	33524.99999998	20.46103		2.97561     0.2    0.2		4.1705503158		-1.0
	33569.99999998	21.37535		2.33313     0.2    0.2		4.1705503158		-1.0
	33614.99999998	22.13285		1.46216     0.2    0.2		4.1705503158		-1.0
	33659.99999998	21.99268		0.73346     0.2    0.2		4.1705503158		-1.0
	33704.99999998	21.36555		0.26861     0.2    0.2		4.1705503158		-1.0
	33749.99999997	20.0412		-0.07037     0.2    0.2		4.1705503158		-1.0
	33794.99999997	18.49785		-0.33872     0.2    0.2		4.1705503158		-1.0
	33839.99999997	17.3005		-0.55793     0.2    0.2		4.1705503158		-1.0
	33884.99999997	16.44492		-0.59555     0.2    0.2		4.1705503158		-1.0
	33929.99999997	15.88273		-0.78446     0.2    0.2		4.1705503158		-1.0
	33974.99999997	15.44846		-0.99868     0.2    0.2		4.1705503158		-1.0
	34019.99999997	15.29647		-1.4766     0.2    0.2		4.1705503158		-1.0
	34064.99999997	15.39143		-1.91338     0.2    0.2		4.1705503158		-1.0
	34109.99999997	15.84469		-2.38393     0.2    0.2		4.1705503158		-1.0
	34154.99999997	16.55967		-2.86063     0.2    0.2		4.1705503158		-1.0
	34199.99999997	17.14017		2.79455     0.2    0.2		4.1705503158		-1.0
	34244.99999997	17.63694		2.29978     0.2    0.2		4.1705503158		-1.0
	34289.99999997	17.50042		2.04631     0.2    0.2		4.1705503158		-1.0
	34334.99999997	16.78724		1.83476     0.2    0.2		4.1705503158		-1.0
	34379.99999997	16.23336		1.62778     0.2    0.2		4.1705503158		-1.0
	34424.99999997	15.61256		1.06318     0.2    0.2		4.1705503158		-1.0
	34469.99999997	14.85216		0.33062     0.2    0.2		4.1705503158		-1.0
	34514.99999997	14.1278		-0.24069     0.2    0.2		4.1705503158		-1.0
	34559.99999997	13.52467		-0.79461     0.2    0.2		4.1705503158		-1.0
	34604.99999997	12.9652		-1.25218     0.2    0.2		4.1705503158		-1.0
	34649.99999997	12.24594		-1.72748     0.2    0.2		4.1705503158		-1.0
	34694.99999997	11.36519		-2.09506     0.2    0.2		4.1705503158		-1.0
	34739.99999997	10.33902		-2.45088     0.2    0.2		4.1705503158		-1.0
	34784.99999997	9.17147		-2.88084     0.2    0.2		4.1705503158		-1.0
	34829.99999997	8.08853		2.92427     0.2    0.2		4.1705503158		-1.0
	34874.99999997	7.39945		2.18118     0.2    0.2		4.1705503158		-1.0
	34919.99999997	7.47922		1.65364     0.2    0.2		4.1705503158		-1.0
	34964.99999997	7.69842		1.38336     0.2    0.2		4.1705503158		-1.0
	35009.99999997	8.66395		1.12803     0.2    0.2		4.1705503158		-1.0
	35054.99999997	9.82522		0.90238     0.2    0.2		4.1705503158		-1.0
	35099.99999997	10.82948		0.67545     0.2    0.2		4.1705503158		-1.0
	35144.99999997	11.76276		0.62345     0.2    0.2		4.1705503158		-1.0
	35189.99999997	12.84402		0.98896     0.2    0.2		4.1705503158		-1.0
	35234.99999997	13.82983		-2.51834     0.2    0.2		4.1705503158		-1.0
	35279.99999997	14.63585		-0.70209     0.2    0.2		4.1705503158		-1.0
	35324.99999997	15.12819		-1.00881     0.2    0.2		4.1705503158		-1.0
	35369.99999997	15.17547		-0.68912     0.2    0.2		4.1705503158		-1.0
	35414.99999997	14.58072		-0.14767     0.2    0.2		4.1705503158		-1.0
	35459.99999997	13.95633		0.34121     0.2    0.2		4.1705503158		-1.0
	35504.99999997	13.16443		0.78959     0.2    0.2		4.1705503158		-1.0
	35549.99999997	12.56362		1.21519     0.2    0.2		4.1705503158		-1.0
	35594.99999997	11.91565		1.68002     0.2    0.2		4.1705503158		-1.0
	35639.99999997	10.99911		2.12992     0.2    0.2		4.1705503158		-1.0
	35684.99999997	10.25103		2.58876     0.2    0.2		4.1705503158		-1.0
	35729.99999997	9.7486		2.96661     0.2    0.2		4.1705503158		-1.0
	35774.99999997	9.30287		-2.48324     0.2    0.2		4.1705503158		-1.0
	35819.99999997	8.96974		-2.37088     0.2    0.2		4.1705503158		-1.0
	35864.99999997	8.1835		-1.95763     0.2    0.2		4.1705503158		-1.0
	35909.99999997	7.44709		-2.15381     0.2    0.2		4.1705503158		-1.0
	35954.99999997	6.72539		-2.29857     0.2    0.2		4.1705503158		-1.0
	35999.99999997	6.87276		-2.51076     0.2    0.2		4.1705503158		-1.0
	36044.99999997	8.17147		-2.8496     0.2    0.2		4.1705503158		-1.0
	36089.99999997	9.67098		-1.9529     0.2    0.2		4.1705503158		-1.0
	36134.99999997	10.79763		-1.19022     0.2    0.2		4.1705503158		-1.0
	36179.99999997	11.39813		-0.81515     0.2    0.2		4.1705503158		-1.0
	36224.99999997	12.09897		-0.5591     0.2    0.2		4.1705503158		-1.0
	36269.99999997	13.18349		-0.49505     0.2    0.2		4.1705503158		-1.0
	36314.99999997	14.45731		-0.35693     0.2    0.2		4.1705503158		-1.0
	36359.99999997	15.95192		-0.60448     0.2    0.2		4.1705503158		-1.0
	36404.99999997	17.58495		-1.4134     0.2    0.2		4.1705503158		-1.0
	36449.99999997	19.0721		-2.05979     0.2    0.2		4.1705503158		-1.0
	36494.99999997	20.45741		-1.23375     0.2    0.2		4.1705503158		-1.0
	36539.99999997	21.6654		-1.07817     0.2    0.2		4.1705503158		-1.0
	36584.99999997	22.77894		-0.37324     0.2    0.2		4.1705503158		-1.0
	36629.99999997	24.02148		0.18028     0.2    0.2		4.1705503158		-1.0
	36674.99999997	24.97118		0.70802     0.2    0.2		4.1705503158		-1.0
	36719.99999997	26.04064		1.29887     0.2    0.2		4.1705503158		-1.0
	36764.99999997	25.7228		1.87861     0.2    0.2		4.1705503158		-1.0
	36809.99999997	25.22228		2.44145     0.2    0.2		4.1705503158		-1.0
	36854.99999997	24.65001		-2.94285     0.2    0.2		4.1705503158		-1.0
	36899.99999997	23.94032		-2.61781     0.2    0.2		4.1705503158		-1.0
	36944.99999997	23.43935		-2.24791     0.2    0.2		4.1705503158		-1.0
	36989.99999997	22.52782		-2.47011     0.2    0.2		4.1705503158		-1.0
	37034.99999997	21.83408		-2.51965     0.2    0.2		4.1705503158		-1.0
	37079.99999997	20.875		-3.02065     0.2    0.2		4.1705503158		-1.0
	37124.99999997	19.81811		2.92206     0.2    0.2		4.1705503158		-1.0
	37169.99999997	18.81767		2.3128     0.2    0.2		4.1705503158		-1.0
	37214.99999997	17.67001		2.05548     0.2    0.2		4.1705503158		-1.0
	37259.99999997	16.9403		1.48254     0.2    0.2		4.1705503158		-1.0
	37304.99999997	15.83148		1.08468     0.2    0.2		4.1705503158		-1.0
	37349.99999997	14.89448		0.51344     0.2    0.2		4.1705503158		-1.0
	37394.99999997	13.66346		0.45378     0.2    0.2		4.1705503158		-1.0
	37439.99999997	13.12011		1.30141     0.2    0.2		4.1705503158		-1.0
	37484.99999997	12.77187		1.30651     0.2    0.2		4.1705503158		-1.0
	37529.99999997	12.58661		1.74782     0.2    0.2		4.1705503158		-1.0
	37574.99999997	12.13852		2.16514     0.2    0.2		4.1705503158		-1.0
	37619.99999997	11.35783		2.50601     0.2    0.2		4.1705503158		-1.0
	37664.99999997	10.72733		2.75045     0.2    0.2		4.1705503158		-1.0
	37709.99999997	10.41457		-2.9713     0.2    0.2		4.1705503158		-1.0
	37754.99999997	10.99845		-2.7065     0.2    0.2		4.1705503158		-1.0
	37799.99999997	12.14342		-2.24354     0.2    0.2		4.1705503158		-1.0
	37844.99999997	12.94272		-2.55517     0.2    0.2		4.1705503158		-1.0
	37889.99999997	13.70063		-2.86116     0.2    0.2		4.1705503158		-1.0
	37934.99999997	14.11596		-2.96079     0.2    0.2		4.1705503158		-1.0
	37979.99999997	15.30798		-3.08354     0.2    0.2		4.1705503158		-1.0
	38024.99999997	16.27248		-3.12906     0.2    0.2		4.1705503158		-1.0
	38069.99999997	17.07932		3.01694     0.2    0.2		4.1705503158		-1.0
	38114.99999997	18.0046		2.87754     0.2    0.2		4.1705503158		-1.0
	38159.99999997	18.93826		2.17408     0.2    0.2		4.1705503158		-1.0
	38204.99999997	19.88114		0.94863     0.2    0.2		4.1705503158		-1.0
	38249.99999997	20.47441		0.61129     0.2    0.2		4.1705503158		-1.0
	38294.99999997	21.18759		0.5398     0.2    0.2		4.1705503158		-1.0
	38339.99999997	21.68573		0.58743     0.2    0.2		4.1705503158		-1.0
	38384.99999997	22.51978		0.63825     0.2    0.2		4.1705503158		-1.0
	38429.99999997	22.0564		-0.55656     0.2    0.2		4.1705503158		-1.0
	38474.99999997	21.42746		-0.58615     0.2    0.2		4.1705503158		-1.0
	38519.99999997	20.71759		-0.7122     0.2    0.2		4.1705503158		-1.0
	38564.99999997	19.88885		-0.5479     0.2    0.2		4.1705503158		-1.0
	38609.99999997	18.71667		-0.64766     0.2    0.2		4.1705503158		-1.0
	38654.99999997	17.44037		-0.57002     0.2    0.2		4.1705503158		-1.0
	38699.99999997	16.2079		-0.74076     0.2    0.2		4.1705503158		-1.0
	38744.99999997	14.87375		-0.80625     0.2    0.2		4.1705503158		-1.0
	38789.99999997	13.56569		-1.1239     0.2    0.2		4.1705503158		-1.0
	38834.99999997	12.32081		-1.23693     0.2    0.2		4.1705503158		-1.0
	38879.99999997	11.19596		-1.50031     0.2    0.2		4.1705503158		-1.0
	38924.99999997	9.72082		-1.6135     0.2    0.2		4.1705503158		-1.0
	38969.99999997	8.4953		-1.79695     0.2    0.2		4.1705503158		-1.0
	39014.99999997	7.43228		-2.2663     0.2    0.2		4.1705503158		-1.0
	39059.99999997	6.64204		-2.48093     0.2    0.2		4.1705503158		-1.0
	39104.99999997	6.06659		-2.97027     0.2    0.2		4.1705503158		-1.0
	39149.99999997	5.56529		-2.95932     0.2    0.2		4.1705503158		-1.0
	39194.99999997	6.49455		2.81004     0.2    0.2		4.1705503158		-1.0
	39239.99999997	8.06906		2.69964     0.2    0.2		4.1705503158		-1.0
	39284.99999997	9.17535		2.70731     0.2    0.2		4.1705503158		-1.0
	39329.99999997	9.68923		2.79745     0.2    0.2		4.1705503158		-1.0
	39374.99999997	9.53086		2.66652     0.2    0.2		4.1705503158		-1.0
	39419.99999997	8.85454		2.45006     0.2    0.2		4.1705503158		-1.0
	39464.99999997	8.16515		1.49438     0.2    0.2		4.1705503158		-1.0
	39509.99999997	7.52184		-0.68193     0.2    0.2		4.1705503158		-1.0
	39554.99999997	7.24272		-1.01284     0.2    0.2		4.1705503158		-1.0
	39599.99999997	6.58927		-1.48701     0.2    0.2		4.1705503158		-1.0
	39644.99999997	5.90335		-1.78716     0.2    0.2		4.1705503158		-1.0
	39689.99999997	5.76823		-2.51609     0.2    0.2		4.1705503158		-1.0
	39734.99999997	6.72814		-3.00012     0.2    0.2		4.1705503158		-1.0
	39779.99999997	8.4401		2.69429     0.2    0.2		4.1705503158		-1.0
	39824.99999997	9.52264		2.38335     0.2    0.2		4.1705503158		-1.0
	39869.99999997	10.54833		2.19721     0.2    0.2		4.1705503158		-1.0
	39914.99999997	11.60406		1.87306     0.2    0.2		4.1705503158		-1.0
	39959.99999997	12.51182		1.51434     0.2    0.2		4.1705503158		-1.0
	40004.99999997	13.31441		1.25464     0.2    0.2		4.1705503158		-1.0
	40049.99999997	14.42702		0.88819     0.2    0.2		4.1705503158		-1.0
	40094.99999997	15.74666		0.57252     0.2    0.2		4.1705503158		-1.0
	40139.99999997	16.86963		0.11072     0.2    0.2		4.1705503158		-1.0
	40184.99999997	17.66674		-0.14648     0.2    0.2		4.1705503158		-1.0
	40229.99999996	18.3989		-0.63131     0.2    0.2		4.1705503158		-1.0
	40274.99999996	18.47385		-1.12036     0.2    0.2		4.1705503158		-1.0
	40319.99999996	18.61512		-1.74763     0.2    0.2		4.1705503158		-1.0
	40364.99999996	18.08989		-2.19717     0.2    0.2		4.1705503158		-1.0
	40409.99999996	17.23262		-2.6094     0.2    0.2		4.1705503158		-1.0
	40454.99999996	16.32034		3.01603     0.2    0.2		4.1705503158		-1.0
	40499.99999996	16.07575		2.21777     0.2    0.2		4.1705503158		-1.0
	40544.99999996	16.63032		1.53601     0.2    0.2		4.1705503158		-1.0
	40589.99999996	17.41941		1.04165     0.2    0.2		4.1705503158		-1.0
	40634.99999996	18.65647		0.6089     0.2    0.2		4.1705503158		-1.0
	40679.99999996	20.05135		0.27393     0.2    0.2		4.1705503158		-1.0
	40724.99999996	21.41972		0.08125     0.2    0.2		4.1705503158		-1.0
	40769.99999996	22.50474		-0.27579     0.2    0.2		4.1705503158		-1.0
	40814.99999996	22.90856		-0.36133     0.2    0.2		4.1705503158		-1.0
	40859.99999996	23.08027		-0.9422     0.2    0.2		4.1705503158		-1.0
	40904.99999996	23.21094		-1.37013     0.2    0.2		4.1705503158		-1.0
	40949.99999996	23.09616		2.36622     0.2    0.2		4.1705503158		-1.0
	40994.99999996	22.41303		2.9738     0.2    0.2		4.1705503158		-1.0
	41039.99999996	21.52531		-2.71296     0.2    0.2		4.1705503158		-1.0
	41084.99999996	20.3139		-2.08228     0.2    0.2		4.1705503158		-1.0
	41129.99999996	19.15716		-1.56169     0.2    0.2		4.1705503158		-1.0
	41174.99999996	18.44388		-0.75942     0.2    0.2		4.1705503158		-1.0
	41219.99999996	17.60002		-0.33129     0.2    0.2		4.1705503158		-1.0
	41264.99999996	16.69223		1.0805     0.2    0.2		4.1705503158		-1.0
	41309.99999996	15.66607		0.19343     0.2    0.2		4.1705503158		-1.0
	41354.99999996	14.89318		1.02421     0.2    0.2		4.1705503158		-1.0
	41399.99999996	14.25197		1.43802     0.2    0.2		4.1705503158		-1.0
	41444.99999996	13.45518		2.12005     0.2    0.2		4.1705503158		-1.0
	41489.99999996	12.47165		2.43746     0.2    0.2		4.1705503158		-1.0
	41534.99999996	11.79475		2.96305     0.2    0.2		4.1705503158		-1.0
	41579.99999996	12.16537		-3.03814     0.2    0.2		4.1705503158		-1.0
	41624.99999996	12.92328		-2.5403     0.2    0.2		4.1705503158		-1.0
	41669.99999996	13.84748		-2.40104     0.2    0.2		4.1705503158		-1.0
	41714.99999996	14.74118		-1.87809     0.2    0.2		4.1705503158		-1.0
	41759.99999996	14.45607		-1.76169     0.2    0.2		4.1705503158		-1.0
	41804.99999996	14.13528		-1.13582     0.2    0.2		4.1705503158		-1.0
	41849.99999996	12.98027		-0.87078     0.2    0.2		4.1705503158		-1.0
	41894.99999996	12.45904		-0.21462     0.2    0.2		4.1705503158		-1.0
	41939.99999996	11.1799		0.08647     0.2    0.2		4.1705503158		-1.0
	41984.99999996	10.14286		0.63397     0.2    0.2		4.1705503158		-1.0
	42029.99999996	8.6246		0.66715     0.2    0.2		4.1705503158		-1.0
	42074.99999996	7.25797		0.91185     0.2    0.2		4.1705503158		-1.0
	42119.99999996	6.64411		1.21536     0.2    0.2		4.1705503158		-1.0
	42164.99999996	6.50784		1.94101     0.2    0.2		4.1705503158		-1.0
	42209.99999996	7.42999		2.55996     0.2    0.2		4.1705503158		-1.0
	42254.99999996	8.53369		-3.12026     0.2    0.2		4.1705503158		-1.0
	42299.99999996	9.50488		-2.89303     0.2    0.2		4.1705503158		-1.0
	42344.99999996	10.29315		-2.59413     0.2    0.2		4.1705503158		-1.0
	42389.99999996	9.80837		-2.58335     0.2    0.2		4.1705503158		-1.0
	42434.99999996	8.68565		-2.64493     0.2    0.2		4.1705503158		-1.0
	42479.99999996	7.38964		-2.46216     0.2    0.2		4.1705503158		-1.0
	42524.99999996	5.88409		-2.60399     0.2    0.2		4.1705503158		-1.0
	42569.99999996	5.97033		-0.23538     0.2    0.2		4.1705503158		-1.0
	42614.99999996	6.97383		0.30231     0.2    0.2		4.1705503158		-1.0
	42659.99999996	7.88573		0.00304     0.2    0.2		4.1705503158		-1.0
	42704.99999996	9.11221		0.00029     0.2    0.2		4.1705503158		-1.0
	42749.99999996	9.41375		-0.4517     0.2    0.2		4.1705503158		-1.0
	42794.99999996	9.65006		-0.67838     0.2    0.2		4.1705503158		-1.0
	42839.99999996	10.04855		-0.64675     0.2    0.2		4.1705503158		-1.0
	42884.99999996	11.21501		-0.56456     0.2    0.2		4.1705503158		-1.0
	42929.99999996	12.47104		-0.1768     0.2    0.2		4.1705503158		-1.0
	42974.99999996	14.27561		0.11324     0.2    0.2		4.1705503158		-1.0
	43019.99999996	16.11154		0.28612     0.2    0.2		4.1705503158		-1.0
	43064.99999996	17.84556		0.67552     0.2    0.2		4.1705503158		-1.0
	43109.99999996	19.54968		2.25865     0.2    0.2		4.1705503158		-1.0
	43154.99999996	21.11037		2.49161     0.2    0.2		4.1705503158		-1.0
	43199.99999996	22.24186		2.54605     0.2    0.2		4.1705503158		-1.0
	43244.99999996	22.93239		2.23824     0.2    0.2		4.1705503158		-1.0
	43289.99999996	22.69571		1.73387     0.2    0.2		4.1705503158		-1.0
	43334.99999996	22.25108		1.31643     0.2    0.2		4.1705503158		-1.0
	43379.99999996	21.51677		1.02809     0.2    0.2		4.1705503158		-1.0
	43424.99999996	21.44396		1.43118     0.2    0.2		4.1705503158		-1.0
	43469.99999996	21.63461		2.15412     0.2    0.2		4.1705503158		-1.0
	43514.99999996	22.75281		2.03612     0.2    0.2		4.1705503158		-1.0
	43559.99999996	24.00582		2.2161     0.2    0.2		4.1705503158		-1.0
	43604.99999996	23.73199		1.7805     0.2    0.2		4.1705503158		-1.0
	43649.99999996	22.76432		1.80067     0.2    0.2		4.1705503158		-1.0
	43694.99999996	21.789		2.52401     0.2    0.2		4.1705503158		-1.0
	43739.99999996	22.28262		-3.11478     0.2    0.2		4.1705503158		-1.0
	43784.99999996	23.59839		-2.75269     0.2    0.2		4.1705503158		-1.0
	43829.99999996	24.95719		3.07898     0.2    0.2		4.1705503158		-1.0
	43874.99999996	24.99198		2.50251     0.2    0.2		4.1705503158		-1.0
	43919.99999996	23.98328		2.06774     0.2    0.2		4.1705503158		-1.0
	43964.99999996	23.13302		2.49917     0.2    0.2		4.1705503158		-1.0
	44009.99999996	23.64099		-3.02662     0.2    0.2		4.1705503158		-1.0
	44054.99999996	25.42031		-3.1072     0.2    0.2		4.1705503158		-1.0
	44099.99999996	27.36785		2.92308     0.2    0.2		4.1705503158		-1.0
	44144.99999996	27.92265		2.27899     0.2    0.2		4.1705503158		-1.0
	44189.99999996	28.55705		2.01925     0.2    0.2		4.1705503158		-1.0
	44234.99999996	29.30055		2.21074     0.2    0.2		4.1705503158		-1.0
	44279.99999996	30.29621		2.5955     0.2    0.2		4.1705503158		-1.0
	44324.99999996	29.70708		-3.03323     0.2    0.2		4.1705503158		-1.0
	44369.99999996	29.02588		-2.71178     0.2    0.2		4.1705503158		-1.0
	44414.99999996	29.23089		-2.01322     0.2    0.2		4.1705503158		-1.0
	44459.99999996	27.93756		2.46612     0.2    0.2		4.1705503158		-1.0
	44504.99999996	26.88649		2.50915     0.2    0.2		4.1705503158		-1.0
	44549.99999996	26.41088		1.34408     0.2    0.2		4.1705503158		-1.0
	44594.99999996	26.75299		0.43854     0.2    0.2		4.1705503158		-1.0
	44639.99999996	27.02798		-0.19576     0.2    0.2		4.1705503158		-1.0
	44684.99999996	27.15564		-1.03153     0.2    0.2		4.1705503158		-1.0
	44729.99999996	26.31368		-1.90239     0.2    0.2		4.1705503158		-1.0
	44774.99999996	25.26845		-2.40127     0.2    0.2		4.1705503158		-1.0
	44819.99999996	23.79597		-2.14137     0.2    0.2		4.1705503158		-1.0
	44864.99999996	23.35832		-1.51127     0.2    0.2		4.1705503158		-1.0
	44909.99999996	24.01464		-0.2587     0.2    0.2		4.1705503158		-1.0
	44954.99999996	25.46709		0.12559     0.2    0.2		4.1705503158		-1.0
	44999.99999996	26.44019		-0.42615     0.2    0.2		4.1705503158		-1.0
	45044.99999996	26.92363		-0.82062     0.2    0.2		4.1705503158		-1.0
	45089.99999996	26.19848		-1.11937     0.2    0.2		4.1705503158		-1.0
	45134.99999996	25.30638		-1.00145     0.2    0.2		4.1705503158		-1.0
	45179.99999996	25.39376		0.00281     0.2    0.2		4.1705503158		-1.0
	45224.99999996	26.49781		0.35527     0.2    0.2		4.1705503158		-1.0
	45269.99999996	27.82413		-0.05667     0.2    0.2		4.1705503158		-1.0
	45314.99999996	28.41204		-0.65073     0.2    0.2		4.1705503158		-1.0
	45359.99999996	27.65205		-0.86481     0.2    0.2		4.1705503158		-1.0
	45404.99999996	26.77678		-1.20513     0.2    0.2		4.1705503158		-1.0
	45449.99999996	27.06441		0.73921     0.2    0.2		4.1705503158		-1.0
	45494.99999996	27.88436		1.24051     0.2    0.2		4.1705503158		-1.0
	45539.99999996	28.68394		1.03583     0.2    0.2		4.1705503158		-1.0
	45584.99999996	29.13469		0.70188     0.2    0.2		4.1705503158		-1.0
	45629.99999996	28.64644		0.17136     0.2    0.2		4.1705503158		-1.0
	45674.99999996	28.55103		-0.96948     0.2    0.2		4.1705503158		-1.0
	45719.99999996	28.85331		2.50338     0.2    0.2		4.1705503158		-1.0
	45764.99999996	30.0456		1.42655     0.2    0.2		4.1705503158		-1.0
	45809.99999996	30.66613		0.22233     0.2    0.2		4.1705503158		-1.0
	45854.99999996	30.88182		-1.14617     0.2    0.2		4.1705503158		-1.0
	45899.99999996	30.54151		-2.36466     0.2    0.2		4.1705503158		-1.0
	45944.99999996	30.63002		1.77622     0.2    0.2		4.1705503158		-1.0
	45989.99999996	31.42606		-0.51919     0.2    0.2		4.1705503158		-1.0
	46034.99999996	32.14797		-1.82768     0.2    0.2		4.1705503158		-1.0
	46079.99999996	32.39944		-2.91682     0.2    0.2		4.1705503158		-1.0
	46124.99999996	32.17604		2.10449     0.2    0.2		4.1705503158		-1.0
	46169.99999996	32.16778		0.30206     0.2    0.2		4.1705503158		-1.0
	46214.99999996	32.5198		-2.39362     0.2    0.2		4.1705503158		-1.0
	46259.99999996	33.32458		2.6425     0.2    0.2		4.1705503158		-1.0
	46304.99999996	33.92614		1.30505     0.2    0.2		4.1705503158		-1.0
	46349.99999996	34.31497		-0.55888     0.2    0.2		4.1705503158		-1.0
	46394.99999996	34.25066		-2.39242     0.2    0.2		4.1705503158		-1.0
	46439.99999996	33.93344		2.45751     0.2    0.2		4.1705503158		-1.0
	46484.99999996	32.89455		0.30259     0.2    0.2		4.1705503158		-1.0
	46529.99999996	32.40247		2.64591     0.2    0.2		4.1705503158		-1.0
	46574.99999996	33.36023		-3.02513     0.2    0.2		4.1705503158		-1.0
	46619.99999996	34.97142		3.10626     0.2    0.2		4.1705503158		-1.0
	46664.99999996	34.78678		1.43174     0.2    0.2		4.1705503158		-1.0
	46709.99999996	34.2452		0.0884     0.2    0.2		4.1705503158		-1.0
	46754.99999995	34.53466		-3.07066     0.2    0.2		4.1705503158		-1.0
	46799.99999995	34.48721		-2.38564     0.2    0.2		4.1705503158		-1.0
	46844.99999995	34.74061		-1.64262     0.2    0.2		4.1705503158		-1.0
	46889.99999995	35.33098		2.6146     0.2    0.2		4.1705503158		-1.0
	46934.99999995	35.14292		2.60456     0.2    0.2		4.1705503158		-1.0
	46979.99999995	34.15139		2.9498     0.2    0.2		4.1705503158		-1.0
	47024.99999995	33.32057		3.01749     0.2    0.2		4.1705503158		-1.0
	47069.99999995	32.64003		2.34394     0.2    0.2		4.1705503158		-1.0
	47114.99999995	32.23794		-2.97652     0.2    0.2		4.1705503158		-1.0
	47159.99999995	31.84058		-1.94289     0.2    0.2		4.1705503158		-1.0
	47204.99999995	31.24493		-0.74325     0.2    0.2		4.1705503158		-1.0
	47249.99999995	30.21913		0.13103     0.2    0.2		4.1705503158		-1.0
	47294.99999995	29.3089		1.05815     0.2    0.2		4.1705503158		-1.0
	47339.99999995	28.60723		1.39444     0.2    0.2		4.1705503158		-1.0
	47384.99999995	28.39457		-0.28297     0.2    0.2		4.1705503158		-1.0
	47429.99999995	28.14012		0.48343     0.2    0.2		4.1705503158		-1.0
	47474.99999995	28.11964		0.00227     0.2    0.2		4.1705503158		-1.0
	47519.99999995	27.67362		-1.10622     0.2    0.2		4.1705503158		-1.0
	47564.99999995	26.8369		-0.35012     0.2    0.2		4.1705503158		-1.0
	47609.99999995	25.74278		0.27948     0.2    0.2		4.1705503158		-1.0
	47654.99999995	24.63194		1.24826     0.2    0.2		4.1705503158		-1.0
	47699.99999995	24.1692		2.42192     0.2    0.2		4.1705503158		-1.0
	47744.99999995	24.39421		-3.02805     0.2    0.2		4.1705503158		-1.0
	47789.99999995	24.58247		-0.69834     0.2    0.2		4.1705503158		-1.0
	47834.99999995	24.39445		0.33089     0.2    0.2		4.1705503158		-1.0
	47879.99999995	24.47701		0.24514     0.2    0.2		4.1705503158		-1.0
	47924.99999995	23.74249		0.78577     0.2    0.2		4.1705503158		-1.0
	47969.99999995	23.69562		1.44878     0.2    0.2		4.1705503158		-1.0
	48014.99999995	22.84947		2.32192     0.2    0.2		4.1705503158		-1.0
	48059.99999995	22.68615		-2.79473     0.2    0.2		4.1705503158		-1.0
	48104.99999995	22.53092		-1.46434     0.2    0.2		4.1705503158		-1.0
	48149.99999995	22.98826		0.48026     0.2    0.2		4.1705503158		-1.0
	48194.99999995	23.51388		1.91355     0.2    0.2		4.1705503158		-1.0
	48239.99999995	23.88642		3.01026     0.2    0.2		4.1705503158		-1.0
	48284.99999995	24.24109		-2.20481     0.2    0.2		4.1705503158		-1.0
	48329.99999995	24.29628		-1.18525     0.2    0.2		4.1705503158		-1.0
	48374.99999995	24.48337		-0.32593     0.2    0.2		4.1705503158		-1.0
	48419.99999995	24.33608		0.36178     0.2    0.2		4.1705503158		-1.0
	48464.99999995	24.39887		-2.23499     0.2    0.2		4.1705503158		-1.0
	48509.99999995	24.61247		-1.26714     0.2    0.2		4.1705503158		-1.0
	48554.99999995	25.08896		-0.47332     0.2    0.2		4.1705503158		-1.0
	48599.99999995	25.46902		0.62983     0.2    0.2		4.1705503158		-1.0
	48644.99999995	25.50368		1.65344     0.2    0.2		4.1705503158		-1.0
	48689.99999995	25.39365		2.55661     0.2    0.2		4.1705503158		-1.0
	48734.99999995	25.64737		0.66957     0.2    0.2		4.1705503158		-1.0
	48779.99999995	26.59602		0.85781     0.2    0.2		4.1705503158		-1.0
	48824.99999995	27.94189		1.55151     0.2    0.2		4.1705503158		-1.0
	48869.99999995	29.11096		2.1171     0.2    0.2		4.1705503158		-1.0
	48914.99999995	30.16787		3.09519     0.2    0.2		4.1705503158		-1.0
	48959.99999995	31.01401		-2.48602     0.2    0.2		4.1705503158		-1.0
	49004.99999995	32.16024		-2.18286     0.2    0.2		4.1705503158		-1.0
	49049.99999995	33.5602		-2.04914     0.2    0.2		4.1705503158		-1.0
	49094.99999995	34.73946		-2.22722     0.2    0.2		4.1705503158		-1.0
	49139.99999995	35.64886		-2.64146     0.2    0.2		4.1705503158		-1.0
	49184.99999995	36.94099		2.44767     0.2    0.2		4.1705503158		-1.0
	49229.99999995	36.89081		1.61271     0.2    0.2		4.1705503158		-1.0
	49274.99999995	36.03433		1.22011     0.2    0.2		4.1705503158		-1.0
	49319.99999995	35.27632		0.96533     0.2    0.2		4.1705503158		-1.0
	49364.99999995	34.65247		0.80968     0.2    0.2		4.1705503158		-1.0
	49409.99999995	33.77571		0.13949     0.2    0.2		4.1705503158		-1.0
	49454.99999995	33.15441		-0.52289     0.2    0.2		4.1705503158		-1.0
	49499.99999995	31.94031		-0.51933     0.2    0.2		4.1705503158		-1.0
	49544.99999995	31.25509		-0.36278     0.2    0.2		4.1705503158		-1.0
	49589.99999995	29.79769		-0.26271     0.2    0.2		4.1705503158		-1.0
	49634.99999995	28.65479		-0.17425     0.2    0.2		4.1705503158		-1.0
	49679.99999995	27.25567		-0.48478     0.2    0.2		4.1705503158		-1.0
	49724.99999995	26.04491		-1.09342     0.2    0.2		4.1705503158		-1.0
	49769.99999995	24.82853		-2.26311     0.2    0.2		4.1705503158		-1.0
	49814.99999995	24.05269		-2.6781     0.2    0.2		4.1705503158		-1.0
	49859.99999995	23.88827		3.0575     0.2    0.2		4.1705503158		-1.0
	49904.99999995	24.35133		3.11038     0.2    0.2		4.1705503158		-1.0
	49949.99999995	25.35152		3.13278     0.2    0.2		4.1705503158		-1.0
	49994.99999995	26.09367		-2.5554     0.2    0.2		4.1705503158		-1.0
