	45.00000000	4.93596		1.45254  0.2  0.2		0.0		-1.0
	90.00000000	4.78122		1.43213  0.2  0.2		0.0		-1.0
	135.00000000	4.93502		1.6231  0.2  0.2		0.0		-1.0
	180.00000000	4.93689		1.72393  0.2  0.2		0.0		-1.0
	225.00000000	4.94656		1.66026  0.2  0.2		0.0		-1.0
	270.00000000	4.7805		1.86733  0.2  0.2		0.0		-1.0
	315.00000000	4.97299		2.1868  0.2  0.2		0.0		-1.0
	360.00000000	4.78124		2.4912  0.2  0.2		0.0		-1.0
	405.00000000	5.05497		2.43539  0.2  0.2		15.8428452248		-1.0
	450.00000000	4.89843		2.93797  0.2  0.2		0.0		-1.0
	495.00000000	4.99807		3.13041  0.2  0.2		0.0		-1.0
	540.00000000	4.88268		-2.7732  0.2  0.2		0.0		-1.0
	585.00000000	4.88992		-2.66633  0.2  0.2		0.0		-1.0
	630.00000000	4.96782		-2.5699  0.2  0.2		0.0		-1.0
	675.00000000	4.90942		-2.40566  0.2  0.2		0.0		-1.0
	720.00000000	4.97909		-2.42838  0.2  0.2		0.0		-1.0
	765.00000000	5.01188		-2.42592  0.2  0.2		0.7344365335999999		-1.0
	810.00000000	4.98709		-2.42209  0.2  0.2		0.0		-1.0
	855.00000000	4.94557		-2.12655  0.2  0.2		0.0		-1.0
	900.00000000	4.94734		-2.2025  0.2  0.2		0.0		-1.0
	945.00000000	4.94467		-1.58268  0.2  0.2		0.0		-1.0
	990.00000000	4.93589		-1.55856  0.2  0.2		0.0		-1.0
	1035.00000000	4.89891		-1.18609  0.2  0.2		0.0		-1.0
	1080.00000000	4.90561		-1.27635  0.2  0.2		0.0		-1.0
	1125.00000000	4.91757		-1.05761  0.2  0.2		0.0		-1.0
	1170.00000000	4.96714		-1.35821  0.2  0.2		0.0		-1.0
	1215.00000000	4.90556		-1.20715  0.2  0.2		0.0		-1.0
	1260.00000000	4.97871		-1.35349  0.2  0.2		0.0		-1.0
	1305.00000000	4.75464		-1.06287  0.2  0.2		0.0		-1.0
	1350.00000000	4.97765		-0.98781  0.2  0.2		0.0		-1.0
	1395.00000000	4.97711		-0.61694  0.2  0.2		0.0		-1.0
	1440.00000000	5.01009		-0.536  0.2  0.2		0.524597524		-1.0
	1485.00000000	5.0038		-0.42379  0.2  0.2		0.07868962859999999		-1.0
	1530.00000000	5.00398		-0.38851  0.2  0.2		0.07868962859999999		-1.0
	1575.00000000	4.97549		-0.25264  0.2  0.2		0.0		-1.0
	1620.00000000	5.01517		-0.08832  0.2  0.2		1.2065743052		-1.0
	1665.00000000	4.80335		-0.07945  0.2  0.2		0.0		-1.0
	1710.00000000	4.88821		0.1153  0.2  0.2		0.0		-1.0
	1755.00000000	4.95172		0.22807  0.2  0.2		0.0		-1.0
	1800.00000000	4.87369		0.38999  0.2  0.2		0.0		-1.0
	1845.00000000	4.78116		0.55958  0.2  0.2		0.0		-1.0
	1890.00000000	4.89971		0.61163  0.2  0.2		0.0		-1.0
	1935.00000000	4.83084		0.75492  0.2  0.2		0.0		-1.0
	1980.00000000	4.95472		1.13417  0.2  0.2		0.0		-1.0
	2025.00000000	5.01493		0.99745  0.2  0.2		1.1803444289999998		-1.0
	2070.00000000	4.97972		1.09253  0.2  0.2		0.0		-1.0
	2115.00000000	4.93118		1.47604  0.2  0.2		0.0		-1.0
	2160.00000000	5.007		1.76085  0.2  0.2		0.262298762		-1.0
	2205.00000000	4.92216		1.85593  0.2  0.2		0.0		-1.0
	2250.00000000	4.99872		1.77024  0.2  0.2		0.0		-1.0
	2295.00000000	4.93754		2.1796  0.2  0.2		0.0		-1.0
	2340.00000000	4.99094		2.25987  0.2  0.2		0.0		-1.0
	2385.00000000	4.92617		2.5594  0.2  0.2		0.0		-1.0
	2430.00000000	4.91781		2.53031  0.2  0.2		0.0		-1.0
	2475.00000000	4.94122		2.93002  0.2  0.2		0.0		-1.0
	2520.00000000	4.97742		2.9781  0.2  0.2		0.0		-1.0
	2565.00000000	4.94876		-2.94798  0.2  0.2		0.0		-1.0
	2610.00000000	4.94824		-2.85704  0.2  0.2		0.0		-1.0
	2655.00000000	4.99167		-2.55435  0.2  0.2		0.0		-1.0
	2700.00000000	4.99274		-2.54139  0.2  0.2		0.0		-1.0
	2745.00000000	5.00546		-2.231  0.2  0.2		0.15737925719999998		-1.0
	2790.00000000	4.89308		-2.06258  0.2  0.2		0.0		-1.0
	2835.00000000	4.96948		-1.91023  0.2  0.2		0.0		-1.0
	2880.00000000	4.90729		-1.62424  0.2  0.2		0.0		-1.0
	2925.00000000	4.90766		-1.51683  0.2  0.2		0.0		-1.0
	2970.00000000	4.8641		-1.32955  0.2  0.2		0.0		-1.0
	3015.00000000	4.96142		-1.30894  0.2  0.2		0.0		-1.0
	3060.00000000	4.98742		-1.16283  0.2  0.2		0.0		-1.0
	3105.00000000	5.01401		-1.04009  0.2  0.2		1.0229651718		-1.0
	3150.00000000	4.96695		-0.94403  0.2  0.2		0.0		-1.0
	3195.00000000	4.95417		-0.7885  0.2  0.2		0.0		-1.0
	3240.00000000	4.9734		-0.82552  0.2  0.2		0.0		-1.0
	3285.00000000	4.94288		-0.83019  0.2  0.2		0.0		-1.0
	3330.00000000	4.81482		-0.83362  0.2  0.2		0.0		-1.0
	3375.00000000	4.90904		-0.7181  0.2  0.2		0.0		-1.0
	3420.00000000	4.98998		-0.82298  0.2  0.2		0.0		-1.0
	3465.00000000	4.94865		-0.46269  0.2  0.2		0.0		-1.0
	3510.00000000	4.83841		-0.64352  0.2  0.2		0.0		-1.0
	3555.00000000	4.97027		-0.4029  0.2  0.2		0.0		-1.0
	3600.00000000	5.0044		-0.56332  0.2  0.2		0.10491950480000001		-1.0
	3645.00000000	4.95478		-0.35443  0.2  0.2		0.0		-1.0
	3690.00000000	4.9454		-0.42513  0.2  0.2		0.0		-1.0
	3735.00000000	4.97268		-0.12357  0.2  0.2		0.0		-1.0
	3780.00000000	4.97843		-0.02133  0.2  0.2		0.0		-1.0
	3825.00000000	4.98202		0.09328  0.2  0.2		0.0		-1.0
	3870.00000000	4.97278		0.25708  0.2  0.2		0.0		-1.0
	3915.00000000	5.00419		0.40855  0.2  0.2		0.10491950480000001		-1.0
	3960.00000000	5.01503		0.48285  0.2  0.2		1.1803444289999998		-1.0
	4005.00000000	4.82093		0.71866  0.2  0.2		0.0		-1.0
	4050.00000000	4.98531		0.74416  0.2  0.2		0.0		-1.0
	4095.00000000	4.71265		0.79984  0.2  0.2		0.0		-1.0
	4140.00000000	4.99459		0.84756  0.2  0.2		0.0		-1.0
	4185.00000000	4.88159		1.09276  0.2  0.2		0.0		-1.0
	4230.00000000	4.85808		1.44977  0.2  0.2		0.0		-1.0
	4275.00000000	5.01689		1.1796  0.2  0.2		1.4951029433999998		-1.0
	4320.00000000	4.87267		1.50993  0.2  0.2		0.0		-1.0
	4365.00000000	4.97084		1.39247  0.2  0.2		0.0		-1.0
	4410.00000000	4.45227		1.55462  0.2  0.2		0.0		-1.0
	4455.00000000	4.64822		1.7958  0.2  0.2		0.0		-1.0
	4500.00000000	4.83533		1.79984  0.2  0.2		0.0		-1.0
	4545.00000000	4.83857		2.21527  0.2  0.2		0.0		-1.0
	4590.00000000	4.61094		2.1692  0.2  0.2		0.0		-1.0
	4635.00000000	4.84694		2.35546  0.2  0.2		0.0		-1.0
	4680.00000000	5.00266		2.45025  0.2  0.2		0.026229876200000002		-1.0
	4725.00000000	5.02579		2.71196  0.2  0.2		3.4885735346		-1.0
	4770.00000000	5.009		2.7262  0.2  0.2		0.41967801920000003		-1.0
	4815.00000000	4.98892		3.03002  0.2  0.2		0.0		-1.0
	4860.00000000	4.84835		2.87471  0.2  0.2		0.0		-1.0
	4905.00000000	5.00865		-3.11001  0.2  0.2		0.393448143		-1.0
	4950.00000000	4.99872		3.0356  0.2  0.2		0.0		-1.0
	4995.00000000	4.90566		-2.96212  0.2  0.2		0.0		-1.0
	5040.00000000	4.9512		-2.82088  0.2  0.2		0.0		-1.0
	5085.00000000	5.00223		-2.69828  0.2  0.2		0.026229876200000002		-1.0
	5130.00000000	4.87441		-2.38236  0.2  0.2		0.0		-1.0
	5175.00000000	4.94297		-2.26901  0.2  0.2		0.0		-1.0
	5220.00000000	4.94135		-2.09045  0.2  0.2		0.0		-1.0
	5265.00000000	4.98175		-2.12887  0.2  0.2		0.0		-1.0
	5310.00000000	4.94775		-1.71822  0.2  0.2		0.0		-1.0
	5355.00000000	4.98529		-1.65309  0.2  0.2		0.0		-1.0
	5400.00000000	4.97769		-1.26595  0.2  0.2		0.0		-1.0
	5445.00000000	4.96456		-1.08138  0.2  0.2		0.0		-1.0
	5490.00000000	4.94521		-0.86011  0.2  0.2		0.0		-1.0
	5535.00000000	4.91351		-0.87978  0.2  0.2		0.0		-1.0
	5580.00000000	4.85448		-0.58056  0.2  0.2		0.0		-1.0
	5625.00000000	4.9273		-0.53914  0.2  0.2		0.0		-1.0
	5670.00000000	4.98071		-0.16226  0.2  0.2		0.0		-1.0
	5715.00000000	4.74967		-0.13804  0.2  0.2		0.0		-1.0
	5760.00000000	4.99707		0.17314  0.2  0.2		0.0		-1.0
	5805.00000000	4.97409		0.18764  0.2  0.2		0.0		-1.0
	5850.00000000	4.93195		0.58238  0.2  0.2		0.0		-1.0
	5895.00000000	4.89272		0.61436  0.2  0.2		0.0		-1.0
	5940.00000000	5.01501		0.76975  0.2  0.2		1.1803444289999998		-1.0
	5985.00000000	4.93826		0.78186  0.2  0.2		0.0		-1.0
	6030.00000000	4.88292		0.94973  0.2  0.2		0.0		-1.0
	6075.00000000	4.82153		1.16352  0.2  0.2		0.0		-1.0
	6120.00000000	4.95765		1.32191  0.2  0.2		0.0		-1.0
	6165.00000000	4.90138		1.36864  0.2  0.2		0.0		-1.0
	6210.00000000	4.91256		1.5242  0.2  0.2		0.0		-1.0
	6255.00000000	4.97315		1.78194  0.2  0.2		0.0		-1.0
	6300.00000000	4.80557		2.03258  0.2  0.2		0.0		-1.0
	6345.00000000	4.95133		2.16673  0.2  0.2		0.0		-1.0
	6390.00000000	5.02077		2.18467  0.2  0.2		2.2557693532		-1.0
	6435.00000000	5.04094		2.46741  0.2  0.2		8.787008527		-1.0
	6480.00000000	4.82019		2.73158  0.2  0.2		0.0		-1.0
	6525.00000000	4.9507		2.69203  0.2  0.2		0.0		-1.0
	6570.00000000	4.88242		-3.1333  0.2  0.2		0.0		-1.0
	6615.00000000	4.9225		3.13084  0.2  0.2		0.0		-1.0
	6660.00000000	5.00279		-3.13822  0.2  0.2		0.052459752400000004		-1.0
	6705.00000000	5.02133		3.10471  0.2  0.2		2.3869187342		-1.0
	6750.00000000	4.70122		-2.86962  0.2  0.2		0.0		-1.0
	6795.00000000	5.00016		-2.85352  0.2  0.2		0.0		-1.0
	6840.00000000	4.96288		-2.53948  0.2  0.2		0.0		-1.0
	6885.00000000	5.01214		-2.56839  0.2  0.2		0.7606664098		-1.0
	6930.00000000	4.95557		-2.32622  0.2  0.2		0.0		-1.0
	6975.00000000	4.93008		-2.2398  0.2  0.2		0.0		-1.0
	7020.00000000	4.6603		-1.99147  0.2  0.2		0.0		-1.0
	7065.00000000	4.90513		-2.0451  0.2  0.2		0.0		-1.0
	7110.00000000	4.96167		-1.80535  0.2  0.2		0.0		-1.0
	7155.00000000	5.01198		-1.80074  0.2  0.2		0.7606664098		-1.0
	7200.00000000	4.93532		-1.80221  0.2  0.2		0.0		-1.0
	7245.00000000	4.97087		-1.75034  0.2  0.2		0.0		-1.0
	7290.00000000	4.92916		-1.85768  0.2  0.2		0.0		-1.0
	7335.00000000	4.8213		-1.88093  0.2  0.2		0.0		-1.0
	7380.00000000	4.92105		-1.95121  0.2  0.2		0.0		-1.0
	7425.00000000	4.98895		-2.06793  0.2  0.2		0.0		-1.0
	7470.00000000	5.00048		-2.36606  0.2  0.2		0.0		-1.0
	7515.00000000	5.01661		-2.23296  0.2  0.2		1.442643191		-1.0
	7560.00000000	5.00634		-2.41592  0.2  0.2		0.20983900960000001		-1.0
	7605.00000000	4.96477		-2.40551  0.2  0.2		0.0		-1.0
	7650.00000000	4.95423		-2.56067  0.2  0.2		0.0		-1.0
	7695.00000000	4.99078		-2.46478  0.2  0.2		0.0		-1.0
	7740.00000000	5.03577		-2.52476  0.2  0.2		6.7148483072000005		-1.0
	7785.00000000	5.00877		-2.36783  0.2  0.2		0.393448143		-1.0
	7830.00000000	4.87863		-2.3376  0.2  0.2		0.0		-1.0
	7875.00000000	4.88763		-2.50011  0.2  0.2		0.0		-1.0
	7920.00000000	5.01407		-2.4865  0.2  0.2		1.049195048		-1.0
	7965.00000000	5.02257		-2.85885  0.2  0.2		2.6754473724		-1.0
	8010.00000000	4.99275		-2.68017  0.2  0.2		0.0		-1.0
	8055.00000000	4.7794		-2.81739  0.2  0.2		0.0		-1.0
	8100.00000000	4.82043		-2.52969  0.2  0.2		0.0		-1.0
	8145.00000000	4.81484		-2.50385  0.2  0.2		0.0		-1.0
	8190.00000000	4.95502		-2.34938  0.2  0.2		0.0		-1.0
	8235.00000000	4.85074		-2.38165  0.2  0.2		0.0		-1.0
	8280.00000000	5.00263		-2.23137  0.2  0.2		0.026229876200000002		-1.0
	8325.00000000	4.94184		-2.18923  0.2  0.2		0.0		-1.0
	8370.00000000	5.03284		-2.10093  0.2  0.2		5.6656532592		-1.0
	8415.00000000	5.0249		-2.09  0.2  0.2		3.2525046488		-1.0
	8460.00000000	4.86908		-2.06668  0.2  0.2		0.0		-1.0
	8505.00000000	4.99329		-2.0421  0.2  0.2		0.0		-1.0
	8550.00000000	5.00424		-2.13123  0.2  0.2		0.10491950480000001		-1.0
	8595.00000000	4.86058		-1.98982  0.2  0.2		0.0		-1.0
	8640.00000000	4.86712		-2.08589  0.2  0.2		0.0		-1.0
	8685.00000000	4.86076		-2.00315  0.2  0.2		0.0		-1.0
	8730.00000000	4.95062		-2.15601  0.2  0.2		0.0		-1.0
	8775.00000000	4.9718		-2.15401  0.2  0.2		0.0		-1.0
	8820.00000000	4.90213		-2.16246  0.2  0.2		0.0		-1.0
	8865.00000000	4.96778		-1.98434  0.2  0.2		0.0		-1.0
	8910.00000000	5.00138		-1.87961  0.2  0.2		0.0		-1.0
	8955.00000000	5.02472		-1.74873  0.2  0.2		3.2000448963999997		-1.0
	9000.00000000	4.94066		-1.9383  0.2  0.2		0.0		-1.0
	9045.00000000	4.8786		-1.94336  0.2  0.2		0.0		-1.0
	9090.00000000	4.92109		-2.35267  0.2  0.2		0.0		-1.0
	9135.00000000	4.84033		-2.46969  0.2  0.2		0.0		-1.0
	9180.00000000	5.03399		-2.49952  0.2  0.2		6.0591014022		-1.0
	9225.00000000	4.91241		-2.58957  0.2  0.2		0.0		-1.0
	9270.00000000	4.8834		-2.44586  0.2  0.2		0.0		-1.0
	9315.00000000	4.7732		-2.46869  0.2  0.2		0.0		-1.0
	9360.00000000	4.78159		-2.297  0.2  0.2		0.0		-1.0
	9405.00000000	4.83531		-2.36678  0.2  0.2		0.0		-1.0
	9450.00000000	5.03268		-2.34427  0.2  0.2		5.6131935068		-1.0
	9495.00000000	4.92355		-2.41213  0.2  0.2		0.0		-1.0
	9540.00000000	4.91274		-2.51218  0.2  0.2		0.0		-1.0
	9585.00000000	4.9747		-2.53458  0.2  0.2		0.0		-1.0
	9630.00000000	4.92418		-2.54571  0.2  0.2		0.0		-1.0
	9675.00000000	4.98748		-2.47974  0.2  0.2		0.0		-1.0
	9720.00000000	5.02051		-2.48543  0.2  0.2		2.2033096008		-1.0
	9765.00000000	5.01617		-2.32501  0.2  0.2		1.3639535623999999		-1.0
	9810.00000000	4.99643		-2.24962  0.2  0.2		0.0		-1.0
	9855.00000000	4.99665		-2.3049  0.2  0.2		0.0		-1.0
	9900.00000000	4.92329		-2.38054  0.2  0.2		0.0		-1.0
	9945.00000000	4.90133		-2.33905  0.2  0.2		0.0		-1.0
	9990.00000000	4.98596		-2.17098  0.2  0.2		0.0		-1.0
	10035.00000000	5.00577		-2.11467  0.2  0.2		0.18360913339999999		-1.0
	10080.00000000	5.01476		-1.96097  0.2  0.2		1.1541145528		-1.0
	10125.00000000	4.96614		-1.69614  0.2  0.2		0.0		-1.0
	10170.00000000	4.96335		-1.90757  0.2  0.2		0.0		-1.0
	10215.00000000	4.99541		-1.78661  0.2  0.2		0.0		-1.0
	10260.00000000	4.99612		-2.1269  0.2  0.2		0.0		-1.0
	10305.00000000	4.81707		-2.39021  0.2  0.2		0.0		-1.0
	10350.00000000	5.01623		-2.37461  0.2  0.2		1.3901834385999998		-1.0
	10395.00000000	4.93471		-2.19366  0.2  0.2		0.0		-1.0
	10440.00000000	4.98721		-2.09688  0.2  0.2		0.0		-1.0
	10485.00000000	4.968		-1.81563  0.2  0.2		0.0		-1.0
	10530.00000000	4.99305		-1.87672  0.2  0.2		0.0		-1.0
	10575.00000000	4.98861		-2.02586  0.2  0.2		0.0		-1.0
	10620.00000000	4.99343		-2.22071  0.2  0.2		0.0		-1.0
	10665.00000000	4.93434		-2.52591  0.2  0.2		0.0		-1.0
	10710.00000000	4.95859		-2.87652  0.2  0.2		0.0		-1.0
	10755.00000000	4.90762		3.07468  0.2  0.2		0.0		-1.0
	10800.00000000	4.94506		3.02506  0.2  0.2		0.0		-1.0
	10845.00000001	4.98056		2.87872  0.2  0.2		0.0		-1.0
	10890.00000001	4.99195		2.87052  0.2  0.2		0.0		-1.0
	10935.00000001	4.95905		2.5045  0.2  0.2		0.0		-1.0
	10980.00000001	4.951		2.21211  0.2  0.2		0.0		-1.0
	11025.00000001	5.0128		2.26924  0.2  0.2		0.8655859146		-1.0
	11070.00000001	4.98697		2.05251  0.2  0.2		0.0		-1.0
	11115.00000001	5.01901		2.0307  0.2  0.2		1.8885510864000001		-1.0
	11160.00000001	4.99053		1.84123  0.2  0.2		0.0		-1.0
	11205.00000001	4.97767		1.63017  0.2  0.2		0.0		-1.0
	11250.00000001	4.99418		1.20738  0.2  0.2		0.0		-1.0
	11295.00000001	4.96286		1.1123  0.2  0.2		0.0		-1.0
	11340.00000001	4.95552		0.78523  0.2  0.2		0.0		-1.0
	11385.00000001	4.96572		0.88103  0.2  0.2		0.0		-1.0
	11430.00000001	4.96136		0.57152  0.2  0.2		0.0		-1.0
	11475.00000001	4.95688		0.6199  0.2  0.2		0.0		-1.0
	11520.00000001	4.99949		0.37706  0.2  0.2		0.0		-1.0
	11565.00000001	5.01039		0.27432  0.2  0.2		0.5770572764		-1.0
	11610.00000001	4.95487		-0.20963  0.2  0.2		0.0		-1.0
	11655.00000001	4.91835		-0.02512  0.2  0.2		0.0		-1.0
	11700.00000001	4.99434		-0.59418  0.2  0.2		0.0		-1.0
	11745.00000001	4.99903		-0.70345  0.2  0.2		0.0		-1.0
	11790.00000001	4.99184		-0.72361  0.2  0.2		0.0		-1.0
	11835.00000001	4.96624		-0.69289  0.2  0.2		0.0		-1.0
	11880.00000001	4.88978		-0.86092  0.2  0.2		0.0		-1.0
	11925.00000001	4.91966		-1.19733  0.2  0.2		0.0		-1.0
	11970.00000001	4.96631		-1.74594  0.2  0.2		0.0		-1.0
	12015.00000001	4.99783		-2.13997  0.2  0.2		0.0		-1.0
	12060.00000001	5.00803		-2.44374  0.2  0.2		0.34098839059999997		-1.0
	12105.00000001	4.87497		-2.41733  0.2  0.2		0.0		-1.0
	12150.00000001	4.91783		-2.33796  0.2  0.2		0.0		-1.0
	12195.00000001	4.92137		-2.38458  0.2  0.2		0.0		-1.0
	12240.00000001	4.86965		-2.35672  0.2  0.2		0.0		-1.0
	12285.00000001	4.99472		-2.50023  0.2  0.2		0.0		-1.0
	12330.00000001	4.88677		-2.63644  0.2  0.2		0.0		-1.0
	12375.00000001	4.96619		-2.55512  0.2  0.2		0.0		-1.0
	12420.00000001	5.00916		-2.73513  0.2  0.2		0.44590789540000003		-1.0
	12465.00000001	5.00457		-2.84437  0.2  0.2		0.10491950480000001		-1.0
	12510.00000001	5.01207		-3.01491  0.2  0.2		0.7606664098		-1.0
	12555.00000001	4.93214		3.07471  0.2  0.2		0.0		-1.0
	12600.00000001	4.84457		2.65344  0.2  0.2		0.0		-1.0
	12645.00000001	4.92932		2.79409  0.2  0.2		0.0		-1.0
	12690.00000001	4.83549		2.53647  0.2  0.2		0.0		-1.0
	12735.00000001	4.96171		2.70768  0.2  0.2		0.0		-1.0
	12780.00000001	4.99148		2.33353  0.2  0.2		0.0		-1.0
	12825.00000001	4.99579		2.31826  0.2  0.2		0.0		-1.0
	12870.00000001	4.96255		2.32036  0.2  0.2		0.0		-1.0
	12915.00000001	4.95794		2.17273  0.2  0.2		0.0		-1.0
	12960.00000001	4.96627		1.99205  0.2  0.2		0.0		-1.0
	13005.00000001	4.97611		2.16409  0.2  0.2		0.0		-1.0
	13050.00000001	4.92867		2.21234  0.2  0.2		0.0		-1.0
	13095.00000001	4.89215		2.26535  0.2  0.2		0.0		-1.0
	13140.00000001	5.00348		2.23068  0.2  0.2		0.052459752400000004		-1.0
	13185.00000001	4.93621		2.03447  0.2  0.2		0.0		-1.0
	13230.00000001	4.93931		2.07619  0.2  0.2		0.0		-1.0
	13275.00000001	4.94027		1.90147  0.2  0.2		0.0		-1.0
	13320.00000001	4.99736		1.89358  0.2  0.2		0.0		-1.0
	13365.00000001	5.00834		1.73533  0.2  0.2		0.36721826679999997		-1.0
	13410.00000001	4.92267		1.77197  0.2  0.2		0.0		-1.0
	13455.00000001	4.92599		1.81587  0.2  0.2		0.0		-1.0
	13500.00000001	5.00839		2.16867  0.2  0.2		0.36721826679999997		-1.0
	13545.00000001	5.00783		2.00112  0.2  0.2		0.31475851439999997		-1.0
	13590.00000001	4.97253		2.08724  0.2  0.2		0.0		-1.0
	13635.00000001	4.99505		1.98402  0.2  0.2		0.0		-1.0
	13680.00000001	4.77289		2.07514  0.2  0.2		0.0		-1.0
	13725.00000001	4.98912		2.22464  0.2  0.2		0.0		-1.0
	13770.00000001	4.91755		2.28793  0.2  0.2		0.0		-1.0
	13815.00000001	4.92602		2.60411  0.2  0.2		0.0		-1.0
	13860.00000001	4.97713		2.48558  0.2  0.2		0.0		-1.0
	13905.00000001	4.9394		2.81353  0.2  0.2		0.0		-1.0
	13950.00000001	4.81585		2.68726  0.2  0.2		0.0		-1.0
	13995.00000001	5.00264		2.90927  0.2  0.2		0.026229876200000002		-1.0
	14040.00000001	5.01811		2.76016  0.2  0.2		1.7311718292		-1.0
	14085.00000001	4.9965		2.73122  0.2  0.2		0.0		-1.0
	14130.00000001	4.97856		2.72174  0.2  0.2		0.0		-1.0
	14175.00000001	4.8371		2.72536  0.2  0.2		0.0		-1.0
	14220.00000001	4.86172		2.46445  0.2  0.2		0.0		-1.0
	14265.00000000	4.91228		2.47364  0.2  0.2		0.0		-1.0
	14310.00000000	4.96299		2.38121  0.2  0.2		0.0		-1.0
	14355.00000000	4.98186		2.40881  0.2  0.2		0.0		-1.0
	14400.00000000	4.99836		2.3031  0.2  0.2		0.0		-1.0
	14445.00000000	4.99707		2.23904  0.2  0.2		0.0		-1.0
	14490.00000000	4.90957		2.16802  0.2  0.2		0.0		-1.0
	14535.00000000	4.92426		2.10945  0.2  0.2		0.0		-1.0
	14580.00000000	4.94526		2.16739  0.2  0.2		0.0		-1.0
	14625.00000000	4.98606		1.9836  0.2  0.2		0.0		-1.0
	14670.00000000	4.96804		1.96691  0.2  0.2		0.0		-1.0
	14715.00000000	4.97508		1.69838  0.2  0.2		0.0		-1.0
	14760.00000000	4.88671		1.4051  0.2  0.2		0.0		-1.0
	14805.00000000	4.90908		1.37209  0.2  0.2		0.0		-1.0
	14850.00000000	4.90535		1.34533  0.2  0.2		0.0		-1.0
	14895.00000000	4.98135		1.22716  0.2  0.2		0.0		-1.0
	14940.00000000	4.95282		1.26486  0.2  0.2		0.0		-1.0
	14985.00000000	4.99518		1.34319  0.2  0.2		0.0		-1.0
	15030.00000000	4.94003		1.14  0.2  0.2		0.0		-1.0
	15075.00000000	4.98208		1.19523  0.2  0.2		0.0		-1.0
	15120.00000000	4.9449		1.04282  0.2  0.2		0.0		-1.0
	15165.00000000	4.98145		0.96212  0.2  0.2		0.0		-1.0
	15210.00000000	5.02307		0.68731  0.2  0.2		2.7803668771999996		-1.0
	15255.00000000	4.98415		0.67401  0.2  0.2		0.0		-1.0
	15300.00000000	4.89656		0.54701  0.2  0.2		0.0		-1.0
	15345.00000000	4.94026		0.85709  0.2  0.2		0.0		-1.0
	15390.00000000	4.96016		0.77665  0.2  0.2		0.0		-1.0
	15435.00000000	4.79969		0.98051  0.2  0.2		0.0		-1.0
	15480.00000000	4.73903		0.77908  0.2  0.2		0.0		-1.0
	15525.00000000	4.94556		0.81061  0.2  0.2		0.0		-1.0
	15570.00000000	4.85639		0.59354  0.2  0.2		0.0		-1.0
	15615.00000000	4.87604		0.56487  0.2  0.2		0.0		-1.0
	15660.00000000	4.93589		0.6174  0.2  0.2		0.0		-1.0
	15705.00000000	4.92566		0.60861  0.2  0.2		0.0		-1.0
	15750.00000000	4.90615		0.38034  0.2  0.2		0.0		-1.0
	15795.00000000	4.89542		0.61518  0.2  0.2		0.0		-1.0
	15840.00000000	4.68997		0.56373  0.2  0.2		0.0		-1.0
	15885.00000000	4.98564		0.8012  0.2  0.2		0.0		-1.0
	15930.00000000	4.83764		0.52108  0.2  0.2		0.0		-1.0
	15975.00000000	4.87235		0.75516  0.2  0.2		0.0		-1.0
	16020.00000000	4.88484		0.56304  0.2  0.2		0.0		-1.0
	16065.00000000	5.0295		0.74086  0.2  0.2		4.5639984587999995		-1.0
	16110.00000000	4.97577		0.57868  0.2  0.2		0.0		-1.0
	16155.00000000	4.87109		0.6376  0.2  0.2		0.0		-1.0
	16200.00000000	4.89728		0.82703  0.2  0.2		0.0		-1.0
	16245.00000000	5.0151		0.94129  0.2  0.2		1.2065743052		-1.0
	16290.00000000	4.97862		1.15675  0.2  0.2		0.0		-1.0
	16335.00000000	4.97368		1.32735  0.2  0.2		0.0		-1.0
	16380.00000000	5.02028		1.67486  0.2  0.2		2.1508498484		-1.0
	16425.00000000	5.00769		1.91914  0.2  0.2		0.31475851439999997		-1.0
	16470.00000000	5.01064		2.11404  0.2  0.2		0.6032871526		-1.0
	16515.00000000	5.01113		2.2998  0.2  0.2		0.655746905		-1.0
	16560.00000000	5.02031		2.49685  0.2  0.2		2.1770797246		-1.0
	16605.00000000	4.97897		2.61998  0.2  0.2		0.0		-1.0
	16650.00000000	4.95745		2.80329  0.2  0.2		0.0		-1.0
	16695.00000000	5.00339		2.94985  0.2  0.2		0.052459752400000004		-1.0
	16740.00000000	5.02288		2.99034  0.2  0.2		2.7541370009999997		-1.0
	16785.00000000	4.99053		3.00876  0.2  0.2		0.0		-1.0
	16830.00000000	5.00411		2.8941  0.2  0.2		0.07868962859999999		-1.0
	16875.00000000	4.95973		3.08879  0.2  0.2		0.0		-1.0
	16920.00000000	4.95339		3.08723  0.2  0.2		0.0		-1.0
	16965.00000000	4.97377		-2.77771  0.2  0.2		0.0		-1.0
	17010.00000000	4.99793		-2.70362  0.2  0.2		0.0		-1.0
	17055.00000000	5.03351		-2.29541  0.2  0.2		5.901722144999999		-1.0
	17100.00000000	4.78328		-2.15928  0.2  0.2		0.0		-1.0
	17145.00000000	4.91556		-1.7989  0.2  0.2		0.0		-1.0
	17190.00000000	4.81162		-1.9298  0.2  0.2		0.0		-1.0
	17235.00000000	5.01305		-1.56896  0.2  0.2		0.8918157908000001		-1.0
	17280.00000000	5.00135		-1.79328  0.2  0.2		0.0		-1.0
	17325.00000000	5.01006		-1.50841  0.2  0.2		0.524597524		-1.0
	17370.00000000	4.97384		-1.69177  0.2  0.2		0.0		-1.0
	17415.00000000	4.86489		-1.30733  0.2  0.2		0.0		-1.0
	17460.00000000	5.00822		-1.22947  0.2  0.2		0.36721826679999997		-1.0
	17505.00000000	4.99788		-0.85503  0.2  0.2		0.0		-1.0
	17550.00000000	4.99489		-0.94895  0.2  0.2		0.0		-1.0
	17595.00000000	4.92567		-0.77084  0.2  0.2		0.0		-1.0
	17640.00000000	4.99118		-0.81453  0.2  0.2		0.0		-1.0
	17685.00000000	4.94518		-0.79625  0.2  0.2		0.0		-1.0
	17730.00000000	4.96402		-0.88599  0.2  0.2		0.0		-1.0
	17775.00000000	5.02438		-0.87462  0.2  0.2		3.1213552678000003		-1.0
	17820.00000000	4.97986		-0.92645  0.2  0.2		0.0		-1.0
	17865.00000000	4.89425		-0.91333  0.2  0.2		0.0		-1.0
	17910.00000000	4.94595		-0.86556  0.2  0.2		0.0		-1.0
	17955.00000000	5.01663		-0.96253  0.2  0.2		1.442643191		-1.0
	18000.00000000	4.95356		-0.84783  0.2  0.2		0.0		-1.0
	18045.00000000	4.97455		-0.8524  0.2  0.2		0.0		-1.0
	18090.00000000	4.97246		-0.61241  0.2  0.2		0.0		-1.0
	18135.00000000	4.91366		-0.7731  0.2  0.2		0.0		-1.0
	18180.00000000	4.92784		-0.78771  0.2  0.2		0.0		-1.0
	18225.00000000	4.98147		-0.92338  0.2  0.2		0.0		-1.0
	18270.00000000	4.88916		-1.12608  0.2  0.2		0.0		-1.0
	18315.00000000	4.99346		-1.23236  0.2  0.2		0.0		-1.0
	18360.00000000	5.01381		-1.46706  0.2  0.2		0.9967352956		-1.0
	18405.00000000	4.9965		-1.31006  0.2  0.2		0.0		-1.0
	18450.00000000	4.98877		-1.20731  0.2  0.2		0.0		-1.0
	18495.00000000	4.9782		-0.96709  0.2  0.2		0.0		-1.0
	18540.00000000	4.9697		-1.03427  0.2  0.2		0.0		-1.0
	18585.00000000	4.91595		-0.98858  0.2  0.2		0.0		-1.0
	18630.00000000	4.98708		-1.32518  0.2  0.2		0.0		-1.0
	18675.00000000	4.97063		-1.37681  0.2  0.2		0.0		-1.0
	18720.00000000	5.01046		-1.697  0.2  0.2		0.5770572764		-1.0
	18765.00000000	4.9409		-1.82274  0.2  0.2		0.0		-1.0
	18810.00000000	4.93948		-2.13161  0.2  0.2		0.0		-1.0
	18855.00000000	4.88959		-2.262  0.2  0.2		0.0		-1.0
	18900.00000000	4.95972		-2.40446  0.2  0.2		0.0		-1.0
	18945.00000000	5.01056		-2.59583  0.2  0.2		0.5770572764		-1.0
	18990.00000000	4.97982		-2.71349  0.2  0.2		0.0		-1.0
	19035.00000000	4.99552		-2.69184  0.2  0.2		0.0		-1.0
	19080.00000000	4.98204		-2.88658  0.2  0.2		0.0		-1.0
	19125.00000000	4.98398		-2.96452  0.2  0.2		0.0		-1.0
	19170.00000000	4.98107		-3.08324  0.2  0.2		0.0		-1.0
	19215.00000000	5.01379		2.96666  0.2  0.2		0.9967352956		-1.0
	19260.00000000	4.98824		2.89223  0.2  0.2		0.0		-1.0
	19305.00000000	4.99194		2.62966  0.2  0.2		0.0		-1.0
	19350.00000000	4.96788		2.51471  0.2  0.2		0.0		-1.0
	19395.00000000	5.00525		2.10846  0.2  0.2		0.15737925719999998		-1.0
	19440.00000000	5.01969		2.29411  0.2  0.2		2.0459303436		-1.0
	19485.00000000	4.99147		1.94716  0.2  0.2		0.0		-1.0
	19530.00000000	4.98211		1.943  0.2  0.2		0.0		-1.0
	19575.00000000	4.92377		1.66699  0.2  0.2		0.0		-1.0
	19620.00000000	4.95846		1.863  0.2  0.2		0.0		-1.0
	19665.00000000	5.02399		1.59226  0.2  0.2		3.0164357629999996		-1.0
	19710.00000000	4.96128		1.5447  0.2  0.2		0.0		-1.0
	19755.00000000	4.85505		1.61812  0.2  0.2		0.0		-1.0
	19800.00000000	4.96007		1.81462  0.2  0.2		0.0		-1.0
	19845.00000000	5.01598		1.77411  0.2  0.2		1.3377236862		-1.0
	19890.00000000	4.97171		1.63841  0.2  0.2		0.0		-1.0
	19935.00000000	4.97095		1.69129  0.2  0.2		0.0		-1.0
	19980.00000000	4.91843		2.00358  0.2  0.2		0.0		-1.0
	20025.00000000	4.99582		2.22391  0.2  0.2		0.0		-1.0
	20070.00000000	4.92247		2.27966  0.2  0.2		0.0		-1.0
	20115.00000000	4.95922		2.13597  0.2  0.2		0.0		-1.0
	20160.00000000	5.01762		2.23349  0.2  0.2		1.6262523244		-1.0
	20205.00000000	4.98754		2.14525  0.2  0.2		0.0		-1.0
	20250.00000000	4.97925		2.65527  0.2  0.2		0.0		-1.0
	20295.00000000	5.00235		2.66255  0.2  0.2		0.026229876200000002		-1.0
	20340.00000000	4.99607		2.66757  0.2  0.2		0.0		-1.0
	20385.00000000	4.95468		2.71187  0.2  0.2		0.0		-1.0
	20430.00000000	4.92194		3.06627  0.2  0.2		0.0		-1.0
	20475.00000000	4.97502		-3.11183  0.2  0.2		0.0		-1.0
	20520.00000000	4.88672		-2.77708  0.2  0.2		0.0		-1.0
	20565.00000000	4.93385		-2.83566  0.2  0.2		0.0		-1.0
	20610.00000000	4.93422		-2.51814  0.2  0.2		0.0		-1.0
	20655.00000000	4.97439		-2.61835  0.2  0.2		0.0		-1.0
	20700.00000000	4.99653		-2.36812  0.2  0.2		0.0		-1.0
	20744.99999999	4.99789		-2.4343  0.2  0.2		0.0		-1.0
	20789.99999999	4.91809		-2.34355  0.2  0.2		0.0		-1.0
	20834.99999999	5.02075		-2.19882  0.2  0.2		2.2557693532		-1.0
	20879.99999999	4.95342		-2.1918  0.2  0.2		0.0		-1.0
	20924.99999999	4.90067		-2.12277  0.2  0.2		0.0		-1.0
	20969.99999999	4.9422		-2.04638  0.2  0.2		0.0		-1.0
	21014.99999999	4.90975		-1.98517  0.2  0.2		0.0		-1.0
	21059.99999999	4.86732		-1.81149  0.2  0.2		0.0		-1.0
	21104.99999999	4.77813		-1.8708  0.2  0.2		0.0		-1.0
	21149.99999999	4.95671		-1.88065  0.2  0.2		0.0		-1.0
	21194.99999999	4.84553		-1.98737  0.2  0.2		0.0		-1.0
	21239.99999999	4.94501		-1.87599  0.2  0.2		0.0		-1.0
	21284.99999999	4.98527		-1.69474  0.2  0.2		0.0		-1.0
	21329.99999999	5.02234		-1.65431  0.2  0.2		2.62298762		-1.0
	21374.99999999	4.99966		-1.92397  0.2  0.2		0.0		-1.0
	21419.99999999	4.96319		-1.85836  0.2  0.2		0.0		-1.0
	21464.99999999	5.00809		-2.13041  0.2  0.2		0.34098839059999997		-1.0
	21509.99999999	5.00402		-1.99147  0.2  0.2		0.07868962859999999		-1.0
	21554.99999999	5.00849		-2.28302  0.2  0.2		0.36721826679999997		-1.0
	21599.99999999	4.9084		-2.31272  0.2  0.2		0.0		-1.0
	21644.99999999	4.89741		-2.66766  0.2  0.2		0.0		-1.0
	21689.99999999	4.87961		-2.5308  0.2  0.2		0.0		-1.0
	21734.99999999	4.95639		-3.03871  0.2  0.2		0.0		-1.0
	21779.99999999	5.00079		-2.76279  0.2  0.2		0.0		-1.0
	21824.99999999	4.96022		-2.9944  0.2  0.2		0.0		-1.0
	21869.99999999	5.00147		-2.60708  0.2  0.2		0.0		-1.0
	21914.99999999	4.9625		-2.81119  0.2  0.2		0.0		-1.0
	21959.99999999	5.02746		-2.88118  0.2  0.2		3.9607113062		-1.0
	22004.99999999	4.98591		-3.08172  0.2  0.2		0.0		-1.0
	22049.99999999	4.83521		3.09608  0.2  0.2		0.0		-1.0
	22094.99999999	4.96796		2.93894  0.2  0.2		0.0		-1.0
	22139.99999999	5.02578		2.94335  0.2  0.2		3.4885735346		-1.0
	22184.99999999	5.02025		2.64328  0.2  0.2		2.1508498484		-1.0
	22229.99999999	4.98171		2.29496  0.2  0.2		0.0		-1.0
	22274.99999999	4.93999		2.00148  0.2  0.2		0.0		-1.0
	22319.99999999	4.93623		2.1291  0.2  0.2		0.0		-1.0
	22364.99999999	4.9682		2.13516  0.2  0.2		0.0		-1.0
	22409.99999999	4.98001		1.90819  0.2  0.2		0.0		-1.0
	22454.99999999	4.99371		1.69857  0.2  0.2		0.0		-1.0
	22499.99999999	4.97624		2.00258  0.2  0.2		0.0		-1.0
	22544.99999999	4.98926		1.70972  0.2  0.2		0.0		-1.0
	22589.99999999	5.00535		1.87997  0.2  0.2		0.15737925719999998		-1.0
	22634.99999999	5.01184		1.729  0.2  0.2		0.7344365335999999		-1.0
	22679.99999999	5.01491		1.79396  0.2  0.2		1.1541145528		-1.0
	22724.99999999	4.94028		1.32767  0.2  0.2		0.0		-1.0
	22769.99999999	4.98165		1.89982  0.2  0.2		0.0		-1.0
	22814.99999999	4.97711		1.65134  0.2  0.2		0.0		-1.0
	22859.99999999	4.86818		1.95706  0.2  0.2		0.0		-1.0
	22904.99999999	4.95599		1.6031  0.2  0.2		0.0		-1.0
	22949.99999999	4.9378		1.96954  0.2  0.2		0.0		-1.0
	22994.99999999	4.91298		1.76883  0.2  0.2		0.0		-1.0
	23039.99999999	4.99764		2.06896  0.2  0.2		0.0		-1.0
	23084.99999999	4.95113		1.87574  0.2  0.2		0.0		-1.0
	23129.99999999	4.89189		2.12231  0.2  0.2		0.0		-1.0
	23174.99999999	5.01601		2.18664  0.2  0.2		1.3377236862		-1.0
	23219.99999999	5.00163		2.49214  0.2  0.2		0.026229876200000002		-1.0
	23264.99999999	5.01973		2.51174  0.2  0.2		2.0459303436		-1.0
	23309.99999999	4.90584		2.70535  0.2  0.2		0.0		-1.0
	23354.99999999	4.99183		2.64552  0.2  0.2		0.0		-1.0
	23399.99999999	4.99101		2.35658  0.2  0.2		0.0		-1.0
	23444.99999999	5.01137		2.31244  0.2  0.2		0.6819767811999999		-1.0
	23489.99999999	4.93403		2.18026  0.2  0.2		0.0		-1.0
	23534.99999999	4.96568		2.50811  0.2  0.2		0.0		-1.0
	23579.99999999	4.95335		2.32954  0.2  0.2		0.0		-1.0
	23624.99999999	4.99289		2.25158  0.2  0.2		0.0		-1.0
	23669.99999999	4.99387		2.24049  0.2  0.2		0.0		-1.0
	23714.99999999	4.93114		2.25419  0.2  0.2		0.0		-1.0
	23759.99999999	5.02119		2.38986  0.2  0.2		2.3606888579999996		-1.0
	23804.99999999	4.83722		2.10991  0.2  0.2		0.0		-1.0
	23849.99999999	4.9184		2.1687  0.2  0.2		0.0		-1.0
	23894.99999999	4.89688		2.18978  0.2  0.2		0.0		-1.0
	23939.99999999	4.93137		2.324  0.2  0.2		0.0		-1.0
	23984.99999999	4.94217		2.27228  0.2  0.2		0.0		-1.0
	24029.99999999	4.987		2.28157  0.2  0.2		0.0		-1.0
	24074.99999999	4.93545		2.07446  0.2  0.2		0.0		-1.0
	24119.99999999	4.99523		2.17436  0.2  0.2		0.0		-1.0
	24164.99999999	5.00147		2.02887  0.2  0.2		0.0		-1.0
	24209.99999999	4.9827		2.04847  0.2  0.2		0.0		-1.0
	24254.99999999	4.99035		1.78611  0.2  0.2		0.0		-1.0
	24299.99999999	4.96081		2.0189  0.2  0.2		0.0		-1.0
	24344.99999999	4.92935		2.00386  0.2  0.2		0.0		-1.0
	24389.99999999	5.00487		2.01198  0.2  0.2		0.131149381		-1.0
	24434.99999999	4.91153		2.22998  0.2  0.2		0.0		-1.0
	24479.99999999	4.81862		2.0736  0.2  0.2		0.0		-1.0
	24524.99999999	4.9347		2.16369  0.2  0.2		0.0		-1.0
	24569.99999999	4.88437		1.89389  0.2  0.2		0.0		-1.0
	24614.99999999	5.01725		2.11535  0.2  0.2		1.573792572		-1.0
	24659.99999999	4.94711		2.23966  0.2  0.2		0.0		-1.0
	24704.99999999	4.81575		2.17529  0.2  0.2		0.0		-1.0
	24749.99999999	4.72451		2.12693  0.2  0.2		0.0		-1.0
	24794.99999999	4.80225		2.07673  0.2  0.2		0.0		-1.0
	24839.99999999	4.9455		2.35489  0.2  0.2		0.0		-1.0
	24884.99999999	4.97601		2.22881  0.2  0.2		0.0		-1.0
	24929.99999999	4.94281		2.49141  0.2  0.2		0.0		-1.0
	24974.99999999	5.01626		2.02975  0.2  0.2		1.3901834385999998		-1.0
	25019.99999999	4.94927		2.17598  0.2  0.2		0.0		-1.0
	25064.99999999	4.90669		1.96175  0.2  0.2		0.0		-1.0
	25109.99999999	5.00908		2.09437  0.2  0.2		0.41967801920000003		-1.0
	25154.99999999	4.97081		2.12386  0.2  0.2		0.0		-1.0
	25199.99999999	4.84211		2.25863  0.2  0.2		0.0		-1.0
	25244.99999999	4.95361		2.06417  0.2  0.2		0.0		-1.0
	25289.99999999	4.7996		2.13796  0.2  0.2		0.0		-1.0
	25334.99999999	4.65592		2.09913  0.2  0.2		0.0		-1.0
	25379.99999999	4.8754		1.8381  0.2  0.2		0.0		-1.0
	25424.99999999	5.01585		2.07555  0.2  0.2		1.31149381		-1.0
	25469.99999999	4.98834		2.00226  0.2  0.2		0.0		-1.0
	25514.99999999	4.99151		2.21483  0.2  0.2		0.0		-1.0
	25559.99999999	5.01524		2.02575  0.2  0.2		1.2065743052		-1.0
	25604.99999999	5.01171		2.08116  0.2  0.2		0.7082066574		-1.0
	25649.99999999	4.99452		1.76925  0.2  0.2		0.0		-1.0
	25694.99999999	4.93383		1.86747  0.2  0.2		0.0		-1.0
	25739.99999999	5.01134		1.81763  0.2  0.2		0.6819767811999999		-1.0
	25784.99999999	4.84355		1.55366  0.2  0.2		0.0		-1.0
	25829.99999999	4.78487		1.73126  0.2  0.2		0.0		-1.0
	25874.99999999	5.0478		1.54035  0.2  0.2		11.9870534234		-1.0
	25919.99999999	4.93114		1.87769  0.2  0.2		0.0		-1.0
	25964.99999999	4.97892		1.80598  0.2  0.2		0.0		-1.0
	26009.99999999	4.86769		2.06537  0.2  0.2		0.0		-1.0
	26054.99999999	4.8365		1.88101  0.2  0.2		0.0		-1.0
	26099.99999999	5.02883		1.74317  0.2  0.2		4.3541594492		-1.0
	26144.99999999	4.7533		1.73471  0.2  0.2		0.0		-1.0
	26189.99999999	4.78706		1.94254  0.2  0.2		0.0		-1.0
	26234.99999999	4.90789		2.07907  0.2  0.2		0.0		-1.0
	26279.99999999	4.92313		2.24111  0.2  0.2		0.0		-1.0
	26324.99999999	4.9947		2.27974  0.2  0.2		0.0		-1.0
	26369.99999999	4.96854		2.16315  0.2  0.2		0.0		-1.0
	26414.99999999	4.92578		2.6649  0.2  0.2		0.0		-1.0
	26459.99999999	4.97932		2.45858  0.2  0.2		0.0		-1.0
	26504.99999999	4.99915		2.55125  0.2  0.2		0.0		-1.0
	26549.99999999	4.87937		2.49159  0.2  0.2		0.0		-1.0
	26594.99999999	4.90243		2.56559  0.2  0.2		0.0		-1.0
	26639.99999999	4.916		2.67745  0.2  0.2		0.0		-1.0
	26684.99999999	4.97112		2.78287  0.2  0.2		0.0		-1.0
	26729.99999999	4.95932		2.81343  0.2  0.2		0.0		-1.0
	26774.99999999	5.0143		2.88975  0.2  0.2		1.0754249242		-1.0
	26819.99999999	4.84937		2.82395  0.2  0.2		0.0		-1.0
	26864.99999999	4.87568		2.79961  0.2  0.2		0.0		-1.0
	26909.99999999	4.8299		2.70139  0.2  0.2		0.0		-1.0
	26954.99999999	4.67207		2.76477  0.2  0.2		0.0		-1.0
	26999.99999999	4.91803		2.88454  0.2  0.2		0.0		-1.0
	27044.99999999	4.91497		2.63269  0.2  0.2		0.0		-1.0
	27089.99999999	4.92927		2.70274  0.2  0.2		0.0		-1.0
	27134.99999999	4.95901		2.65734  0.2  0.2		0.0		-1.0
	27179.99999999	4.99438		2.82717  0.2  0.2		0.0		-1.0
	27224.99999998	4.89405		2.57267  0.2  0.2		0.0		-1.0
	27269.99999998	4.96043		2.54828  0.2  0.2		0.0		-1.0
	27314.99999998	4.8992		2.44921  0.2  0.2		0.0		-1.0
	27359.99999998	4.93737		2.51755  0.2  0.2		0.0		-1.0
	27404.99999998	5.03186		2.57668  0.2  0.2		5.3246648686		-1.0
	27449.99999998	4.99892		2.36614  0.2  0.2		0.0		-1.0
	27494.99999998	4.9957		2.399  0.2  0.2		0.0		-1.0
	27539.99999998	4.99536		2.08677  0.2  0.2		0.0		-1.0
	27584.99999998	4.94989		2.12482  0.2  0.2		0.0		-1.0
	27629.99999998	4.95737		1.92655  0.2  0.2		0.0		-1.0
	27674.99999998	4.92636		1.91817  0.2  0.2		0.0		-1.0
	27719.99999998	4.86756		1.60903  0.2  0.2		0.0		-1.0
	27764.99999998	4.91305		1.79354  0.2  0.2		0.0		-1.0
	27809.99999998	4.99837		1.72891  0.2  0.2		0.0		-1.0
	27854.99999998	4.92843		2.01597  0.2  0.2		0.0		-1.0
	27899.99999998	4.89555		1.70302  0.2  0.2		0.0		-1.0
	27944.99999998	5.01298		1.59746  0.2  0.2		0.8918157908000001		-1.0
	27989.99999998	4.96265		1.43095  0.2  0.2		0.0		-1.0
	28034.99999998	5.01547		1.25717  0.2  0.2		1.2590340575999999		-1.0
	28079.99999998	4.9661		1.57207  0.2  0.2		0.0		-1.0
	28124.99999998	4.9913		1.3694  0.2  0.2		0.0		-1.0
	28169.99999998	4.9649		1.62189  0.2  0.2		0.0		-1.0
	28214.99999998	4.93879		1.60272  0.2  0.2		0.0		-1.0
	28259.99999998	4.93907		1.96305  0.2  0.2		0.0		-1.0
	28304.99999998	4.93554		2.03956  0.2  0.2		0.0		-1.0
	28349.99999998	4.7823		2.21425  0.2  0.2		0.0		-1.0
	28394.99999998	4.91173		1.7988  0.2  0.2		0.0		-1.0
	28439.99999998	4.75141		2.02303  0.2  0.2		0.0		-1.0
	28484.99999998	4.89884		1.89145  0.2  0.2		0.0		-1.0
	28529.99999998	4.96079		2.13163  0.2  0.2		0.0		-1.0
	28574.99999998	4.95872		1.93982  0.2  0.2		0.0		-1.0
	28619.99999998	4.907		1.84092  0.2  0.2		0.0		-1.0
	28664.99999998	4.91635		2.29263  0.2  0.2		0.0		-1.0
	28709.99999998	4.81532		2.29304  0.2  0.2		0.0		-1.0
	28754.99999998	5.00191		2.45433  0.2  0.2		0.026229876200000002		-1.0
	28799.99999998	5.01225		2.24464  0.2  0.2		0.786896286		-1.0
	28844.99999998	4.94669		2.41353  0.2  0.2		0.0		-1.0
	28889.99999998	4.90501		2.47506  0.2  0.2		0.0		-1.0
	28934.99999998	4.98546		2.72621  0.2  0.2		0.0		-1.0
	28979.99999998	4.9786		2.45114  0.2  0.2		0.0		-1.0
	29024.99999998	4.84083		2.49288  0.2  0.2		0.0		-1.0
	29069.99999998	4.84737		2.35166  0.2  0.2		0.0		-1.0
	29114.99999998	4.93768		2.22958  0.2  0.2		0.0		-1.0
	29159.99999998	4.93613		2.28396  0.2  0.2		0.0		-1.0
	29204.99999998	4.83848		2.10795  0.2  0.2		0.0		-1.0
	29249.99999998	4.61966		1.90774  0.2  0.2		0.0		-1.0
	29294.99999998	4.83589		1.81595  0.2  0.2		0.0		-1.0
	29339.99999998	4.82932		1.95158  0.2  0.2		0.0		-1.0
	29384.99999998	4.91129		2.04073  0.2  0.2		0.0		-1.0
	29429.99999998	4.97436		1.93133  0.2  0.2		0.0		-1.0
	29474.99999998	5.0079		1.80065  0.2  0.2		0.31475851439999997		-1.0
	29519.99999998	5.01486		1.83705  0.2  0.2		1.1541145528		-1.0
	29564.99999998	4.92975		1.74277  0.2  0.2		0.0		-1.0
	29609.99999998	4.8253		2.06175  0.2  0.2		0.0		-1.0
	29654.99999998	4.81731		2.07233  0.2  0.2		0.0		-1.0
	29699.99999998	4.77382		1.98371  0.2  0.2		0.0		-1.0
	29744.99999998	4.6861		2.09472  0.2  0.2		0.0		-1.0
	29789.99999998	4.64479		2.20776  0.2  0.2		0.0		-1.0
	29834.99999998	4.95023		2.3445  0.2  0.2		0.0		-1.0
	29879.99999998	4.92691		2.27099  0.2  0.2		0.0		-1.0
	29924.99999998	4.78423		2.37502  0.2  0.2		0.0		-1.0
	29969.99999998	4.90145		2.48363  0.2  0.2		0.0		-1.0
	30014.99999998	4.99578		2.59627  0.2  0.2		0.0		-1.0
	30059.99999998	4.99421		2.47836  0.2  0.2		0.0		-1.0
	30104.99999998	4.98776		2.78821  0.2  0.2		0.0		-1.0
	30149.99999998	5.00243		2.92051  0.2  0.2		0.026229876200000002		-1.0
	30194.99999998	4.96315		-3.11433  0.2  0.2		0.0		-1.0
	30239.99999998	4.99131		-2.93316  0.2  0.2		0.0		-1.0
	30284.99999998	4.96196		-2.61588  0.2  0.2		0.0		-1.0
	30329.99999998	4.89385		-2.54203  0.2  0.2		0.0		-1.0
	30374.99999998	4.99283		-2.4678  0.2  0.2		0.0		-1.0
	30419.99999998	4.93607		-2.39835  0.2  0.2		0.0		-1.0
	30464.99999998	4.81361		-2.49227  0.2  0.2		0.0		-1.0
	30509.99999998	4.95134		-2.44927  0.2  0.2		0.0		-1.0
	30554.99999998	4.8922		-2.51507  0.2  0.2		0.0		-1.0
	30599.99999998	4.95913		-2.48961  0.2  0.2		0.0		-1.0
	30644.99999998	5.02721		-2.41458  0.2  0.2		3.8820216775999996		-1.0
	30689.99999998	4.99015		-2.23166  0.2  0.2		0.0		-1.0
	30734.99999998	4.99389		-1.84946  0.2  0.2		0.0		-1.0
	30779.99999998	4.98257		-1.70739  0.2  0.2		0.0		-1.0
	30824.99999998	4.98826		-1.82469  0.2  0.2		0.0		-1.0
	30869.99999998	5.03839		-1.82601  0.2  0.2		7.737813479		-1.0
	30914.99999998	4.93554		-1.86288  0.2  0.2		0.0		-1.0
	30959.99999998	4.90027		-1.93746  0.2  0.2		0.0		-1.0
	31004.99999998	4.79503		-1.70186  0.2  0.2		0.0		-1.0
	31049.99999998	4.77998		-1.96672  0.2  0.2		0.0		-1.0
	31094.99999998	5.01215		-1.92854  0.2  0.2		0.786896286		-1.0
	31139.99999998	5.01621		-2.11781  0.2  0.2		1.3901834385999998		-1.0
	31184.99999998	4.98106		-2.04773  0.2  0.2		0.0		-1.0
	31229.99999998	4.94871		-2.29732  0.2  0.2		0.0		-1.0
	31274.99999998	4.8091		-2.31832  0.2  0.2		0.0		-1.0
	31319.99999998	4.91651		-2.58039  0.2  0.2		0.0		-1.0
	31364.99999998	4.86265		-2.783  0.2  0.2		0.0		-1.0
	31409.99999998	4.92641		-2.86093  0.2  0.2		0.0		-1.0
	31454.99999998	5.00758		-3.13252  0.2  0.2		0.2885286382		-1.0
	31499.99999998	5.00357		3.08451  0.2  0.2		0.07868962859999999		-1.0
	31544.99999998	4.97235		3.06424  0.2  0.2		0.0		-1.0
	31589.99999998	4.9643		3.03071  0.2  0.2		0.0		-1.0
	31634.99999998	5.00645		2.8258  0.2  0.2		0.20983900960000001		-1.0
	31679.99999998	4.78592		2.76279  0.2  0.2		0.0		-1.0
	31724.99999998	4.96011		2.41392  0.2  0.2		0.0		-1.0
	31769.99999998	5.01234		2.20917  0.2  0.2		0.786896286		-1.0
	31814.99999998	4.92279		2.07949  0.2  0.2		0.0		-1.0
	31859.99999998	4.92308		1.85801  0.2  0.2		0.0		-1.0
	31904.99999998	4.98705		1.75126  0.2  0.2		0.0		-1.0
	31949.99999998	4.9878		1.53979  0.2  0.2		0.0		-1.0
	31994.99999998	4.97827		1.53347  0.2  0.2		0.0		-1.0
	32039.99999998	4.99272		1.27501  0.2  0.2		0.0		-1.0
	32084.99999998	4.96265		1.52382  0.2  0.2		0.0		-1.0
	32129.99999998	4.98849		1.26979  0.2  0.2		0.0		-1.0
	32174.99999998	4.99492		1.28731  0.2  0.2		0.0		-1.0
	32219.99999998	4.9995		0.98756  0.2  0.2		0.0		-1.0
	32264.99999998	4.92216		1.24013  0.2  0.2		0.0		-1.0
	32309.99999998	4.87743		1.08444  0.2  0.2		0.0		-1.0
	32354.99999998	4.95573		1.20984  0.2  0.2		0.0		-1.0
	32399.99999998	4.88428		1.03203  0.2  0.2		0.0		-1.0
	32444.99999998	4.93034		1.29283  0.2  0.2		0.0		-1.0
	32489.99999998	4.99943		1.08993  0.2  0.2		0.0		-1.0
	32534.99999998	4.86356		1.26689  0.2  0.2		0.0		-1.0
	32579.99999998	4.81758		1.40207  0.2  0.2		0.0		-1.0
	32624.99999998	4.91332		1.47339  0.2  0.2		0.0		-1.0
	32669.99999998	4.97998		1.72816  0.2  0.2		0.0		-1.0
	32714.99999998	4.96833		1.6495  0.2  0.2		0.0		-1.0
	32759.99999998	5.01408		1.73601  0.2  0.2		1.049195048		-1.0
	32804.99999998	4.95234		1.97666  0.2  0.2		0.0		-1.0
	32849.99999998	4.95186		2.1097  0.2  0.2		0.0		-1.0
	32894.99999998	4.79171		2.30051  0.2  0.2		0.0		-1.0
	32939.99999998	4.84578		2.32564  0.2  0.2		0.0		-1.0
	32984.99999998	4.96765		2.61976  0.2  0.2		0.0		-1.0
	33029.99999998	4.89336		2.72834  0.2  0.2		0.0		-1.0
	33074.99999998	4.75634		3.00554  0.2  0.2		0.0		-1.0
	33119.99999998	4.92796		3.05854  0.2  0.2		0.0		-1.0
	33164.99999998	4.63518		-2.92253  0.2  0.2		0.0		-1.0
	33209.99999998	5.02217		-2.96483  0.2  0.2		2.5705278675999996		-1.0
	33254.99999998	4.74598		-2.51796  0.2  0.2		0.0		-1.0
	33299.99999998	4.92592		-2.61324  0.2  0.2		0.0		-1.0
	33344.99999998	4.98987		-2.26824  0.2  0.2		0.0		-1.0
	33389.99999998	4.91649		-2.28485  0.2  0.2		0.0		-1.0
	33434.99999998	4.96993		-2.0434  0.2  0.2		0.0		-1.0
	33479.99999998	4.98339		-2.16362  0.2  0.2		0.0		-1.0
	33524.99999998	4.79247		-1.96789  0.2  0.2		0.0		-1.0
	33569.99999998	4.87819		-2.10837  0.2  0.2		0.0		-1.0
	33614.99999998	4.82115		-1.97221  0.2  0.2		0.0		-1.0
	33659.99999998	4.81264		-2.11237  0.2  0.2		0.0		-1.0
	33704.99999998	4.9307		-2.04008  0.2  0.2		0.0		-1.0
	33749.99999997	4.99486		-2.10452  0.2  0.2		0.0		-1.0
	33794.99999997	4.96633		-2.08665  0.2  0.2		0.0		-1.0
	33839.99999997	4.99482		-2.16765  0.2  0.2		0.0		-1.0
	33884.99999997	4.90789		-2.17299  0.2  0.2		0.0		-1.0
	33929.99999997	4.86383		-2.24563  0.2  0.2		0.0		-1.0
	33974.99999997	4.98065		-2.44473  0.2  0.2		0.0		-1.0
	34019.99999997	4.98292		-2.63342  0.2  0.2		0.0		-1.0
	34064.99999997	4.96075		-2.52536  0.2  0.2		0.0		-1.0
	34109.99999997	4.94462		-2.74868  0.2  0.2		0.0		-1.0
	34154.99999997	4.97184		-2.65498  0.2  0.2		0.0		-1.0
	34199.99999997	4.77723		-2.88686  0.2  0.2		0.0		-1.0
	34244.99999997	4.88286		-2.71952  0.2  0.2		0.0		-1.0
	34289.99999997	4.97126		-3.06523  0.2  0.2		0.0		-1.0
	34334.99999997	5.00541		-2.63736  0.2  0.2		0.15737925719999998		-1.0
	34379.99999997	5.04468		-2.8794  0.2  0.2		10.465720603799998		-1.0
	34424.99999997	4.92457		-2.58611  0.2  0.2		0.0		-1.0
	34469.99999997	4.94492		-2.70892  0.2  0.2		0.0		-1.0
	34514.99999997	4.99226		-2.61411  0.2  0.2		0.0		-1.0
	34559.99999997	5.00105		-2.63159  0.2  0.2		0.0		-1.0
	34604.99999997	5.00181		-2.56375  0.2  0.2		0.026229876200000002		-1.0
	34649.99999997	5.0226		-2.63172  0.2  0.2		2.6754473724		-1.0
	34694.99999997	4.80706		-2.59284  0.2  0.2		0.0		-1.0
	34739.99999997	4.89077		-2.53148  0.2  0.2		0.0		-1.0
	34784.99999997	4.91854		-2.50934  0.2  0.2		0.0		-1.0
	34829.99999997	4.8896		-2.59216  0.2  0.2		0.0		-1.0
	34874.99999997	4.97981		-2.38847  0.2  0.2		0.0		-1.0
	34919.99999997	4.9861		-2.45951  0.2  0.2		0.0		-1.0
	34964.99999997	5.00308		-2.48105  0.2  0.2		0.052459752400000004		-1.0
	35009.99999997	4.95682		-2.42966  0.2  0.2		0.0		-1.0
	35054.99999997	4.99523		-2.42514  0.2  0.2		0.0		-1.0
	35099.99999997	4.9761		-2.27335  0.2  0.2		0.0		-1.0
	35144.99999997	4.99089		-1.98648  0.2  0.2		0.0		-1.0
	35189.99999997	4.97902		-1.956  0.2  0.2		0.0		-1.0
	35234.99999997	5.01936		-1.70227  0.2  0.2		1.967240715		-1.0
	35279.99999997	4.95222		-1.83137  0.2  0.2		0.0		-1.0
	35324.99999997	4.93215		-1.61725  0.2  0.2		0.0		-1.0
	35369.99999997	4.95953		-1.95563  0.2  0.2		0.0		-1.0
	35414.99999997	4.88954		-1.82566  0.2  0.2		0.0		-1.0
	35459.99999997	4.99694		-1.99495  0.2  0.2		0.0		-1.0
	35504.99999997	4.92018		-1.97183  0.2  0.2		0.0		-1.0
	35549.99999997	4.97631		-1.77396  0.2  0.2		0.0		-1.0
	35594.99999997	4.9731		-1.87003  0.2  0.2		0.0		-1.0
	35639.99999997	4.94127		-1.75819  0.2  0.2		0.0		-1.0
	35684.99999997	4.74724		-1.96138  0.2  0.2		0.0		-1.0
	35729.99999997	4.85524		-2.00291  0.2  0.2		0.0		-1.0
	35774.99999997	4.88279		-2.13439  0.2  0.2		0.0		-1.0
	35819.99999997	5.0149		-2.24171  0.2  0.2		1.1541145528		-1.0
	35864.99999997	4.59311		-2.55001  0.2  0.2		0.0		-1.0
	35909.99999997	4.73585		-2.3925  0.2  0.2		0.0		-1.0
	35954.99999997	4.61655		-2.52804  0.2  0.2		0.0		-1.0
	35999.99999997	4.99199		-2.44465  0.2  0.2		0.0		-1.0
	36044.99999997	4.98172		-2.58438  0.2  0.2		0.0		-1.0
	36089.99999997	4.98675		-2.62997  0.2  0.2		0.0		-1.0
	36134.99999997	4.98344		-2.53215  0.2  0.2		0.0		-1.0
	36179.99999997	5.00234		-2.53656  0.2  0.2		0.026229876200000002		-1.0
	36224.99999997	4.9628		-2.34506  0.2  0.2		0.0		-1.0
	36269.99999997	5.01584		-2.23588  0.2  0.2		1.31149381		-1.0
	36314.99999997	4.9507		-2.01683  0.2  0.2		0.0		-1.0
	36359.99999997	4.8624		-2.19609  0.2  0.2		0.0		-1.0
	36404.99999997	4.80588		-2.10701  0.2  0.2		0.0		-1.0
	36449.99999997	5.02687		-2.18632  0.2  0.2		3.7771021728000003		-1.0
	36494.99999997	4.94349		-2.09263  0.2  0.2		0.0		-1.0
	36539.99999997	4.90756		-2.22364  0.2  0.2		0.0		-1.0
	36584.99999997	4.8548		-2.23088  0.2  0.2		0.0		-1.0
	36629.99999997	4.94617		-2.3773  0.2  0.2		0.0		-1.0
	36674.99999997	4.95989		-2.28412  0.2  0.2		0.0		-1.0
	36719.99999997	4.96351		-1.97895  0.2  0.2		0.0		-1.0
	36764.99999997	4.9994		-1.95086  0.2  0.2		0.0		-1.0
	36809.99999997	4.99946		-1.85754  0.2  0.2		0.0		-1.0
	36854.99999997	4.98106		-2.1372  0.2  0.2		0.0		-1.0
	36899.99999997	4.95602		-1.89761  0.2  0.2		0.0		-1.0
	36944.99999997	4.98593		-2.15273  0.2  0.2		0.0		-1.0
	36989.99999997	5.01898		-1.69826  0.2  0.2		1.8885510864000001		-1.0
	37034.99999997	5.00692		-1.84445  0.2  0.2		0.262298762		-1.0
	37079.99999997	4.89148		-1.68275  0.2  0.2		0.0		-1.0
	37124.99999997	4.96548		-1.77283  0.2  0.2		0.0		-1.0
	37169.99999997	4.95801		-1.7713  0.2  0.2		0.0		-1.0
	37214.99999997	4.89551		-1.9915  0.2  0.2		0.0		-1.0
	37259.99999997	4.92735		-2.15578  0.2  0.2		0.0		-1.0
	37304.99999997	4.92463		-2.20494  0.2  0.2		0.0		-1.0
	37349.99999997	4.98622		-2.38175  0.2  0.2		0.0		-1.0
	37394.99999997	4.88138		-2.34858  0.2  0.2		0.0		-1.0
	37439.99999997	4.85385		-2.31789  0.2  0.2		0.0		-1.0
	37484.99999997	4.97497		-2.29021  0.2  0.2		0.0		-1.0
	37529.99999997	4.99276		-2.31169  0.2  0.2		0.0		-1.0
	37574.99999997	4.90686		-2.21126  0.2  0.2		0.0		-1.0
	37619.99999997	4.91031		-2.42638  0.2  0.2		0.0		-1.0
	37664.99999997	4.98855		-2.43991  0.2  0.2		0.0		-1.0
	37709.99999997	4.68936		-2.8432  0.2  0.2		0.0		-1.0
	37754.99999997	4.81448		-2.77249  0.2  0.2		0.0		-1.0
	37799.99999997	4.99724		-2.99001  0.2  0.2		0.0		-1.0
	37844.99999997	5.03176		-2.80684  0.2  0.2		5.2984349924		-1.0
	37889.99999997	4.94498		-2.85715  0.2  0.2		0.0		-1.0
	37934.99999997	4.94079		-2.87463  0.2  0.2		0.0		-1.0
	37979.99999997	4.9795		-2.83061  0.2  0.2		0.0		-1.0
	38024.99999997	4.96638		-2.83889  0.2  0.2		0.0		-1.0
	38069.99999997	4.96628		-2.78898  0.2  0.2		0.0		-1.0
	38114.99999997	5.00479		-2.7388  0.2  0.2		0.131149381		-1.0
	38159.99999997	4.98109		-2.66444  0.2  0.2		0.0		-1.0
	38204.99999997	4.83202		-2.63373  0.2  0.2		0.0		-1.0
	38249.99999997	4.88057		-2.57096  0.2  0.2		0.0		-1.0
	38294.99999997	4.96282		-2.7208  0.2  0.2		0.0		-1.0
	38339.99999997	4.95551		-2.6881  0.2  0.2		0.0		-1.0
	38384.99999997	5.02894		-2.84728  0.2  0.2		4.3803893253999995		-1.0
	38429.99999997	5.01125		-2.75782  0.2  0.2		0.655746905		-1.0
	38474.99999997	4.72895		-2.90056  0.2  0.2		0.0		-1.0
	38519.99999997	4.89447		-2.72834  0.2  0.2		0.0		-1.0
	38564.99999997	5.01859		-2.80197  0.2  0.2		1.8098614577999999		-1.0
	38609.99999997	4.97247		-2.38148  0.2  0.2		0.0		-1.0
	38654.99999997	4.86072		-2.39793  0.2  0.2		0.0		-1.0
	38699.99999997	5.02323		-2.15526  0.2  0.2		2.8328266296		-1.0
	38744.99999997	4.90373		-2.29031  0.2  0.2		0.0		-1.0
	38789.99999997	5.01187		-2.01871  0.2  0.2		0.7344365335999999		-1.0
	38834.99999997	4.91583		-2.2097  0.2  0.2		0.0		-1.0
	38879.99999997	4.96525		-1.99422  0.2  0.2		0.0		-1.0
	38924.99999997	4.98803		-2.13584  0.2  0.2		0.0		-1.0
	38969.99999997	4.98305		-2.08999  0.2  0.2		0.0		-1.0
	39014.99999997	4.73774		-2.0101  0.2  0.2		0.0		-1.0
	39059.99999997	4.90068		-2.092  0.2  0.2		0.0		-1.0
	39104.99999997	4.84885		-2.03813  0.2  0.2		0.0		-1.0
	39149.99999997	4.92018		-2.17181  0.2  0.2		0.0		-1.0
	39194.99999997	4.9085		-2.0357  0.2  0.2		0.0		-1.0
	39239.99999997	4.93268		-2.13079  0.2  0.2		0.0		-1.0
	39284.99999997	4.80952		-1.7932  0.2  0.2		0.0		-1.0
	39329.99999997	4.97267		-1.88781  0.2  0.2		0.0		-1.0
	39374.99999997	4.79207		-1.85509  0.2  0.2		0.0		-1.0
	39419.99999997	4.92636		-2.24001  0.2  0.2		0.0		-1.0
	39464.99999997	4.76997		-2.15542  0.2  0.2		0.0		-1.0
	39509.99999997	4.96143		-2.52959  0.2  0.2		0.0		-1.0
	39554.99999997	4.84708		-2.27537  0.2  0.2		0.0		-1.0
	39599.99999997	4.86352		-2.63001  0.2  0.2		0.0		-1.0
	39644.99999997	4.96433		-2.41228  0.2  0.2		0.0		-1.0
	39689.99999997	4.95313		-2.67815  0.2  0.2		0.0		-1.0
	39734.99999997	4.95898		-2.5691  0.2  0.2		0.0		-1.0
	39779.99999997	4.9914		-2.85286  0.2  0.2		0.0		-1.0
	39824.99999997	4.85133		-2.6994  0.2  0.2		0.0		-1.0
	39869.99999997	4.71133		-2.78011  0.2  0.2		0.0		-1.0
	39914.99999997	4.916		-2.51191  0.2  0.2		0.0		-1.0
	39959.99999997	4.93851		-2.61064  0.2  0.2		0.0		-1.0
	40004.99999997	4.92837		-2.48753  0.2  0.2		0.0		-1.0
	40049.99999997	4.73994		-2.68271  0.2  0.2		0.0		-1.0
	40094.99999997	4.95643		-2.79025  0.2  0.2		0.0		-1.0
	40139.99999997	4.98448		-2.83211  0.2  0.2		0.0		-1.0
	40184.99999997	4.96142		-2.90318  0.2  0.2		0.0		-1.0
	40229.99999996	4.80621		-2.84536  0.2  0.2		0.0		-1.0
	40274.99999996	4.90515		-2.9692  0.2  0.2		0.0		-1.0
	40319.99999996	4.94132		-2.77834  0.2  0.2		0.0		-1.0
	40364.99999996	4.72108		-2.81087  0.2  0.2		0.0		-1.0
	40409.99999996	4.94962		-2.65633  0.2  0.2		0.0		-1.0
	40454.99999996	5.01171		-2.66008  0.2  0.2		0.7082066574		-1.0
	40499.99999996	4.92333		-2.54109  0.2  0.2		0.0		-1.0
	40544.99999996	4.93041		-2.4929  0.2  0.2		0.0		-1.0
	40589.99999996	4.99772		-2.54019  0.2  0.2		0.0		-1.0
	40634.99999996	5.01011		-2.3041  0.2  0.2		0.524597524		-1.0
	40679.99999996	4.81878		-2.46286  0.2  0.2		0.0		-1.0
	40724.99999996	4.8897		-2.31596  0.2  0.2		0.0		-1.0
	40769.99999996	4.84851		-2.36446  0.2  0.2		0.0		-1.0
	40814.99999996	4.99028		-2.37428  0.2  0.2		0.0		-1.0
	40859.99999996	4.99896		-2.39756  0.2  0.2		0.0		-1.0
	40904.99999996	4.87195		-2.28683  0.2  0.2		0.0		-1.0
	40949.99999996	4.97053		-2.22701  0.2  0.2		0.0		-1.0
	40994.99999996	4.70772		-1.99387  0.2  0.2		0.0		-1.0
	41039.99999996	4.89708		-1.84356  0.2  0.2		0.0		-1.0
	41084.99999996	4.8645		-1.47266  0.2  0.2		0.0		-1.0
	41129.99999996	4.78939		-1.67418  0.2  0.2		0.0		-1.0
	41174.99999996	4.93586		-1.74189  0.2  0.2		0.0		-1.0
	41219.99999996	4.98429		-1.87571  0.2  0.2		0.0		-1.0
	41264.99999996	4.99529		-2.04756  0.2  0.2		0.0		-1.0
	41309.99999996	4.75642		-1.93919  0.2  0.2		0.0		-1.0
	41354.99999996	4.97582		-2.06436  0.2  0.2		0.0		-1.0
	41399.99999996	4.95898		-1.87859  0.2  0.2		0.0		-1.0
	41444.99999996	4.96483		-2.04368  0.2  0.2		0.0		-1.0
	41489.99999996	4.92612		-1.84116  0.2  0.2		0.0		-1.0
	41534.99999996	5.00706		-1.92671  0.2  0.2		0.262298762		-1.0
	41579.99999996	4.98643		-1.61734  0.2  0.2		0.0		-1.0
	41624.99999996	5.0154		-1.82881  0.2  0.2		1.2328041814		-1.0
	41669.99999996	4.8307		-1.61229  0.2  0.2		0.0		-1.0
	41714.99999996	5.02157		-1.81255  0.2  0.2		2.4393784866		-1.0
	41759.99999996	4.88673		-1.64089  0.2  0.2		0.0		-1.0
	41804.99999996	4.97816		-1.57068  0.2  0.2		0.0		-1.0
	41849.99999996	4.74297		-1.26922  0.2  0.2		0.0		-1.0
	41894.99999996	4.96627		-1.20253  0.2  0.2		0.0		-1.0
	41939.99999996	4.90501		-1.16483  0.2  0.2		0.0		-1.0
	41984.99999996	4.99487		-1.40833  0.2  0.2		0.0		-1.0
	42029.99999996	5.00805		-1.26509  0.2  0.2		0.34098839059999997		-1.0
	42074.99999996	4.97681		-1.5526  0.2  0.2		0.0		-1.0
	42119.99999996	4.98308		-1.5998  0.2  0.2		0.0		-1.0
	42164.99999996	4.96129		-1.85989  0.2  0.2		0.0		-1.0
	42209.99999996	4.75642		-1.79157  0.2  0.2		0.0		-1.0
	42254.99999996	4.9915		-1.87499  0.2  0.2		0.0		-1.0
	42299.99999996	4.75294		-1.85641  0.2  0.2		0.0		-1.0
	42344.99999996	4.86021		-2.21629  0.2  0.2		0.0		-1.0
	42389.99999996	4.82917		-2.42583  0.2  0.2		0.0		-1.0
	42434.99999996	4.94108		-2.72887  0.2  0.2		0.0		-1.0
	42479.99999996	5.01745		-2.88203  0.2  0.2		1.6000224481999998		-1.0
	42524.99999996	4.93947		2.96264  0.2  0.2		0.0		-1.0
	42569.99999996	4.84296		2.84384  0.2  0.2		0.0		-1.0
	42614.99999996	4.95568		2.58914  0.2  0.2		0.0		-1.0
	42659.99999996	4.9693		2.53743  0.2  0.2		0.0		-1.0
	42704.99999996	4.95615		2.13984  0.2  0.2		0.0		-1.0
	42749.99999996	4.98365		1.98577  0.2  0.2		0.0		-1.0
	42794.99999996	4.96105		1.82789  0.2  0.2		0.0		-1.0
	42839.99999996	5.00538		1.80182  0.2  0.2		0.15737925719999998		-1.0
	42884.99999996	4.96356		1.72229  0.2  0.2		0.0		-1.0
	42929.99999996	4.93058		1.63798  0.2  0.2		0.0		-1.0
	42974.99999996	4.92094		1.32107  0.2  0.2		0.0		-1.0
	43019.99999996	4.88262		1.07672  0.2  0.2		0.0		-1.0
	43064.99999996	5.01861		0.80726  0.2  0.2		1.8098614577999999		-1.0
	43109.99999996	5.02218		0.70149  0.2  0.2		2.5705278675999996		-1.0
	43154.99999996	4.80629		0.51842  0.2  0.2		0.0		-1.0
	43199.99999996	4.95185		0.3011  0.2  0.2		0.0		-1.0
	43244.99999996	4.94179		0.30504  0.2  0.2		0.0		-1.0
	43289.99999996	4.84591		0.28297  0.2  0.2		0.0		-1.0
	43334.99999996	4.80837		0.15956  0.2  0.2		0.0		-1.0
	43379.99999996	5.00621		0.13576  0.2  0.2		0.20983900960000001		-1.0
	43424.99999996	4.94448		0.02691  0.2  0.2		0.0		-1.0
	43469.99999996	4.92949		0.0181  0.2  0.2		0.0		-1.0
	43514.99999996	4.91199		0.0012  0.2  0.2		0.0		-1.0
	43559.99999996	4.94923		0.04894  0.2  0.2		0.0		-1.0
	43604.99999996	4.94494		0.17784  0.2  0.2		0.0		-1.0
	43649.99999996	5.03033		0.03348  0.2  0.2		4.8262972208		-1.0
	43694.99999996	5.01973		0.35328  0.2  0.2		2.0459303436		-1.0
	43739.99999996	4.92478		0.01633  0.2  0.2		0.0		-1.0
	43784.99999996	4.99404		0.46355  0.2  0.2		0.0		-1.0
	43829.99999996	4.9292		0.12098  0.2  0.2		0.0		-1.0
	43874.99999996	4.88998		0.37314  0.2  0.2		0.0		-1.0
	43919.99999996	4.89778		0.20573  0.2  0.2		0.0		-1.0
	43964.99999996	4.94042		0.28245  0.2  0.2		0.0		-1.0
	44009.99999996	5.00864		-0.00747  0.2  0.2		0.393448143		-1.0
	44054.99999996	4.83171		0.31281  0.2  0.2		0.0		-1.0
	44099.99999996	5.01963		0.21776  0.2  0.2		2.0197004674		-1.0
	44144.99999996	4.92091		0.23635  0.2  0.2		0.0		-1.0
	44189.99999996	5.02684		0.03212  0.2  0.2		3.7771021728000003		-1.0
	44234.99999996	4.99766		0.07827  0.2  0.2		0.0		-1.0
	44279.99999996	4.92802		-0.06863  0.2  0.2		0.0		-1.0
	44324.99999996	5.01293		0.12896  0.2  0.2		0.8655859146		-1.0
	44369.99999996	4.94585		-0.071  0.2  0.2		0.0		-1.0
	44414.99999996	5.00739		0.20979  0.2  0.2		0.2885286382		-1.0
	44459.99999996	4.8938		0.02667  0.2  0.2		0.0		-1.0
	44504.99999996	4.96182		0.09439  0.2  0.2		0.0		-1.0
	44549.99999996	4.93632		0.23122  0.2  0.2		0.0		-1.0
	44594.99999996	4.80991		0.14014  0.2  0.2		0.0		-1.0
	44639.99999996	4.97663		0.36393  0.2  0.2		0.0		-1.0
	44684.99999996	4.7065		0.5029  0.2  0.2		0.0		-1.0
	44729.99999996	5.02323		0.6822  0.2  0.2		2.8328266296		-1.0
	44774.99999996	5.00562		0.92493  0.2  0.2		0.15737925719999998		-1.0
	44819.99999996	5.03653		0.93136  0.2  0.2		7.003376945399999		-1.0
	44864.99999996	4.97351		1.20675  0.2  0.2		0.0		-1.0
	44909.99999996	5.01731		1.01248  0.2  0.2		1.573792572		-1.0
	44954.99999996	4.97074		1.25927  0.2  0.2		0.0		-1.0
	44999.99999996	4.98001		1.28207  0.2  0.2		0.0		-1.0
	45044.99999996	4.99364		1.65551  0.2  0.2		0.0		-1.0
	45089.99999996	4.91265		1.69326  0.2  0.2		0.0		-1.0
	45134.99999996	4.90475		2.06818  0.2  0.2		0.0		-1.0
	45179.99999996	4.88864		1.87892  0.2  0.2		0.0		-1.0
	45224.99999996	4.62222		2.20735  0.2  0.2		0.0		-1.0
	45269.99999996	5.02733		2.18827  0.2  0.2		3.9082515538		-1.0
	45314.99999996	4.93203		2.60173  0.2  0.2		0.0		-1.0
	45359.99999996	4.99152		2.46899  0.2  0.2		0.0		-1.0
	45404.99999996	4.89389		2.76789  0.2  0.2		0.0		-1.0
	45449.99999996	4.90627		2.65077  0.2  0.2		0.0		-1.0
	45494.99999996	4.97492		3.10018  0.2  0.2		0.0		-1.0
	45539.99999996	5.03038		2.99895  0.2  0.2		4.852527097		-1.0
	45584.99999996	4.91414		-3.04095  0.2  0.2		0.0		-1.0
	45629.99999996	5.00096		-2.93411  0.2  0.2		0.0		-1.0
	45674.99999996	4.99759		-2.64898  0.2  0.2		0.0		-1.0
	45719.99999996	4.95998		-2.46444  0.2  0.2		0.0		-1.0
	45764.99999996	4.92464		-2.33007  0.2  0.2		0.0		-1.0
	45809.99999996	5.00444		-2.16824  0.2  0.2		0.10491950480000001		-1.0
	45854.99999996	4.86782		-2.03791  0.2  0.2		0.0		-1.0
	45899.99999996	4.97102		-1.93561  0.2  0.2		0.0		-1.0
	45944.99999996	4.94136		-1.95794  0.2  0.2		0.0		-1.0
	45989.99999996	4.92344		-2.09815  0.2  0.2		0.0		-1.0
	46034.99999996	5.02319		-2.04734  0.2  0.2		2.8328266296		-1.0
	46079.99999996	4.9258		-1.98284  0.2  0.2		0.0		-1.0
	46124.99999996	4.75683		-1.46917  0.2  0.2		0.0		-1.0
	46169.99999996	4.94538		-1.25889  0.2  0.2		0.0		-1.0
	46214.99999996	4.77957		-1.08512  0.2  0.2		0.0		-1.0
	46259.99999996	4.92646		-1.05634  0.2  0.2		0.0		-1.0
	46304.99999996	4.96685		-0.91828  0.2  0.2		0.0		-1.0
	46349.99999996	4.82833		-1.27011  0.2  0.2		0.0		-1.0
	46394.99999996	4.97554		-1.25013  0.2  0.2		0.0		-1.0
	46439.99999996	4.99056		-1.76007  0.2  0.2		0.0		-1.0
	46484.99999996	5.01746		-1.5802  0.2  0.2		1.6000224481999998		-1.0
	46529.99999996	5.02152		-1.47734  0.2  0.2		2.4393784866		-1.0
	46574.99999996	4.94082		-0.91168  0.2  0.2		0.0		-1.0
	46619.99999996	5.00094		-0.96074  0.2  0.2		0.0		-1.0
	46664.99999996	4.91522		-0.49139  0.2  0.2		0.0		-1.0
	46709.99999996	4.97709		-0.31168  0.2  0.2		0.0		-1.0
	46754.99999995	4.88205		0.0495  0.2  0.2		0.0		-1.0
	46799.99999995	4.9722		-0.03972  0.2  0.2		0.0		-1.0
	46844.99999995	4.93973		0.26727  0.2  0.2		0.0		-1.0
	46889.99999995	4.94985		0.21617  0.2  0.2		0.0		-1.0
	46934.99999995	4.97138		0.54655  0.2  0.2		0.0		-1.0
	46979.99999995	5.01905		0.43959  0.2  0.2		1.9147809625999999		-1.0
	47024.99999995	5.00223		0.51346  0.2  0.2		0.026229876200000002		-1.0
	47069.99999995	4.96881		0.37848  0.2  0.2		0.0		-1.0
	47114.99999995	4.98116		0.14183  0.2  0.2		0.0		-1.0
	47159.99999995	5.04023		0.5222  0.2  0.2		8.498479888799999		-1.0
	47204.99999995	4.9708		0.26156  0.2  0.2		0.0		-1.0
	47249.99999995	4.94857		0.3728  0.2  0.2		0.0		-1.0
	47294.99999995	4.89536		0.27753  0.2  0.2		0.0		-1.0
	47339.99999995	4.98355		0.6847  0.2  0.2		0.0		-1.0
	47384.99999995	4.99557		0.56918  0.2  0.2		0.0		-1.0
	47429.99999995	5.00141		1.12372  0.2  0.2		0.0		-1.0
	47474.99999995	4.97896		0.73809  0.2  0.2		0.0		-1.0
	47519.99999995	4.97836		0.92119  0.2  0.2		0.0		-1.0
	47564.99999995	4.9934		0.71662  0.2  0.2		0.0		-1.0
	47609.99999995	4.95969		1.02365  0.2  0.2		0.0		-1.0
	47654.99999995	4.98528		1.29327  0.2  0.2		0.0		-1.0
	47699.99999995	4.94251		1.24712  0.2  0.2		0.0		-1.0
	47744.99999995	5.01961		1.34614  0.2  0.2		2.0197004674		-1.0
	47789.99999995	5.0148		1.57724  0.2  0.2		1.1541145528		-1.0
	47834.99999995	4.89286		1.6244  0.2  0.2		0.0		-1.0
	47879.99999995	4.97029		1.7496  0.2  0.2		0.0		-1.0
	47924.99999995	4.87494		1.97658  0.2  0.2		0.0		-1.0
	47969.99999995	5.0158		2.02016  0.2  0.2		1.31149381		-1.0
	48014.99999995	4.99611		2.30869  0.2  0.2		0.0		-1.0
	48059.99999995	4.93706		2.18481  0.2  0.2		0.0		-1.0
	48104.99999995	4.98935		2.78472  0.2  0.2		0.0		-1.0
	48149.99999995	5.02026		2.77269  0.2  0.2		2.1508498484		-1.0
	48194.99999995	4.97977		3.0088  0.2  0.2		0.0		-1.0
	48239.99999995	4.96694		2.91564  0.2  0.2		0.0		-1.0
	48284.99999995	4.98578		-3.09815  0.2  0.2		0.0		-1.0
	48329.99999995	4.92155		-3.02397  0.2  0.2		0.0		-1.0
	48374.99999995	4.91364		-2.9035  0.2  0.2		0.0		-1.0
	48419.99999995	4.99534		-2.97755  0.2  0.2		0.0		-1.0
	48464.99999995	5.03138		-2.83325  0.2  0.2		5.1672856114		-1.0
	48509.99999995	4.99267		-2.2913  0.2  0.2		0.0		-1.0
	48554.99999995	4.85131		-2.18155  0.2  0.2		0.0		-1.0
	48599.99999995	4.83773		-1.60524  0.2  0.2		0.0		-1.0
	48644.99999995	4.96225		-1.71268  0.2  0.2		0.0		-1.0
	48689.99999995	5.00576		-1.51754  0.2  0.2		0.18360913339999999		-1.0
	48734.99999995	4.87433		-1.7733  0.2  0.2		0.0		-1.0
	48779.99999995	4.92359		-1.50413  0.2  0.2		0.0		-1.0
	48824.99999995	4.9581		-1.64196  0.2  0.2		0.0		-1.0
	48869.99999995	4.90186		-1.64866  0.2  0.2		0.0		-1.0
	48914.99999995	4.93604		-2.05814  0.2  0.2		0.0		-1.0
	48959.99999995	5.0201		-1.98907  0.2  0.2		2.1246199721999997		-1.0
	49004.99999995	4.96195		-1.97604  0.2  0.2		0.0		-1.0
	49049.99999995	4.93456		-1.88876  0.2  0.2		0.0		-1.0
	49094.99999995	4.8386		-1.91819  0.2  0.2		0.0		-1.0
	49139.99999995	4.99194		-2.11574  0.2  0.2		0.0		-1.0
	49184.99999995	4.96218		-2.31819  0.2  0.2		0.0		-1.0
	49229.99999995	4.98646		-2.6801  0.2  0.2		0.0		-1.0
	49274.99999995	4.93971		-2.43054  0.2  0.2		0.0		-1.0
	49319.99999995	4.93226		-2.35774  0.2  0.2		0.0		-1.0
	49364.99999995	4.85567		-2.26632  0.2  0.2		0.0		-1.0
	49409.99999995	5.00172		-2.26495  0.2  0.2		0.026229876200000002		-1.0
	49454.99999995	4.98101		-2.12305  0.2  0.2		0.0		-1.0
	49499.99999995	4.99681		-2.46616  0.2  0.2		0.0		-1.0
	49544.99999995	5.00276		-2.04736  0.2  0.2		0.052459752400000004		-1.0
	49589.99999995	4.93774		-2.53352  0.2  0.2		0.0		-1.0
	49634.99999995	4.89304		-2.45155  0.2  0.2		0.0		-1.0
	49679.99999995	4.95145		-2.59744  0.2  0.2		0.0		-1.0
	49724.99999995	4.99945		-2.92019  0.2  0.2		0.0		-1.0
	49769.99999995	5.02384		-2.22249  0.2  0.2		2.9902058867999997		-1.0
	49814.99999995	4.97908		-2.18778  0.2  0.2		0.0		-1.0
	49859.99999995	4.94155		-2.19921  0.2  0.2		0.0		-1.0
	49904.99999995	5.01308		-2.54176  0.2  0.2		0.8918157908000001		-1.0
	49949.99999995	5.00858		-2.39716  0.2  0.2		0.393448143		-1.0
	49994.99999995	5.00735		-2.90535  0.2  0.2		0.2885286382		-1.0
