	45.00000000	2.9365		2.02623     0.2    0.2		4.1705503158		-1.0
	90.00000000	2.85718		2.1382     0.2    0.2		4.1705503158		-1.0
	135.00000000	2.93207		1.96532     0.2    0.2		4.1705503158		-1.0
	180.00000000	3.03401		2.01868     0.2    0.2		4.1705503158		-1.0
	225.00000000	2.93328		1.83122     0.2    0.2		4.1705503158		-1.0
	270.00000000	2.93258		2.49761     0.2    0.2		4.1705503158		-1.0
	315.00000000	2.90764		2.09619     0.2    0.2		4.1705503158		-1.0
	360.00000000	2.97543		2.53285     0.2    0.2		4.1705503158		-1.0
	405.00000000	2.8868		2.76475     0.2    0.2		4.1705503158		-1.0
	450.00000000	2.95611		2.9258     0.2    0.2		4.1705503158		-1.0
	495.00000000	2.92192		3.05445     0.2    0.2		4.1705503158		-1.0
	540.00000000	2.93202		-3.0467     0.2    0.2		4.1705503158		-1.0
	585.00000000	2.89717		-2.67539     0.2    0.2		4.1705503158		-1.0
	630.00000000	2.99308		-2.56962     0.2    0.2		4.1705503158		-1.0
	675.00000000	2.873		-2.00909     0.2    0.2		4.1705503158		-1.0
	720.00000000	2.92096		-1.73054     0.2    0.2		4.1705503158		-1.0
	765.00000000	2.93511		-1.27649     0.2    0.2		4.1705503158		-1.0
	810.00000000	2.8833		-0.5059     0.2    0.2		4.1705503158		-1.0
	855.00000000	2.90296		0.47718     0.2    0.2		4.1705503158		-1.0
	900.00000000	2.94119		0.75602     0.2    0.2		4.1705503158		-1.0
	945.00000000	2.93708		0.93051     0.2    0.2		4.1705503158		-1.0
	990.00000000	2.87553		1.31978     0.2    0.2		4.1705503158		-1.0
	1035.00000000	2.92259		1.38672     0.2    0.2		4.1705503158		-1.0
	1080.00000000	2.96088		1.64696     0.2    0.2		4.1705503158		-1.0
	1125.00000000	2.84607		2.25496     0.2    0.2		4.1705503158		-1.0
	1170.00000000	2.91883		2.36286     0.2    0.2		4.1705503158		-1.0
	1215.00000000	3.05721		2.59197     0.2    0.2		4.1705503158		-1.0
	1260.00000000	2.93096		2.75497     0.2    0.2		4.1705503158		-1.0
	1305.00000000	2.97822		3.06623     0.2    0.2		4.1705503158		-1.0
	1350.00000000	2.94091		-2.73434     0.2    0.2		4.1705503158		-1.0
	1395.00000000	2.93236		-2.37153     0.2    0.2		4.1705503158		-1.0
	1440.00000000	2.96079		-1.94519     0.2    0.2		4.1705503158		-1.0
	1485.00000000	2.8832		-1.60962     0.2    0.2		4.1705503158		-1.0
	1530.00000000	2.97112		-1.04276     0.2    0.2		4.1705503158		-1.0
	1575.00000000	2.88742		-0.64636     0.2    0.2		4.1705503158		-1.0
	1620.00000000	3.01039		0.41113     0.2    0.2		4.1705503158		-1.0
	1665.00000000	2.91735		1.07479     0.2    0.2		4.1705503158		-1.0
	1710.00000000	2.88402		1.5877     0.2    0.2		4.1705503158		-1.0
	1755.00000000	2.84856		2.21107     0.2    0.2		4.1705503158		-1.0
	1800.00000000	2.87423		2.84394     0.2    0.2		4.1705503158		-1.0
	1845.00000000	2.99428		3.0942     0.2    0.2		4.1705503158		-1.0
	1890.00000000	2.93246		-2.71149     0.2    0.2		4.1705503158		-1.0
	1935.00000000	2.9284		-2.43852     0.2    0.2		4.1705503158		-1.0
	1980.00000000	2.93391		-1.99911     0.2    0.2		4.1705503158		-1.0
	2025.00000000	3.08136		-1.57208     0.2    0.2		4.1705503158		-1.0
	2070.00000000	2.86921		-0.24999     0.2    0.2		4.1705503158		-1.0
	2115.00000000	2.8499		0.96399     0.2    0.2		4.1705503158		-1.0
	2160.00000000	2.95143		1.16564     0.2    0.2		4.1705503158		-1.0
	2205.00000000	2.84592		1.58155     0.2    0.2		4.1705503158		-1.0
	2250.00000000	2.92615		1.88086     0.2    0.2		4.1705503158		-1.0
	2295.00000000	2.99566		1.94794     0.2    0.2		4.1705503158		-1.0
	2340.00000000	2.97129		2.3045     0.2    0.2		4.1705503158		-1.0
	2385.00000000	2.90822		2.45544     0.2    0.2		4.1705503158		-1.0
	2430.00000000	2.76991		2.95585     0.2    0.2		4.1705503158		-1.0
	2475.00000000	2.91423		-2.87001     0.2    0.2		4.1705503158		-1.0
	2520.00000000	2.92513		-2.89386     0.2    0.2		4.1705503158		-1.0
	2565.00000000	2.95658		-2.26906     0.2    0.2		4.1705503158		-1.0
	2610.00000000	2.72546		-2.36274     0.2    0.2		4.1705503158		-1.0
	2655.00000000	2.68397		-1.99027     0.2    0.2		4.1705503158		-1.0
	2700.00000000	2.87184		-1.95402     0.2    0.2		4.1705503158		-1.0
	2745.00000000	2.82579		-2.19027     0.2    0.2		4.1705503158		-1.0
	2790.00000000	2.84114		-2.08553     0.2    0.2		4.1705503158		-1.0
	2835.00000000	2.81958		-2.22336     0.2    0.2		4.1705503158		-1.0
	2880.00000000	3.01446		-2.00305     0.2    0.2		4.1705503158		-1.0
	2925.00000000	2.97156		-1.88185     0.2    0.2		4.1705503158		-1.0
	2970.00000000	2.86272		-1.53719     0.2    0.2		4.1705503158		-1.0
	3015.00000000	2.9856		-1.45331     0.2    0.2		4.1705503158		-1.0
	3060.00000000	3.00773		-1.1659     0.2    0.2		4.1705503158		-1.0
	3105.00000000	2.98821		-0.92237     0.2    0.2		4.1705503158		-1.0
	3150.00000000	2.94954		-0.41432     0.2    0.2		4.1705503158		-1.0
	3195.00000000	2.89096		0.1302     0.2    0.2		4.1705503158		-1.0
	3240.00000000	2.86169		0.65383     0.2    0.2		4.1705503158		-1.0
	3285.00000000	2.9305		0.50447     0.2    0.2		4.1705503158		-1.0
	3330.00000000	2.85602		0.31664     0.2    0.2		4.1705503158		-1.0
	3375.00000000	2.99436		-0.15235     0.2    0.2		4.1705503158		-1.0
	3420.00000000	3.04034		0.00844     0.2    0.2		4.1705503158		-1.0
	3465.00000000	3.1494		-0.41666     0.2    0.2		4.1705503158		-1.0
	3510.00000000	2.88934		-0.38669     0.2    0.2		4.1705503158		-1.0
	3555.00000000	2.85863		0.24337     0.2    0.2		4.1705503158		-1.0
	3600.00000000	2.8781		0.51304     0.2    0.2		4.1705503158		-1.0
	3645.00000000	2.83433		0.89035     0.2    0.2		4.1705503158		-1.0
	3690.00000000	2.92927		0.88013     0.2    0.2		4.1705503158		-1.0
	3735.00000000	3.0304		0.24111     0.2    0.2		4.1705503158		-1.0
	3780.00000000	2.96873		-0.52092     0.2    0.2		4.1705503158		-1.0
	3825.00000000	2.84555		-0.8692     0.2    0.2		4.1705503158		-1.0
	3870.00000000	2.89731		-0.62927     0.2    0.2		4.1705503158		-1.0
	3915.00000000	2.94154		-0.90467     0.2    0.2		4.1705503158		-1.0
	3960.00000000	2.86225		-1.06462     0.2    0.2		4.1705503158		-1.0
	4005.00000000	2.95083		-0.72172     0.2    0.2		4.1705503158		-1.0
	4050.00000000	3.03669		-0.51092     0.2    0.2		4.1705503158		-1.0
	4095.00000000	2.95113		0.44274     0.2    0.2		4.1705503158		-1.0
	4140.00000000	2.99606		1.09403     0.2    0.2		4.1705503158		-1.0
	4185.00000000	3.11463		1.31582     0.2    0.2		4.1705503158		-1.0
	4230.00000000	3.05153		1.40929     0.2    0.2		4.1705503158		-1.0
	4275.00000000	3.16054		1.71681     0.2    0.2		4.1705503158		-1.0
	4320.00000000	3.02315		1.74339     0.2    0.2		4.1705503158		-1.0
	4365.00000000	2.93101		1.98253     0.2    0.2		4.1705503158		-1.0
	4410.00000000	3.25522		1.75032     0.2    0.2		4.1705503158		-1.0
	4455.00000000	2.87769		1.89553     0.2    0.2		4.1705503158		-1.0
	4500.00000000	2.87993		1.69491     0.2    0.2		4.1705503158		-1.0
	4545.00000000	2.92879		1.4184     0.2    0.2		4.1705503158		-1.0
	4590.00000000	2.88153		1.36426     0.2    0.2		4.1705503158		-1.0
	4635.00000000	3.04128		1.19224     0.2    0.2		4.1705503158		-1.0
	4680.00000000	3.30239		1.03477     0.2    0.2		4.1705503158		-1.0
	4725.00000000	2.9609		0.7253     0.2    0.2		4.1705503158		-1.0
	4770.00000000	2.7653		0.66435     0.2    0.2		4.1705503158		-1.0
	4815.00000000	2.78864		-0.05924     0.2    0.2		4.1705503158		-1.0
	4860.00000000	2.65313		-0.26201     0.2    0.2		4.1705503158		-1.0
	4905.00000000	2.85578		-0.11256     0.2    0.2		4.1705503158		-1.0
	4950.00000000	2.80757		0.17878     0.2    0.2		4.1705503158		-1.0
	4995.00000000	2.9743		0.33181     0.2    0.2		4.1705503158		-1.0
	5040.00000000	2.92541		0.00208     0.2    0.2		4.1705503158		-1.0
	5085.00000000	2.9764		-0.16263     0.2    0.2		4.1705503158		-1.0
	5130.00000000	2.89166		-0.80747     0.2    0.2		4.1705503158		-1.0
	5175.00000000	3.06924		-1.06125     0.2    0.2		4.1705503158		-1.0
	5220.00000000	2.73784		-1.00451     0.2    0.2		4.1705503158		-1.0
	5265.00000000	2.8054		-1.61255     0.2    0.2		4.1705503158		-1.0
	5310.00000000	2.77218		-1.37767     0.2    0.2		4.1705503158		-1.0
	5355.00000000	3.0534		-2.11797     0.2    0.2		4.1705503158		-1.0
	5400.00000000	2.7966		-2.46127     0.2    0.2		4.1705503158		-1.0
	5445.00000000	2.79557		-2.87166     0.2    0.2		4.1705503158		-1.0
	5490.00000000	2.90585		-3.10359     0.2    0.2		4.1705503158		-1.0
	5535.00000000	3.03072		2.69473     0.2    0.2		4.1705503158		-1.0
	5580.00000000	3.03279		2.49363     0.2    0.2		4.1705503158		-1.0
	5625.00000000	3.09355		2.04512     0.2    0.2		4.1705503158		-1.0
	5670.00000000	2.93519		2.19502     0.2    0.2		4.1705503158		-1.0
	5715.00000000	2.753		1.75348     0.2    0.2		4.1705503158		-1.0
	5760.00000000	2.75801		1.34487     0.2    0.2		4.1705503158		-1.0
	5805.00000000	2.86362		0.91967     0.2    0.2		4.1705503158		-1.0
	5850.00000000	3.03557		0.68315     0.2    0.2		4.1705503158		-1.0
	5895.00000000	2.95035		0.43342     0.2    0.2		4.1705503158		-1.0
	5940.00000000	3.06944		-0.30785     0.2    0.2		4.1705503158		-1.0
	5985.00000000	2.89044		-0.37541     0.2    0.2		4.1705503158		-1.0
	6030.00000000	3.16952		-0.72023     0.2    0.2		4.1705503158		-1.0
	6075.00000000	3.24186		-0.52241     0.2    0.2		4.1705503158		-1.0
	6120.00000000	2.76452		-0.95677     0.2    0.2		4.1705503158		-1.0
	6165.00000000	2.75743		-0.63738     0.2    0.2		4.1705503158		-1.0
	6210.00000000	2.90524		0.21331     0.2    0.2		4.1705503158		-1.0
	6255.00000000	3.18521		0.58056     0.2    0.2		4.1705503158		-1.0
	6300.00000000	2.88898		0.81955     0.2    0.2		4.1705503158		-1.0
	6345.00000000	2.78017		1.13299     0.2    0.2		4.1705503158		-1.0
	6390.00000000	2.6441		1.00621     0.2    0.2		4.1705503158		-1.0
	6435.00000000	3.01168		0.86582     0.2    0.2		4.1705503158		-1.0
	6480.00000000	3.12437		1.21139     0.2    0.2		4.1705503158		-1.0
	6525.00000000	3.27874		0.80393     0.2    0.2		4.1705503158		-1.0
	6570.00000000	2.65144		0.67511     0.2    0.2		4.1705503158		-1.0
	6615.00000000	2.99696		0.85982     0.2    0.2		4.1705503158		-1.0
	6660.00000000	3.34733		0.99684     0.2    0.2		4.1705503158		-1.0
	6705.00000000	2.99213		1.13376     0.2    0.2		4.1705503158		-1.0
	6750.00000000	3.12687		0.57384     0.2    0.2		4.1705503158		-1.0
	6795.00000000	3.10813		0.06955     0.2    0.2		4.1705503158		-1.0
	6840.00000000	2.9815		-0.72097     0.2    0.2		4.1705503158		-1.0
	6885.00000000	3.09743		-0.74305     0.2    0.2		4.1705503158		-1.0
	6930.00000000	3.03219		-0.14479     0.2    0.2		4.1705503158		-1.0
	6975.00000000	2.81146		0.49874     0.2    0.2		4.1705503158		-1.0
	7020.00000000	2.74637		1.12874     0.2    0.2		4.1705503158		-1.0
	7065.00000000	2.70904		1.12906     0.2    0.2		4.1705503158		-1.0
	7110.00000000	3.14751		1.53357     0.2    0.2		4.1705503158		-1.0
	7155.00000000	2.86807		2.04776     0.2    0.2		4.1705503158		-1.0
	7200.00000000	2.78371		2.61636     0.2    0.2		4.1705503158		-1.0
	7245.00000000	2.91115		2.75489     0.2    0.2		4.1705503158		-1.0
	7290.00000000	3.10951		2.98487     0.2    0.2		4.1705503158		-1.0
	7335.00000000	3.20031		-2.82481     0.2    0.2		4.1705503158		-1.0
	7380.00000000	2.90025		-2.46861     0.2    0.2		4.1705503158		-1.0
	7425.00000000	2.82207		-2.33644     0.2    0.2		4.1705503158		-1.0
	7470.00000000	3.14544		-1.97707     0.2    0.2		4.1705503158		-1.0
	7515.00000000	3.26312		-1.64315     0.2    0.2		4.1705503158		-1.0
	7560.00000000	3.04669		-1.57409     0.2    0.2		4.1705503158		-1.0
	7605.00000000	2.82582		-1.41915     0.2    0.2		4.1705503158		-1.0
	7650.00000000	2.99988		-1.35071     0.2    0.2		4.1705503158		-1.0
	7695.00000000	2.8696		-0.86415     0.2    0.2		4.1705503158		-1.0
	7740.00000000	3.1606		-1.05124     0.2    0.2		4.1705503158		-1.0
	7785.00000000	2.84015		-1.23388     0.2    0.2		4.1705503158		-1.0
	7830.00000000	2.82103		-0.85101     0.2    0.2		4.1705503158		-1.0
	7875.00000000	3.28439		-1.35408     0.2    0.2		4.1705503158		-1.0
	7920.00000000	2.93465		-1.54296     0.2    0.2		4.1705503158		-1.0
	7965.00000000	3.08337		-1.92773     0.2    0.2		4.1705503158		-1.0
	8010.00000000	2.96797		-2.32142     0.2    0.2		4.1705503158		-1.0
	8055.00000000	3.01878		-2.7478     0.2    0.2		4.1705503158		-1.0
	8100.00000000	3.20078		-3.06001     0.2    0.2		4.1705503158		-1.0
	8145.00000000	3.04415		3.0077     0.2    0.2		4.1705503158		-1.0
	8190.00000000	2.68893		2.60943     0.2    0.2		4.1705503158		-1.0
	8235.00000000	3.12892		2.19138     0.2    0.2		4.1705503158		-1.0
	8280.00000000	3.18694		1.80106     0.2    0.2		4.1705503158		-1.0
	8325.00000000	2.94552		1.65528     0.2    0.2		4.1705503158		-1.0
	8370.00000000	3.21087		1.45532     0.2    0.2		4.1705503158		-1.0
	8415.00000000	3.19223		0.94355     0.2    0.2		4.1705503158		-1.0
	8460.00000000	3.16504		0.5403     0.2    0.2		4.1705503158		-1.0
	8505.00000000	3.05785		-0.02201     0.2    0.2		4.1705503158		-1.0
	8550.00000000	2.83218		-0.15379     0.2    0.2		4.1705503158		-1.0
	8595.00000000	2.89007		-0.45615     0.2    0.2		4.1705503158		-1.0
	8640.00000000	2.74834		-0.56319     0.2    0.2		4.1705503158		-1.0
	8685.00000000	2.7567		-0.48004     0.2    0.2		4.1705503158		-1.0
	8730.00000000	2.80833		-0.01075     0.2    0.2		4.1705503158		-1.0
	8775.00000000	2.70854		0.42547     0.2    0.2		4.1705503158		-1.0
	8820.00000000	2.66369		-0.10635     0.2    0.2		4.1705503158		-1.0
	8865.00000000	2.78425		-0.4091     0.2    0.2		4.1705503158		-1.0
	8910.00000000	3.3094		0.10722     0.2    0.2		4.1705503158		-1.0
	8955.00000000	3.28656		0.60601     0.2    0.2		4.1705503158		-1.0
	9000.00000000	3.21882		-0.42235     0.2    0.2		4.1705503158		-1.0
	9045.00000000	2.98618		-1.36223     0.2    0.2		4.1705503158		-1.0
	9090.00000000	3.18284		-1.88194     0.2    0.2		4.1705503158		-1.0
	9135.00000000	2.75166		-2.52856     0.2    0.2		4.1705503158		-1.0
	9180.00000000	3.17758		-2.49081     0.2    0.2		4.1705503158		-1.0
	9225.00000000	3.16091		-2.45369     0.2    0.2		4.1705503158		-1.0
	9270.00000000	2.85258		-2.73765     0.2    0.2		4.1705503158		-1.0
	9315.00000000	2.89198		-3.02901     0.2    0.2		4.1705503158		-1.0
	9360.00000000	3.14413		3.1037     0.2    0.2		4.1705503158		-1.0
	9405.00000000	3.03848		2.55617     0.2    0.2		4.1705503158		-1.0
	9450.00000000	2.69781		2.15963     0.2    0.2		4.1705503158		-1.0
	9495.00000000	2.75392		1.74754     0.2    0.2		4.1705503158		-1.0
	9540.00000000	2.84143		1.87682     0.2    0.2		4.1705503158		-1.0
	9585.00000000	2.7604		1.54149     0.2    0.2		4.1705503158		-1.0
	9630.00000000	2.68591		1.59038     0.2    0.2		4.1705503158		-1.0
	9675.00000000	3.13687		1.81418     0.2    0.2		4.1705503158		-1.0
	9720.00000000	3.23404		2.04797     0.2    0.2		4.1705503158		-1.0
	9765.00000000	2.73011		2.54621     0.2    0.2		4.1705503158		-1.0
	9810.00000000	2.77186		-3.10525     0.2    0.2		4.1705503158		-1.0
	9855.00000000	3.24435		-2.9049     0.2    0.2		4.1705503158		-1.0
	9900.00000000	2.85325		-2.44897     0.2    0.2		4.1705503158		-1.0
	9945.00000000	2.66837		-2.01729     0.2    0.2		4.1705503158		-1.0
	9990.00000000	2.8549		-1.63621     0.2    0.2		4.1705503158		-1.0
	10035.00000000	3.02272		-1.36656     0.2    0.2		4.1705503158		-1.0
	10080.00000000	2.99391		-1.15586     0.2    0.2		4.1705503158		-1.0
	10125.00000000	3.31057		-1.07942     0.2    0.2		4.1705503158		-1.0
	10170.00000000	3.16113		-0.65881     0.2    0.2		4.1705503158		-1.0
	10215.00000000	3.1913		-0.09426     0.2    0.2		4.1705503158		-1.0
	10260.00000000	3.31421		0.36482     0.2    0.2		4.1705503158		-1.0
	10305.00000000	2.77879		0.73254     0.2    0.2		4.1705503158		-1.0
	10350.00000000	2.92224		0.85898     0.2    0.2		4.1705503158		-1.0
	10395.00000000	3.14739		1.10468     0.2    0.2		4.1705503158		-1.0
	10440.00000000	3.22358		1.11253     0.2    0.2		4.1705503158		-1.0
	10485.00000000	3.12641		1.27905     0.2    0.2		4.1705503158		-1.0
	10530.00000000	3.20967		1.69736     0.2    0.2		4.1705503158		-1.0
	10575.00000000	3.25989		1.87523     0.2    0.2		4.1705503158		-1.0
	10620.00000000	3.19105		2.32606     0.2    0.2		4.1705503158		-1.0
	10665.00000000	3.17787		2.71231     0.2    0.2		4.1705503158		-1.0
	10710.00000000	3.33005		2.68377     0.2    0.2		4.1705503158		-1.0
	10755.00000000	2.81227		-2.75812     0.2    0.2		4.1705503158		-1.0
	10800.00000000	2.77379		-2.92156     0.2    0.2		4.1705503158		-1.0
	10845.00000001	3.19767		-2.30685     0.2    0.2		4.1705503158		-1.0
	10890.00000001	3.13779		-2.17558     0.2    0.2		4.1705503158		-1.0
	10935.00000001	2.65375		-2.0848     0.2    0.2		4.1705503158		-1.0
	10980.00000001	2.82236		-1.73192     0.2    0.2		4.1705503158		-1.0
	11025.00000001	3.21174		-1.9225     0.2    0.2		4.1705503158		-1.0
	11070.00000001	2.84688		-1.38562     0.2    0.2		4.1705503158		-1.0
	11115.00000001	2.81365		-1.73703     0.2    0.2		4.1705503158		-1.0
	11160.00000001	2.81359		-1.31833     0.2    0.2		4.1705503158		-1.0
	11205.00000001	2.79343		-1.63922     0.2    0.2		4.1705503158		-1.0
	11250.00000001	3.35898		-0.97761     0.2    0.2		4.1705503158		-1.0
	11295.00000001	2.87792		-1.20346     0.2    0.2		4.1705503158		-1.0
	11340.00000001	2.62204		-1.00651     0.2    0.2		4.1705503158		-1.0
	11385.00000001	3.15754		-0.82449     0.2    0.2		4.1705503158		-1.0
	11430.00000001	3.46194		-0.98521     0.2    0.2		4.1705503158		-1.0
	11475.00000001	2.94852		-0.53906     0.2    0.2		4.1705503158		-1.0
	11520.00000001	2.63563		0.05037     0.2    0.2		4.1705503158		-1.0
	11565.00000001	3.05529		0.92025     0.2    0.2		4.1705503158		-1.0
	11610.00000001	3.25051		1.39489     0.2    0.2		4.1705503158		-1.0
	11655.00000001	2.94217		1.63229     0.2    0.2		4.1705503158		-1.0
	11700.00000001	3.03602		2.38137     0.2    0.2		4.1705503158		-1.0
	11745.00000001	2.91567		2.64123     0.2    0.2		4.1705503158		-1.0
	11790.00000001	2.71972		3.0597     0.2    0.2		4.1705503158		-1.0
	11835.00000001	2.79357		3.13777     0.2    0.2		4.1705503158		-1.0
	11880.00000001	3.07134		-3.05762     0.2    0.2		4.1705503158		-1.0
	11925.00000001	3.18293		-3.00337     0.2    0.2		4.1705503158		-1.0
	11970.00000001	3.1496		-2.78708     0.2    0.2		4.1705503158		-1.0
	12015.00000001	2.70478		-2.56456     0.2    0.2		4.1705503158		-1.0
	12060.00000001	3.2567		-2.25557     0.2    0.2		4.1705503158		-1.0
	12105.00000001	2.80481		-1.95217     0.2    0.2		4.1705503158		-1.0
	12150.00000001	2.89335		-1.75139     0.2    0.2		4.1705503158		-1.0
	12195.00000001	3.16527		-1.49862     0.2    0.2		4.1705503158		-1.0
	12240.00000001	2.6194		-1.46594     0.2    0.2		4.1705503158		-1.0
	12285.00000001	3.00998		-1.20527     0.2    0.2		4.1705503158		-1.0
	12330.00000001	3.02261		-0.93707     0.2    0.2		4.1705503158		-1.0
	12375.00000001	2.9475		-0.976     0.2    0.2		4.1705503158		-1.0
	12420.00000001	2.67602		-0.31958     0.2    0.2		4.1705503158		-1.0
	12465.00000001	3.27607		0.23151     0.2    0.2		4.1705503158		-1.0
	12510.00000001	2.84594		0.40769     0.2    0.2		4.1705503158		-1.0
	12555.00000001	2.71559		0.85052     0.2    0.2		4.1705503158		-1.0
	12600.00000001	2.86357		0.45196     0.2    0.2		4.1705503158		-1.0
	12645.00000001	3.4148		0.28786     0.2    0.2		4.1705503158		-1.0
	12690.00000001	3.24984		-0.14431     0.2    0.2		4.1705503158		-1.0
	12735.00000001	3.41649		-0.72968     0.2    0.2		4.1705503158		-1.0
	12780.00000001	3.26092		-0.77683     0.2    0.2		4.1705503158		-1.0
	12825.00000001	3.30929		-0.81721     0.2    0.2		4.1705503158		-1.0
	12870.00000001	3.13498		-1.3753     0.2    0.2		4.1705503158		-1.0
	12915.00000001	3.1517		-1.12126     0.2    0.2		4.1705503158		-1.0
	12960.00000001	3.17553		-1.73346     0.2    0.2		4.1705503158		-1.0
	13005.00000001	3.12155		-1.64461     0.2    0.2		4.1705503158		-1.0
	13050.00000001	3.14837		-2.21444     0.2    0.2		4.1705503158		-1.0
	13095.00000001	3.15052		-2.50776     0.2    0.2		4.1705503158		-1.0
	13140.00000001	3.34646		-2.73913     0.2    0.2		4.1705503158		-1.0
	13185.00000001	2.86797		-2.80141     0.2    0.2		4.1705503158		-1.0
	13230.00000001	2.82112		-2.93283     0.2    0.2		4.1705503158		-1.0
	13275.00000001	2.80833		2.88593     0.2    0.2		4.1705503158		-1.0
	13320.00000001	2.98559		2.68818     0.2    0.2		4.1705503158		-1.0
	13365.00000001	3.11808		2.16323     0.2    0.2		4.1705503158		-1.0
	13410.00000001	3.21134		2.09047     0.2    0.2		4.1705503158		-1.0
	13455.00000001	3.0529		1.76665     0.2    0.2		4.1705503158		-1.0
	13500.00000001	3.49399		1.65939     0.2    0.2		4.1705503158		-1.0
	13545.00000001	3.27128		1.55477     0.2    0.2		4.1705503158		-1.0
	13590.00000001	2.61963		1.42002     0.2    0.2		4.1705503158		-1.0
	13635.00000001	2.80482		1.36918     0.2    0.2		4.1705503158		-1.0
	13680.00000001	2.75959		1.21289     0.2    0.2		4.1705503158		-1.0
	13725.00000001	2.78095		0.31778     0.2    0.2		4.1705503158		-1.0
	13770.00000001	2.73485		-0.41996     0.2    0.2		4.1705503158		-1.0
	13815.00000001	2.90783		-0.55555     0.2    0.2		4.1705503158		-1.0
	13860.00000001	2.84632		0.11128     0.2    0.2		4.1705503158		-1.0
	13905.00000001	3.29269		0.31218     0.2    0.2		4.1705503158		-1.0
	13950.00000001	3.45496		0.8356     0.2    0.2		4.1705503158		-1.0
	13995.00000001	3.26342		0.85808     0.2    0.2		4.1705503158		-1.0
	14040.00000001	2.7197		1.42252     0.2    0.2		4.1705503158		-1.0
	14085.00000001	2.73424		1.4643     0.2    0.2		4.1705503158		-1.0
	14130.00000001	2.70198		1.89251     0.2    0.2		4.1705503158		-1.0
	14175.00000001	2.67536		2.13576     0.2    0.2		4.1705503158		-1.0
	14220.00000001	2.72165		2.35767     0.2    0.2		4.1705503158		-1.0
	14265.00000000	2.76176		2.49623     0.2    0.2		4.1705503158		-1.0
	14310.00000000	2.84453		2.41378     0.2    0.2		4.1705503158		-1.0
	14355.00000000	2.70115		2.25052     0.2    0.2		4.1705503158		-1.0
	14400.00000000	2.70932		2.019     0.2    0.2		4.1705503158		-1.0
	14445.00000000	2.72911		2.08524     0.2    0.2		4.1705503158		-1.0
	14490.00000000	2.68403		2.01183     0.2    0.2		4.1705503158		-1.0
	14535.00000000	2.79593		2.29283     0.2    0.2		4.1705503158		-1.0
	14580.00000000	2.67863		2.23846     0.2    0.2		4.1705503158		-1.0
	14625.00000000	2.82195		2.35705     0.2    0.2		4.1705503158		-1.0
	14670.00000000	3.36796		2.46787     0.2    0.2		4.1705503158		-1.0
	14715.00000000	3.30436		2.88565     0.2    0.2		4.1705503158		-1.0
	14760.00000000	3.26632		2.9597     0.2    0.2		4.1705503158		-1.0
	14805.00000000	3.17889		-2.97206     0.2    0.2		4.1705503158		-1.0
	14850.00000000	3.28312		-2.82028     0.2    0.2		4.1705503158		-1.0
	14895.00000000	3.22227		-2.31567     0.2    0.2		4.1705503158		-1.0
	14940.00000000	3.10211		-2.32856     0.2    0.2		4.1705503158		-1.0
	14985.00000000	2.94324		-1.83182     0.2    0.2		4.1705503158		-1.0
	15030.00000000	2.73703		-1.82229     0.2    0.2		4.1705503158		-1.0
	15075.00000000	2.71635		-1.3025     0.2    0.2		4.1705503158		-1.0
	15120.00000000	2.73766		-1.16022     0.2    0.2		4.1705503158		-1.0
	15165.00000000	2.68556		-0.76264     0.2    0.2		4.1705503158		-1.0
	15210.00000000	2.71779		0.17339     0.2    0.2		4.1705503158		-1.0
	15255.00000000	3.24727		0.53672     0.2    0.2		4.1705503158		-1.0
	15300.00000000	2.64168		0.42596     0.2    0.2		4.1705503158		-1.0
	15345.00000000	3.19754		0.18648     0.2    0.2		4.1705503158		-1.0
	15390.00000000	3.45893		-0.42865     0.2    0.2		4.1705503158		-1.0
	15435.00000000	2.93823		-0.11535     0.2    0.2		4.1705503158		-1.0
	15480.00000000	3.12858		-0.13299     0.2    0.2		4.1705503158		-1.0
	15525.00000000	2.82243		-0.03284     0.2    0.2		4.1705503158		-1.0
	15570.00000000	2.79371		0.29863     0.2    0.2		4.1705503158		-1.0
	15615.00000000	2.77341		-0.40361     0.2    0.2		4.1705503158		-1.0
	15660.00000000	2.80316		-0.30518     0.2    0.2		4.1705503158		-1.0
	15705.00000000	2.83715		0.17574     0.2    0.2		4.1705503158		-1.0
	15750.00000000	2.70872		0.3481     0.2    0.2		4.1705503158		-1.0
	15795.00000000	2.64737		0.6875     0.2    0.2		4.1705503158		-1.0
	15840.00000000	2.76919		0.85281     0.2    0.2		4.1705503158		-1.0
	15885.00000000	2.66309		1.12076     0.2    0.2		4.1705503158		-1.0
	15930.00000000	3.32902		1.59503     0.2    0.2		4.1705503158		-1.0
	15975.00000000	2.72516		1.82755     0.2    0.2		4.1705503158		-1.0
	16020.00000000	3.41016		1.97885     0.2    0.2		4.1705503158		-1.0
	16065.00000000	3.34505		2.33466     0.2    0.2		4.1705503158		-1.0
	16110.00000000	3.44273		2.61489     0.2    0.2		4.1705503158		-1.0
	16155.00000000	2.84237		2.82329     0.2    0.2		4.1705503158		-1.0
	16200.00000000	2.79758		3.13775     0.2    0.2		4.1705503158		-1.0
	16245.00000000	2.81422		-2.7316     0.2    0.2		4.1705503158		-1.0
	16290.00000000	2.7059		-2.33988     0.2    0.2		4.1705503158		-1.0
	16335.00000000	2.85418		-2.08461     0.2    0.2		4.1705503158		-1.0
	16380.00000000	2.66353		-1.71247     0.2    0.2		4.1705503158		-1.0
	16425.00000000	3.43122		-1.74173     0.2    0.2		4.1705503158		-1.0
	16470.00000000	2.81379		-1.77724     0.2    0.2		4.1705503158		-1.0
	16515.00000000	3.04408		-2.10111     0.2    0.2		4.1705503158		-1.0
	16560.00000000	2.84397		-2.37144     0.2    0.2		4.1705503158		-1.0
	16605.00000000	2.93646		-2.49203     0.2    0.2		4.1705503158		-1.0
	16650.00000000	3.36375		-2.74129     0.2    0.2		4.1705503158		-1.0
	16695.00000000	3.12604		-2.59789     0.2    0.2		4.1705503158		-1.0
	16740.00000000	2.80042		-2.55621     0.2    0.2		4.1705503158		-1.0
	16785.00000000	3.55551		-2.11549     0.2    0.2		4.1705503158		-1.0
	16830.00000000	2.80036		-2.1375     0.2    0.2		4.1705503158		-1.0
	16875.00000000	2.6739		-2.06933     0.2    0.2		4.1705503158		-1.0
	16920.00000000	2.77408		-2.2363     0.2    0.2		4.1705503158		-1.0
	16965.00000000	2.6595		-2.43339     0.2    0.2		4.1705503158		-1.0
	17010.00000000	2.71237		-2.77376     0.2    0.2		4.1705503158		-1.0
	17055.00000000	2.7318		2.8612     0.2    0.2		4.1705503158		-1.0
	17100.00000000	2.77791		2.5707     0.2    0.2		4.1705503158		-1.0
	17145.00000000	2.73657		2.1485     0.2    0.2		4.1705503158		-1.0
	17190.00000000	2.75994		1.7038     0.2    0.2		4.1705503158		-1.0
	17235.00000000	2.74031		1.53867     0.2    0.2		4.1705503158		-1.0
	17280.00000000	2.68618		0.89855     0.2    0.2		4.1705503158		-1.0
	17325.00000000	2.92221		-0.42907     0.2    0.2		4.1705503158		-1.0
	17370.00000000	3.19003		-0.66386     0.2    0.2		4.1705503158		-1.0
	17415.00000000	3.22056		-0.34727     0.2    0.2		4.1705503158		-1.0
	17460.00000000	3.13234		0.33773     0.2    0.2		4.1705503158		-1.0
	17505.00000000	3.14629		0.39985     0.2    0.2		4.1705503158		-1.0
	17550.00000000	3.04569		0.63038     0.2    0.2		4.1705503158		-1.0
	17595.00000000	3.39681		0.43626     0.2    0.2		4.1705503158		-1.0
	17640.00000000	3.20058		0.74153     0.2    0.2		4.1705503158		-1.0
	17685.00000000	3.24716		0.42732     0.2    0.2		4.1705503158		-1.0
	17730.00000000	3.5205		0.96437     0.2    0.2		4.1705503158		-1.0
	17775.00000000	2.68988		1.32914     0.2    0.2		4.1705503158		-1.0
	17820.00000000	3.46124		0.9485     0.2    0.2		4.1705503158		-1.0
	17865.00000000	3.38859		1.78485     0.2    0.2		4.1705503158		-1.0
	17910.00000000	2.65163		1.91549     0.2    0.2		4.1705503158		-1.0
	17955.00000000	2.65065		2.37351     0.2    0.2		4.1705503158		-1.0
	18000.00000000	3.35338		2.97454     0.2    0.2		4.1705503158		-1.0
	18045.00000000	2.92455		-3.00485     0.2    0.2		4.1705503158		-1.0
	18090.00000000	3.03479		-2.39966     0.2    0.2		4.1705503158		-1.0
	18135.00000000	3.12846		-2.09657     0.2    0.2		4.1705503158		-1.0
	18180.00000000	3.19561		-1.55271     0.2    0.2		4.1705503158		-1.0
	18225.00000000	3.29437		-1.26251     0.2    0.2		4.1705503158		-1.0
	18270.00000000	3.50651		-1.2132     0.2    0.2		4.1705503158		-1.0
	18315.00000000	2.87898		-1.0014     0.2    0.2		4.1705503158		-1.0
	18360.00000000	2.69153		-1.00264     0.2    0.2		4.1705503158		-1.0
	18405.00000000	2.67754		-1.10383     0.2    0.2		4.1705503158		-1.0
	18450.00000000	2.64635		-0.68309     0.2    0.2		4.1705503158		-1.0
	18495.00000000	2.8624		0.07314     0.2    0.2		4.1705503158		-1.0
	18540.00000000	3.29964		-0.00809     0.2    0.2		4.1705503158		-1.0
	18585.00000000	3.51382		-0.01911     0.2    0.2		4.1705503158		-1.0
	18630.00000000	3.30936		0.02394     0.2    0.2		4.1705503158		-1.0
	18675.00000000	3.23744		-0.76447     0.2    0.2		4.1705503158		-1.0
	18720.00000000	3.30492		-1.08028     0.2    0.2		4.1705503158		-1.0
	18765.00000000	3.42524		-1.31064     0.2    0.2		4.1705503158		-1.0
	18810.00000000	3.37972		-2.03782     0.2    0.2		4.1705503158		-1.0
	18855.00000000	3.2363		-2.40794     0.2    0.2		4.1705503158		-1.0
	18900.00000000	3.17895		-2.61199     0.2    0.2		4.1705503158		-1.0
	18945.00000000	3.01415		3.03261     0.2    0.2		4.1705503158		-1.0
	18990.00000000	2.89027		2.75423     0.2    0.2		4.1705503158		-1.0
	19035.00000000	2.9985		2.33203     0.2    0.2		4.1705503158		-1.0
	19080.00000000	3.30017		2.24648     0.2    0.2		4.1705503158		-1.0
	19125.00000000	3.26952		1.97145     0.2    0.2		4.1705503158		-1.0
	19170.00000000	3.28506		2.16303     0.2    0.2		4.1705503158		-1.0
	19215.00000000	3.16075		2.006     0.2    0.2		4.1705503158		-1.0
	19260.00000000	3.09212		2.36545     0.2    0.2		4.1705503158		-1.0
	19305.00000000	3.10379		2.59169     0.2    0.2		4.1705503158		-1.0
	19350.00000000	3.10282		3.12589     0.2    0.2		4.1705503158		-1.0
	19395.00000000	3.22867		-2.90296     0.2    0.2		4.1705503158		-1.0
	19440.00000000	3.16577		-2.1779     0.2    0.2		4.1705503158		-1.0
	19485.00000000	3.28377		-1.77567     0.2    0.2		4.1705503158		-1.0
	19530.00000000	3.23207		-1.51961     0.2    0.2		4.1705503158		-1.0
	19575.00000000	3.36572		-1.30296     0.2    0.2		4.1705503158		-1.0
	19620.00000000	2.96085		-1.34613     0.2    0.2		4.1705503158		-1.0
	19665.00000000	2.70474		-1.35531     0.2    0.2		4.1705503158		-1.0
	19710.00000000	2.9139		-1.52895     0.2    0.2		4.1705503158		-1.0
	19755.00000000	2.71865		-1.88241     0.2    0.2		4.1705503158		-1.0
	19800.00000000	2.68876		-2.67162     0.2    0.2		4.1705503158		-1.0
	19845.00000000	2.60026		-2.68931     0.2    0.2		4.1705503158		-1.0
	19890.00000000	3.36051		-2.71661     0.2    0.2		4.1705503158		-1.0
	19935.00000000	2.9649		-2.89134     0.2    0.2		4.1705503158		-1.0
	19980.00000000	2.63555		-3.13919     0.2    0.2		4.1705503158		-1.0
	20025.00000000	2.66658		3.0304     0.2    0.2		4.1705503158		-1.0
	20070.00000000	2.78832		2.6529     0.2    0.2		4.1705503158		-1.0
	20115.00000000	2.85665		2.41316     0.2    0.2		4.1705503158		-1.0
	20160.00000000	3.30631		2.21914     0.2    0.2		4.1705503158		-1.0
	20205.00000000	3.52384		2.21396     0.2    0.2		4.1705503158		-1.0
	20250.00000000	3.31816		2.06969     0.2    0.2		4.1705503158		-1.0
	20295.00000000	3.14309		2.05312     0.2    0.2		4.1705503158		-1.0
	20340.00000000	3.37882		2.18096     0.2    0.2		4.1705503158		-1.0
	20385.00000000	3.3598		2.55261     0.2    0.2		4.1705503158		-1.0
	20430.00000000	2.73683		2.98479     0.2    0.2		4.1705503158		-1.0
	20475.00000000	2.73178		-2.88545     0.2    0.2		4.1705503158		-1.0
	20520.00000000	2.64285		-2.3703     0.2    0.2		4.1705503158		-1.0
	20565.00000000	2.72051		-2.2331     0.2    0.2		4.1705503158		-1.0
	20610.00000000	2.71943		-1.8544     0.2    0.2		4.1705503158		-1.0
	20655.00000000	2.66531		-1.6901     0.2    0.2		4.1705503158		-1.0
	20700.00000000	2.69334		-1.13053     0.2    0.2		4.1705503158		-1.0
	20744.99999999	2.74061		-0.87596     0.2    0.2		4.1705503158		-1.0
	20789.99999999	2.64743		0.1318     0.2    0.2		4.1705503158		-1.0
	20834.99999999	2.69042		1.09522     0.2    0.2		4.1705503158		-1.0
	20879.99999999	3.40075		1.27267     0.2    0.2		4.1705503158		-1.0
	20924.99999999	2.99513		1.68674     0.2    0.2		4.1705503158		-1.0
	20969.99999999	2.73369		2.1389     0.2    0.2		4.1705503158		-1.0
	21014.99999999	2.73238		2.39725     0.2    0.2		4.1705503158		-1.0
	21059.99999999	2.58869		2.4418     0.2    0.2		4.1705503158		-1.0
	21104.99999999	2.75827		2.8842     0.2    0.2		4.1705503158		-1.0
	21149.99999999	2.76933		3.09286     0.2    0.2		4.1705503158		-1.0
	21194.99999999	2.76923		-2.7243     0.2    0.2		4.1705503158		-1.0
	21239.99999999	3.62065		-2.69313     0.2    0.2		4.1705503158		-1.0
	21284.99999999	3.24885		-2.06878     0.2    0.2		4.1705503158		-1.0
	21329.99999999	3.21859		-1.89279     0.2    0.2		4.1705503158		-1.0
	21374.99999999	3.11085		-1.70211     0.2    0.2		4.1705503158		-1.0
	21419.99999999	3.22546		-1.5835     0.2    0.2		4.1705503158		-1.0
	21464.99999999	3.16434		-1.4187     0.2    0.2		4.1705503158		-1.0
	21509.99999999	3.39312		-1.48279     0.2    0.2		4.1705503158		-1.0
	21554.99999999	3.38003		-1.45592     0.2    0.2		4.1705503158		-1.0
	21599.99999999	3.50439		-1.46551     0.2    0.2		4.1705503158		-1.0
	21644.99999999	2.7163		-1.92484     0.2    0.2		4.1705503158		-1.0
	21689.99999999	2.72315		-1.79618     0.2    0.2		4.1705503158		-1.0
	21734.99999999	2.71508		-2.28496     0.2    0.2		4.1705503158		-1.0
	21779.99999999	2.64661		-2.27908     0.2    0.2		4.1705503158		-1.0
	21824.99999999	2.68335		-2.65083     0.2    0.2		4.1705503158		-1.0
	21869.99999999	3.41971		-2.76018     0.2    0.2		4.1705503158		-1.0
	21914.99999999	2.8454		-3.12197     0.2    0.2		4.1705503158		-1.0
	21959.99999999	3.03552		2.9625     0.2    0.2		4.1705503158		-1.0
	22004.99999999	3.3013		2.70616     0.2    0.2		4.1705503158		-1.0
	22049.99999999	2.871		2.38879     0.2    0.2		4.1705503158		-1.0
	22094.99999999	3.48429		2.20172     0.2    0.2		4.1705503158		-1.0
	22139.99999999	3.57949		1.85585     0.2    0.2		4.1705503158		-1.0
	22184.99999999	3.1531		1.71459     0.2    0.2		4.1705503158		-1.0
	22229.99999999	3.18527		1.39703     0.2    0.2		4.1705503158		-1.0
	22274.99999999	3.23848		1.09323     0.2    0.2		4.1705503158		-1.0
	22319.99999999	2.81874		1.10299     0.2    0.2		4.1705503158		-1.0
	22364.99999999	2.6381		0.5117     0.2    0.2		4.1705503158		-1.0
	22409.99999999	2.77789		0.06477     0.2    0.2		4.1705503158		-1.0
	22454.99999999	2.87876		-0.17128     0.2    0.2		4.1705503158		-1.0
	22499.99999999	3.20883		-0.5002     0.2    0.2		4.1705503158		-1.0
	22544.99999999	3.30783		-0.22283     0.2    0.2		4.1705503158		-1.0
	22589.99999999	3.22596		-0.35229     0.2    0.2		4.1705503158		-1.0
	22634.99999999	3.33964		-0.25385     0.2    0.2		4.1705503158		-1.0
	22679.99999999	2.92112		0.04212     0.2    0.2		4.1705503158		-1.0
	22724.99999999	2.65703		-0.03882     0.2    0.2		4.1705503158		-1.0
	22769.99999999	2.69326		-0.56528     0.2    0.2		4.1705503158		-1.0
	22814.99999999	2.71583		-0.85976     0.2    0.2		4.1705503158		-1.0
	22859.99999999	2.87173		-0.64752     0.2    0.2		4.1705503158		-1.0
	22904.99999999	2.55135		-0.40244     0.2    0.2		4.1705503158		-1.0
	22949.99999999	3.45654		-0.07005     0.2    0.2		4.1705503158		-1.0
	22994.99999999	3.4595		0.25148     0.2    0.2		4.1705503158		-1.0
	23039.99999999	3.18823		1.00266     0.2    0.2		4.1705503158		-1.0
	23084.99999999	3.33019		1.4582     0.2    0.2		4.1705503158		-1.0
	23129.99999999	3.39956		1.46728     0.2    0.2		4.1705503158		-1.0
	23174.99999999	3.49772		1.70582     0.2    0.2		4.1705503158		-1.0
	23219.99999999	2.83367		1.74654     0.2    0.2		4.1705503158		-1.0
	23264.99999999	2.72809		1.84016     0.2    0.2		4.1705503158		-1.0
	23309.99999999	2.57547		2.09415     0.2    0.2		4.1705503158		-1.0
	23354.99999999	3.83108		1.55487     0.2    0.2		4.1705503158		-1.0
	23399.99999999	2.80685		1.68849     0.2    0.2		4.1705503158		-1.0
	23444.99999999	3.27228		1.51679     0.2    0.2		4.1705503158		-1.0
	23489.99999999	3.20478		1.14581     0.2    0.2		4.1705503158		-1.0
	23534.99999999	3.1995		0.77988     0.2    0.2		4.1705503158		-1.0
	23579.99999999	3.10109		0.12315     0.2    0.2		4.1705503158		-1.0
	23624.99999999	3.45229		-0.33534     0.2    0.2		4.1705503158		-1.0
	23669.99999999	3.35577		-0.92484     0.2    0.2		4.1705503158		-1.0
	23714.99999999	3.2312		-1.2335     0.2    0.2		4.1705503158		-1.0
	23759.99999999	3.41087		-1.67501     0.2    0.2		4.1705503158		-1.0
	23804.99999999	3.49913		-2.05001     0.2    0.2		4.1705503158		-1.0
	23849.99999999	3.48422		-2.28429     0.2    0.2		4.1705503158		-1.0
	23894.99999999	3.42838		-2.58919     0.2    0.2		4.1705503158		-1.0
	23939.99999999	3.12335		-2.71823     0.2    0.2		4.1705503158		-1.0
	23984.99999999	3.39914		3.04577     0.2    0.2		4.1705503158		-1.0
	24029.99999999	3.17196		2.83697     0.2    0.2		4.1705503158		-1.0
	24074.99999999	3.20972		2.60121     0.2    0.2		4.1705503158		-1.0
	24119.99999999	3.21795		2.39869     0.2    0.2		4.1705503158		-1.0
	24164.99999999	3.54721		2.16463     0.2    0.2		4.1705503158		-1.0
	24209.99999999	3.29384		2.38324     0.2    0.2		4.1705503158		-1.0
	24254.99999999	3.22483		2.57303     0.2    0.2		4.1705503158		-1.0
	24299.99999999	3.3446		3.06304     0.2    0.2		4.1705503158		-1.0
	24344.99999999	3.36417		-2.85186     0.2    0.2		4.1705503158		-1.0
	24389.99999999	3.34255		-2.2226     0.2    0.2		4.1705503158		-1.0
	24434.99999999	3.12169		-2.15346     0.2    0.2		4.1705503158		-1.0
	24479.99999999	3.27545		-2.17161     0.2    0.2		4.1705503158		-1.0
	24524.99999999	3.13053		-1.842     0.2    0.2		4.1705503158		-1.0
	24569.99999999	3.48887		-2.0215     0.2    0.2		4.1705503158		-1.0
	24614.99999999	3.59708		-1.87997     0.2    0.2		4.1705503158		-1.0
	24659.99999999	2.83635		-1.96914     0.2    0.2		4.1705503158		-1.0
	24704.99999999	3.49137		-2.24399     0.2    0.2		4.1705503158		-1.0
	24749.99999999	2.72832		-1.78675     0.2    0.2		4.1705503158		-1.0
	24794.99999999	3.29929		-1.83812     0.2    0.2		4.1705503158		-1.0
	24839.99999999	3.34273		-1.59781     0.2    0.2		4.1705503158		-1.0
	24884.99999999	3.20278		-1.00526     0.2    0.2		4.1705503158		-1.0
	24929.99999999	3.32442		-0.83142     0.2    0.2		4.1705503158		-1.0
	24974.99999999	2.98145		-0.13114     0.2    0.2		4.1705503158		-1.0
	25019.99999999	3.40216		0.77261     0.2    0.2		4.1705503158		-1.0
	25064.99999999	3.45966		0.69511     0.2    0.2		4.1705503158		-1.0
	25109.99999999	3.27237		0.91233     0.2    0.2		4.1705503158		-1.0
	25154.99999999	2.82482		1.12042     0.2    0.2		4.1705503158		-1.0
	25199.99999999	3.11911		0.68817     0.2    0.2		4.1705503158		-1.0
	25244.99999999	2.96798		0.61478     0.2    0.2		4.1705503158		-1.0
	25289.99999999	3.23593		0.44364     0.2    0.2		4.1705503158		-1.0
	25334.99999999	2.83182		0.49166     0.2    0.2		4.1705503158		-1.0
	25379.99999999	2.66059		0.2714     0.2    0.2		4.1705503158		-1.0
	25424.99999999	2.74655		-0.13584     0.2    0.2		4.1705503158		-1.0
	25469.99999999	2.73783		-0.34794     0.2    0.2		4.1705503158		-1.0
	25514.99999999	2.69149		-0.64673     0.2    0.2		4.1705503158		-1.0
	25559.99999999	2.72408		-1.28199     0.2    0.2		4.1705503158		-1.0
	25604.99999999	2.66662		-1.49539     0.2    0.2		4.1705503158		-1.0
	25649.99999999	2.72598		-1.94767     0.2    0.2		4.1705503158		-1.0
	25694.99999999	2.61844		-2.27281     0.2    0.2		4.1705503158		-1.0
	25739.99999999	2.86995		-2.72654     0.2    0.2		4.1705503158		-1.0
	25784.99999999	3.5284		-2.60043     0.2    0.2		4.1705503158		-1.0
	25829.99999999	3.30814		-2.90511     0.2    0.2		4.1705503158		-1.0
	25874.99999999	3.25435		-3.08951     0.2    0.2		4.1705503158		-1.0
	25919.99999999	3.15329		2.97679     0.2    0.2		4.1705503158		-1.0
	25964.99999999	3.64644		2.57885     0.2    0.2		4.1705503158		-1.0
	26009.99999999	3.25439		2.72204     0.2    0.2		4.1705503158		-1.0
	26054.99999999	4.5394		2.37953     0.2    0.2		4.1705503158		-1.0
	26099.99999999	6.67564		2.13196     0.2    0.2		4.1705503158		-1.0
	26144.99999999	8.54602		2.15324     0.2    0.2		4.1705503158		-1.0
	26189.99999999	10.35107		2.25504     0.2    0.2		4.1705503158		-1.0
	26234.99999999	11.58201		2.42179     0.2    0.2		4.1705503158		-1.0
	26279.99999999	12.7954		2.71917     0.2    0.2		4.1705503158		-1.0
	26324.99999999	13.76665		2.77577     0.2    0.2		4.1705503158		-1.0
	26369.99999999	14.79497		-3.04261     0.2    0.2		4.1705503158		-1.0
	26414.99999999	15.84412		-2.65251     0.2    0.2		4.1705503158		-1.0
	26459.99999999	16.60245		-1.89279     0.2    0.2		4.1705503158		-1.0
	26504.99999999	17.54401		-1.3431     0.2    0.2		4.1705503158		-1.0
	26549.99999999	18.14119		-1.03422     0.2    0.2		4.1705503158		-1.0
	26594.99999999	18.95496		-0.78431     0.2    0.2		4.1705503158		-1.0
	26639.99999999	19.78951		-0.55881     0.2    0.2		4.1705503158		-1.0
	26684.99999999	20.74059		-0.15779     0.2    0.2		4.1705503158		-1.0
	26729.99999999	21.60365		0.1651     0.2    0.2		4.1705503158		-1.0
	26774.99999999	22.79489		0.47382     0.2    0.2		4.1705503158		-1.0
	26819.99999999	23.06065		0.74505     0.2    0.2		4.1705503158		-1.0
	26864.99999999	22.6101		1.06198     0.2    0.2		4.1705503158		-1.0
	26909.99999999	21.88901		0.84937     0.2    0.2		4.1705503158		-1.0
	26954.99999999	21.09325		1.37641     0.2    0.2		4.1705503158		-1.0
	26999.99999999	20.20438		1.85094     0.2    0.2		4.1705503158		-1.0
	27044.99999999	19.57726		2.2719     0.2    0.2		4.1705503158		-1.0
	27089.99999999	18.7778		2.32062     0.2    0.2		4.1705503158		-1.0
	27134.99999999	18.24181		2.43339     0.2    0.2		4.1705503158		-1.0
	27179.99999999	17.64318		2.51408     0.2    0.2		4.1705503158		-1.0
	27224.99999998	17.02761		2.50207     0.2    0.2		4.1705503158		-1.0
	27269.99999998	16.41013		2.57928     0.2    0.2		4.1705503158		-1.0
	27314.99999998	15.66576		2.55065     0.2    0.2		4.1705503158		-1.0
	27359.99999998	14.89629		2.57042     0.2    0.2		4.1705503158		-1.0
	27404.99999998	14.04772		2.82596     0.2    0.2		4.1705503158		-1.0
	27449.99999998	13.32434		3.11767     0.2    0.2		4.1705503158		-1.0
	27494.99999998	12.5907		-2.44304     0.2    0.2		4.1705503158		-1.0
	27539.99999998	11.88902		-1.62584     0.2    0.2		4.1705503158		-1.0
	27584.99999998	11.07959		-1.45642     0.2    0.2		4.1705503158		-1.0
	27629.99999998	10.37702		-1.29989     0.2    0.2		4.1705503158		-1.0
	27674.99999998	9.36598		-1.40632     0.2    0.2		4.1705503158		-1.0
	27719.99999998	8.33225		-1.36974     0.2    0.2		4.1705503158		-1.0
	27764.99999998	7.40629		-1.43145     0.2    0.2		4.1705503158		-1.0
	27809.99999998	6.40539		-1.41187     0.2    0.2		4.1705503158		-1.0
	27854.99999998	6.06996		-1.65712     0.2    0.2		4.1705503158		-1.0
	27899.99999998	6.91659		-2.12121     0.2    0.2		4.1705503158		-1.0
	27944.99999998	8.14552		-2.39247     0.2    0.2		4.1705503158		-1.0
	27989.99999998	9.61117		-2.55386     0.2    0.2		4.1705503158		-1.0
	28034.99999998	10.83751		-2.67095     0.2    0.2		4.1705503158		-1.0
	28079.99999998	12.1377		-2.94688     0.2    0.2		4.1705503158		-1.0
	28124.99999998	13.0054		3.023     0.2    0.2		4.1705503158		-1.0
	28169.99999998	13.80057		3.0728     0.2    0.2		4.1705503158		-1.0
	28214.99999998	14.53723		-3.10913     0.2    0.2		4.1705503158		-1.0
	28259.99999998	15.47125		-2.86408     0.2    0.2		4.1705503158		-1.0
	28304.99999998	16.32574		-1.24011     0.2    0.2		4.1705503158		-1.0
	28349.99999998	17.44504		0.29155     0.2    0.2		4.1705503158		-1.0
	28394.99999998	18.5405		0.81398     0.2    0.2		4.1705503158		-1.0
	28439.99999998	19.73436		1.59691     0.2    0.2		4.1705503158		-1.0
	28484.99999998	20.70327		2.38459     0.2    0.2		4.1705503158		-1.0
	28529.99999998	21.17965		-3.03824     0.2    0.2		4.1705503158		-1.0
	28574.99999998	21.3209		-2.38156     0.2    0.2		4.1705503158		-1.0
	28619.99999998	21.16754		-1.9001     0.2    0.2		4.1705503158		-1.0
	28664.99999998	20.67717		-1.52751     0.2    0.2		4.1705503158		-1.0
	28709.99999998	20.26832		-1.47539     0.2    0.2		4.1705503158		-1.0
	28754.99999998	19.86841		-1.38655     0.2    0.2		4.1705503158		-1.0
	28799.99999998	19.74753		-1.10565     0.2    0.2		4.1705503158		-1.0
	28844.99999998	19.63394		-0.9649     0.2    0.2		4.1705503158		-1.0
	28889.99999998	19.16609		-0.76371     0.2    0.2		4.1705503158		-1.0
	28934.99999998	19.02474		-0.53394     0.2    0.2		4.1705503158		-1.0
	28979.99999998	19.20155		0.07508     0.2    0.2		4.1705503158		-1.0
	29024.99999998	20.11952		0.82478     0.2    0.2		4.1705503158		-1.0
	29069.99999998	20.90572		1.81068     0.2    0.2		4.1705503158		-1.0
	29114.99999998	22.10827		2.58158     0.2    0.2		4.1705503158		-1.0
	29159.99999998	22.77295		2.82359     0.2    0.2		4.1705503158		-1.0
	29204.99999998	22.92275		-2.99084     0.2    0.2		4.1705503158		-1.0
	29249.99999998	22.86187		2.39996     0.2    0.2		4.1705503158		-1.0
	29294.99999998	23.25918		2.22139     0.2    0.2		4.1705503158		-1.0
	29339.99999998	23.45742		2.09107     0.2    0.2		4.1705503158		-1.0
	29384.99999998	24.0884		1.5753     0.2    0.2		4.1705503158		-1.0
	29429.99999998	23.94705		0.90927     0.2    0.2		4.1705503158		-1.0
	29474.99999998	22.9692		0.08414     0.2    0.2		4.1705503158		-1.0
	29519.99999998	21.93835		-0.57429     0.2    0.2		4.1705503158		-1.0
	29564.99999998	21.08932		1.99021     0.2    0.2		4.1705503158		-1.0
	29609.99999998	20.98126		2.73725     0.2    0.2		4.1705503158		-1.0
	29654.99999998	21.61864		3.10224     0.2    0.2		4.1705503158		-1.0
	29699.99999998	21.59633		3.02896     0.2    0.2		4.1705503158		-1.0
	29744.99999998	21.36329		2.9297     0.2    0.2		4.1705503158		-1.0
	29789.99999998	20.83782		-2.32489     0.2    0.2		4.1705503158		-1.0
	29834.99999998	20.38596		-2.03884     0.2    0.2		4.1705503158		-1.0
	29879.99999998	19.90178		-2.6587     0.2    0.2		4.1705503158		-1.0
	29924.99999998	20.04048		-3.01857     0.2    0.2		4.1705503158		-1.0
	29969.99999998	20.38197		2.84569     0.2    0.2		4.1705503158		-1.0
	30014.99999998	21.24072		2.54932     0.2    0.2		4.1705503158		-1.0
	30059.99999998	22.5086		2.08043     0.2    0.2		4.1705503158		-1.0
	30104.99999998	23.57364		1.35545     0.2    0.2		4.1705503158		-1.0
	30149.99999998	24.46955		0.17418     0.2    0.2		4.1705503158		-1.0
	30194.99999998	24.98291		-0.67009     0.2    0.2		4.1705503158		-1.0
	30239.99999998	25.49478		-1.21024     0.2    0.2		4.1705503158		-1.0
	30284.99999998	26.30149		-1.41858     0.2    0.2		4.1705503158		-1.0
	30329.99999998	26.89066		-1.65851     0.2    0.2		4.1705503158		-1.0
	30374.99999998	27.69566		-1.98796     0.2    0.2		4.1705503158		-1.0
	30419.99999998	27.64954		2.34222     0.2    0.2		4.1705503158		-1.0
	30464.99999998	26.9349		2.35138     0.2    0.2		4.1705503158		-1.0
	30509.99999998	26.08484		2.29694     0.2    0.2		4.1705503158		-1.0
	30554.99999998	25.35389		-2.64841     0.2    0.2		4.1705503158		-1.0
	30599.99999998	24.58129		-1.80926     0.2    0.2		4.1705503158		-1.0
	30644.99999998	24.14308		-0.95012     0.2    0.2		4.1705503158		-1.0
	30689.99999998	23.77817		-0.29248     0.2    0.2		4.1705503158		-1.0
	30734.99999998	23.37779		0.29854     0.2    0.2		4.1705503158		-1.0
	30779.99999998	23.18217		0.75502     0.2    0.2		4.1705503158		-1.0
	30824.99999998	23.37384		1.23522     0.2    0.2		4.1705503158		-1.0
	30869.99999998	23.50381		1.58446     0.2    0.2		4.1705503158		-1.0
	30914.99999998	23.75922		2.10225     0.2    0.2		4.1705503158		-1.0
	30959.99999998	22.10549		2.87947     0.2    0.2		4.1705503158		-1.0
	31004.99999998	20.74223		-1.30488     0.2    0.2		4.1705503158		-1.0
	31049.99999998	19.7307		-0.73813     0.2    0.2		4.1705503158		-1.0
	31094.99999998	19.36938		0.001     0.2    0.2		4.1705503158		-1.0
	31139.99999998	20.10453		0.72612     0.2    0.2		4.1705503158		-1.0
	31184.99999998	21.36044		1.20028     0.2    0.2		4.1705503158		-1.0
	31229.99999998	22.86199		1.37194     0.2    0.2		4.1705503158		-1.0
	31274.99999998	21.46728		-1.17486     0.2    0.2		4.1705503158		-1.0
	31319.99999998	19.84194		-0.82902     0.2    0.2		4.1705503158		-1.0
	31364.99999998	18.76746		-0.29727     0.2    0.2		4.1705503158		-1.0
	31409.99999998	17.74148		0.68705     0.2    0.2		4.1705503158		-1.0
	31454.99999998	17.19164		1.7798     0.2    0.2		4.1705503158		-1.0
	31499.99999998	17.3283		2.79919     0.2    0.2		4.1705503158		-1.0
	31544.99999998	18.1386		-3.09176     0.2    0.2		4.1705503158		-1.0
	31589.99999998	19.36889		-2.86883     0.2    0.2		4.1705503158		-1.0
	31634.99999998	20.43394		-3.0559     0.2    0.2		4.1705503158		-1.0
	31679.99999998	21.26501		2.90131     0.2    0.2		4.1705503158		-1.0
	31724.99999998	20.51191		2.92604     0.2    0.2		4.1705503158		-1.0
	31769.99999998	19.10911		3.12633     0.2    0.2		4.1705503158		-1.0
	31814.99999998	18.34629		-2.32382     0.2    0.2		4.1705503158		-1.0
	31859.99999998	18.45382		-1.65927     0.2    0.2		4.1705503158		-1.0
	31904.99999998	19.15197		-1.28467     0.2    0.2		4.1705503158		-1.0
	31949.99999998	19.28221		-1.28994     0.2    0.2		4.1705503158		-1.0
	31994.99999998	18.48729		-2.15937     0.2    0.2		4.1705503158		-1.0
	32039.99999998	17.16617		-2.07909     0.2    0.2		4.1705503158		-1.0
	32084.99999998	15.82403		-1.47378     0.2    0.2		4.1705503158		-1.0
	32129.99999998	15.30928		-0.74235     0.2    0.2		4.1705503158		-1.0
	32174.99999998	15.1609		0.10932     0.2    0.2		4.1705503158		-1.0
	32219.99999998	14.67886		0.58732     0.2    0.2		4.1705503158		-1.0
	32264.99999998	13.70835		-0.59926     0.2    0.2		4.1705503158		-1.0
	32309.99999998	12.69935		-0.78609     0.2    0.2		4.1705503158		-1.0
	32354.99999998	11.72273		-0.00663     0.2    0.2		4.1705503158		-1.0
	32399.99999998	10.75955		0.74245     0.2    0.2		4.1705503158		-1.0
	32444.99999998	9.76863		1.80186     0.2    0.2		4.1705503158		-1.0
	32489.99999998	8.99485		3.00253     0.2    0.2		4.1705503158		-1.0
	32534.99999998	8.45096		-2.15591     0.2    0.2		4.1705503158		-1.0
	32579.99999998	8.61857		-1.05018     0.2    0.2		4.1705503158		-1.0
	32624.99999998	9.30473		-0.06631     0.2    0.2		4.1705503158		-1.0
	32669.99999998	10.15293		0.91824     0.2    0.2		4.1705503158		-1.0
	32714.99999998	11.04849		2.97606     0.2    0.2		4.1705503158		-1.0
	32759.99999998	11.6558		-1.6029     0.2    0.2		4.1705503158		-1.0
	32804.99999998	11.98643		-0.94663     0.2    0.2		4.1705503158		-1.0
	32849.99999998	12.22917		-0.12822     0.2    0.2		4.1705503158		-1.0
	32894.99999998	12.573		0.68776     0.2    0.2		4.1705503158		-1.0
	32939.99999998	13.19018		1.4001     0.2    0.2		4.1705503158		-1.0
	32984.99999998	14.0526		2.21545     0.2    0.2		4.1705503158		-1.0
	33029.99999998	14.74572		2.28527     0.2    0.2		4.1705503158		-1.0
	33074.99999998	15.18599		0.86539     0.2    0.2		4.1705503158		-1.0
	33119.99999998	14.36481		1.39346     0.2    0.2		4.1705503158		-1.0
	33164.99999998	13.22898		2.02323     0.2    0.2		4.1705503158		-1.0
	33209.99999998	12.32369		2.84546     0.2    0.2		4.1705503158		-1.0
	33254.99999998	12.55417		-2.70704     0.2    0.2		4.1705503158		-1.0
	33299.99999998	13.49018		-2.31175     0.2    0.2		4.1705503158		-1.0
	33344.99999998	13.90025		2.99454     0.2    0.2		4.1705503158		-1.0
	33389.99999998	13.26995		2.95072     0.2    0.2		4.1705503158		-1.0
	33434.99999998	11.94881		-3.05934     0.2    0.2		4.1705503158		-1.0
	33479.99999998	11.0506		-2.23612     0.2    0.2		4.1705503158		-1.0
	33524.99999998	11.58589		-1.54828     0.2    0.2		4.1705503158		-1.0
	33569.99999998	11.78707		-1.19808     0.2    0.2		4.1705503158		-1.0
	33614.99999998	11.2391		-1.19425     0.2    0.2		4.1705503158		-1.0
	33659.99999998	10.09695		-1.1994     0.2    0.2		4.1705503158		-1.0
	33704.99999998	9.4276		-0.78317     0.2    0.2		4.1705503158		-1.0
	33749.99999997	9.0814		-0.06354     0.2    0.2		4.1705503158		-1.0
	33794.99999997	9.05704		0.74791     0.2    0.2		4.1705503158		-1.0
	33839.99999997	8.74832		1.35186     0.2    0.2		4.1705503158		-1.0
	33884.99999997	8.27454		2.02339     0.2    0.2		4.1705503158		-1.0
	33929.99999997	7.64969		2.46555     0.2    0.2		4.1705503158		-1.0
	33974.99999997	7.48753		2.99787     0.2    0.2		4.1705503158		-1.0
	34019.99999997	8.26249		-3.1277     0.2    0.2		4.1705503158		-1.0
	34064.99999997	9.3352		2.98663     0.2    0.2		4.1705503158		-1.0
	34109.99999997	9.96602		2.47687     0.2    0.2		4.1705503158		-1.0
	34154.99999997	9.59777		2.08881     0.2    0.2		4.1705503158		-1.0
	34199.99999997	8.35203		2.31076     0.2    0.2		4.1705503158		-1.0
	34244.99999997	7.64636		-3.02637     0.2    0.2		4.1705503158		-1.0
	34289.99999997	8.16699		-2.37149     0.2    0.2		4.1705503158		-1.0
	34334.99999997	9.28877		-1.78689     0.2    0.2		4.1705503158		-1.0
	34379.99999997	10.30803		-1.74752     0.2    0.2		4.1705503158		-1.0
	34424.99999997	10.92313		-1.60095     0.2    0.2		4.1705503158		-1.0
	34469.99999997	10.28929		-1.95117     0.2    0.2		4.1705503158		-1.0
	34514.99999997	9.34385		-1.85064     0.2    0.2		4.1705503158		-1.0
	34559.99999997	8.34192		-1.48233     0.2    0.2		4.1705503158		-1.0
	34604.99999997	8.10394		-0.81106     0.2    0.2		4.1705503158		-1.0
	34649.99999997	8.21661		-0.38746     0.2    0.2		4.1705503158		-1.0
	34694.99999997	8.22312		-0.29769     0.2    0.2		4.1705503158		-1.0
	34739.99999997	9.00829		-0.51443     0.2    0.2		4.1705503158		-1.0
	34784.99999997	9.22884		-0.85615     0.2    0.2		4.1705503158		-1.0
	34829.99999997	8.96918		-0.91237     0.2    0.2		4.1705503158		-1.0
	34874.99999997	8.47455		-0.66889     0.2    0.2		4.1705503158		-1.0
	34919.99999997	8.92659		0.25766     0.2    0.2		4.1705503158		-1.0
	34964.99999997	10.28082		0.60362     0.2    0.2		4.1705503158		-1.0
	35009.99999997	11.59811		0.48004     0.2    0.2		4.1705503158		-1.0
	35054.99999997	12.61398		0.10954     0.2    0.2		4.1705503158		-1.0
	35099.99999997	12.42185		-0.24577     0.2    0.2		4.1705503158		-1.0
	35144.99999997	12.28318		-0.55279     0.2    0.2		4.1705503158		-1.0
	35189.99999997	12.29902		-0.15458     0.2    0.2		4.1705503158		-1.0
	35234.99999997	13.65239		1.01108     0.2    0.2		4.1705503158		-1.0
	35279.99999997	15.17338		0.85504     0.2    0.2		4.1705503158		-1.0
	35324.99999997	16.81534		0.206     0.2    0.2		4.1705503158		-1.0
	35369.99999997	17.30442		-0.21716     0.2    0.2		4.1705503158		-1.0
	35414.99999997	17.73399		-0.84095     0.2    0.2		4.1705503158		-1.0
	35459.99999997	17.68753		-1.16427     0.2    0.2		4.1705503158		-1.0
	35504.99999997	18.35138		1.97279     0.2    0.2		4.1705503158		-1.0
	35549.99999997	19.77705		1.32589     0.2    0.2		4.1705503158		-1.0
	35594.99999997	21.09469		-0.84096     0.2    0.2		4.1705503158		-1.0
	35639.99999997	22.03256		-0.42448     0.2    0.2		4.1705503158		-1.0
	35684.99999997	22.42586		-0.77674     0.2    0.2		4.1705503158		-1.0
	35729.99999997	22.66316		-1.37598     0.2    0.2		4.1705503158		-1.0
	35774.99999997	22.25424		-2.2057     0.2    0.2		4.1705503158		-1.0
	35819.99999997	20.06175		-1.83264     0.2    0.2		4.1705503158		-1.0
	35864.99999997	18.86423		-1.70828     0.2    0.2		4.1705503158		-1.0
	35909.99999997	18.30099		-1.09742     0.2    0.2		4.1705503158		-1.0
	35954.99999997	18.88223		-0.92902     0.2    0.2		4.1705503158		-1.0
	35999.99999997	18.60409		-1.15033     0.2    0.2		4.1705503158		-1.0
	36044.99999997	17.90433		-1.94053     0.2    0.2		4.1705503158		-1.0
	36089.99999997	16.42234		-2.96921     0.2    0.2		4.1705503158		-1.0
	36134.99999997	15.11661		2.68505     0.2    0.2		4.1705503158		-1.0
	36179.99999997	13.67046		2.43721     0.2    0.2		4.1705503158		-1.0
	36224.99999997	12.39996		2.56999     0.2    0.2		4.1705503158		-1.0
	36269.99999997	11.30295		2.86203     0.2    0.2		4.1705503158		-1.0
	36314.99999997	10.63679		2.68171     0.2    0.2		4.1705503158		-1.0
	36359.99999997	9.64589		2.49448     0.2    0.2		4.1705503158		-1.0
	36404.99999997	9.19251		2.15143     0.2    0.2		4.1705503158		-1.0
	36449.99999997	8.33757		1.76569     0.2    0.2		4.1705503158		-1.0
	36494.99999997	7.88408		1.38405     0.2    0.2		4.1705503158		-1.0
	36539.99999997	7.49962		0.9718     0.2    0.2		4.1705503158		-1.0
	36584.99999997	7.03318		0.54089     0.2    0.2		4.1705503158		-1.0
	36629.99999997	6.53427		0.01824     0.2    0.2		4.1705503158		-1.0
	36674.99999997	7.41413		-0.00427     0.2    0.2		4.1705503158		-1.0
	36719.99999997	9.20165		-0.05239     0.2    0.2		4.1705503158		-1.0
	36764.99999997	10.8682		-0.32764     0.2    0.2		4.1705503158		-1.0
	36809.99999997	11.88148		-0.59467     0.2    0.2		4.1705503158		-1.0
	36854.99999997	12.83484		-1.08857     0.2    0.2		4.1705503158		-1.0
	36899.99999997	13.479		-0.96888     0.2    0.2		4.1705503158		-1.0
	36944.99999997	14.40412		-1.23275     0.2    0.2		4.1705503158		-1.0
	36989.99999997	15.15146		-0.42413     0.2    0.2		4.1705503158		-1.0
	37034.99999997	15.93774		-0.43663     0.2    0.2		4.1705503158		-1.0
	37079.99999997	16.82528		-0.29964     0.2    0.2		4.1705503158		-1.0
	37124.99999997	17.38811		-0.66299     0.2    0.2		4.1705503158		-1.0
	37169.99999997	18.09089		-0.45585     0.2    0.2		4.1705503158		-1.0
	37214.99999997	18.47053		-0.47899     0.2    0.2		4.1705503158		-1.0
	37259.99999997	19.1726		-0.2692     0.2    0.2		4.1705503158		-1.0
	37304.99999997	19.47591		-0.44802     0.2    0.2		4.1705503158		-1.0
	37349.99999997	18.9255		-0.97016     0.2    0.2		4.1705503158		-1.0
	37394.99999997	18.40804		-1.66076     0.2    0.2		4.1705503158		-1.0
	37439.99999997	17.87716		1.48026     0.2    0.2		4.1705503158		-1.0
	37484.99999997	17.10843		2.0103     0.2    0.2		4.1705503158		-1.0
	37529.99999997	16.39545		2.26655     0.2    0.2		4.1705503158		-1.0
	37574.99999997	15.53966		2.62553     0.2    0.2		4.1705503158		-1.0
	37619.99999997	14.86557		2.77645     0.2    0.2		4.1705503158		-1.0
	37664.99999997	13.95417		-3.14016     0.2    0.2		4.1705503158		-1.0
	37709.99999997	13.48022		-2.77222     0.2    0.2		4.1705503158		-1.0
	37754.99999997	13.03141		-2.4065     0.2    0.2		4.1705503158		-1.0
	37799.99999997	12.62802		-1.88745     0.2    0.2		4.1705503158		-1.0
	37844.99999997	12.22091		-1.40134     0.2    0.2		4.1705503158		-1.0
	37889.99999997	11.77331		-0.97468     0.2    0.2		4.1705503158		-1.0
	37934.99999997	10.97123		-0.533     0.2    0.2		4.1705503158		-1.0
	37979.99999997	9.92896		-0.36603     0.2    0.2		4.1705503158		-1.0
	38024.99999997	8.33417		-0.10018     0.2    0.2		4.1705503158		-1.0
	38069.99999997	6.7441		0.0086     0.2    0.2		4.1705503158		-1.0
	38114.99999997	5.60549		0.21075     0.2    0.2		4.1705503158		-1.0
	38159.99999997	4.97997		0.60838     0.2    0.2		4.1705503158		-1.0
	38204.99999997	6.17371		0.57253     0.2    0.2		4.1705503158		-1.0
	38249.99999997	7.468		0.60826     0.2    0.2		4.1705503158		-1.0
	38294.99999997	8.58554		0.35932     0.2    0.2		4.1705503158		-1.0
	38339.99999997	9.63731		0.36356     0.2    0.2		4.1705503158		-1.0
	38384.99999997	11.11532		0.14053     0.2    0.2		4.1705503158		-1.0
	38429.99999997	12.09645		0.05259     0.2    0.2		4.1705503158		-1.0
	38474.99999997	13.37715		0.0026     0.2    0.2		4.1705503158		-1.0
	38519.99999997	14.67945		0.33919     0.2    0.2		4.1705503158		-1.0
	38564.99999997	16.09416		0.26107     0.2    0.2		4.1705503158		-1.0
	38609.99999997	17.1155		1.1072     0.2    0.2		4.1705503158		-1.0
	38654.99999997	18.44971		1.72512     0.2    0.2		4.1705503158		-1.0
	38699.99999997	19.35339		2.67452     0.2    0.2		4.1705503158		-1.0
	38744.99999997	20.70275		1.46151     0.2    0.2		4.1705503158		-1.0
	38789.99999997	21.86291		0.25493     0.2    0.2		4.1705503158		-1.0
	38834.99999997	21.54169		0.57217     0.2    0.2		4.1705503158		-1.0
	38879.99999997	21.26728		0.55513     0.2    0.2		4.1705503158		-1.0
	38924.99999997	20.60457		-1.38497     0.2    0.2		4.1705503158		-1.0
	38969.99999997	20.27491		-1.06474     0.2    0.2		4.1705503158		-1.0
	39014.99999997	20.43841		-0.50058     0.2    0.2		4.1705503158		-1.0
	39059.99999997	20.85819		-0.35541     0.2    0.2		4.1705503158		-1.0
	39104.99999997	21.82203		-0.35229     0.2    0.2		4.1705503158		-1.0
	39149.99999997	21.40637		-0.53302     0.2    0.2		4.1705503158		-1.0
	39194.99999997	21.09108		-0.46524     0.2    0.2		4.1705503158		-1.0
	39239.99999997	19.88309		-0.44163     0.2    0.2		4.1705503158		-1.0
	39284.99999997	19.41968		-0.24754     0.2    0.2		4.1705503158		-1.0
	39329.99999997	18.88886		-0.02995     0.2    0.2		4.1705503158		-1.0
	39374.99999997	17.87282		0.20621     0.2    0.2		4.1705503158		-1.0
	39419.99999997	16.92037		0.84815     0.2    0.2		4.1705503158		-1.0
	39464.99999997	15.96977		2.24931     0.2    0.2		4.1705503158		-1.0
	39509.99999997	15.38572		2.91833     0.2    0.2		4.1705503158		-1.0
	39554.99999997	14.64341		-2.69195     0.2    0.2		4.1705503158		-1.0
	39599.99999997	14.6137		-1.97019     0.2    0.2		4.1705503158		-1.0
	39644.99999997	14.30231		-1.79161     0.2    0.2		4.1705503158		-1.0
	39689.99999997	14.47715		-1.35995     0.2    0.2		4.1705503158		-1.0
	39734.99999997	15.27204		-1.48669     0.2    0.2		4.1705503158		-1.0
	39779.99999997	16.2654		-1.55753     0.2    0.2		4.1705503158		-1.0
	39824.99999997	17.43552		-1.81227     0.2    0.2		4.1705503158		-1.0
	39869.99999997	18.15523		-1.76438     0.2    0.2		4.1705503158		-1.0
	39914.99999997	19.25308		-2.22462     0.2    0.2		4.1705503158		-1.0
	39959.99999997	19.84328		3.07156     0.2    0.2		4.1705503158		-1.0
	40004.99999997	19.8789		1.87105     0.2    0.2		4.1705503158		-1.0
	40049.99999997	18.89922		1.9508     0.2    0.2		4.1705503158		-1.0
	40094.99999997	18.37539		-1.94421     0.2    0.2		4.1705503158		-1.0
	40139.99999997	17.49836		-2.13911     0.2    0.2		4.1705503158		-1.0
	40184.99999997	17.23127		-2.32632     0.2    0.2		4.1705503158		-1.0
	40229.99999996	16.25119		-2.67782     0.2    0.2		4.1705503158		-1.0
	40274.99999996	15.41974		-2.97922     0.2    0.2		4.1705503158		-1.0
	40319.99999996	14.82327		-2.3347     0.2    0.2		4.1705503158		-1.0
	40364.99999996	14.95923		-1.68873     0.2    0.2		4.1705503158		-1.0
	40409.99999996	15.81348		-1.69456     0.2    0.2		4.1705503158		-1.0
	40454.99999996	16.93099		-1.77628     0.2    0.2		4.1705503158		-1.0
	40499.99999996	17.95026		-2.51798     0.2    0.2		4.1705503158		-1.0
	40544.99999996	18.91838		2.89575     0.2    0.2		4.1705503158		-1.0
	40589.99999996	19.35222		2.54386     0.2    0.2		4.1705503158		-1.0
	40634.99999996	19.61082		2.32438     0.2    0.2		4.1705503158		-1.0
	40679.99999996	19.36439		2.06567     0.2    0.2		4.1705503158		-1.0
	40724.99999996	19.35547		1.68575     0.2    0.2		4.1705503158		-1.0
	40769.99999996	19.18037		1.70529     0.2    0.2		4.1705503158		-1.0
	40814.99999996	18.96845		2.75794     0.2    0.2		4.1705503158		-1.0
	40859.99999996	18.71616		-2.70174     0.2    0.2		4.1705503158		-1.0
	40904.99999996	19.02468		2.00389     0.2    0.2		4.1705503158		-1.0
	40949.99999996	19.27389		2.59747     0.2    0.2		4.1705503158		-1.0
	40994.99999996	19.5855		2.90748     0.2    0.2		4.1705503158		-1.0
	41039.99999996	19.80169		-2.80435     0.2    0.2		4.1705503158		-1.0
	41084.99999996	20.09798		-2.26341     0.2    0.2		4.1705503158		-1.0
	41129.99999996	20.23241		-1.05683     0.2    0.2		4.1705503158		-1.0
	41174.99999996	20.30098		-0.0224     0.2    0.2		4.1705503158		-1.0
	41219.99999996	20.3659		0.67179     0.2    0.2		4.1705503158		-1.0
	41264.99999996	20.43435		0.78017     0.2    0.2		4.1705503158		-1.0
	41309.99999996	20.72439		1.06104     0.2    0.2		4.1705503158		-1.0
	41354.99999996	20.96739		0.6827     0.2    0.2		4.1705503158		-1.0
	41399.99999996	20.83258		0.43311     0.2    0.2		4.1705503158		-1.0
	41444.99999996	19.7631		0.05831     0.2    0.2		4.1705503158		-1.0
	41489.99999996	18.82826		0.2253     0.2    0.2		4.1705503158		-1.0
	41534.99999996	17.38585		0.8511     0.2    0.2		4.1705503158		-1.0
	41579.99999996	15.95435		1.35536     0.2    0.2		4.1705503158		-1.0
	41624.99999996	15.04518		2.25986     0.2    0.2		4.1705503158		-1.0
	41669.99999996	14.03962		-3.1359     0.2    0.2		4.1705503158		-1.0
	41714.99999996	14.90264		-2.6025     0.2    0.2		4.1705503158		-1.0
	41759.99999996	15.80412		-2.43475     0.2    0.2		4.1705503158		-1.0
	41804.99999996	16.34766		-2.44192     0.2    0.2		4.1705503158		-1.0
	41849.99999996	16.92656		-2.3845     0.2    0.2		4.1705503158		-1.0
	41894.99999996	16.75638		-2.26371     0.2    0.2		4.1705503158		-1.0
	41939.99999996	15.84176		-1.95938     0.2    0.2		4.1705503158		-1.0
	41984.99999996	15.12661		-1.41903     0.2    0.2		4.1705503158		-1.0
	42029.99999996	14.81862		-0.74537     0.2    0.2		4.1705503158		-1.0
	42074.99999996	14.87273		-0.22778     0.2    0.2		4.1705503158		-1.0
	42119.99999996	14.4454		0.24134     0.2    0.2		4.1705503158		-1.0
	42164.99999996	13.51118		0.68497     0.2    0.2		4.1705503158		-1.0
	42209.99999996	12.22624		1.31668     0.2    0.2		4.1705503158		-1.0
	42254.99999996	11.20326		2.223     0.2    0.2		4.1705503158		-1.0
	42299.99999996	10.28083		1.89807     0.2    0.2		4.1705503158		-1.0
	42344.99999996	9.52943		1.63736     0.2    0.2		4.1705503158		-1.0
	42389.99999996	8.57425		1.85859     0.2    0.2		4.1705503158		-1.0
	42434.99999996	7.96559		1.30665     0.2    0.2		4.1705503158		-1.0
	42479.99999996	8.04363		0.48055     0.2    0.2		4.1705503158		-1.0
	42524.99999996	8.80784		0.18119     0.2    0.2		4.1705503158		-1.0
	42569.99999996	9.49121		0.30481     0.2    0.2		4.1705503158		-1.0
	42614.99999996	10.47447		0.19865     0.2    0.2		4.1705503158		-1.0
	42659.99999996	11.36633		0.61588     0.2    0.2		4.1705503158		-1.0
	42704.99999996	12.42257		0.47373     0.2    0.2		4.1705503158		-1.0
	42749.99999996	12.85647		1.43348     0.2    0.2		4.1705503158		-1.0
	42794.99999996	13.13247		2.26168     0.2    0.2		4.1705503158		-1.0
	42839.99999996	12.84106		-2.73266     0.2    0.2		4.1705503158		-1.0
	42884.99999996	12.8739		-2.09565     0.2    0.2		4.1705503158		-1.0
	42929.99999996	12.98551		-1.2822     0.2    0.2		4.1705503158		-1.0
	42974.99999996	13.17093		-1.04445     0.2    0.2		4.1705503158		-1.0
	43019.99999996	13.05767		0.03714     0.2    0.2		4.1705503158		-1.0
	43064.99999996	13.09778		-0.33024     0.2    0.2		4.1705503158		-1.0
	43109.99999996	12.71689		-0.92677     0.2    0.2		4.1705503158		-1.0
	43154.99999996	11.89568		-1.74959     0.2    0.2		4.1705503158		-1.0
	43199.99999996	10.97962		-2.15333     0.2    0.2		4.1705503158		-1.0
	43244.99999996	10.22355		-2.68541     0.2    0.2		4.1705503158		-1.0
	43289.99999996	8.97732		-2.93006     0.2    0.2		4.1705503158		-1.0
	43334.99999996	8.581		2.6163     0.2    0.2		4.1705503158		-1.0
	43379.99999996	8.11532		2.24309     0.2    0.2		4.1705503158		-1.0
	43424.99999996	8.14879		1.52439     0.2    0.2		4.1705503158		-1.0
	43469.99999996	7.14773		0.92512     0.2    0.2		4.1705503158		-1.0
	43514.99999996	7.15953		0.1954     0.2    0.2		4.1705503158		-1.0
	43559.99999996	7.09748		-0.57202     0.2    0.2		4.1705503158		-1.0
	43604.99999996	8.03604		-0.9044     0.2    0.2		4.1705503158		-1.0
	43649.99999996	8.08088		-1.2877     0.2    0.2		4.1705503158		-1.0
	43694.99999996	7.86558		-2.06864     0.2    0.2		4.1705503158		-1.0
	43739.99999996	7.80966		-2.89298     0.2    0.2		4.1705503158		-1.0
	43784.99999996	8.04209		3.07509     0.2    0.2		4.1705503158		-1.0
	43829.99999996	8.50599		3.07272     0.2    0.2		4.1705503158		-1.0
	43874.99999996	9.4649		-2.99437     0.2    0.2		4.1705503158		-1.0
	43919.99999996	10.72726		-2.98422     0.2    0.2		4.1705503158		-1.0
	43964.99999996	12.00175		-3.10614     0.2    0.2		4.1705503158		-1.0
	44009.99999996	13.13258		3.0452     0.2    0.2		4.1705503158		-1.0
	44054.99999996	13.60953		2.28744     0.2    0.2		4.1705503158		-1.0
	44099.99999996	13.58523		-0.00316     0.2    0.2		4.1705503158		-1.0
	44144.99999996	13.83297		-0.26448     0.2    0.2		4.1705503158		-1.0
	44189.99999996	14.40205		-0.66302     0.2    0.2		4.1705503158		-1.0
	44234.99999996	15.1233		-0.75899     0.2    0.2		4.1705503158		-1.0
	44279.99999996	15.77314		-1.1504     0.2    0.2		4.1705503158		-1.0
	44324.99999996	16.40782		-1.39605     0.2    0.2		4.1705503158		-1.0
	44369.99999996	17.37701		-1.65397     0.2    0.2		4.1705503158		-1.0
	44414.99999996	18.07056		-1.6361     0.2    0.2		4.1705503158		-1.0
	44459.99999996	18.23616		-1.29317     0.2    0.2		4.1705503158		-1.0
	44504.99999996	17.31892		-1.01599     0.2    0.2		4.1705503158		-1.0
	44549.99999996	15.88969		-1.16982     0.2    0.2		4.1705503158		-1.0
	44594.99999996	15.06123		-1.74845     0.2    0.2		4.1705503158		-1.0
	44639.99999996	15.23105		-2.54011     0.2    0.2		4.1705503158		-1.0
	44684.99999996	16.46695		-3.01475     0.2    0.2		4.1705503158		-1.0
	44729.99999996	17.78236		2.87714     0.2    0.2		4.1705503158		-1.0
	44774.99999996	18.59533		-3.11352     0.2    0.2		4.1705503158		-1.0
	44819.99999996	18.38887		-2.7552     0.2    0.2		4.1705503158		-1.0
	44864.99999996	17.22266		-3.00063     0.2    0.2		4.1705503158		-1.0
	44909.99999996	16.46027		2.61387     0.2    0.2		4.1705503158		-1.0
	44954.99999996	17.17126		2.23377     0.2    0.2		4.1705503158		-1.0
	44999.99999996	18.60544		3.09562     0.2    0.2		4.1705503158		-1.0
	45044.99999996	19.61757		-2.33284     0.2    0.2		4.1705503158		-1.0
	45089.99999996	20.14868		-0.78336     0.2    0.2		4.1705503158		-1.0
	45134.99999996	20.37162		-0.87962     0.2    0.2		4.1705503158		-1.0
	45179.99999996	21.30771		-1.18157     0.2    0.2		4.1705503158		-1.0
	45224.99999996	21.21785		-1.52578     0.2    0.2		4.1705503158		-1.0
	45269.99999996	21.27601		2.41316     0.2    0.2		4.1705503158		-1.0
	45314.99999996	21.9885		2.4592     0.2    0.2		4.1705503158		-1.0
	45359.99999996	22.66952		2.59048     0.2    0.2		4.1705503158		-1.0
	45404.99999996	23.59023		2.73647     0.2    0.2		4.1705503158		-1.0
	45449.99999996	23.89168		2.59012     0.2    0.2		4.1705503158		-1.0
	45494.99999996	24.64235		-0.03591     0.2    0.2		4.1705503158		-1.0
	45539.99999996	25.43967		-0.30163     0.2    0.2		4.1705503158		-1.0
	45584.99999996	24.49291		-0.41349     0.2    0.2		4.1705503158		-1.0
	45629.99999996	23.78231		-0.47062     0.2    0.2		4.1705503158		-1.0
	45674.99999996	22.97587		-0.61208     0.2    0.2		4.1705503158		-1.0
	45719.99999996	22.31615		-0.70822     0.2    0.2		4.1705503158		-1.0
	45764.99999996	21.45726		-0.90998     0.2    0.2		4.1705503158		-1.0
	45809.99999996	20.68558		-1.01026     0.2    0.2		4.1705503158		-1.0
	45854.99999996	19.94393		-1.35735     0.2    0.2		4.1705503158		-1.0
	45899.99999996	18.9552		-1.82438     0.2    0.2		4.1705503158		-1.0
	45944.99999996	18.19676		-2.47485     0.2    0.2		4.1705503158		-1.0
	45989.99999996	16.88816		-2.95364     0.2    0.2		4.1705503158		-1.0
	46034.99999996	15.78761		2.86547     0.2    0.2		4.1705503158		-1.0
	46079.99999996	14.87416		3.06648     0.2    0.2		4.1705503158		-1.0
	46124.99999996	14.19043		3.00886     0.2    0.2		4.1705503158		-1.0
	46169.99999996	12.99348		-2.54889     0.2    0.2		4.1705503158		-1.0
	46214.99999996	12.95		-2.19088     0.2    0.2		4.1705503158		-1.0
	46259.99999996	12.11852		-2.35419     0.2    0.2		4.1705503158		-1.0
	46304.99999996	11.92798		-2.51401     0.2    0.2		4.1705503158		-1.0
	46349.99999996	11.12482		-2.62303     0.2    0.2		4.1705503158		-1.0
	46394.99999996	10.92225		-3.1286     0.2    0.2		4.1705503158		-1.0
	46439.99999996	10.76553		2.03013     0.2    0.2		4.1705503158		-1.0
	46484.99999996	10.89111		0.47028     0.2    0.2		4.1705503158		-1.0
	46529.99999996	11.40723		0.31266     0.2    0.2		4.1705503158		-1.0
	46574.99999996	11.93694		-0.199     0.2    0.2		4.1705503158		-1.0
	46619.99999996	11.78926		-0.22338     0.2    0.2		4.1705503158		-1.0
	46664.99999996	10.77277		-0.55045     0.2    0.2		4.1705503158		-1.0
	46709.99999996	9.92274		-0.88825     0.2    0.2		4.1705503158		-1.0
	46754.99999995	8.94914		-1.26558     0.2    0.2		4.1705503158		-1.0
	46799.99999995	8.56134		-1.87746     0.2    0.2		4.1705503158		-1.0
	46844.99999995	8.65772		-2.63245     0.2    0.2		4.1705503158		-1.0
	46889.99999995	8.85502		2.93159     0.2    0.2		4.1705503158		-1.0
	46934.99999995	9.097		2.28937     0.2    0.2		4.1705503158		-1.0
	46979.99999995	8.82408		1.91088     0.2    0.2		4.1705503158		-1.0
	47024.99999995	9.07663		1.64142     0.2    0.2		4.1705503158		-1.0
	47069.99999995	9.39251		1.532     0.2    0.2		4.1705503158		-1.0
	47114.99999995	9.88012		1.26148     0.2    0.2		4.1705503158		-1.0
	47159.99999995	10.47469		1.30676     0.2    0.2		4.1705503158		-1.0
	47204.99999995	11.20144		1.07555     0.2    0.2		4.1705503158		-1.0
	47249.99999995	12.19155		1.23895     0.2    0.2		4.1705503158		-1.0
	47294.99999995	13.17567		0.93034     0.2    0.2		4.1705503158		-1.0
	47339.99999995	14.337		1.04948     0.2    0.2		4.1705503158		-1.0
	47384.99999995	15.1829		0.97195     0.2    0.2		4.1705503158		-1.0
	47429.99999995	15.94978		1.69851     0.2    0.2		4.1705503158		-1.0
	47474.99999995	16.67022		2.3812     0.2    0.2		4.1705503158		-1.0
	47519.99999995	17.89793		2.95162     0.2    0.2		4.1705503158		-1.0
	47564.99999995	18.81983		2.71374     0.2    0.2		4.1705503158		-1.0
	47609.99999995	19.3245		2.99446     0.2    0.2		4.1705503158		-1.0
	47654.99999995	20.06578		2.59253     0.2    0.2		4.1705503158		-1.0
	47699.99999995	19.67265		2.68371     0.2    0.2		4.1705503158		-1.0
	47744.99999995	19.43339		-1.97928     0.2    0.2		4.1705503158		-1.0
	47789.99999995	19.82961		-1.94427     0.2    0.2		4.1705503158		-1.0
	47834.99999995	19.45715		-1.29095     0.2    0.2		4.1705503158		-1.0
	47879.99999995	19.51391		-1.24501     0.2    0.2		4.1705503158		-1.0
	47924.99999995	19.06304		-0.64149     0.2    0.2		4.1705503158		-1.0
	47969.99999995	19.47176		-0.37219     0.2    0.2		4.1705503158		-1.0
	48014.99999995	19.47031		1.14173     0.2    0.2		4.1705503158		-1.0
	48059.99999995	19.35677		1.18578     0.2    0.2		4.1705503158		-1.0
	48104.99999995	18.45369		1.31084     0.2    0.2		4.1705503158		-1.0
	48149.99999995	17.33784		0.97382     0.2    0.2		4.1705503158		-1.0
	48194.99999995	16.43071		1.14401     0.2    0.2		4.1705503158		-1.0
	48239.99999995	15.56329		0.984     0.2    0.2		4.1705503158		-1.0
	48284.99999995	14.80213		1.00474     0.2    0.2		4.1705503158		-1.0
	48329.99999995	13.74076		1.04946     0.2    0.2		4.1705503158		-1.0
	48374.99999995	13.04859		1.19827     0.2    0.2		4.1705503158		-1.0
	48419.99999995	11.91872		1.10228     0.2    0.2		4.1705503158		-1.0
	48464.99999995	11.01052		1.10183     0.2    0.2		4.1705503158		-1.0
	48509.99999995	10.02192		0.97786     0.2    0.2		4.1705503158		-1.0
	48554.99999995	9.17511		1.0581     0.2    0.2		4.1705503158		-1.0
	48599.99999995	7.94387		1.04596     0.2    0.2		4.1705503158		-1.0
	48644.99999995	7.0958		0.96931     0.2    0.2		4.1705503158		-1.0
	48689.99999995	5.89464		1.1094     0.2    0.2		4.1705503158		-1.0
	48734.99999995	5.26835		1.01915     0.2    0.2		4.1705503158		-1.0
	48779.99999995	6.07586		1.22135     0.2    0.2		4.1705503158		-1.0
	48824.99999995	7.89738		1.12798     0.2    0.2		4.1705503158		-1.0
	48869.99999995	9.23766		1.27357     0.2    0.2		4.1705503158		-1.0
	48914.99999995	11.16494		1.34721     0.2    0.2		4.1705503158		-1.0
	48959.99999995	12.51033		1.61126     0.2    0.2		4.1705503158		-1.0
	49004.99999995	13.82262		1.89526     0.2    0.2		4.1705503158		-1.0
	49049.99999995	14.98478		1.98906     0.2    0.2		4.1705503158		-1.0
	49094.99999995	16.25412		1.65762     0.2    0.2		4.1705503158		-1.0
	49139.99999995	17.22633		1.30677     0.2    0.2		4.1705503158		-1.0
	49184.99999995	17.96152		1.37862     0.2    0.2		4.1705503158		-1.0
	49229.99999995	19.06726		1.42451     0.2    0.2		4.1705503158		-1.0
	49274.99999995	19.9556		1.52408     0.2    0.2		4.1705503158		-1.0
	49319.99999995	20.95838		1.36896     0.2    0.2		4.1705503158		-1.0
	49364.99999995	22.10783		1.36924     0.2    0.2		4.1705503158		-1.0
	49409.99999995	21.91058		1.26811     0.2    0.2		4.1705503158		-1.0
	49454.99999995	21.24906		1.49615     0.2    0.2		4.1705503158		-1.0
	49499.99999995	21.78228		2.98467     0.2    0.2		4.1705503158		-1.0
	49544.99999995	22.80171		2.90295     0.2    0.2		4.1705503158		-1.0
	49589.99999995	24.09124		-3.08029     0.2    0.2		4.1705503158		-1.0
	49634.99999995	25.04576		-2.82293     0.2    0.2		4.1705503158		-1.0
	49679.99999995	25.18614		-2.5003     0.2    0.2		4.1705503158		-1.0
	49724.99999995	24.52827		-2.26862     0.2    0.2		4.1705503158		-1.0
	49769.99999995	23.71759		-2.66252     0.2    0.2		4.1705503158		-1.0
	49814.99999995	23.64707		-3.05184     0.2    0.2		4.1705503158		-1.0
	49859.99999995	22.76722		2.91011     0.2    0.2		4.1705503158		-1.0
	49904.99999995	22.19992		2.57333     0.2    0.2		4.1705503158		-1.0
	49949.99999995	22.43073		1.91503     0.2    0.2		4.1705503158		-1.0
	49994.99999995	23.176		1.63554     0.2    0.2		4.1705503158		-1.0
