	45.00000000	2.93921		2.36116     0.2    0.2		4.1705503158		-1.0
	90.00000000	2.89184		2.33571     0.2    0.2		4.1705503158		-1.0
	135.00000000	3.03523		2.10393     0.2    0.2		4.1705503158		-1.0
	180.00000000	2.80425		1.8318     0.2    0.2		4.1705503158		-1.0
	225.00000000	2.98802		1.40242     0.2    0.2		4.1705503158		-1.0
	270.00000000	2.87242		1.41576     0.2    0.2		4.1705503158		-1.0
	315.00000000	2.95539		0.93774     0.2    0.2		4.1705503158		-1.0
	360.00000000	2.89799		0.40007     0.2    0.2		4.1705503158		-1.0
	405.00000000	2.93773		0.32744     0.2    0.2		4.1705503158		-1.0
	450.00000000	2.95343		-0.58938     0.2    0.2		4.1705503158		-1.0
	495.00000000	2.90688		-0.7999     0.2    0.2		4.1705503158		-1.0
	540.00000000	2.95882		-1.03551     0.2    0.2		4.1705503158		-1.0
	585.00000000	2.84135		-1.34055     0.2    0.2		4.1705503158		-1.0
	630.00000000	3.05274		-1.46313     0.2    0.2		4.1705503158		-1.0
	675.00000000	2.88558		-1.7372     0.2    0.2		4.1705503158		-1.0
	720.00000000	2.91453		-2.1718     0.2    0.2		4.1705503158		-1.0
	765.00000000	2.8136		-2.30307     0.2    0.2		4.1705503158		-1.0
	810.00000000	3.0436		-2.64336     0.2    0.2		4.1705503158		-1.0
	855.00000000	2.93325		-2.81435     0.2    0.2		4.1705503158		-1.0
	900.00000000	2.87376		3.04594     0.2    0.2		4.1705503158		-1.0
	945.00000000	2.85187		2.81848     0.2    0.2		4.1705503158		-1.0
	990.00000000	2.97128		2.25869     0.2    0.2		4.1705503158		-1.0
	1035.00000000	3.00937		1.97736     0.2    0.2		4.1705503158		-1.0
	1080.00000000	2.97496		1.5595     0.2    0.2		4.1705503158		-1.0
	1125.00000000	2.88345		0.92445     0.2    0.2		4.1705503158		-1.0
	1170.00000000	2.76252		0.16291     0.2    0.2		4.1705503158		-1.0
	1215.00000000	3.02957		-0.53186     0.2    0.2		4.1705503158		-1.0
	1260.00000000	2.94986		-0.99451     0.2    0.2		4.1705503158		-1.0
	1305.00000000	3.05107		-1.04153     0.2    0.2		4.1705503158		-1.0
	1350.00000000	2.84935		-1.49486     0.2    0.2		4.1705503158		-1.0
	1395.00000000	2.98121		-1.44407     0.2    0.2		4.1705503158		-1.0
	1440.00000000	2.97808		-1.91365     0.2    0.2		4.1705503158		-1.0
	1485.00000000	3.0011		-2.1509     0.2    0.2		4.1705503158		-1.0
	1530.00000000	2.92005		-2.29964     0.2    0.2		4.1705503158		-1.0
	1575.00000000	2.844		-2.74587     0.2    0.2		4.1705503158		-1.0
	1620.00000000	2.85757		-3.11365     0.2    0.2		4.1705503158		-1.0
	1665.00000000	2.95147		2.49627     0.2    0.2		4.1705503158		-1.0
	1710.00000000	2.91382		2.05216     0.2    0.2		4.1705503158		-1.0
	1755.00000000	3.02336		1.48161     0.2    0.2		4.1705503158		-1.0
	1800.00000000	2.98361		0.95726     0.2    0.2		4.1705503158		-1.0
	1845.00000000	2.87908		0.51241     0.2    0.2		4.1705503158		-1.0
	1890.00000000	2.78245		-0.23643     0.2    0.2		4.1705503158		-1.0
	1935.00000000	3.00183		-0.09313     0.2    0.2		4.1705503158		-1.0
	1980.00000000	3.05719		-0.38336     0.2    0.2		4.1705503158		-1.0
	2025.00000000	2.95247		0.09545     0.2    0.2		4.1705503158		-1.0
	2070.00000000	2.77711		0.78395     0.2    0.2		4.1705503158		-1.0
	2115.00000000	2.71652		0.57856     0.2    0.2		4.1705503158		-1.0
	2160.00000000	2.90224		0.99278     0.2    0.2		4.1705503158		-1.0
	2205.00000000	2.93424		1.07235     0.2    0.2		4.1705503158		-1.0
	2250.00000000	2.9226		0.85064     0.2    0.2		4.1705503158		-1.0
	2295.00000000	2.99656		0.39528     0.2    0.2		4.1705503158		-1.0
	2340.00000000	2.984		-0.31125     0.2    0.2		4.1705503158		-1.0
	2385.00000000	2.90626		-0.61232     0.2    0.2		4.1705503158		-1.0
	2430.00000000	2.97916		-0.58861     0.2    0.2		4.1705503158		-1.0
	2475.00000000	2.85107		-0.42769     0.2    0.2		4.1705503158		-1.0
	2520.00000000	2.82507		-0.04891     0.2    0.2		4.1705503158		-1.0
	2565.00000000	2.74564		0.71136     0.2    0.2		4.1705503158		-1.0
	2610.00000000	2.78781		1.2539     0.2    0.2		4.1705503158		-1.0
	2655.00000000	2.94341		1.50395     0.2    0.2		4.1705503158		-1.0
	2700.00000000	2.83921		1.78061     0.2    0.2		4.1705503158		-1.0
	2745.00000000	2.92588		1.94774     0.2    0.2		4.1705503158		-1.0
	2790.00000000	2.82666		2.15136     0.2    0.2		4.1705503158		-1.0
	2835.00000000	2.87165		2.37926     0.2    0.2		4.1705503158		-1.0
	2880.00000000	2.82085		2.79186     0.2    0.2		4.1705503158		-1.0
	2925.00000000	2.9535		2.86206     0.2    0.2		4.1705503158		-1.0
	2970.00000000	2.92748		-3.06701     0.2    0.2		4.1705503158		-1.0
	3015.00000000	2.88639		-2.5215     0.2    0.2		4.1705503158		-1.0
	3060.00000000	2.88553		-2.38481     0.2    0.2		4.1705503158		-1.0
	3105.00000000	2.92539		-1.66412     0.2    0.2		4.1705503158		-1.0
	3150.00000000	3.02019		-1.9012     0.2    0.2		4.1705503158		-1.0
	3195.00000000	2.90838		-1.74748     0.2    0.2		4.1705503158		-1.0
	3240.00000000	2.82957		-1.90672     0.2    0.2		4.1705503158		-1.0
	3285.00000000	2.90088		-2.1831     0.2    0.2		4.1705503158		-1.0
	3330.00000000	2.99558		-2.46958     0.2    0.2		4.1705503158		-1.0
	3375.00000000	2.96986		-2.83346     0.2    0.2		4.1705503158		-1.0
	3420.00000000	3.01123		2.96086     0.2    0.2		4.1705503158		-1.0
	3465.00000000	2.90574		2.70832     0.2    0.2		4.1705503158		-1.0
	3510.00000000	2.91219		2.28451     0.2    0.2		4.1705503158		-1.0
	3555.00000000	3.01041		1.99124     0.2    0.2		4.1705503158		-1.0
	3600.00000000	2.85196		1.73052     0.2    0.2		4.1705503158		-1.0
	3645.00000000	2.80986		1.10181     0.2    0.2		4.1705503158		-1.0
	3690.00000000	3.13669		0.85271     0.2    0.2		4.1705503158		-1.0
	3735.00000000	2.95374		0.04848     0.2    0.2		4.1705503158		-1.0
	3780.00000000	2.98733		-0.29621     0.2    0.2		4.1705503158		-1.0
	3825.00000000	3.00197		-0.85397     0.2    0.2		4.1705503158		-1.0
	3870.00000000	2.97885		-0.93545     0.2    0.2		4.1705503158		-1.0
	3915.00000000	3.00704		-1.27875     0.2    0.2		4.1705503158		-1.0
	3960.00000000	2.80689		-1.10203     0.2    0.2		4.1705503158		-1.0
	4005.00000000	2.74775		-1.19935     0.2    0.2		4.1705503158		-1.0
	4050.00000000	2.74661		-0.83946     0.2    0.2		4.1705503158		-1.0
	4095.00000000	2.73864		0.15305     0.2    0.2		4.1705503158		-1.0
	4140.00000000	2.69088		0.80892     0.2    0.2		4.1705503158		-1.0
	4185.00000000	2.91021		0.63113     0.2    0.2		4.1705503158		-1.0
	4230.00000000	2.81125		0.24671     0.2    0.2		4.1705503158		-1.0
	4275.00000000	2.86505		-0.67059     0.2    0.2		4.1705503158		-1.0
	4320.00000000	2.74185		-1.02547     0.2    0.2		4.1705503158		-1.0
	4365.00000000	2.67972		-0.9038     0.2    0.2		4.1705503158		-1.0
	4410.00000000	2.83746		-1.25431     0.2    0.2		4.1705503158		-1.0
	4455.00000000	2.95986		-1.46119     0.2    0.2		4.1705503158		-1.0
	4500.00000000	2.86176		-1.39839     0.2    0.2		4.1705503158		-1.0
	4545.00000000	3.10584		-1.99258     0.2    0.2		4.1705503158		-1.0
	4590.00000000	2.80548		-1.92919     0.2    0.2		4.1705503158		-1.0
	4635.00000000	2.90488		-2.54504     0.2    0.2		4.1705503158		-1.0
	4680.00000000	2.92343		-2.4284     0.2    0.2		4.1705503158		-1.0
	4725.00000000	2.99907		-3.00224     0.2    0.2		4.1705503158		-1.0
	4770.00000000	2.90862		-2.94043     0.2    0.2		4.1705503158		-1.0
	4815.00000000	2.891		2.7739     0.2    0.2		4.1705503158		-1.0
	4860.00000000	2.92826		2.58146     0.2    0.2		4.1705503158		-1.0
	4905.00000000	2.90038		2.09261     0.2    0.2		4.1705503158		-1.0
	4950.00000000	3.08255		1.74745     0.2    0.2		4.1705503158		-1.0
	4995.00000000	3.14482		1.17514     0.2    0.2		4.1705503158		-1.0
	5040.00000000	2.92261		1.10627     0.2    0.2		4.1705503158		-1.0
	5085.00000000	2.90714		1.34641     0.2    0.2		4.1705503158		-1.0
	5130.00000000	3.129		0.88859     0.2    0.2		4.1705503158		-1.0
	5175.00000000	2.95021		-0.10509     0.2    0.2		4.1705503158		-1.0
	5220.00000000	3.03869		-0.19833     0.2    0.2		4.1705503158		-1.0
	5265.00000000	3.01394		0.60421     0.2    0.2		4.1705503158		-1.0
	5310.00000000	2.8516		0.29012     0.2    0.2		4.1705503158		-1.0
	5355.00000000	3.11087		-0.17602     0.2    0.2		4.1705503158		-1.0
	5400.00000000	3.17487		0.37574     0.2    0.2		4.1705503158		-1.0
	5445.00000000	2.94079		1.24363     0.2    0.2		4.1705503158		-1.0
	5490.00000000	2.9703		1.14326     0.2    0.2		4.1705503158		-1.0
	5535.00000000	3.34647		1.0648     0.2    0.2		4.1705503158		-1.0
	5580.00000000	3.32326		1.50815     0.2    0.2		4.1705503158		-1.0
	5625.00000000	3.12123		1.70583     0.2    0.2		4.1705503158		-1.0
	5670.00000000	2.96746		2.02874     0.2    0.2		4.1705503158		-1.0
	5715.00000000	3.0342		2.09497     0.2    0.2		4.1705503158		-1.0
	5760.00000000	3.14849		2.51652     0.2    0.2		4.1705503158		-1.0
	5805.00000000	3.10378		2.84673     0.2    0.2		4.1705503158		-1.0
	5850.00000000	2.9875		3.05295     0.2    0.2		4.1705503158		-1.0
	5895.00000000	2.68948		-2.87321     0.2    0.2		4.1705503158		-1.0
	5940.00000000	2.79011		-2.53793     0.2    0.2		4.1705503158		-1.0
	5985.00000000	3.07524		-2.37134     0.2    0.2		4.1705503158		-1.0
	6030.00000000	3.0758		-2.04418     0.2    0.2		4.1705503158		-1.0
	6075.00000000	2.82842		-1.88968     0.2    0.2		4.1705503158		-1.0
	6120.00000000	2.77385		-1.64738     0.2    0.2		4.1705503158		-1.0
	6165.00000000	3.14553		-1.55271     0.2    0.2		4.1705503158		-1.0
	6210.00000000	3.1814		-1.57358     0.2    0.2		4.1705503158		-1.0
	6255.00000000	3.13431		-1.26097     0.2    0.2		4.1705503158		-1.0
	6300.00000000	2.69708		-1.54092     0.2    0.2		4.1705503158		-1.0
	6345.00000000	3.2389		-1.44842     0.2    0.2		4.1705503158		-1.0
	6390.00000000	3.15984		-1.5994     0.2    0.2		4.1705503158		-1.0
	6435.00000000	2.71385		-1.97866     0.2    0.2		4.1705503158		-1.0
	6480.00000000	3.02127		-1.96838     0.2    0.2		4.1705503158		-1.0
	6525.00000000	2.84159		-2.3791     0.2    0.2		4.1705503158		-1.0
	6570.00000000	3.34498		-2.17486     0.2    0.2		4.1705503158		-1.0
	6615.00000000	3.16175		-2.70681     0.2    0.2		4.1705503158		-1.0
	6660.00000000	2.90725		-2.5099     0.2    0.2		4.1705503158		-1.0
	6705.00000000	3.01391		3.04024     0.2    0.2		4.1705503158		-1.0
	6750.00000000	3.07435		-3.12736     0.2    0.2		4.1705503158		-1.0
	6795.00000000	2.97222		2.55047     0.2    0.2		4.1705503158		-1.0
	6840.00000000	2.83604		2.29428     0.2    0.2		4.1705503158		-1.0
	6885.00000000	2.89312		2.0097     0.2    0.2		4.1705503158		-1.0
	6930.00000000	2.91122		1.56935     0.2    0.2		4.1705503158		-1.0
	6975.00000000	3.18877		1.60405     0.2    0.2		4.1705503158		-1.0
	7020.00000000	2.78735		1.12815     0.2    0.2		4.1705503158		-1.0
	7065.00000000	3.08735		0.70869     0.2    0.2		4.1705503158		-1.0
	7110.00000000	2.95429		0.37077     0.2    0.2		4.1705503158		-1.0
	7155.00000000	2.7153		-0.28384     0.2    0.2		4.1705503158		-1.0
	7200.00000000	2.82193		-0.81171     0.2    0.2		4.1705503158		-1.0
	7245.00000000	3.09983		-0.79869     0.2    0.2		4.1705503158		-1.0
	7290.00000000	2.90775		-0.81112     0.2    0.2		4.1705503158		-1.0
	7335.00000000	2.72387		-1.19903     0.2    0.2		4.1705503158		-1.0
	7380.00000000	2.81165		-0.49586     0.2    0.2		4.1705503158		-1.0
	7425.00000000	3.02039		0.30517     0.2    0.2		4.1705503158		-1.0
	7470.00000000	3.34741		0.95027     0.2    0.2		4.1705503158		-1.0
	7515.00000000	3.09953		1.23902     0.2    0.2		4.1705503158		-1.0
	7560.00000000	2.92653		1.50283     0.2    0.2		4.1705503158		-1.0
	7605.00000000	2.84198		2.01774     0.2    0.2		4.1705503158		-1.0
	7650.00000000	3.16429		2.44073     0.2    0.2		4.1705503158		-1.0
	7695.00000000	3.27118		2.51238     0.2    0.2		4.1705503158		-1.0
	7740.00000000	2.90428		2.64788     0.2    0.2		4.1705503158		-1.0
	7785.00000000	3.1812		3.12979     0.2    0.2		4.1705503158		-1.0
	7830.00000000	2.71867		3.02114     0.2    0.2		4.1705503158		-1.0
	7875.00000000	2.77646		-2.99669     0.2    0.2		4.1705503158		-1.0
	7920.00000000	3.15106		-2.78598     0.2    0.2		4.1705503158		-1.0
	7965.00000000	2.94973		-2.80761     0.2    0.2		4.1705503158		-1.0
	8010.00000000	2.74286		-2.26849     0.2    0.2		4.1705503158		-1.0
	8055.00000000	3.25806		-2.47467     0.2    0.2		4.1705503158		-1.0
	8100.00000000	2.7413		-2.16369     0.2    0.2		4.1705503158		-1.0
	8145.00000000	2.86626		-2.15445     0.2    0.2		4.1705503158		-1.0
	8190.00000000	3.09184		-1.81305     0.2    0.2		4.1705503158		-1.0
	8235.00000000	3.23321		-2.08721     0.2    0.2		4.1705503158		-1.0
	8280.00000000	3.33539		-1.79622     0.2    0.2		4.1705503158		-1.0
	8325.00000000	2.88414		-1.76871     0.2    0.2		4.1705503158		-1.0
	8370.00000000	2.71335		-1.76259     0.2    0.2		4.1705503158		-1.0
	8415.00000000	2.8404		-1.59382     0.2    0.2		4.1705503158		-1.0
	8460.00000000	3.07428		-1.33226     0.2    0.2		4.1705503158		-1.0
	8505.00000000	3.19077		-0.35277     0.2    0.2		4.1705503158		-1.0
	8550.00000000	3.0362		0.83033     0.2    0.2		4.1705503158		-1.0
	8595.00000000	2.8597		0.90296     0.2    0.2		4.1705503158		-1.0
	8640.00000000	2.88736		0.51204     0.2    0.2		4.1705503158		-1.0
	8685.00000000	2.79607		-0.04027     0.2    0.2		4.1705503158		-1.0
	8730.00000000	2.81075		-0.54164     0.2    0.2		4.1705503158		-1.0
	8775.00000000	2.95031		-0.63203     0.2    0.2		4.1705503158		-1.0
	8820.00000000	3.27051		0.14452     0.2    0.2		4.1705503158		-1.0
	8865.00000000	2.91828		0.95406     0.2    0.2		4.1705503158		-1.0
	8910.00000000	3.0495		1.31803     0.2    0.2		4.1705503158		-1.0
	8955.00000000	2.65758		1.84104     0.2    0.2		4.1705503158		-1.0
	9000.00000000	2.94824		1.99551     0.2    0.2		4.1705503158		-1.0
	9045.00000000	3.24075		2.43272     0.2    0.2		4.1705503158		-1.0
	9090.00000000	2.76646		2.70778     0.2    0.2		4.1705503158		-1.0
	9135.00000000	2.95112		2.80771     0.2    0.2		4.1705503158		-1.0
	9180.00000000	2.7935		3.09512     0.2    0.2		4.1705503158		-1.0
	9225.00000000	2.92824		-2.75458     0.2    0.2		4.1705503158		-1.0
	9270.00000000	2.71483		-2.53092     0.2    0.2		4.1705503158		-1.0
	9315.00000000	2.70613		-1.79106     0.2    0.2		4.1705503158		-1.0
	9360.00000000	2.73179		-1.369     0.2    0.2		4.1705503158		-1.0
	9405.00000000	3.11875		-0.61945     0.2    0.2		4.1705503158		-1.0
	9450.00000000	2.93786		-0.13333     0.2    0.2		4.1705503158		-1.0
	9495.00000000	3.19453		0.25794     0.2    0.2		4.1705503158		-1.0
	9540.00000000	3.15564		0.54835     0.2    0.2		4.1705503158		-1.0
	9585.00000000	2.97106		0.43861     0.2    0.2		4.1705503158		-1.0
	9630.00000000	3.41821		0.27036     0.2    0.2		4.1705503158		-1.0
	9675.00000000	3.29627		0.01308     0.2    0.2		4.1705503158		-1.0
	9720.00000000	3.04036		-0.21314     0.2    0.2		4.1705503158		-1.0
	9765.00000000	2.6411		-0.67466     0.2    0.2		4.1705503158		-1.0
	9810.00000000	2.97744		-0.8081     0.2    0.2		4.1705503158		-1.0
	9855.00000000	3.2782		-1.03032     0.2    0.2		4.1705503158		-1.0
	9900.00000000	3.31149		-0.99119     0.2    0.2		4.1705503158		-1.0
	9945.00000000	3.20016		-0.93777     0.2    0.2		4.1705503158		-1.0
	9990.00000000	3.21905		-1.45383     0.2    0.2		4.1705503158		-1.0
	10035.00000000	2.87194		-0.99888     0.2    0.2		4.1705503158		-1.0
	10080.00000000	2.82404		-0.47407     0.2    0.2		4.1705503158		-1.0
	10125.00000000	2.83303		0.21107     0.2    0.2		4.1705503158		-1.0
	10170.00000000	2.77447		0.2759     0.2    0.2		4.1705503158		-1.0
	10215.00000000	2.83435		0.71813     0.2    0.2		4.1705503158		-1.0
	10260.00000000	2.78285		0.15741     0.2    0.2		4.1705503158		-1.0
	10305.00000000	2.77013		-0.47056     0.2    0.2		4.1705503158		-1.0
	10350.00000000	2.74619		-0.45029     0.2    0.2		4.1705503158		-1.0
	10395.00000000	3.05587		0.07469     0.2    0.2		4.1705503158		-1.0
	10440.00000000	3.2397		0.72689     0.2    0.2		4.1705503158		-1.0
	10485.00000000	2.68516		0.6686     0.2    0.2		4.1705503158		-1.0
	10530.00000000	2.66515		1.15212     0.2    0.2		4.1705503158		-1.0
	10575.00000000	2.83241		1.52814     0.2    0.2		4.1705503158		-1.0
	10620.00000000	2.83702		1.25608     0.2    0.2		4.1705503158		-1.0
	10665.00000000	2.80121		1.68162     0.2    0.2		4.1705503158		-1.0
	10710.00000000	3.36266		2.0073     0.2    0.2		4.1705503158		-1.0
	10755.00000000	3.1592		2.25615     0.2    0.2		4.1705503158		-1.0
	10800.00000000	3.10394		2.41779     0.2    0.2		4.1705503158		-1.0
	10845.00000001	3.34181		2.73694     0.2    0.2		4.1705503158		-1.0
	10890.00000001	3.07403		2.78392     0.2    0.2		4.1705503158		-1.0
	10935.00000001	2.75539		3.02851     0.2    0.2		4.1705503158		-1.0
	10980.00000001	2.64924		3.1215     0.2    0.2		4.1705503158		-1.0
	11025.00000001	3.01344		3.09296     0.2    0.2		4.1705503158		-1.0
	11070.00000001	2.85204		-2.65616     0.2    0.2		4.1705503158		-1.0
	11115.00000001	2.81921		-2.84187     0.2    0.2		4.1705503158		-1.0
	11160.00000001	2.95717		-2.3315     0.2    0.2		4.1705503158		-1.0
	11205.00000001	3.225		-2.48673     0.2    0.2		4.1705503158		-1.0
	11250.00000001	3.45115		-2.23522     0.2    0.2		4.1705503158		-1.0
	11295.00000001	2.87177		-2.33928     0.2    0.2		4.1705503158		-1.0
	11340.00000001	2.94474		-2.01842     0.2    0.2		4.1705503158		-1.0
	11385.00000001	3.32127		-2.1131     0.2    0.2		4.1705503158		-1.0
	11430.00000001	3.17686		-2.02073     0.2    0.2		4.1705503158		-1.0
	11475.00000001	3.08642		-2.13812     0.2    0.2		4.1705503158		-1.0
	11520.00000001	3.12033		-2.1099     0.2    0.2		4.1705503158		-1.0
	11565.00000001	2.96977		-2.03134     0.2    0.2		4.1705503158		-1.0
	11610.00000001	2.58646		-2.23538     0.2    0.2		4.1705503158		-1.0
	11655.00000001	2.73719		-1.97959     0.2    0.2		4.1705503158		-1.0
	11700.00000001	2.89599		-2.1997     0.2    0.2		4.1705503158		-1.0
	11745.00000001	3.21909		-2.38342     0.2    0.2		4.1705503158		-1.0
	11790.00000001	2.75208		-2.56023     0.2    0.2		4.1705503158		-1.0
	11835.00000001	2.75181		-2.89971     0.2    0.2		4.1705503158		-1.0
	11880.00000001	3.44013		-2.93968     0.2    0.2		4.1705503158		-1.0
	11925.00000001	2.85178		2.92762     0.2    0.2		4.1705503158		-1.0
	11970.00000001	2.88394		2.74129     0.2    0.2		4.1705503158		-1.0
	12015.00000001	2.6105		2.12948     0.2    0.2		4.1705503158		-1.0
	12060.00000001	2.7974		2.24558     0.2    0.2		4.1705503158		-1.0
	12105.00000001	2.91219		1.78057     0.2    0.2		4.1705503158		-1.0
	12150.00000001	3.16287		1.75591     0.2    0.2		4.1705503158		-1.0
	12195.00000001	3.15795		1.71714     0.2    0.2		4.1705503158		-1.0
	12240.00000001	3.12729		1.5176     0.2    0.2		4.1705503158		-1.0
	12285.00000001	3.16209		1.62461     0.2    0.2		4.1705503158		-1.0
	12330.00000001	2.81056		1.5249     0.2    0.2		4.1705503158		-1.0
	12375.00000001	3.42259		1.22837     0.2    0.2		4.1705503158		-1.0
	12420.00000001	2.83502		1.66479     0.2    0.2		4.1705503158		-1.0
	12465.00000001	2.90164		1.2055     0.2    0.2		4.1705503158		-1.0
	12510.00000001	3.04193		1.46611     0.2    0.2		4.1705503158		-1.0
	12555.00000001	3.42787		1.1427     0.2    0.2		4.1705503158		-1.0
	12600.00000001	3.28311		1.17633     0.2    0.2		4.1705503158		-1.0
	12645.00000001	2.81041		1.18945     0.2    0.2		4.1705503158		-1.0
	12690.00000001	3.2906		0.42814     0.2    0.2		4.1705503158		-1.0
	12735.00000001	3.22548		-0.0294     0.2    0.2		4.1705503158		-1.0
	12780.00000001	3.27088		-0.66327     0.2    0.2		4.1705503158		-1.0
	12825.00000001	3.15294		-0.948     0.2    0.2		4.1705503158		-1.0
	12870.00000001	2.90915		-0.95679     0.2    0.2		4.1705503158		-1.0
	12915.00000001	2.98933		-1.34892     0.2    0.2		4.1705503158		-1.0
	12960.00000001	3.31611		-1.18119     0.2    0.2		4.1705503158		-1.0
	13005.00000001	2.6552		-1.56147     0.2    0.2		4.1705503158		-1.0
	13050.00000001	3.08487		-1.5266     0.2    0.2		4.1705503158		-1.0
	13095.00000001	2.66647		-1.89442     0.2    0.2		4.1705503158		-1.0
	13140.00000001	3.44697		-1.67651     0.2    0.2		4.1705503158		-1.0
	13185.00000001	2.90367		-2.04553     0.2    0.2		4.1705503158		-1.0
	13230.00000001	3.08063		-1.78189     0.2    0.2		4.1705503158		-1.0
	13275.00000001	2.62828		-2.26261     0.2    0.2		4.1705503158		-1.0
	13320.00000001	2.61984		-1.86457     0.2    0.2		4.1705503158		-1.0
	13365.00000001	2.88346		-1.92276     0.2    0.2		4.1705503158		-1.0
	13410.00000001	3.28667		-1.86577     0.2    0.2		4.1705503158		-1.0
	13455.00000001	3.24613		-1.44454     0.2    0.2		4.1705503158		-1.0
	13500.00000001	3.04813		-1.04749     0.2    0.2		4.1705503158		-1.0
	13545.00000001	3.21121		-0.17411     0.2    0.2		4.1705503158		-1.0
	13590.00000001	3.05958		0.62685     0.2    0.2		4.1705503158		-1.0
	13635.00000001	2.73051		0.35835     0.2    0.2		4.1705503158		-1.0
	13680.00000001	2.83638		-0.17794     0.2    0.2		4.1705503158		-1.0
	13725.00000001	3.13606		0.20453     0.2    0.2		4.1705503158		-1.0
	13770.00000001	3.0525		-0.28331     0.2    0.2		4.1705503158		-1.0
	13815.00000001	3.40209		-0.35267     0.2    0.2		4.1705503158		-1.0
	13860.00000001	3.17444		-0.60202     0.2    0.2		4.1705503158		-1.0
	13905.00000001	3.40744		-0.3451     0.2    0.2		4.1705503158		-1.0
	13950.00000001	2.87275		-0.09027     0.2    0.2		4.1705503158		-1.0
	13995.00000001	2.858		0.65922     0.2    0.2		4.1705503158		-1.0
	14040.00000001	2.71611		0.68405     0.2    0.2		4.1705503158		-1.0
	14085.00000001	2.65165		0.44931     0.2    0.2		4.1705503158		-1.0
	14130.00000001	3.30713		0.48194     0.2    0.2		4.1705503158		-1.0
	14175.00000001	2.86664		-0.13632     0.2    0.2		4.1705503158		-1.0
	14220.00000001	2.87162		0.09495     0.2    0.2		4.1705503158		-1.0
	14265.00000000	2.73176		-0.55202     0.2    0.2		4.1705503158		-1.0
	14310.00000000	3.39454		-0.95435     0.2    0.2		4.1705503158		-1.0
	14355.00000000	2.96867		-0.57017     0.2    0.2		4.1705503158		-1.0
	14400.00000000	3.25959		-0.3421     0.2    0.2		4.1705503158		-1.0
	14445.00000000	3.2457		-0.55587     0.2    0.2		4.1705503158		-1.0
	14490.00000000	2.88071		-0.6194     0.2    0.2		4.1705503158		-1.0
	14535.00000000	2.70489		-0.0371     0.2    0.2		4.1705503158		-1.0
	14580.00000000	2.68982		0.47573     0.2    0.2		4.1705503158		-1.0
	14625.00000000	3.30442		0.86444     0.2    0.2		4.1705503158		-1.0
	14670.00000000	3.27674		0.73382     0.2    0.2		4.1705503158		-1.0
	14715.00000000	3.02811		0.06686     0.2    0.2		4.1705503158		-1.0
	14760.00000000	2.95695		0.33979     0.2    0.2		4.1705503158		-1.0
	14805.00000000	2.8812		0.78837     0.2    0.2		4.1705503158		-1.0
	14850.00000000	3.1699		0.1428     0.2    0.2		4.1705503158		-1.0
	14895.00000000	3.43826		-0.05615     0.2    0.2		4.1705503158		-1.0
	14940.00000000	2.82007		-0.25351     0.2    0.2		4.1705503158		-1.0
	14985.00000000	2.80305		0.18582     0.2    0.2		4.1705503158		-1.0
	15030.00000000	2.65179		-0.42972     0.2    0.2		4.1705503158		-1.0
	15075.00000000	2.65262		-0.13327     0.2    0.2		4.1705503158		-1.0
	15120.00000000	2.67462		0.0917     0.2    0.2		4.1705503158		-1.0
	15165.00000000	2.72437		0.1783     0.2    0.2		4.1705503158		-1.0
	15210.00000000	2.67564		-0.48364     0.2    0.2		4.1705503158		-1.0
	15255.00000000	2.68911		-0.05733     0.2    0.2		4.1705503158		-1.0
	15300.00000000	2.68961		0.96359     0.2    0.2		4.1705503158		-1.0
	15345.00000000	2.68092		1.38766     0.2    0.2		4.1705503158		-1.0
	15390.00000000	2.70307		1.96324     0.2    0.2		4.1705503158		-1.0
	15435.00000000	2.76791		2.57654     0.2    0.2		4.1705503158		-1.0
	15480.00000000	2.74984		2.69085     0.2    0.2		4.1705503158		-1.0
	15525.00000000	3.04859		2.69905     0.2    0.2		4.1705503158		-1.0
	15570.00000000	3.25645		2.07523     0.2    0.2		4.1705503158		-1.0
	15615.00000000	3.3215		1.98522     0.2    0.2		4.1705503158		-1.0
	15660.00000000	3.38556		1.57363     0.2    0.2		4.1705503158		-1.0
	15705.00000000	3.42125		1.4616     0.2    0.2		4.1705503158		-1.0
	15750.00000000	3.20833		1.21592     0.2    0.2		4.1705503158		-1.0
	15795.00000000	3.17677		1.20282     0.2    0.2		4.1705503158		-1.0
	15840.00000000	3.30935		0.96784     0.2    0.2		4.1705503158		-1.0
	15885.00000000	3.27703		0.66695     0.2    0.2		4.1705503158		-1.0
	15930.00000000	3.45991		0.21243     0.2    0.2		4.1705503158		-1.0
	15975.00000000	3.40651		-0.61071     0.2    0.2		4.1705503158		-1.0
	16020.00000000	2.68685		-1.00853     0.2    0.2		4.1705503158		-1.0
	16065.00000000	2.79043		-1.14782     0.2    0.2		4.1705503158		-1.0
	16110.00000000	2.68144		-1.69386     0.2    0.2		4.1705503158		-1.0
	16155.00000000	3.08364		-1.67416     0.2    0.2		4.1705503158		-1.0
	16200.00000000	3.16862		-2.15261     0.2    0.2		4.1705503158		-1.0
	16245.00000000	3.28206		-1.9664     0.2    0.2		4.1705503158		-1.0
	16290.00000000	3.35405		-2.22836     0.2    0.2		4.1705503158		-1.0
	16335.00000000	3.32076		-2.53818     0.2    0.2		4.1705503158		-1.0
	16380.00000000	3.10218		-2.74427     0.2    0.2		4.1705503158		-1.0
	16425.00000000	3.25731		2.93381     0.2    0.2		4.1705503158		-1.0
	16470.00000000	3.31087		2.6337     0.2    0.2		4.1705503158		-1.0
	16515.00000000	3.30485		2.04085     0.2    0.2		4.1705503158		-1.0
	16560.00000000	3.3128		1.79276     0.2    0.2		4.1705503158		-1.0
	16605.00000000	2.67673		1.59699     0.2    0.2		4.1705503158		-1.0
	16650.00000000	3.19584		1.10996     0.2    0.2		4.1705503158		-1.0
	16695.00000000	2.60449		1.40863     0.2    0.2		4.1705503158		-1.0
	16740.00000000	3.22734		0.23002     0.2    0.2		4.1705503158		-1.0
	16785.00000000	3.26047		-0.60664     0.2    0.2		4.1705503158		-1.0
	16830.00000000	3.20332		-1.4071     0.2    0.2		4.1705503158		-1.0
	16875.00000000	3.25683		-1.82974     0.2    0.2		4.1705503158		-1.0
	16920.00000000	3.37491		-1.70425     0.2    0.2		4.1705503158		-1.0
	16965.00000000	3.3948		-2.10986     0.2    0.2		4.1705503158		-1.0
	17010.00000000	3.15001		-2.60405     0.2    0.2		4.1705503158		-1.0
	17055.00000000	3.01744		-2.63869     0.2    0.2		4.1705503158		-1.0
	17100.00000000	3.06987		-3.05143     0.2    0.2		4.1705503158		-1.0
	17145.00000000	3.3186		3.00044     0.2    0.2		4.1705503158		-1.0
	17190.00000000	2.69497		2.38035     0.2    0.2		4.1705503158		-1.0
	17235.00000000	2.7388		2.16522     0.2    0.2		4.1705503158		-1.0
	17280.00000000	2.72403		1.72843     0.2    0.2		4.1705503158		-1.0
	17325.00000000	2.79684		1.39585     0.2    0.2		4.1705503158		-1.0
	17370.00000000	2.71445		0.85643     0.2    0.2		4.1705503158		-1.0
	17415.00000000	2.89127		0.53894     0.2    0.2		4.1705503158		-1.0
	17460.00000000	3.1		0.48927     0.2    0.2		4.1705503158		-1.0
	17505.00000000	3.19673		-0.06511     0.2    0.2		4.1705503158		-1.0
	17550.00000000	3.22676		-0.16817     0.2    0.2		4.1705503158		-1.0
	17595.00000000	3.20505		-0.90402     0.2    0.2		4.1705503158		-1.0
	17640.00000000	2.88377		-0.97397     0.2    0.2		4.1705503158		-1.0
	17685.00000000	2.86816		-1.39443     0.2    0.2		4.1705503158		-1.0
	17730.00000000	2.66639		-1.5929     0.2    0.2		4.1705503158		-1.0
	17775.00000000	2.80781		-1.6115     0.2    0.2		4.1705503158		-1.0
	17820.00000000	2.84531		-1.74623     0.2    0.2		4.1705503158		-1.0
	17865.00000000	2.73987		-1.63318     0.2    0.2		4.1705503158		-1.0
	17910.00000000	3.34385		-1.46265     0.2    0.2		4.1705503158		-1.0
	17955.00000000	3.29542		-1.10946     0.2    0.2		4.1705503158		-1.0
	18000.00000000	2.60709		-0.85113     0.2    0.2		4.1705503158		-1.0
	18045.00000000	3.2346		-0.68265     0.2    0.2		4.1705503158		-1.0
	18090.00000000	3.53475		-0.38576     0.2    0.2		4.1705503158		-1.0
	18135.00000000	3.38979		0.11703     0.2    0.2		4.1705503158		-1.0
	18180.00000000	3.22002		0.82412     0.2    0.2		4.1705503158		-1.0
	18225.00000000	3.11412		0.68363     0.2    0.2		4.1705503158		-1.0
	18270.00000000	2.88041		1.12629     0.2    0.2		4.1705503158		-1.0
	18315.00000000	2.65132		1.34658     0.2    0.2		4.1705503158		-1.0
	18360.00000000	2.69507		1.75809     0.2    0.2		4.1705503158		-1.0
	18405.00000000	2.79588		1.8809     0.2    0.2		4.1705503158		-1.0
	18450.00000000	2.62698		2.50535     0.2    0.2		4.1705503158		-1.0
	18495.00000000	3.3489		2.85221     0.2    0.2		4.1705503158		-1.0
	18540.00000000	2.92505		2.75373     0.2    0.2		4.1705503158		-1.0
	18585.00000000	2.66227		2.8535     0.2    0.2		4.1705503158		-1.0
	18630.00000000	2.697		2.57536     0.2    0.2		4.1705503158		-1.0
	18675.00000000	2.72318		2.51289     0.2    0.2		4.1705503158		-1.0
	18720.00000000	3.32385		2.13881     0.2    0.2		4.1705503158		-1.0
	18765.00000000	2.6511		2.09077     0.2    0.2		4.1705503158		-1.0
	18810.00000000	3.55646		1.78426     0.2    0.2		4.1705503158		-1.0
	18855.00000000	3.08168		1.74486     0.2    0.2		4.1705503158		-1.0
	18900.00000000	3.21996		1.79198     0.2    0.2		4.1705503158		-1.0
	18945.00000000	3.16641		1.79268     0.2    0.2		4.1705503158		-1.0
	18990.00000000	2.91937		1.87421     0.2    0.2		4.1705503158		-1.0
	19035.00000000	3.14197		2.3828     0.2    0.2		4.1705503158		-1.0
	19080.00000000	3.26066		2.24833     0.2    0.2		4.1705503158		-1.0
	19125.00000000	2.75978		2.82111     0.2    0.2		4.1705503158		-1.0
	19170.00000000	2.79278		-3.02155     0.2    0.2		4.1705503158		-1.0
	19215.00000000	3.17906		-2.91673     0.2    0.2		4.1705503158		-1.0
	19260.00000000	2.7671		-2.61463     0.2    0.2		4.1705503158		-1.0
	19305.00000000	2.88084		-2.58199     0.2    0.2		4.1705503158		-1.0
	19350.00000000	3.45277		-2.17245     0.2    0.2		4.1705503158		-1.0
	19395.00000000	3.22494		-2.33043     0.2    0.2		4.1705503158		-1.0
	19440.00000000	3.20806		-2.41971     0.2    0.2		4.1705503158		-1.0
	19485.00000000	3.16999		-2.73065     0.2    0.2		4.1705503158		-1.0
	19530.00000000	3.05811		-3.07273     0.2    0.2		4.1705503158		-1.0
	19575.00000000	3.49263		3.03944     0.2    0.2		4.1705503158		-1.0
	19620.00000000	3.33122		2.88514     0.2    0.2		4.1705503158		-1.0
	19665.00000000	3.23864		2.60167     0.2    0.2		4.1705503158		-1.0
	19710.00000000	3.30239		2.1982     0.2    0.2		4.1705503158		-1.0
	19755.00000000	2.71156		2.33583     0.2    0.2		4.1705503158		-1.0
	19800.00000000	2.75956		2.01927     0.2    0.2		4.1705503158		-1.0
	19845.00000000	2.69452		2.13158     0.2    0.2		4.1705503158		-1.0
	19890.00000000	2.6579		2.02858     0.2    0.2		4.1705503158		-1.0
	19935.00000000	2.65599		2.40841     0.2    0.2		4.1705503158		-1.0
	19980.00000000	3.29027		2.64083     0.2    0.2		4.1705503158		-1.0
	20025.00000000	3.02973		2.62215     0.2    0.2		4.1705503158		-1.0
	20070.00000000	3.21485		2.45851     0.2    0.2		4.1705503158		-1.0
	20115.00000000	3.27473		1.8544     0.2    0.2		4.1705503158		-1.0
	20160.00000000	3.18488		2.12697     0.2    0.2		4.1705503158		-1.0
	20205.00000000	3.53224		1.75463     0.2    0.2		4.1705503158		-1.0
	20250.00000000	2.79938		2.15629     0.2    0.2		4.1705503158		-1.0
	20295.00000000	3.25325		2.08331     0.2    0.2		4.1705503158		-1.0
	20340.00000000	2.79056		2.94689     0.2    0.2		4.1705503158		-1.0
	20385.00000000	2.77182		3.08126     0.2    0.2		4.1705503158		-1.0
	20430.00000000	2.97478		-2.79816     0.2    0.2		4.1705503158		-1.0
	20475.00000000	3.4482		-2.66861     0.2    0.2		4.1705503158		-1.0
	20520.00000000	2.90683		-2.16498     0.2    0.2		4.1705503158		-1.0
	20565.00000000	2.63081		-2.32684     0.2    0.2		4.1705503158		-1.0
	20610.00000000	2.63299		-2.06112     0.2    0.2		4.1705503158		-1.0
	20655.00000000	2.85596		-2.50446     0.2    0.2		4.1705503158		-1.0
	20700.00000000	2.74748		-2.5442     0.2    0.2		4.1705503158		-1.0
	20744.99999999	2.64645		-2.96956     0.2    0.2		4.1705503158		-1.0
	20789.99999999	3.56079		-3.13476     0.2    0.2		4.1705503158		-1.0
	20834.99999999	3.24401		2.55104     0.2    0.2		4.1705503158		-1.0
	20879.99999999	3.43335		2.4208     0.2    0.2		4.1705503158		-1.0
	20924.99999999	3.39783		1.96385     0.2    0.2		4.1705503158		-1.0
	20969.99999999	3.23466		1.94857     0.2    0.2		4.1705503158		-1.0
	21014.99999999	3.25838		1.27761     0.2    0.2		4.1705503158		-1.0
	21059.99999999	3.41133		1.36979     0.2    0.2		4.1705503158		-1.0
	21104.99999999	3.12797		0.73661     0.2    0.2		4.1705503158		-1.0
	21149.99999999	3.10457		0.47268     0.2    0.2		4.1705503158		-1.0
	21194.99999999	2.93241		-0.18022     0.2    0.2		4.1705503158		-1.0
	21239.99999999	2.77839		-0.76521     0.2    0.2		4.1705503158		-1.0
	21284.99999999	3.12241		-1.31792     0.2    0.2		4.1705503158		-1.0
	21329.99999999	3.33639		-1.37271     0.2    0.2		4.1705503158		-1.0
	21374.99999999	3.33333		-1.59941     0.2    0.2		4.1705503158		-1.0
	21419.99999999	3.53308		-1.82901     0.2    0.2		4.1705503158		-1.0
	21464.99999999	3.42727		-2.25907     0.2    0.2		4.1705503158		-1.0
	21509.99999999	3.1467		-2.45479     0.2    0.2		4.1705503158		-1.0
	21554.99999999	3.24878		-2.64528     0.2    0.2		4.1705503158		-1.0
	21599.99999999	3.2337		-3.08489     0.2    0.2		4.1705503158		-1.0
	21644.99999999	3.13018		2.88757     0.2    0.2		4.1705503158		-1.0
	21689.99999999	3.50148		2.56854     0.2    0.2		4.1705503158		-1.0
	21734.99999999	3.32159		2.20481     0.2    0.2		4.1705503158		-1.0
	21779.99999999	3.63927		2.03893     0.2    0.2		4.1705503158		-1.0
	21824.99999999	3.26461		1.54869     0.2    0.2		4.1705503158		-1.0
	21869.99999999	3.5025		1.56192     0.2    0.2		4.1705503158		-1.0
	21914.99999999	2.84047		1.0666     0.2    0.2		4.1705503158		-1.0
	21959.99999999	2.64985		0.78754     0.2    0.2		4.1705503158		-1.0
	22004.99999999	3.45277		0.35001     0.2    0.2		4.1705503158		-1.0
	22049.99999999	2.61292		-0.06246     0.2    0.2		4.1705503158		-1.0
	22094.99999999	3.20291		-0.53721     0.2    0.2		4.1705503158		-1.0
	22139.99999999	3.02687		-0.72055     0.2    0.2		4.1705503158		-1.0
	22184.99999999	3.50453		-0.97208     0.2    0.2		4.1705503158		-1.0
	22229.99999999	2.66181		-1.2068     0.2    0.2		4.1705503158		-1.0
	22274.99999999	3.44981		-1.06401     0.2    0.2		4.1705503158		-1.0
	22319.99999999	2.62914		-1.34018     0.2    0.2		4.1705503158		-1.0
	22364.99999999	4.06038		-1.22943     0.2    0.2		4.1705503158		-1.0
	22409.99999999	6.12605		-1.04475     0.2    0.2		4.1705503158		-1.0
	22454.99999999	8.05715		-1.00474     0.2    0.2		4.1705503158		-1.0
	22499.99999999	9.86885		-0.72862     0.2    0.2		4.1705503158		-1.0
	22544.99999999	11.74592		-0.62404     0.2    0.2		4.1705503158		-1.0
	22589.99999999	13.15698		-0.20588     0.2    0.2		4.1705503158		-1.0
	22634.99999999	14.39402		-0.09183     0.2    0.2		4.1705503158		-1.0
	22679.99999999	15.62068		0.33018     0.2    0.2		4.1705503158		-1.0
	22724.99999999	16.61094		0.54766     0.2    0.2		4.1705503158		-1.0
	22769.99999999	17.5415		2.33043     0.2    0.2		4.1705503158		-1.0
	22814.99999999	18.31626		2.94731     0.2    0.2		4.1705503158		-1.0
	22859.99999999	19.34619		2.87264     0.2    0.2		4.1705503158		-1.0
	22904.99999999	20.47845		2.9599     0.2    0.2		4.1705503158		-1.0
	22949.99999999	21.62783		2.98202     0.2    0.2		4.1705503158		-1.0
	22994.99999999	22.95219		3.00821     0.2    0.2		4.1705503158		-1.0
	23039.99999999	23.9213		2.96274     0.2    0.2		4.1705503158		-1.0
	23084.99999999	25.20985		2.96353     0.2    0.2		4.1705503158		-1.0
	23129.99999999	26.21439		2.79243     0.2    0.2		4.1705503158		-1.0
	23174.99999999	27.10706		2.91796     0.2    0.2		4.1705503158		-1.0
	23219.99999999	26.56866		2.56388     0.2    0.2		4.1705503158		-1.0
	23264.99999999	26.26553		2.5155     0.2    0.2		4.1705503158		-1.0
	23309.99999999	25.51905		2.37118     0.2    0.2		4.1705503158		-1.0
	23354.99999999	24.98573		2.21704     0.2    0.2		4.1705503158		-1.0
	23399.99999999	24.43553		2.03273     0.2    0.2		4.1705503158		-1.0
	23444.99999999	23.73881		1.92588     0.2    0.2		4.1705503158		-1.0
	23489.99999999	23.02473		1.97017     0.2    0.2		4.1705503158		-1.0
	23534.99999999	22.03412		1.79416     0.2    0.2		4.1705503158		-1.0
	23579.99999999	20.97074		1.8702     0.2    0.2		4.1705503158		-1.0
	23624.99999999	19.83093		1.80288     0.2    0.2		4.1705503158		-1.0
	23669.99999999	18.7168		1.85132     0.2    0.2		4.1705503158		-1.0
	23714.99999999	17.6485		1.77373     0.2    0.2		4.1705503158		-1.0
	23759.99999999	16.25562		1.71766     0.2    0.2		4.1705503158		-1.0
	23804.99999999	14.96656		1.6438     0.2    0.2		4.1705503158		-1.0
	23849.99999999	13.53488		1.59741     0.2    0.2		4.1705503158		-1.0
	23894.99999999	12.19135		1.49816     0.2    0.2		4.1705503158		-1.0
	23939.99999999	11.0466		1.49116     0.2    0.2		4.1705503158		-1.0
	23984.99999999	9.79579		1.4471     0.2    0.2		4.1705503158		-1.0
	24029.99999999	8.41178		1.55334     0.2    0.2		4.1705503158		-1.0
	24074.99999999	7.39276		1.61061     0.2    0.2		4.1705503158		-1.0
	24119.99999999	7.08014		2.59211     0.2    0.2		4.1705503158		-1.0
	24164.99999999	7.15136		-2.42742     0.2    0.2		4.1705503158		-1.0
	24209.99999999	7.90615		-2.07057     0.2    0.2		4.1705503158		-1.0
	24254.99999999	9.20422		-1.75365     0.2    0.2		4.1705503158		-1.0
	24299.99999999	10.72773		-1.56374     0.2    0.2		4.1705503158		-1.0
	24344.99999999	12.28777		-1.20154     0.2    0.2		4.1705503158		-1.0
	24389.99999999	13.95338		-0.40513     0.2    0.2		4.1705503158		-1.0
	24434.99999999	15.41271		0.98408     0.2    0.2		4.1705503158		-1.0
	24479.99999999	16.5094		1.02431     0.2    0.2		4.1705503158		-1.0
	24524.99999999	17.30953		0.96122     0.2    0.2		4.1705503158		-1.0
	24569.99999999	18.12691		0.73258     0.2    0.2		4.1705503158		-1.0
	24614.99999999	18.63521		0.52869     0.2    0.2		4.1705503158		-1.0
	24659.99999999	19.24295		0.34216     0.2    0.2		4.1705503158		-1.0
	24704.99999999	19.60343		-0.04132     0.2    0.2		4.1705503158		-1.0
	24749.99999999	20.25286		-0.1953     0.2    0.2		4.1705503158		-1.0
	24794.99999999	21.10445		-0.57745     0.2    0.2		4.1705503158		-1.0
	24839.99999999	22.11059		-0.6047     0.2    0.2		4.1705503158		-1.0
	24884.99999999	23.15088		-0.38324     0.2    0.2		4.1705503158		-1.0
	24929.99999999	24.14528		-0.15958     0.2    0.2		4.1705503158		-1.0
	24974.99999999	25.3183		-0.22009     0.2    0.2		4.1705503158		-1.0
	25019.99999999	26.45346		-0.0475     0.2    0.2		4.1705503158		-1.0
	25064.99999999	27.69335		-0.11305     0.2    0.2		4.1705503158		-1.0
	25109.99999999	28.47715		-0.04565     0.2    0.2		4.1705503158		-1.0
	25154.99999999	28.94044		-0.13962     0.2    0.2		4.1705503158		-1.0
	25199.99999999	28.87047		0.31134     0.2    0.2		4.1705503158		-1.0
	25244.99999999	28.07102		0.38732     0.2    0.2		4.1705503158		-1.0
	25289.99999999	27.24203		0.42004     0.2    0.2		4.1705503158		-1.0
	25334.99999999	26.26767		0.49969     0.2    0.2		4.1705503158		-1.0
	25379.99999999	25.37054		0.47241     0.2    0.2		4.1705503158		-1.0
	25424.99999999	24.38949		0.60627     0.2    0.2		4.1705503158		-1.0
	25469.99999999	23.48764		0.60022     0.2    0.2		4.1705503158		-1.0
	25514.99999999	22.59584		1.16113     0.2    0.2		4.1705503158		-1.0
	25559.99999999	21.90282		-1.35087     0.2    0.2		4.1705503158		-1.0
	25604.99999999	21.4259		0.09753     0.2    0.2		4.1705503158		-1.0
	25649.99999999	21.04478		0.49423     0.2    0.2		4.1705503158		-1.0
	25694.99999999	20.57055		0.69376     0.2    0.2		4.1705503158		-1.0
	25739.99999999	19.7694		1.03387     0.2    0.2		4.1705503158		-1.0
	25784.99999999	18.91425		1.187     0.2    0.2		4.1705503158		-1.0
	25829.99999999	18.03639		1.4806     0.2    0.2		4.1705503158		-1.0
	25874.99999999	17.01361		1.48502     0.2    0.2		4.1705503158		-1.0
	25919.99999999	15.83955		1.57362     0.2    0.2		4.1705503158		-1.0
	25964.99999999	14.71161		1.56122     0.2    0.2		4.1705503158		-1.0
	26009.99999999	13.6002		1.49606     0.2    0.2		4.1705503158		-1.0
	26054.99999999	12.36889		1.29433     0.2    0.2		4.1705503158		-1.0
	26099.99999999	11.15392		0.87528     0.2    0.2		4.1705503158		-1.0
	26144.99999999	10.0912		0.39098     0.2    0.2		4.1705503158		-1.0
	26189.99999999	9.17004		-0.14068     0.2    0.2		4.1705503158		-1.0
	26234.99999999	8.42271		-0.63852     0.2    0.2		4.1705503158		-1.0
	26279.99999999	7.65943		-1.07437     0.2    0.2		4.1705503158		-1.0
	26324.99999999	6.70131		-1.43129     0.2    0.2		4.1705503158		-1.0
	26369.99999999	5.88232		-1.77142     0.2    0.2		4.1705503158		-1.0
	26414.99999999	5.6254		-1.85037     0.2    0.2		4.1705503158		-1.0
	26459.99999999	6.4333		-2.01646     0.2    0.2		4.1705503158		-1.0
	26504.99999999	7.65214		-1.98066     0.2    0.2		4.1705503158		-1.0
	26549.99999999	9.31384		-2.07475     0.2    0.2		4.1705503158		-1.0
	26594.99999999	11.11344		-1.98712     0.2    0.2		4.1705503158		-1.0
	26639.99999999	12.90216		-1.79277     0.2    0.2		4.1705503158		-1.0
	26684.99999999	14.62488		-1.58756     0.2    0.2		4.1705503158		-1.0
	26729.99999999	15.97823		-1.41725     0.2    0.2		4.1705503158		-1.0
	26774.99999999	17.33815		-1.2335     0.2    0.2		4.1705503158		-1.0
	26819.99999999	18.30686		-1.26317     0.2    0.2		4.1705503158		-1.0
	26864.99999999	19.50261		-1.21821     0.2    0.2		4.1705503158		-1.0
	26909.99999999	20.87877		-1.45927     0.2    0.2		4.1705503158		-1.0
	26954.99999999	22.08322		-1.56877     0.2    0.2		4.1705503158		-1.0
	26999.99999999	23.20159		-2.52652     0.2    0.2		4.1705503158		-1.0
	27044.99999999	24.29492		2.05928     0.2    0.2		4.1705503158		-1.0
	27089.99999999	25.12006		1.61487     0.2    0.2		4.1705503158		-1.0
	27134.99999999	25.97265		1.34833     0.2    0.2		4.1705503158		-1.0
	27179.99999999	25.28543		-0.93543     0.2    0.2		4.1705503158		-1.0
	27224.99999998	24.5		-0.42527     0.2    0.2		4.1705503158		-1.0
	27269.99999998	23.41595		-0.07477     0.2    0.2		4.1705503158		-1.0
	27314.99999998	22.21229		0.20615     0.2    0.2		4.1705503158		-1.0
	27359.99999998	20.87237		0.47391     0.2    0.2		4.1705503158		-1.0
	27404.99999998	19.53699		0.67965     0.2    0.2		4.1705503158		-1.0
	27449.99999998	18.19354		0.8961     0.2    0.2		4.1705503158		-1.0
	27494.99999998	17.24339		1.08829     0.2    0.2		4.1705503158		-1.0
	27539.99999998	16.4196		1.38483     0.2    0.2		4.1705503158		-1.0
	27584.99999998	15.64639		1.68732     0.2    0.2		4.1705503158		-1.0
	27629.99999998	15.06399		1.95045     0.2    0.2		4.1705503158		-1.0
	27674.99999998	14.69897		2.35667     0.2    0.2		4.1705503158		-1.0
	27719.99999998	14.88796		2.78977     0.2    0.2		4.1705503158		-1.0
	27764.99999998	15.35588		-3.03128     0.2    0.2		4.1705503158		-1.0
	27809.99999998	16.22439		-2.52251     0.2    0.2		4.1705503158		-1.0
	27854.99999998	17.22185		-2.16746     0.2    0.2		4.1705503158		-1.0
	27899.99999998	18.31636		-1.92781     0.2    0.2		4.1705503158		-1.0
	27944.99999998	19.50164		-1.7745     0.2    0.2		4.1705503158		-1.0
	27989.99999998	20.4181		-1.58162     0.2    0.2		4.1705503158		-1.0
	28034.99999998	21.03039		-1.75049     0.2    0.2		4.1705503158		-1.0
	28079.99999998	21.51073		-2.95825     0.2    0.2		4.1705503158		-1.0
	28124.99999998	21.16722		-0.02917     0.2    0.2		4.1705503158		-1.0
	28169.99999998	21.18416		-0.96524     0.2    0.2		4.1705503158		-1.0
	28214.99999998	20.20599		-0.98589     0.2    0.2		4.1705503158		-1.0
	28259.99999998	18.57152		-1.10948     0.2    0.2		4.1705503158		-1.0
	28304.99999998	17.29758		-0.87581     0.2    0.2		4.1705503158		-1.0
	28349.99999998	16.49441		-1.11978     0.2    0.2		4.1705503158		-1.0
	28394.99999998	16.97987		-2.83093     0.2    0.2		4.1705503158		-1.0
	28439.99999998	17.95785		-2.69125     0.2    0.2		4.1705503158		-1.0
	28484.99999998	19.48728		-2.84163     0.2    0.2		4.1705503158		-1.0
	28529.99999998	20.93996		-3.07905     0.2    0.2		4.1705503158		-1.0
	28574.99999998	21.80448		2.69504     0.2    0.2		4.1705503158		-1.0
	28619.99999998	22.56846		2.28358     0.2    0.2		4.1705503158		-1.0
	28664.99999998	23.26819		2.11879     0.2    0.2		4.1705503158		-1.0
	28709.99999998	24.24815		2.07794     0.2    0.2		4.1705503158		-1.0
	28754.99999998	25.27486		3.10063     0.2    0.2		4.1705503158		-1.0
	28799.99999998	24.10974		-2.92936     0.2    0.2		4.1705503158		-1.0
	28844.99999998	22.26409		-2.43932     0.2    0.2		4.1705503158		-1.0
	28889.99999998	20.81449		-1.81269     0.2    0.2		4.1705503158		-1.0
	28934.99999998	19.6766		-1.25923     0.2    0.2		4.1705503158		-1.0
	28979.99999998	18.94184		-0.92426     0.2    0.2		4.1705503158		-1.0
	29024.99999998	18.72815		-0.40376     0.2    0.2		4.1705503158		-1.0
	29069.99999998	19.28365		0.26935     0.2    0.2		4.1705503158		-1.0
	29114.99999998	20.59625		0.70488     0.2    0.2		4.1705503158		-1.0
	29159.99999998	22.04642		0.61034     0.2    0.2		4.1705503158		-1.0
	29204.99999998	23.67137		0.39663     0.2    0.2		4.1705503158		-1.0
	29249.99999998	24.95665		0.02741     0.2    0.2		4.1705503158		-1.0
	29294.99999998	25.87363		-0.52112     0.2    0.2		4.1705503158		-1.0
	29339.99999998	26.50525		-1.25202     0.2    0.2		4.1705503158		-1.0
	29384.99999998	26.70469		-2.41745     0.2    0.2		4.1705503158		-1.0
	29429.99999998	26.30158		-2.93709     0.2    0.2		4.1705503158		-1.0
	29474.99999998	25.41281		2.94769     0.2    0.2		4.1705503158		-1.0
	29519.99999998	24.87452		2.57231     0.2    0.2		4.1705503158		-1.0
	29564.99999998	24.2582		2.747     0.2    0.2		4.1705503158		-1.0
	29609.99999998	23.37956		3.03095     0.2    0.2		4.1705503158		-1.0
	29654.99999998	22.56825		-2.71286     0.2    0.2		4.1705503158		-1.0
	29699.99999998	22.21374		-2.3404     0.2    0.2		4.1705503158		-1.0
	29744.99999998	21.62854		-1.98401     0.2    0.2		4.1705503158		-1.0
	29789.99999998	21.46787		-1.14811     0.2    0.2		4.1705503158		-1.0
	29834.99999998	21.92978		0.35118     0.2    0.2		4.1705503158		-1.0
	29879.99999998	23.31893		0.57567     0.2    0.2		4.1705503158		-1.0
	29924.99999998	24.91993		0.84406     0.2    0.2		4.1705503158		-1.0
	29969.99999998	26.30458		1.23454     0.2    0.2		4.1705503158		-1.0
	30014.99999998	27.37386		2.00992     0.2    0.2		4.1705503158		-1.0
	30059.99999998	28.06089		2.39139     0.2    0.2		4.1705503158		-1.0
	30104.99999998	27.24111		2.45705     0.2    0.2		4.1705503158		-1.0
	30149.99999998	26.40805		2.36601     0.2    0.2		4.1705503158		-1.0
	30194.99999998	25.65261		2.17855     0.2    0.2		4.1705503158		-1.0
	30239.99999998	24.60442		2.17744     0.2    0.2		4.1705503158		-1.0
	30284.99999998	24.17129		2.59434     0.2    0.2		4.1705503158		-1.0
	30329.99999998	24.20179		-2.91592     0.2    0.2		4.1705503158		-1.0
	30374.99999998	24.76351		-2.22994     0.2    0.2		4.1705503158		-1.0
	30419.99999998	23.07423		-2.02034     0.2    0.2		4.1705503158		-1.0
	30464.99999998	21.97315		-0.8751     0.2    0.2		4.1705503158		-1.0
	30509.99999998	21.2442		0.60692     0.2    0.2		4.1705503158		-1.0
	30554.99999998	21.25664		1.93215     0.2    0.2		4.1705503158		-1.0
	30599.99999998	21.5629		2.87768     0.2    0.2		4.1705503158		-1.0
	30644.99999998	21.97759		-3.03292     0.2    0.2		4.1705503158		-1.0
	30689.99999998	22.72443		2.80141     0.2    0.2		4.1705503158		-1.0
	30734.99999998	24.06489		1.525     0.2    0.2		4.1705503158		-1.0
	30779.99999998	25.96263		2.54898     0.2    0.2		4.1705503158		-1.0
	30824.99999998	26.85862		-2.52413     0.2    0.2		4.1705503158		-1.0
	30869.99999998	26.61932		-1.64896     0.2    0.2		4.1705503158		-1.0
	30914.99999998	26.31991		-1.2377     0.2    0.2		4.1705503158		-1.0
	30959.99999998	25.34911		-1.07415     0.2    0.2		4.1705503158		-1.0
	31004.99999998	24.5927		-1.54911     0.2    0.2		4.1705503158		-1.0
	31049.99999998	23.70731		-2.06298     0.2    0.2		4.1705503158		-1.0
	31094.99999998	23.00057		-1.75321     0.2    0.2		4.1705503158		-1.0
	31139.99999998	22.42657		-0.93259     0.2    0.2		4.1705503158		-1.0
	31184.99999998	22.45683		0.10606     0.2    0.2		4.1705503158		-1.0
	31229.99999998	22.98201		1.12964     0.2    0.2		4.1705503158		-1.0
	31274.99999998	23.76502		2.01545     0.2    0.2		4.1705503158		-1.0
	31319.99999998	23.98902		2.67279     0.2    0.2		4.1705503158		-1.0
	31364.99999998	23.21458		2.70281     0.2    0.2		4.1705503158		-1.0
	31409.99999998	22.42556		1.5638     0.2    0.2		4.1705503158		-1.0
	31454.99999998	22.00415		1.32719     0.2    0.2		4.1705503158		-1.0
	31499.99999998	21.50683		1.4938     0.2    0.2		4.1705503158		-1.0
	31544.99999998	20.55591		1.87702     0.2    0.2		4.1705503158		-1.0
	31589.99999998	19.38421		2.27206     0.2    0.2		4.1705503158		-1.0
	31634.99999998	17.7876		2.59223     0.2    0.2		4.1705503158		-1.0
	31679.99999998	16.438		-2.29105     0.2    0.2		4.1705503158		-1.0
	31724.99999998	15.26108		-0.64033     0.2    0.2		4.1705503158		-1.0
	31769.99999998	14.32705		-0.01216     0.2    0.2		4.1705503158		-1.0
	31814.99999998	13.01594		0.69292     0.2    0.2		4.1705503158		-1.0
	31859.99999998	12.12816		1.6127     0.2    0.2		4.1705503158		-1.0
	31904.99999998	11.58513		-2.39171     0.2    0.2		4.1705503158		-1.0
	31949.99999998	11.40317		-1.76967     0.2    0.2		4.1705503158		-1.0
	31994.99999998	11.72346		-1.17675     0.2    0.2		4.1705503158		-1.0
	32039.99999998	11.67917		-0.4819     0.2    0.2		4.1705503158		-1.0
	32084.99999998	11.30793		0.14107     0.2    0.2		4.1705503158		-1.0
	32129.99999998	10.85914		0.10053     0.2    0.2		4.1705503158		-1.0
	32174.99999998	10.36016		-0.18997     0.2    0.2		4.1705503158		-1.0
	32219.99999998	10.47084		-0.05204     0.2    0.2		4.1705503158		-1.0
	32264.99999998	10.29326		1.07456     0.2    0.2		4.1705503158		-1.0
	32309.99999998	10.00579		2.49976     0.2    0.2		4.1705503158		-1.0
	32354.99999998	9.47496		2.97481     0.2    0.2		4.1705503158		-1.0
	32399.99999998	9.06961		2.64706     0.2    0.2		4.1705503158		-1.0
	32444.99999998	8.80024		2.08866     0.2    0.2		4.1705503158		-1.0
	32489.99999998	8.7199		1.79531     0.2    0.2		4.1705503158		-1.0
	32534.99999998	8.47066		2.15315     0.2    0.2		4.1705503158		-1.0
	32579.99999998	7.57815		2.92646     0.2    0.2		4.1705503158		-1.0
	32624.99999998	6.1791		-3.11669     0.2    0.2		4.1705503158		-1.0
	32669.99999998	5.60786		-2.44545     0.2    0.2		4.1705503158		-1.0
	32714.99999998	6.78585		-2.66509     0.2    0.2		4.1705503158		-1.0
	32759.99999998	8.1794		1.62825     0.2    0.2		4.1705503158		-1.0
	32804.99999998	9.18748		1.73313     0.2    0.2		4.1705503158		-1.0
	32849.99999998	10.08676		1.76187     0.2    0.2		4.1705503158		-1.0
	32894.99999998	10.93186		1.86128     0.2    0.2		4.1705503158		-1.0
	32939.99999998	11.70469		2.24176     0.2    0.2		4.1705503158		-1.0
	32984.99999998	12.50486		2.67869     0.2    0.2		4.1705503158		-1.0
	33029.99999998	13.24003		3.00928     0.2    0.2		4.1705503158		-1.0
	33074.99999998	14.02252		-3.07654     0.2    0.2		4.1705503158		-1.0
	33119.99999998	15.09908		-3.02092     0.2    0.2		4.1705503158		-1.0
	33164.99999998	15.96851		-2.57658     0.2    0.2		4.1705503158		-1.0
	33209.99999998	17.28049		-2.33607     0.2    0.2		4.1705503158		-1.0
	33254.99999998	18.84148		-2.42012     0.2    0.2		4.1705503158		-1.0
	33299.99999998	20.71749		-2.33389     0.2    0.2		4.1705503158		-1.0
	33344.99999998	21.99451		-2.51746     0.2    0.2		4.1705503158		-1.0
	33389.99999998	21.38023		-2.63592     0.2    0.2		4.1705503158		-1.0
	33434.99999998	20.65267		-1.38757     0.2    0.2		4.1705503158		-1.0
	33479.99999998	19.67813		-1.48711     0.2    0.2		4.1705503158		-1.0
	33524.99999998	18.54222		-1.52618     0.2    0.2		4.1705503158		-1.0
	33569.99999998	17.31867		-1.76677     0.2    0.2		4.1705503158		-1.0
	33614.99999998	16.07128		-2.09238     0.2    0.2		4.1705503158		-1.0
	33659.99999998	15.28076		-2.28401     0.2    0.2		4.1705503158		-1.0
	33704.99999998	14.34225		-2.37817     0.2    0.2		4.1705503158		-1.0
	33749.99999997	13.37151		-2.39482     0.2    0.2		4.1705503158		-1.0
	33794.99999997	12.12906		-2.46018     0.2    0.2		4.1705503158		-1.0
	33839.99999997	11.03291		-2.41875     0.2    0.2		4.1705503158		-1.0
	33884.99999997	9.53269		-2.50367     0.2    0.2		4.1705503158		-1.0
	33929.99999997	8.25553		-2.53665     0.2    0.2		4.1705503158		-1.0
	33974.99999997	7.02984		-2.76991     0.2    0.2		4.1705503158		-1.0
	34019.99999997	6.52221		-2.87447     0.2    0.2		4.1705503158		-1.0
	34064.99999997	5.81752		-2.90656     0.2    0.2		4.1705503158		-1.0
	34109.99999997	5.47642		-3.00256     0.2    0.2		4.1705503158		-1.0
	34154.99999997	6.15944		3.00318     0.2    0.2		4.1705503158		-1.0
	34199.99999997	7.37134		2.33078     0.2    0.2		4.1705503158		-1.0
	34244.99999997	8.54676		1.78193     0.2    0.2		4.1705503158		-1.0
	34289.99999997	9.88538		0.96397     0.2    0.2		4.1705503158		-1.0
	34334.99999997	10.59603		0.0592     0.2    0.2		4.1705503158		-1.0
	34379.99999997	11.54548		-0.5862     0.2    0.2		4.1705503158		-1.0
	34424.99999997	11.75042		-1.48482     0.2    0.2		4.1705503158		-1.0
	34469.99999997	11.91855		-2.20908     0.2    0.2		4.1705503158		-1.0
	34514.99999997	11.84026		-2.72109     0.2    0.2		4.1705503158		-1.0
	34559.99999997	11.78899		3.06294     0.2    0.2		4.1705503158		-1.0
	34604.99999997	11.38439		2.42547     0.2    0.2		4.1705503158		-1.0
	34649.99999997	10.36923		1.9983     0.2    0.2		4.1705503158		-1.0
	34694.99999997	9.27347		1.69053     0.2    0.2		4.1705503158		-1.0
	34739.99999997	8.67763		1.32785     0.2    0.2		4.1705503158		-1.0
	34784.99999997	9.3374		0.65221     0.2    0.2		4.1705503158		-1.0
	34829.99999997	10.38597		0.03072     0.2    0.2		4.1705503158		-1.0
	34874.99999997	11.98608		-0.10191     0.2    0.2		4.1705503158		-1.0
	34919.99999997	13.19856		-0.45253     0.2    0.2		4.1705503158		-1.0
	34964.99999997	14.57535		-0.59888     0.2    0.2		4.1705503158		-1.0
	35009.99999997	15.59749		-1.85633     0.2    0.2		4.1705503158		-1.0
	35054.99999997	16.56854		2.98034     0.2    0.2		4.1705503158		-1.0
	35099.99999997	17.31492		2.67585     0.2    0.2		4.1705503158		-1.0
	35144.99999997	17.58156		2.2298     0.2    0.2		4.1705503158		-1.0
	35189.99999997	18.24835		2.21096     0.2    0.2		4.1705503158		-1.0
	35234.99999997	19.08784		1.95501     0.2    0.2		4.1705503158		-1.0
	35279.99999997	20.05472		2.29135     0.2    0.2		4.1705503158		-1.0
	35324.99999997	20.4496		3.0252     0.2    0.2		4.1705503158		-1.0
	35369.99999997	20.40485		-2.57606     0.2    0.2		4.1705503158		-1.0
	35414.99999997	19.36709		-2.58048     0.2    0.2		4.1705503158		-1.0
	35459.99999997	18.31892		-3.07395     0.2    0.2		4.1705503158		-1.0
	35504.99999997	17.96446		2.35597     0.2    0.2		4.1705503158		-1.0
	35549.99999997	18.47871		0.70461     0.2    0.2		4.1705503158		-1.0
	35594.99999997	19.8861		-0.09482     0.2    0.2		4.1705503158		-1.0
	35639.99999997	21.18496		-0.31629     0.2    0.2		4.1705503158		-1.0
	35684.99999997	22.48414		0.31216     0.2    0.2		4.1705503158		-1.0
	35729.99999997	23.13404		1.65029     0.2    0.2		4.1705503158		-1.0
	35774.99999997	23.85989		1.66578     0.2    0.2		4.1705503158		-1.0
	35819.99999997	24.82768		1.35018     0.2    0.2		4.1705503158		-1.0
	35864.99999997	25.96487		0.69622     0.2    0.2		4.1705503158		-1.0
	35909.99999997	26.99945		0.2643     0.2    0.2		4.1705503158		-1.0
	35954.99999997	28.58023		-0.53332     0.2    0.2		4.1705503158		-1.0
	35999.99999997	29.99725		-1.07182     0.2    0.2		4.1705503158		-1.0
	36044.99999997	30.43735		-1.75338     0.2    0.2		4.1705503158		-1.0
	36089.99999997	29.07741		0.94475     0.2    0.2		4.1705503158		-1.0
	36134.99999997	28.35041		0.82463     0.2    0.2		4.1705503158		-1.0
	36179.99999997	28.02269		1.09125     0.2    0.2		4.1705503158		-1.0
	36224.99999997	27.70236		1.58951     0.2    0.2		4.1705503158		-1.0
	36269.99999997	27.73817		2.28548     0.2    0.2		4.1705503158		-1.0
	36314.99999997	28.3097		2.93201     0.2    0.2		4.1705503158		-1.0
	36359.99999997	29.11541		-2.62243     0.2    0.2		4.1705503158		-1.0
	36404.99999997	29.84682		-1.79325     0.2    0.2		4.1705503158		-1.0
	36449.99999997	29.32841		-0.84653     0.2    0.2		4.1705503158		-1.0
	36494.99999997	29.47843		-0.0839     0.2    0.2		4.1705503158		-1.0
	36539.99999997	29.59778		0.22639     0.2    0.2		4.1705503158		-1.0
	36584.99999997	29.497		0.40623     0.2    0.2		4.1705503158		-1.0
	36629.99999997	29.66663		0.54619     0.2    0.2		4.1705503158		-1.0
	36674.99999997	30.0686		0.99543     0.2    0.2		4.1705503158		-1.0
	36719.99999997	29.51209		1.72363     0.2    0.2		4.1705503158		-1.0
	36764.99999997	28.4873		2.42002     0.2    0.2		4.1705503158		-1.0
	36809.99999997	27.77701		-2.61759     0.2    0.2		4.1705503158		-1.0
	36854.99999997	27.11157		-1.49634     0.2    0.2		4.1705503158		-1.0
	36899.99999997	26.79459		-0.84542     0.2    0.2		4.1705503158		-1.0
	36944.99999997	26.7605		-0.40282     0.2    0.2		4.1705503158		-1.0
	36989.99999997	26.88589		0.07975     0.2    0.2		4.1705503158		-1.0
	37034.99999997	26.76898		0.31755     0.2    0.2		4.1705503158		-1.0
	37079.99999997	26.16472		0.93861     0.2    0.2		4.1705503158		-1.0
	37124.99999997	25.58691		1.44249     0.2    0.2		4.1705503158		-1.0
	37169.99999997	24.87959		1.97823     0.2    0.2		4.1705503158		-1.0
	37214.99999997	24.50889		2.54665     0.2    0.2		4.1705503158		-1.0
	37259.99999997	24.58265		-2.84748     0.2    0.2		4.1705503158		-1.0
	37304.99999997	25.35187		-2.11239     0.2    0.2		4.1705503158		-1.0
	37349.99999997	26.30837		-1.44898     0.2    0.2		4.1705503158		-1.0
	37394.99999997	27.19069		-1.09577     0.2    0.2		4.1705503158		-1.0
	37439.99999997	27.63128		-0.75331     0.2    0.2		4.1705503158		-1.0
	37484.99999997	28.02354		-0.49291     0.2    0.2		4.1705503158		-1.0
	37529.99999997	28.01205		-0.1096     0.2    0.2		4.1705503158		-1.0
	37574.99999997	28.00094		0.33404     0.2    0.2		4.1705503158		-1.0
	37619.99999997	26.82395		0.90586     0.2    0.2		4.1705503158		-1.0
	37664.99999997	26.12476		1.64825     0.2    0.2		4.1705503158		-1.0
	37709.99999997	25.76382		2.20042     0.2    0.2		4.1705503158		-1.0
	37754.99999997	26.29519		2.99569     0.2    0.2		4.1705503158		-1.0
	37799.99999997	26.76783		-2.72289     0.2    0.2		4.1705503158		-1.0
	37844.99999997	27.34795		-2.08002     0.2    0.2		4.1705503158		-1.0
	37889.99999997	27.74876		-1.74108     0.2    0.2		4.1705503158		-1.0
	37934.99999997	28.44384		-1.25224     0.2    0.2		4.1705503158		-1.0
	37979.99999997	29.41045		-0.866     0.2    0.2		4.1705503158		-1.0
	38024.99999997	30.59823		-0.26407     0.2    0.2		4.1705503158		-1.0
	38069.99999997	31.70914		0.29802     0.2    0.2		4.1705503158		-1.0
	38114.99999997	32.72096		0.94884     0.2    0.2		4.1705503158		-1.0
	38159.99999997	32.72045		1.64042     0.2    0.2		4.1705503158		-1.0
	38204.99999997	31.2538		-0.82371     0.2    0.2		4.1705503158		-1.0
	38249.99999997	29.73274		-0.5997     0.2    0.2		4.1705503158		-1.0
	38294.99999997	28.29361		1.07212     0.2    0.2		4.1705503158		-1.0
	38339.99999997	27.62772		2.02996     0.2    0.2		4.1705503158		-1.0
	38384.99999997	27.09017		2.72825     0.2    0.2		4.1705503158		-1.0
	38429.99999997	27.65868		-2.8078     0.2    0.2		4.1705503158		-1.0
	38474.99999997	28.22194		-2.66865     0.2    0.2		4.1705503158		-1.0
	38519.99999997	28.37276		-2.7792     0.2    0.2		4.1705503158		-1.0
	38564.99999997	27.66423		2.36683     0.2    0.2		4.1705503158		-1.0
	38609.99999997	27.75964		-3.10467     0.2    0.2		4.1705503158		-1.0
	38654.99999997	27.98314		0.94172     0.2    0.2		4.1705503158		-1.0
	38699.99999997	28.72383		0.77015     0.2    0.2		4.1705503158		-1.0
	38744.99999997	29.1749		-2.8779     0.2    0.2		4.1705503158		-1.0
	38789.99999997	28.98723		1.41671     0.2    0.2		4.1705503158		-1.0
	38834.99999997	28.47855		1.07051     0.2    0.2		4.1705503158		-1.0
	38879.99999997	28.08376		2.08172     0.2    0.2		4.1705503158		-1.0
	38924.99999997	28.11449		1.68585     0.2    0.2		4.1705503158		-1.0
	38969.99999997	28.90916		1.7272     0.2    0.2		4.1705503158		-1.0
	39014.99999997	29.5325		1.64045     0.2    0.2		4.1705503158		-1.0
	39059.99999997	29.19451		-2.15475     0.2    0.2		4.1705503158		-1.0
	39104.99999997	28.46361		-2.54394     0.2    0.2		4.1705503158		-1.0
	39149.99999997	27.74493		-2.90627     0.2    0.2		4.1705503158		-1.0
	39194.99999997	27.23725		-2.98086     0.2    0.2		4.1705503158		-1.0
	39239.99999997	26.14318		2.7107     0.2    0.2		4.1705503158		-1.0
	39284.99999997	25.18817		2.53063     0.2    0.2		4.1705503158		-1.0
	39329.99999997	24.4893		1.58272     0.2    0.2		4.1705503158		-1.0
	39374.99999997	24.3807		0.74327     0.2    0.2		4.1705503158		-1.0
	39419.99999997	24.4842		-0.0924     0.2    0.2		4.1705503158		-1.0
	39464.99999997	24.54966		-0.71886     0.2    0.2		4.1705503158		-1.0
	39509.99999997	24.61352		-1.3077     0.2    0.2		4.1705503158		-1.0
	39554.99999997	25.48398		-2.03062     0.2    0.2		4.1705503158		-1.0
	39599.99999997	26.0278		-2.73243     0.2    0.2		4.1705503158		-1.0
	39644.99999997	25.62571		2.80218     0.2    0.2		4.1705503158		-1.0
	39689.99999997	25.43429		2.18424     0.2    0.2		4.1705503158		-1.0
	39734.99999997	24.81134		1.75459     0.2    0.2		4.1705503158		-1.0
	39779.99999997	23.92839		1.3157     0.2    0.2		4.1705503158		-1.0
	39824.99999997	23.32311		1.12671     0.2    0.2		4.1705503158		-1.0
	39869.99999997	22.35786		0.86396     0.2    0.2		4.1705503158		-1.0
	39914.99999997	21.30512		0.69537     0.2    0.2		4.1705503158		-1.0
	39959.99999997	20.15299		0.90808     0.2    0.2		4.1705503158		-1.0
	40004.99999997	18.87654		0.828     0.2    0.2		4.1705503158		-1.0
	40049.99999997	17.56066		1.03596     0.2    0.2		4.1705503158		-1.0
	40094.99999997	16.82439		-0.39845     0.2    0.2		4.1705503158		-1.0
	40139.99999997	16.76804		-1.05286     0.2    0.2		4.1705503158		-1.0
	40184.99999997	17.13801		-0.64751     0.2    0.2		4.1705503158		-1.0
	40229.99999996	17.54579		-0.25413     0.2    0.2		4.1705503158		-1.0
	40274.99999996	17.87288		0.10833     0.2    0.2		4.1705503158		-1.0
	40319.99999996	18.48863		-0.19072     0.2    0.2		4.1705503158		-1.0
	40364.99999996	19.43316		-0.58074     0.2    0.2		4.1705503158		-1.0
	40409.99999996	20.92035		-1.08227     0.2    0.2		4.1705503158		-1.0
	40454.99999996	21.90705		-1.82909     0.2    0.2		4.1705503158		-1.0
	40499.99999996	22.89365		-3.07757     0.2    0.2		4.1705503158		-1.0
	40544.99999996	22.99503		2.24396     0.2    0.2		4.1705503158		-1.0
	40589.99999996	23.306		1.65358     0.2    0.2		4.1705503158		-1.0
	40634.99999996	23.23119		0.97993     0.2    0.2		4.1705503158		-1.0
	40679.99999996	23.94257		0.60041     0.2    0.2		4.1705503158		-1.0
	40724.99999996	24.52335		0.2102     0.2    0.2		4.1705503158		-1.0
	40769.99999996	23.81907		1.28478     0.2    0.2		4.1705503158		-1.0
	40814.99999996	23.15848		1.88096     0.2    0.2		4.1705503158		-1.0
	40859.99999996	22.44627		-0.39666     0.2    0.2		4.1705503158		-1.0
	40904.99999996	22.35593		-0.84909     0.2    0.2		4.1705503158		-1.0
	40949.99999996	22.94494		-0.56729     0.2    0.2		4.1705503158		-1.0
	40994.99999996	23.67151		-0.04164     0.2    0.2		4.1705503158		-1.0
	41039.99999996	24.25764		0.43394     0.2    0.2		4.1705503158		-1.0
	41084.99999996	25.05303		0.35851     0.2    0.2		4.1705503158		-1.0
	41129.99999996	26.05252		0.02139     0.2    0.2		4.1705503158		-1.0
	41174.99999996	27.25026		-0.45215     0.2    0.2		4.1705503158		-1.0
	41219.99999996	28.26577		-1.04825     0.2    0.2		4.1705503158		-1.0
	41264.99999996	29.63871		-1.63565     0.2    0.2		4.1705503158		-1.0
	41309.99999996	30.83914		-2.71319     0.2    0.2		4.1705503158		-1.0
	41354.99999996	31.43429		2.79421     0.2    0.2		4.1705503158		-1.0
	41399.99999996	31.7065		1.82439     0.2    0.2		4.1705503158		-1.0
	41444.99999996	31.94606		-0.5061     0.2    0.2		4.1705503158		-1.0
	41489.99999996	31.6413		-2.09446     0.2    0.2		4.1705503158		-1.0
	41534.99999996	31.41362		-2.50893     0.2    0.2		4.1705503158		-1.0
	41579.99999996	31.24285		-2.40903     0.2    0.2		4.1705503158		-1.0
	41624.99999996	30.78337		-1.86037     0.2    0.2		4.1705503158		-1.0
	41669.99999996	30.17918		-1.74696     0.2    0.2		4.1705503158		-1.0
	41714.99999996	29.45682		-1.6328     0.2    0.2		4.1705503158		-1.0
	41759.99999996	28.57291		-1.78988     0.2    0.2		4.1705503158		-1.0
	41804.99999996	28.49826		1.47502     0.2    0.2		4.1705503158		-1.0
	41849.99999996	28.59958		2.05878     0.2    0.2		4.1705503158		-1.0
	41894.99999996	29.30513		2.39583     0.2    0.2		4.1705503158		-1.0
	41939.99999996	29.92196		2.69232     0.2    0.2		4.1705503158		-1.0
	41984.99999996	29.97159		-2.35815     0.2    0.2		4.1705503158		-1.0
	42029.99999996	30.03808		-1.79831     0.2    0.2		4.1705503158		-1.0
	42074.99999996	30.16419		-2.58691     0.2    0.2		4.1705503158		-1.0
	42119.99999996	30.61903		-1.7872     0.2    0.2		4.1705503158		-1.0
	42164.99999996	30.57332		-1.40893     0.2    0.2		4.1705503158		-1.0
	42209.99999996	29.55083		-1.23055     0.2    0.2		4.1705503158		-1.0
	42254.99999996	28.57383		3.05124     0.2    0.2		4.1705503158		-1.0
	42299.99999996	27.82118		2.66188     0.2    0.2		4.1705503158		-1.0
	42344.99999996	27.24636		2.89355     0.2    0.2		4.1705503158		-1.0
	42389.99999996	26.42064		-2.22219     0.2    0.2		4.1705503158		-1.0
	42434.99999996	25.08362		-1.48241     0.2    0.2		4.1705503158		-1.0
	42479.99999996	24.45289		-0.77915     0.2    0.2		4.1705503158		-1.0
	42524.99999996	23.96281		0.72344     0.2    0.2		4.1705503158		-1.0
	42569.99999996	23.26519		1.4773     0.2    0.2		4.1705503158		-1.0
	42614.99999996	22.20905		2.16156     0.2    0.2		4.1705503158		-1.0
	42659.99999996	21.30725		2.477     0.2    0.2		4.1705503158		-1.0
	42704.99999996	20.09336		2.74163     0.2    0.2		4.1705503158		-1.0
	42749.99999996	18.84491		2.1702     0.2    0.2		4.1705503158		-1.0
	42794.99999996	17.67623		0.75146     0.2    0.2		4.1705503158		-1.0
	42839.99999996	16.69176		0.42716     0.2    0.2		4.1705503158		-1.0
	42884.99999996	15.85922		0.29968     0.2    0.2		4.1705503158		-1.0
	42929.99999996	14.93508		0.2106     0.2    0.2		4.1705503158		-1.0
	42974.99999996	13.80258		0.1628     0.2    0.2		4.1705503158		-1.0
	43019.99999996	12.59463		0.3056     0.2    0.2		4.1705503158		-1.0
	43064.99999996	11.44245		0.45331     0.2    0.2		4.1705503158		-1.0
	43109.99999996	10.12821		0.69799     0.2    0.2		4.1705503158		-1.0
	43154.99999996	8.6353		0.96257     0.2    0.2		4.1705503158		-1.0
	43199.99999996	7.09789		1.267     0.2    0.2		4.1705503158		-1.0
	43244.99999996	6.57607		1.75116     0.2    0.2		4.1705503158		-1.0
	43289.99999996	6.33044		2.18068     0.2    0.2		4.1705503158		-1.0
	43334.99999996	6.68596		2.69718     0.2    0.2		4.1705503158		-1.0
	43379.99999996	7.86276		3.00805     0.2    0.2		4.1705503158		-1.0
	43424.99999996	9.24162		-3.05602     0.2    0.2		4.1705503158		-1.0
	43469.99999996	10.9387		-3.02196     0.2    0.2		4.1705503158		-1.0
	43514.99999996	12.40856		3.08271     0.2    0.2		4.1705503158		-1.0
	43559.99999996	13.55971		2.95087     0.2    0.2		4.1705503158		-1.0
	43604.99999996	14.61537		2.73073     0.2    0.2		4.1705503158		-1.0
	43649.99999996	15.17592		2.39905     0.2    0.2		4.1705503158		-1.0
	43694.99999996	16.10826		1.92551     0.2    0.2		4.1705503158		-1.0
	43739.99999996	16.69107		2.20008     0.2    0.2		4.1705503158		-1.0
	43784.99999996	17.3043		-2.74872     0.2    0.2		4.1705503158		-1.0
	43829.99999996	18.32145		-2.33608     0.2    0.2		4.1705503158		-1.0
	43874.99999996	19.44799		-1.65305     0.2    0.2		4.1705503158		-1.0
	43919.99999996	20.23613		-0.393     0.2    0.2		4.1705503158		-1.0
	43964.99999996	20.7387		0.22834     0.2    0.2		4.1705503158		-1.0
	44009.99999996	21.29524		0.39129     0.2    0.2		4.1705503158		-1.0
	44054.99999996	21.83087		0.32734     0.2    0.2		4.1705503158		-1.0
	44099.99999996	22.67089		0.41079     0.2    0.2		4.1705503158		-1.0
	44144.99999996	23.41623		0.26764     0.2    0.2		4.1705503158		-1.0
	44189.99999996	23.14824		0.43734     0.2    0.2		4.1705503158		-1.0
	44234.99999996	21.92991		0.35076     0.2    0.2		4.1705503158		-1.0
	44279.99999996	20.76681		1.54787     0.2    0.2		4.1705503158		-1.0
	44324.99999996	20.43253		2.41459     0.2    0.2		4.1705503158		-1.0
	44369.99999996	20.4324		1.84137     0.2    0.2		4.1705503158		-1.0
	44414.99999996	20.48967		1.12735     0.2    0.2		4.1705503158		-1.0
	44459.99999996	20.78747		0.508     0.2    0.2		4.1705503158		-1.0
	44504.99999996	20.86502		-0.68617     0.2    0.2		4.1705503158		-1.0
	44549.99999996	21.62142		-2.91484     0.2    0.2		4.1705503158		-1.0
	44594.99999996	22.87257		2.64989     0.2    0.2		4.1705503158		-1.0
	44639.99999996	23.93368		2.01929     0.2    0.2		4.1705503158		-1.0
	44684.99999996	24.61334		-1.63686     0.2    0.2		4.1705503158		-1.0
	44729.99999996	23.88679		-2.17181     0.2    0.2		4.1705503158		-1.0
	44774.99999996	22.61704		-2.38899     0.2    0.2		4.1705503158		-1.0
	44819.99999996	21.55631		-2.55878     0.2    0.2		4.1705503158		-1.0
	44864.99999996	20.61652		-1.71813     0.2    0.2		4.1705503158		-1.0
	44909.99999996	20.11445		-1.5858     0.2    0.2		4.1705503158		-1.0
	44954.99999996	19.42747		-2.22821     0.2    0.2		4.1705503158		-1.0
	44999.99999996	20.02168		-2.34535     0.2    0.2		4.1705503158		-1.0
	45044.99999996	20.29264		-2.69477     0.2    0.2		4.1705503158		-1.0
	45089.99999996	19.59513		-3.0109     0.2    0.2		4.1705503158		-1.0
	45134.99999996	18.95591		2.87124     0.2    0.2		4.1705503158		-1.0
	45179.99999996	17.77415		2.73636     0.2    0.2		4.1705503158		-1.0
	45224.99999996	16.97183		1.77998     0.2    0.2		4.1705503158		-1.0
	45269.99999996	15.93185		-0.74052     0.2    0.2		4.1705503158		-1.0
	45314.99999996	15.14299		-1.22503     0.2    0.2		4.1705503158		-1.0
	45359.99999996	14.02081		-1.49757     0.2    0.2		4.1705503158		-1.0
	45404.99999996	13.14169		-1.81951     0.2    0.2		4.1705503158		-1.0
	45449.99999996	11.6726		-2.04081     0.2    0.2		4.1705503158		-1.0
	45494.99999996	10.8791		-2.39508     0.2    0.2		4.1705503158		-1.0
	45539.99999996	9.49306		-0.2659     0.2    0.2		4.1705503158		-1.0
	45584.99999996	8.7901		-0.17662     0.2    0.2		4.1705503158		-1.0
	45629.99999996	7.86939		-0.50148     0.2    0.2		4.1705503158		-1.0
	45674.99999996	8.85476		-0.81016     0.2    0.2		4.1705503158		-1.0
	45719.99999996	9.93426		-1.13329     0.2    0.2		4.1705503158		-1.0
	45764.99999996	11.50799		-1.74766     0.2    0.2		4.1705503158		-1.0
	45809.99999996	12.64919		-1.96683     0.2    0.2		4.1705503158		-1.0
	45854.99999996	13.67974		-2.48817     0.2    0.2		4.1705503158		-1.0
	45899.99999996	14.42545		-2.73568     0.2    0.2		4.1705503158		-1.0
	45944.99999996	14.80073		3.02115     0.2    0.2		4.1705503158		-1.0
	45989.99999996	14.91351		2.71916     0.2    0.2		4.1705503158		-1.0
	46034.99999996	15.05164		2.33811     0.2    0.2		4.1705503158		-1.0
	46079.99999996	15.03818		1.85989     0.2    0.2		4.1705503158		-1.0
	46124.99999996	15.18929		1.20817     0.2    0.2		4.1705503158		-1.0
	46169.99999996	15.06387		0.35187     0.2    0.2		4.1705503158		-1.0
	46214.99999996	15.25106		-0.68888     0.2    0.2		4.1705503158		-1.0
	46259.99999996	15.5118		-1.59352     0.2    0.2		4.1705503158		-1.0
	46304.99999996	15.67446		-1.98863     0.2    0.2		4.1705503158		-1.0
	46349.99999996	15.63467		-2.42415     0.2    0.2		4.1705503158		-1.0
	46394.99999996	15.33376		-2.78883     0.2    0.2		4.1705503158		-1.0
	46439.99999996	15.16816		-2.56617     0.2    0.2		4.1705503158		-1.0
	46484.99999996	14.96322		-1.96267     0.2    0.2		4.1705503158		-1.0
	46529.99999996	15.05282		-1.53074     0.2    0.2		4.1705503158		-1.0
	46574.99999996	15.86273		-0.74643     0.2    0.2		4.1705503158		-1.0
	46619.99999996	16.48603		1.54542     0.2    0.2		4.1705503158		-1.0
	46664.99999996	17.98238		1.20766     0.2    0.2		4.1705503158		-1.0
	46709.99999996	18.79218		0.93738     0.2    0.2		4.1705503158		-1.0
	46754.99999995	20.04664		0.86149     0.2    0.2		4.1705503158		-1.0
	46799.99999995	20.26885		1.50865     0.2    0.2		4.1705503158		-1.0
	46844.99999995	19.92271		2.06198     0.2    0.2		4.1705503158		-1.0
	46889.99999995	19.23782		2.10459     0.2    0.2		4.1705503158		-1.0
	46934.99999995	19.37257		2.17545     0.2    0.2		4.1705503158		-1.0
	46979.99999995	20.46761		2.16468     0.2    0.2		4.1705503158		-1.0
	47024.99999995	22.02771		2.27243     0.2    0.2		4.1705503158		-1.0
	47069.99999995	22.21857		-0.95894     0.2    0.2		4.1705503158		-1.0
	47114.99999995	21.68033		-0.26356     0.2    0.2		4.1705503158		-1.0
	47159.99999995	21.4214		1.04012     0.2    0.2		4.1705503158		-1.0
	47204.99999995	21.8672		1.17682     0.2    0.2		4.1705503158		-1.0
	47249.99999995	22.08479		-0.12171     0.2    0.2		4.1705503158		-1.0
	47294.99999995	22.37524		0.07096     0.2    0.2		4.1705503158		-1.0
	47339.99999995	23.21654		-0.21589     0.2    0.2		4.1705503158		-1.0
	47384.99999995	24.33705		-0.63925     0.2    0.2		4.1705503158		-1.0
	47429.99999995	24.04791		-0.72304     0.2    0.2		4.1705503158		-1.0
	47474.99999995	23.21263		-0.74112     0.2    0.2		4.1705503158		-1.0
	47519.99999995	21.88374		-0.84651     0.2    0.2		4.1705503158		-1.0
	47564.99999995	21.14485		-1.05459     0.2    0.2		4.1705503158		-1.0
	47609.99999995	19.96533		-1.37996     0.2    0.2		4.1705503158		-1.0
	47654.99999995	19.80792		-2.01784     0.2    0.2		4.1705503158		-1.0
	47699.99999995	20.2626		-2.21666     0.2    0.2		4.1705503158		-1.0
	47744.99999995	21.33222		-2.89953     0.2    0.2		4.1705503158		-1.0
	47789.99999995	21.22848		2.92899     0.2    0.2		4.1705503158		-1.0
	47834.99999995	20.1588		2.37434     0.2    0.2		4.1705503158		-1.0
	47879.99999995	19.14702		1.75907     0.2    0.2		4.1705503158		-1.0
	47924.99999995	18.09591		1.14279     0.2    0.2		4.1705503158		-1.0
	47969.99999995	16.83208		0.7181     0.2    0.2		4.1705503158		-1.0
	48014.99999995	15.12198		0.43665     0.2    0.2		4.1705503158		-1.0
	48059.99999995	13.40561		0.43337     0.2    0.2		4.1705503158		-1.0
	48104.99999995	12.63503		0.51734     0.2    0.2		4.1705503158		-1.0
	48149.99999995	11.87366		0.67241     0.2    0.2		4.1705503158		-1.0
	48194.99999995	11.87368		0.02685     0.2    0.2		4.1705503158		-1.0
	48239.99999995	11.41338		-0.33185     0.2    0.2		4.1705503158		-1.0
	48284.99999995	10.12341		-0.81929     0.2    0.2		4.1705503158		-1.0
	48329.99999995	9.05678		-1.28717     0.2    0.2		4.1705503158		-1.0
	48374.99999995	7.77537		-1.67093     0.2    0.2		4.1705503158		-1.0
	48419.99999995	6.92131		-1.94534     0.2    0.2		4.1705503158		-1.0
	48464.99999995	6.36891		-2.29627     0.2    0.2		4.1705503158		-1.0
	48509.99999995	5.9684		-2.34213     0.2    0.2		4.1705503158		-1.0
	48554.99999995	6.04564		-2.23446     0.2    0.2		4.1705503158		-1.0
	48599.99999995	6.98528		-2.1405     0.2    0.2		4.1705503158		-1.0
	48644.99999995	8.63515		-2.14358     0.2    0.2		4.1705503158		-1.0
	48689.99999995	10.12282		-2.00358     0.2    0.2		4.1705503158		-1.0
	48734.99999995	11.43386		-1.98077     0.2    0.2		4.1705503158		-1.0
	48779.99999995	12.63132		-1.57673     0.2    0.2		4.1705503158		-1.0
	48824.99999995	13.77711		-1.10893     0.2    0.2		4.1705503158		-1.0
	48869.99999995	14.37055		-0.65884     0.2    0.2		4.1705503158		-1.0
	48914.99999995	14.92592		-0.46783     0.2    0.2		4.1705503158		-1.0
	48959.99999995	15.24097		-0.09228     0.2    0.2		4.1705503158		-1.0
	49004.99999995	15.93973		0.35016     0.2    0.2		4.1705503158		-1.0
	49049.99999995	16.36477		0.80046     0.2    0.2		4.1705503158		-1.0
	49094.99999995	16.20874		1.3871     0.2    0.2		4.1705503158		-1.0
	49139.99999995	15.28231		1.7897     0.2    0.2		4.1705503158		-1.0
	49184.99999995	14.9698		2.18296     0.2    0.2		4.1705503158		-1.0
	49229.99999995	14.85913		2.48016     0.2    0.2		4.1705503158		-1.0
	49274.99999995	14.83279		0.76171     0.2    0.2		4.1705503158		-1.0
	49319.99999995	15.48578		1.49472     0.2    0.2		4.1705503158		-1.0
	49364.99999995	16.13576		2.1922     0.2    0.2		4.1705503158		-1.0
	49409.99999995	16.79495		3.07546     0.2    0.2		4.1705503158		-1.0
	49454.99999995	17.7086		-2.62578     0.2    0.2		4.1705503158		-1.0
	49499.99999995	18.19013		-2.20976     0.2    0.2		4.1705503158		-1.0
	49544.99999995	17.74128		-1.59798     0.2    0.2		4.1705503158		-1.0
	49589.99999995	17.41691		-2.28147     0.2    0.2		4.1705503158		-1.0
	49634.99999995	17.9095		-3.05957     0.2    0.2		4.1705503158		-1.0
	49679.99999995	19.11809		-2.59311     0.2    0.2		4.1705503158		-1.0
	49724.99999995	20.2112		-2.27001     0.2    0.2		4.1705503158		-1.0
	49769.99999995	19.99511		-1.79361     0.2    0.2		4.1705503158		-1.0
	49814.99999995	19.52531		-1.71635     0.2    0.2		4.1705503158		-1.0
	49859.99999995	18.62954		-2.24712     0.2    0.2		4.1705503158		-1.0
	49904.99999995	18.38455		2.68551     0.2    0.2		4.1705503158		-1.0
	49949.99999995	19.61341		1.95386     0.2    0.2		4.1705503158		-1.0
	49994.99999995	20.59716		1.50699     0.2    0.2		4.1705503158		-1.0
