	45.00000000	2.88871		2.14021     0.2    0.2		4.1705503158		-1.0
	90.00000000	2.84592		2.22716     0.2    0.2		4.1705503158		-1.0
	135.00000000	2.94281		2.14705     0.2    0.2		4.1705503158		-1.0
	180.00000000	2.95271		1.98944     0.2    0.2		4.1705503158		-1.0
	225.00000000	3.04146		1.77016     0.2    0.2		4.1705503158		-1.0
	270.00000000	2.93121		1.63283     0.2    0.2		4.1705503158		-1.0
	315.00000000	2.86651		1.51809     0.2    0.2		4.1705503158		-1.0
	360.00000000	2.95059		1.00638     0.2    0.2		4.1705503158		-1.0
	405.00000000	2.9259		1.0042     0.2    0.2		4.1705503158		-1.0
	450.00000000	2.92835		0.16016     0.2    0.2		4.1705503158		-1.0
	495.00000000	2.91171		-0.5027     0.2    0.2		4.1705503158		-1.0
	540.00000000	2.87222		-0.80681     0.2    0.2		4.1705503158		-1.0
	585.00000000	2.99356		-0.48248     0.2    0.2		4.1705503158		-1.0
	630.00000000	2.87149		-0.23548     0.2    0.2		4.1705503158		-1.0
	675.00000000	2.86604		-0.00022     0.2    0.2		4.1705503158		-1.0
	720.00000000	2.9129		0.68825     0.2    0.2		4.1705503158		-1.0
	765.00000000	3.02388		0.44901     0.2    0.2		4.1705503158		-1.0
	810.00000000	2.85169		0.1907     0.2    0.2		4.1705503158		-1.0
	855.00000000	2.80888		0.44886     0.2    0.2		4.1705503158		-1.0
	900.00000000	2.83108		0.16116     0.2    0.2		4.1705503158		-1.0
	945.00000000	2.94294		-0.17875     0.2    0.2		4.1705503158		-1.0
	990.00000000	3.02159		-0.42275     0.2    0.2		4.1705503158		-1.0
	1035.00000000	2.97251		-0.70262     0.2    0.2		4.1705503158		-1.0
	1080.00000000	3.11624		-0.86582     0.2    0.2		4.1705503158		-1.0
	1125.00000000	2.84002		-1.46766     0.2    0.2		4.1705503158		-1.0
	1170.00000000	2.89907		-1.88728     0.2    0.2		4.1705503158		-1.0
	1215.00000000	2.95309		-2.06101     0.2    0.2		4.1705503158		-1.0
	1260.00000000	2.95794		-2.63454     0.2    0.2		4.1705503158		-1.0
	1305.00000000	2.93786		-2.72875     0.2    0.2		4.1705503158		-1.0
	1350.00000000	2.92468		2.97855     0.2    0.2		4.1705503158		-1.0
	1395.00000000	2.91556		2.63556     0.2    0.2		4.1705503158		-1.0
	1440.00000000	2.97296		2.36451     0.2    0.2		4.1705503158		-1.0
	1485.00000000	3.08985		2.163     0.2    0.2		4.1705503158		-1.0
	1530.00000000	2.94879		1.78609     0.2    0.2		4.1705503158		-1.0
	1575.00000000	2.9701		1.27128     0.2    0.2		4.1705503158		-1.0
	1620.00000000	2.85641		0.9096     0.2    0.2		4.1705503158		-1.0
	1665.00000000	2.88923		0.58362     0.2    0.2		4.1705503158		-1.0
	1710.00000000	2.81818		0.15227     0.2    0.2		4.1705503158		-1.0
	1755.00000000	2.79099		-0.37166     0.2    0.2		4.1705503158		-1.0
	1800.00000000	2.91389		0.03421     0.2    0.2		4.1705503158		-1.0
	1845.00000000	3.00487		0.29886     0.2    0.2		4.1705503158		-1.0
	1890.00000000	2.89043		0.62064     0.2    0.2		4.1705503158		-1.0
	1935.00000000	2.83051		0.61958     0.2    0.2		4.1705503158		-1.0
	1980.00000000	2.85346		0.65265     0.2    0.2		4.1705503158		-1.0
	2025.00000000	2.79271		1.41473     0.2    0.2		4.1705503158		-1.0
	2070.00000000	2.95713		1.2856     0.2    0.2		4.1705503158		-1.0
	2115.00000000	2.85619		1.60888     0.2    0.2		4.1705503158		-1.0
	2160.00000000	2.96728		1.88243     0.2    0.2		4.1705503158		-1.0
	2205.00000000	2.93305		2.04103     0.2    0.2		4.1705503158		-1.0
	2250.00000000	2.98402		2.46148     0.2    0.2		4.1705503158		-1.0
	2295.00000000	3.08036		2.69438     0.2    0.2		4.1705503158		-1.0
	2340.00000000	3.04532		3.03514     0.2    0.2		4.1705503158		-1.0
	2385.00000000	2.85779		-2.99623     0.2    0.2		4.1705503158		-1.0
	2430.00000000	2.82905		-2.66567     0.2    0.2		4.1705503158		-1.0
	2475.00000000	2.96187		-2.13741     0.2    0.2		4.1705503158		-1.0
	2520.00000000	3.03487		-2.20693     0.2    0.2		4.1705503158		-1.0
	2565.00000000	2.80255		-2.22566     0.2    0.2		4.1705503158		-1.0
	2610.00000000	2.90174		-2.882     0.2    0.2		4.1705503158		-1.0
	2655.00000000	2.82072		-3.07226     0.2    0.2		4.1705503158		-1.0
	2700.00000000	2.89423		2.87956     0.2    0.2		4.1705503158		-1.0
	2745.00000000	2.85889		2.3561     0.2    0.2		4.1705503158		-1.0
	2790.00000000	2.90738		2.18924     0.2    0.2		4.1705503158		-1.0
	2835.00000000	2.90002		1.82917     0.2    0.2		4.1705503158		-1.0
	2880.00000000	2.9636		1.18479     0.2    0.2		4.1705503158		-1.0
	2925.00000000	3.1047		1.13643     0.2    0.2		4.1705503158		-1.0
	2970.00000000	3.01419		0.39988     0.2    0.2		4.1705503158		-1.0
	3015.00000000	2.85015		-0.08054     0.2    0.2		4.1705503158		-1.0
	3060.00000000	2.86342		-1.00171     0.2    0.2		4.1705503158		-1.0
	3105.00000000	2.96533		-1.24988     0.2    0.2		4.1705503158		-1.0
	3150.00000000	2.94702		-1.71781     0.2    0.2		4.1705503158		-1.0
	3195.00000000	3.04487		-1.90513     0.2    0.2		4.1705503158		-1.0
	3240.00000000	2.98264		-2.1685     0.2    0.2		4.1705503158		-1.0
	3285.00000000	3.06648		-2.54165     0.2    0.2		4.1705503158		-1.0
	3330.00000000	2.86767		-2.3498     0.2    0.2		4.1705503158		-1.0
	3375.00000000	2.87036		-2.55806     0.2    0.2		4.1705503158		-1.0
	3420.00000000	2.87602		-2.43448     0.2    0.2		4.1705503158		-1.0
	3465.00000000	2.82981		-2.08541     0.2    0.2		4.1705503158		-1.0
	3510.00000000	2.85411		-1.91975     0.2    0.2		4.1705503158		-1.0
	3555.00000000	2.85397		-2.24438     0.2    0.2		4.1705503158		-1.0
	3600.00000000	2.85186		-1.61439     0.2    0.2		4.1705503158		-1.0
	3645.00000000	2.84529		-1.43303     0.2    0.2		4.1705503158		-1.0
	3690.00000000	2.93114		-1.13759     0.2    0.2		4.1705503158		-1.0
	3735.00000000	3.02201		-1.20251     0.2    0.2		4.1705503158		-1.0
	3780.00000000	3.04196		-0.51933     0.2    0.2		4.1705503158		-1.0
	3825.00000000	3.03624		-0.1697     0.2    0.2		4.1705503158		-1.0
	3870.00000000	2.99653		0.31222     0.2    0.2		4.1705503158		-1.0
	3915.00000000	3.1744		0.34447     0.2    0.2		4.1705503158		-1.0
	3960.00000000	2.96278		0.86772     0.2    0.2		4.1705503158		-1.0
	4005.00000000	2.84047		1.33447     0.2    0.2		4.1705503158		-1.0
	4050.00000000	2.90416		1.93968     0.2    0.2		4.1705503158		-1.0
	4095.00000000	3.23812		1.92391     0.2    0.2		4.1705503158		-1.0
	4140.00000000	3.0715		2.02156     0.2    0.2		4.1705503158		-1.0
	4185.00000000	2.76361		2.53688     0.2    0.2		4.1705503158		-1.0
	4230.00000000	2.89099		2.47278     0.2    0.2		4.1705503158		-1.0
	4275.00000000	2.87641		-3.0064     0.2    0.2		4.1705503158		-1.0
	4320.00000000	2.90824		3.00276     0.2    0.2		4.1705503158		-1.0
	4365.00000000	2.76616		-2.40731     0.2    0.2		4.1705503158		-1.0
	4410.00000000	2.8169		-2.51761     0.2    0.2		4.1705503158		-1.0
	4455.00000000	2.82755		-2.05611     0.2    0.2		4.1705503158		-1.0
	4500.00000000	2.93435		-1.82551     0.2    0.2		4.1705503158		-1.0
	4545.00000000	3.18425		-1.41087     0.2    0.2		4.1705503158		-1.0
	4590.00000000	3.02916		-1.54834     0.2    0.2		4.1705503158		-1.0
	4635.00000000	2.9549		-1.0685     0.2    0.2		4.1705503158		-1.0
	4680.00000000	2.81452		-0.47615     0.2    0.2		4.1705503158		-1.0
	4725.00000000	2.92851		-0.55899     0.2    0.2		4.1705503158		-1.0
	4770.00000000	3.1298		-0.08852     0.2    0.2		4.1705503158		-1.0
	4815.00000000	2.94686		-0.04111     0.2    0.2		4.1705503158		-1.0
	4860.00000000	2.8707		-0.35004     0.2    0.2		4.1705503158		-1.0
	4905.00000000	2.73236		0.09079     0.2    0.2		4.1705503158		-1.0
	4950.00000000	2.87738		0.67363     0.2    0.2		4.1705503158		-1.0
	4995.00000000	3.15807		0.3187     0.2    0.2		4.1705503158		-1.0
	5040.00000000	2.85193		0.88011     0.2    0.2		4.1705503158		-1.0
	5085.00000000	2.71397		1.39039     0.2    0.2		4.1705503158		-1.0
	5130.00000000	2.75291		1.52968     0.2    0.2		4.1705503158		-1.0
	5175.00000000	2.87957		1.76219     0.2    0.2		4.1705503158		-1.0
	5220.00000000	2.82997		2.17539     0.2    0.2		4.1705503158		-1.0
	5265.00000000	2.81984		2.7324     0.2    0.2		4.1705503158		-1.0
	5310.00000000	2.95841		2.87193     0.2    0.2		4.1705503158		-1.0
	5355.00000000	2.78943		-3.00832     0.2    0.2		4.1705503158		-1.0
	5400.00000000	2.91462		-2.60184     0.2    0.2		4.1705503158		-1.0
	5445.00000000	3.0566		-2.41993     0.2    0.2		4.1705503158		-1.0
	5490.00000000	3.17131		-1.90641     0.2    0.2		4.1705503158		-1.0
	5535.00000000	3.0627		-1.71504     0.2    0.2		4.1705503158		-1.0
	5580.00000000	2.92652		-1.29871     0.2    0.2		4.1705503158		-1.0
	5625.00000000	2.80151		-0.85991     0.2    0.2		4.1705503158		-1.0
	5670.00000000	2.8254		-0.77753     0.2    0.2		4.1705503158		-1.0
	5715.00000000	3.27974		-0.07408     0.2    0.2		4.1705503158		-1.0
	5760.00000000	2.9668		-0.06042     0.2    0.2		4.1705503158		-1.0
	5805.00000000	2.94858		0.14694     0.2    0.2		4.1705503158		-1.0
	5850.00000000	3.10434		0.99523     0.2    0.2		4.1705503158		-1.0
	5895.00000000	2.77875		0.73925     0.2    0.2		4.1705503158		-1.0
	5940.00000000	2.78732		1.02741     0.2    0.2		4.1705503158		-1.0
	5985.00000000	3.13588		1.58666     0.2    0.2		4.1705503158		-1.0
	6030.00000000	3.07091		1.49363     0.2    0.2		4.1705503158		-1.0
	6075.00000000	3.10955		1.78495     0.2    0.2		4.1705503158		-1.0
	6120.00000000	2.69152		2.01625     0.2    0.2		4.1705503158		-1.0
	6165.00000000	3.04877		2.08867     0.2    0.2		4.1705503158		-1.0
	6210.00000000	3.0837		2.57465     0.2    0.2		4.1705503158		-1.0
	6255.00000000	2.90958		2.64435     0.2    0.2		4.1705503158		-1.0
	6300.00000000	3.10613		-3.13382     0.2    0.2		4.1705503158		-1.0
	6345.00000000	3.19998		-2.94192     0.2    0.2		4.1705503158		-1.0
	6390.00000000	2.8723		-2.42719     0.2    0.2		4.1705503158		-1.0
	6435.00000000	3.09445		-2.4208     0.2    0.2		4.1705503158		-1.0
	6480.00000000	3.02424		-1.81296     0.2    0.2		4.1705503158		-1.0
	6525.00000000	2.88243		-1.84241     0.2    0.2		4.1705503158		-1.0
	6570.00000000	3.2171		-1.42112     0.2    0.2		4.1705503158		-1.0
	6615.00000000	2.96183		-1.63877     0.2    0.2		4.1705503158		-1.0
	6660.00000000	2.78689		-1.19346     0.2    0.2		4.1705503158		-1.0
	6705.00000000	2.95087		-0.77218     0.2    0.2		4.1705503158		-1.0
	6750.00000000	3.1201		-0.43469     0.2    0.2		4.1705503158		-1.0
	6795.00000000	2.76742		-0.41022     0.2    0.2		4.1705503158		-1.0
	6840.00000000	3.23766		0.13369     0.2    0.2		4.1705503158		-1.0
	6885.00000000	2.67336		0.27515     0.2    0.2		4.1705503158		-1.0
	6930.00000000	3.22549		0.91533     0.2    0.2		4.1705503158		-1.0
	6975.00000000	3.13937		0.8416     0.2    0.2		4.1705503158		-1.0
	7020.00000000	2.83011		1.01567     0.2    0.2		4.1705503158		-1.0
	7065.00000000	2.99194		1.4443     0.2    0.2		4.1705503158		-1.0
	7110.00000000	3.06026		1.43146     0.2    0.2		4.1705503158		-1.0
	7155.00000000	3.01647		1.78045     0.2    0.2		4.1705503158		-1.0
	7200.00000000	2.88479		1.74484     0.2    0.2		4.1705503158		-1.0
	7245.00000000	2.74098		1.86433     0.2    0.2		4.1705503158		-1.0
	7290.00000000	2.77632		2.36296     0.2    0.2		4.1705503158		-1.0
	7335.00000000	3.20789		2.49459     0.2    0.2		4.1705503158		-1.0
	7380.00000000	2.96976		2.48223     0.2    0.2		4.1705503158		-1.0
	7425.00000000	2.83304		2.27727     0.2    0.2		4.1705503158		-1.0
	7470.00000000	3.03228		2.65225     0.2    0.2		4.1705503158		-1.0
	7515.00000000	3.17892		2.30719     0.2    0.2		4.1705503158		-1.0
	7560.00000000	3.01397		2.84562     0.2    0.2		4.1705503158		-1.0
	7605.00000000	2.86287		2.6634     0.2    0.2		4.1705503158		-1.0
	7650.00000000	3.07103		3.13584     0.2    0.2		4.1705503158		-1.0
	7695.00000000	3.05729		3.1063     0.2    0.2		4.1705503158		-1.0
	7740.00000000	2.79333		-2.66788     0.2    0.2		4.1705503158		-1.0
	7785.00000000	3.2536		-2.55022     0.2    0.2		4.1705503158		-1.0
	7830.00000000	2.84609		-2.05007     0.2    0.2		4.1705503158		-1.0
	7875.00000000	3.17064		-2.10369     0.2    0.2		4.1705503158		-1.0
	7920.00000000	3.16274		-1.74886     0.2    0.2		4.1705503158		-1.0
	7965.00000000	2.93978		-1.56849     0.2    0.2		4.1705503158		-1.0
	8010.00000000	3.16631		-1.20249     0.2    0.2		4.1705503158		-1.0
	8055.00000000	2.81932		-1.05042     0.2    0.2		4.1705503158		-1.0
	8100.00000000	2.81524		-0.25259     0.2    0.2		4.1705503158		-1.0
	8145.00000000	3.10666		0.67797     0.2    0.2		4.1705503158		-1.0
	8190.00000000	2.91952		1.23275     0.2    0.2		4.1705503158		-1.0
	8235.00000000	2.69238		1.68028     0.2    0.2		4.1705503158		-1.0
	8280.00000000	3.17718		1.92082     0.2    0.2		4.1705503158		-1.0
	8325.00000000	3.0169		2.41117     0.2    0.2		4.1705503158		-1.0
	8370.00000000	3.25412		2.7372     0.2    0.2		4.1705503158		-1.0
	8415.00000000	2.99354		-3.05532     0.2    0.2		4.1705503158		-1.0
	8460.00000000	3.21503		-2.95625     0.2    0.2		4.1705503158		-1.0
	8505.00000000	2.82793		-2.75146     0.2    0.2		4.1705503158		-1.0
	8550.00000000	3.08689		-2.41398     0.2    0.2		4.1705503158		-1.0
	8595.00000000	3.17825		-2.10859     0.2    0.2		4.1705503158		-1.0
	8640.00000000	3.25977		-1.68147     0.2    0.2		4.1705503158		-1.0
	8685.00000000	2.99917		-1.37788     0.2    0.2		4.1705503158		-1.0
	8730.00000000	2.93303		-1.06921     0.2    0.2		4.1705503158		-1.0
	8775.00000000	2.7666		-0.63071     0.2    0.2		4.1705503158		-1.0
	8820.00000000	3.33959		-0.68444     0.2    0.2		4.1705503158		-1.0
	8865.00000000	2.96551		0.2158     0.2    0.2		4.1705503158		-1.0
	8910.00000000	2.81082		0.44619     0.2    0.2		4.1705503158		-1.0
	8955.00000000	3.42005		1.02555     0.2    0.2		4.1705503158		-1.0
	9000.00000000	3.03066		1.18002     0.2    0.2		4.1705503158		-1.0
	9045.00000000	3.29238		1.45225     0.2    0.2		4.1705503158		-1.0
	9090.00000000	2.74316		1.8585     0.2    0.2		4.1705503158		-1.0
	9135.00000000	2.76898		1.99619     0.2    0.2		4.1705503158		-1.0
	9180.00000000	2.84715		2.39341     0.2    0.2		4.1705503158		-1.0
	9225.00000000	2.72242		2.67713     0.2    0.2		4.1705503158		-1.0
	9270.00000000	2.92337		3.0499     0.2    0.2		4.1705503158		-1.0
	9315.00000000	3.29868		-2.76362     0.2    0.2		4.1705503158		-1.0
	9360.00000000	3.08758		-2.79743     0.2    0.2		4.1705503158		-1.0
	9405.00000000	2.71583		-2.4659     0.2    0.2		4.1705503158		-1.0
	9450.00000000	2.72461		-2.18747     0.2    0.2		4.1705503158		-1.0
	9495.00000000	2.79727		-1.63887     0.2    0.2		4.1705503158		-1.0
	9540.00000000	2.77847		-1.38073     0.2    0.2		4.1705503158		-1.0
	9585.00000000	3.20238		-0.64556     0.2    0.2		4.1705503158		-1.0
	9630.00000000	3.24319		0.00682     0.2    0.2		4.1705503158		-1.0
	9675.00000000	3.18139		0.58793     0.2    0.2		4.1705503158		-1.0
	9720.00000000	2.9152		1.07726     0.2    0.2		4.1705503158		-1.0
	9765.00000000	2.7561		1.29464     0.2    0.2		4.1705503158		-1.0
	9810.00000000	2.8106		1.02595     0.2    0.2		4.1705503158		-1.0
	9855.00000000	2.81039		0.73684     0.2    0.2		4.1705503158		-1.0
	9900.00000000	2.86645		0.72699     0.2    0.2		4.1705503158		-1.0
	9945.00000000	2.87256		0.62115     0.2    0.2		4.1705503158		-1.0
	9990.00000000	3.12447		-0.09131     0.2    0.2		4.1705503158		-1.0
	10035.00000000	3.03816		-0.70568     0.2    0.2		4.1705503158		-1.0
	10080.00000000	2.86669		-1.06601     0.2    0.2		4.1705503158		-1.0
	10125.00000000	3.16887		-0.55963     0.2    0.2		4.1705503158		-1.0
	10170.00000000	2.818		-0.83593     0.2    0.2		4.1705503158		-1.0
	10215.00000000	3.20934		-0.88495     0.2    0.2		4.1705503158		-1.0
	10260.00000000	2.81137		-0.7005     0.2    0.2		4.1705503158		-1.0
	10305.00000000	3.24821		-0.31417     0.2    0.2		4.1705503158		-1.0
	10350.00000000	2.92738		-0.26673     0.2    0.2		4.1705503158		-1.0
	10395.00000000	3.15125		0.29652     0.2    0.2		4.1705503158		-1.0
	10440.00000000	3.21615		0.58533     0.2    0.2		4.1705503158		-1.0
	10485.00000000	3.19688		1.12687     0.2    0.2		4.1705503158		-1.0
	10530.00000000	3.13701		1.47978     0.2    0.2		4.1705503158		-1.0
	10575.00000000	3.26093		1.81032     0.2    0.2		4.1705503158		-1.0
	10620.00000000	3.12956		2.51277     0.2    0.2		4.1705503158		-1.0
	10665.00000000	3.29927		2.54478     0.2    0.2		4.1705503158		-1.0
	10710.00000000	3.2782		2.20595     0.2    0.2		4.1705503158		-1.0
	10755.00000000	3.24729		2.4375     0.2    0.2		4.1705503158		-1.0
	10800.00000000	3.16162		2.25239     0.2    0.2		4.1705503158		-1.0
	10845.00000001	2.76917		1.92534     0.2    0.2		4.1705503158		-1.0
	10890.00000001	3.25197		1.46466     0.2    0.2		4.1705503158		-1.0
	10935.00000001	3.00396		1.41677     0.2    0.2		4.1705503158		-1.0
	10980.00000001	3.02256		0.90234     0.2    0.2		4.1705503158		-1.0
	11025.00000001	2.99314		0.29557     0.2    0.2		4.1705503158		-1.0
	11070.00000001	2.85143		0.01047     0.2    0.2		4.1705503158		-1.0
	11115.00000001	2.79822		-0.90143     0.2    0.2		4.1705503158		-1.0
	11160.00000001	3.26041		-1.32821     0.2    0.2		4.1705503158		-1.0
	11205.00000001	2.89446		-1.60433     0.2    0.2		4.1705503158		-1.0
	11250.00000001	2.77381		-2.10474     0.2    0.2		4.1705503158		-1.0
	11295.00000001	3.00998		-2.0773     0.2    0.2		4.1705503158		-1.0
	11340.00000001	3.22808		-2.26537     0.2    0.2		4.1705503158		-1.0
	11385.00000001	3.20469		-2.16254     0.2    0.2		4.1705503158		-1.0
	11430.00000001	2.8025		-2.38192     0.2    0.2		4.1705503158		-1.0
	11475.00000001	3.05096		-2.37643     0.2    0.2		4.1705503158		-1.0
	11520.00000001	2.91232		-2.88772     0.2    0.2		4.1705503158		-1.0
	11565.00000001	2.75201		-2.96964     0.2    0.2		4.1705503158		-1.0
	11610.00000001	2.7978		2.7016     0.2    0.2		4.1705503158		-1.0
	11655.00000001	2.72896		2.50109     0.2    0.2		4.1705503158		-1.0
	11700.00000001	2.84401		2.41794     0.2    0.2		4.1705503158		-1.0
	11745.00000001	3.43763		1.60402     0.2    0.2		4.1705503158		-1.0
	11790.00000001	2.8914		1.64741     0.2    0.2		4.1705503158		-1.0
	11835.00000001	2.75421		1.35332     0.2    0.2		4.1705503158		-1.0
	11880.00000001	2.63224		0.85767     0.2    0.2		4.1705503158		-1.0
	11925.00000001	2.8232		0.00412     0.2    0.2		4.1705503158		-1.0
	11970.00000001	3.46046		-1.01938     0.2    0.2		4.1705503158		-1.0
	12015.00000001	3.44741		-1.10233     0.2    0.2		4.1705503158		-1.0
	12060.00000001	3.09801		-1.35562     0.2    0.2		4.1705503158		-1.0
	12105.00000001	2.62094		-1.55769     0.2    0.2		4.1705503158		-1.0
	12150.00000001	2.78294		-1.83114     0.2    0.2		4.1705503158		-1.0
	12195.00000001	2.84158		-1.89532     0.2    0.2		4.1705503158		-1.0
	12240.00000001	2.68925		-2.08744     0.2    0.2		4.1705503158		-1.0
	12285.00000001	2.62517		-2.28844     0.2    0.2		4.1705503158		-1.0
	12330.00000001	3.00729		-2.22044     0.2    0.2		4.1705503158		-1.0
	12375.00000001	3.27528		-2.07447     0.2    0.2		4.1705503158		-1.0
	12420.00000001	3.18441		-2.12347     0.2    0.2		4.1705503158		-1.0
	12465.00000001	3.12727		-2.7235     0.2    0.2		4.1705503158		-1.0
	12510.00000001	3.25034		-2.48154     0.2    0.2		4.1705503158		-1.0
	12555.00000001	3.12548		3.06811     0.2    0.2		4.1705503158		-1.0
	12600.00000001	3.21882		2.94462     0.2    0.2		4.1705503158		-1.0
	12645.00000001	3.14028		2.49403     0.2    0.2		4.1705503158		-1.0
	12690.00000001	3.2647		2.02714     0.2    0.2		4.1705503158		-1.0
	12735.00000001	3.2985		1.54877     0.2    0.2		4.1705503158		-1.0
	12780.00000001	3.12073		1.21131     0.2    0.2		4.1705503158		-1.0
	12825.00000001	3.28706		0.57824     0.2    0.2		4.1705503158		-1.0
	12870.00000001	3.28837		-0.02085     0.2    0.2		4.1705503158		-1.0
	12915.00000001	3.25267		-0.80412     0.2    0.2		4.1705503158		-1.0
	12960.00000001	2.98245		-1.21282     0.2    0.2		4.1705503158		-1.0
	13005.00000001	2.58732		-1.70566     0.2    0.2		4.1705503158		-1.0
	13050.00000001	2.69375		-1.82362     0.2    0.2		4.1705503158		-1.0
	13095.00000001	3.1678		-2.16084     0.2    0.2		4.1705503158		-1.0
	13140.00000001	2.82196		-2.37414     0.2    0.2		4.1705503158		-1.0
	13185.00000001	2.74854		-2.86573     0.2    0.2		4.1705503158		-1.0
	13230.00000001	2.81599		-3.10795     0.2    0.2		4.1705503158		-1.0
	13275.00000001	2.72023		2.6758     0.2    0.2		4.1705503158		-1.0
	13320.00000001	2.71236		2.01093     0.2    0.2		4.1705503158		-1.0
	13365.00000001	2.72626		2.1718     0.2    0.2		4.1705503158		-1.0
	13410.00000001	2.76266		1.67559     0.2    0.2		4.1705503158		-1.0
	13455.00000001	2.71327		1.66542     0.2    0.2		4.1705503158		-1.0
	13500.00000001	2.72184		1.44518     0.2    0.2		4.1705503158		-1.0
	13545.00000001	2.75362		1.39191     0.2    0.2		4.1705503158		-1.0
	13590.00000001	2.71415		1.01083     0.2    0.2		4.1705503158		-1.0
	13635.00000001	2.76678		0.36242     0.2    0.2		4.1705503158		-1.0
	13680.00000001	2.72562		-0.26518     0.2    0.2		4.1705503158		-1.0
	13725.00000001	2.78097		-1.08378     0.2    0.2		4.1705503158		-1.0
	13770.00000001	2.7213		-1.13732     0.2    0.2		4.1705503158		-1.0
	13815.00000001	2.82728		-1.5047     0.2    0.2		4.1705503158		-1.0
	13860.00000001	3.11999		-1.85337     0.2    0.2		4.1705503158		-1.0
	13905.00000001	3.30004		-1.92492     0.2    0.2		4.1705503158		-1.0
	13950.00000001	3.15297		-1.98096     0.2    0.2		4.1705503158		-1.0
	13995.00000001	3.31002		-2.70065     0.2    0.2		4.1705503158		-1.0
	14040.00000001	3.0415		-2.68789     0.2    0.2		4.1705503158		-1.0
	14085.00000001	3.04006		-2.80795     0.2    0.2		4.1705503158		-1.0
	14130.00000001	2.67927		2.90675     0.2    0.2		4.1705503158		-1.0
	14175.00000001	2.77096		2.87804     0.2    0.2		4.1705503158		-1.0
	14220.00000001	2.88237		2.74649     0.2    0.2		4.1705503158		-1.0
	14265.00000000	3.08192		2.88218     0.2    0.2		4.1705503158		-1.0
	14310.00000000	3.12827		2.85155     0.2    0.2		4.1705503158		-1.0
	14355.00000000	3.38899		2.76647     0.2    0.2		4.1705503158		-1.0
	14400.00000000	3.24862		2.67754     0.2    0.2		4.1705503158		-1.0
	14445.00000000	2.99349		2.99714     0.2    0.2		4.1705503158		-1.0
	14490.00000000	2.78878		2.95517     0.2    0.2		4.1705503158		-1.0
	14535.00000000	3.14247		-2.9992     0.2    0.2		4.1705503158		-1.0
	14580.00000000	2.71529		-2.9698     0.2    0.2		4.1705503158		-1.0
	14625.00000000	2.75344		-2.6168     0.2    0.2		4.1705503158		-1.0
	14670.00000000	2.71276		-2.49898     0.2    0.2		4.1705503158		-1.0
	14715.00000000	2.78876		-2.02724     0.2    0.2		4.1705503158		-1.0
	14760.00000000	2.71632		-1.86084     0.2    0.2		4.1705503158		-1.0
	14805.00000000	2.78605		-1.22333     0.2    0.2		4.1705503158		-1.0
	14850.00000000	2.9729		-0.82212     0.2    0.2		4.1705503158		-1.0
	14895.00000000	2.68655		-0.29129     0.2    0.2		4.1705503158		-1.0
	14940.00000000	2.8424		0.04744     0.2    0.2		4.1705503158		-1.0
	14985.00000000	2.68412		0.3552     0.2    0.2		4.1705503158		-1.0
	15030.00000000	2.78711		0.8611     0.2    0.2		4.1705503158		-1.0
	15075.00000000	2.8528		0.56448     0.2    0.2		4.1705503158		-1.0
	15120.00000000	3.00087		0.31779     0.2    0.2		4.1705503158		-1.0
	15165.00000000	3.17721		-0.13474     0.2    0.2		4.1705503158		-1.0
	15210.00000000	3.03697		-0.83972     0.2    0.2		4.1705503158		-1.0
	15255.00000000	3.19322		-0.66273     0.2    0.2		4.1705503158		-1.0
	15300.00000000	3.10734		-1.14091     0.2    0.2		4.1705503158		-1.0
	15345.00000000	3.02508		-1.46866     0.2    0.2		4.1705503158		-1.0
	15390.00000000	3.22278		-1.82014     0.2    0.2		4.1705503158		-1.0
	15435.00000000	3.26243		-1.61032     0.2    0.2		4.1705503158		-1.0
	15480.00000000	3.25162		-2.12295     0.2    0.2		4.1705503158		-1.0
	15525.00000000	3.31302		-2.43335     0.2    0.2		4.1705503158		-1.0
	15570.00000000	3.17941		-2.53071     0.2    0.2		4.1705503158		-1.0
	15615.00000000	3.39799		-2.71173     0.2    0.2		4.1705503158		-1.0
	15660.00000000	3.36607		-3.0     0.2    0.2		4.1705503158		-1.0
	15705.00000000	3.31741		2.88748     0.2    0.2		4.1705503158		-1.0
	15750.00000000	3.45609		2.65469     0.2    0.2		4.1705503158		-1.0
	15795.00000000	3.29511		2.09843     0.2    0.2		4.1705503158		-1.0
	15840.00000000	3.44092		2.03999     0.2    0.2		4.1705503158		-1.0
	15885.00000000	3.28295		1.52796     0.2    0.2		4.1705503158		-1.0
	15930.00000000	3.31465		1.01663     0.2    0.2		4.1705503158		-1.0
	15975.00000000	3.33298		0.52203     0.2    0.2		4.1705503158		-1.0
	16020.00000000	3.37891		0.49914     0.2    0.2		4.1705503158		-1.0
	16065.00000000	3.35467		0.38973     0.2    0.2		4.1705503158		-1.0
	16110.00000000	3.22465		-0.14582     0.2    0.2		4.1705503158		-1.0
	16155.00000000	3.16556		-0.35019     0.2    0.2		4.1705503158		-1.0
	16200.00000000	3.09892		-0.54791     0.2    0.2		4.1705503158		-1.0
	16245.00000000	3.46553		-1.29127     0.2    0.2		4.1705503158		-1.0
	16290.00000000	2.69443		-1.01949     0.2    0.2		4.1705503158		-1.0
	16335.00000000	3.10036		-1.25341     0.2    0.2		4.1705503158		-1.0
	16380.00000000	2.72636		-1.58861     0.2    0.2		4.1705503158		-1.0
	16425.00000000	2.68018		-1.48821     0.2    0.2		4.1705503158		-1.0
	16470.00000000	3.45741		-1.58696     0.2    0.2		4.1705503158		-1.0
	16515.00000000	2.80518		-1.41783     0.2    0.2		4.1705503158		-1.0
	16560.00000000	3.21924		-1.52261     0.2    0.2		4.1705503158		-1.0
	16605.00000000	3.14878		-1.61865     0.2    0.2		4.1705503158		-1.0
	16650.00000000	3.48795		-1.56518     0.2    0.2		4.1705503158		-1.0
	16695.00000000	2.63401		-1.80998     0.2    0.2		4.1705503158		-1.0
	16740.00000000	2.65867		-1.58174     0.2    0.2		4.1705503158		-1.0
	16785.00000000	2.74305		-1.21786     0.2    0.2		4.1705503158		-1.0
	16830.00000000	3.09385		-0.93185     0.2    0.2		4.1705503158		-1.0
	16875.00000000	2.80516		-0.45453     0.2    0.2		4.1705503158		-1.0
	16920.00000000	2.87784		-0.07458     0.2    0.2		4.1705503158		-1.0
	16965.00000000	2.80766		0.54018     0.2    0.2		4.1705503158		-1.0
	17010.00000000	3.27565		0.1455     0.2    0.2		4.1705503158		-1.0
	17055.00000000	2.96005		0.36753     0.2    0.2		4.1705503158		-1.0
	17100.00000000	2.60118		0.47706     0.2    0.2		4.1705503158		-1.0
	17145.00000000	2.68864		0.85088     0.2    0.2		4.1705503158		-1.0
	17190.00000000	2.75372		0.99404     0.2    0.2		4.1705503158		-1.0
	17235.00000000	3.16991		1.27033     0.2    0.2		4.1705503158		-1.0
	17280.00000000	3.19113		1.75459     0.2    0.2		4.1705503158		-1.0
	17325.00000000	3.43791		2.41894     0.2    0.2		4.1705503158		-1.0
	17370.00000000	2.59279		2.55757     0.2    0.2		4.1705503158		-1.0
	17415.00000000	2.69907		2.80928     0.2    0.2		4.1705503158		-1.0
	17460.00000000	2.68089		-3.13782     0.2    0.2		4.1705503158		-1.0
	17505.00000000	2.79371		-2.6084     0.2    0.2		4.1705503158		-1.0
	17550.00000000	2.69896		-2.65279     0.2    0.2		4.1705503158		-1.0
	17595.00000000	2.88008		-1.9706     0.2    0.2		4.1705503158		-1.0
	17640.00000000	2.71355		-2.21918     0.2    0.2		4.1705503158		-1.0
	17685.00000000	2.72951		-2.04486     0.2    0.2		4.1705503158		-1.0
	17730.00000000	2.71881		-2.30051     0.2    0.2		4.1705503158		-1.0
	17775.00000000	2.64353		-2.26622     0.2    0.2		4.1705503158		-1.0
	17820.00000000	2.76585		-2.7277     0.2    0.2		4.1705503158		-1.0
	17865.00000000	2.70957		-2.81343     0.2    0.2		4.1705503158		-1.0
	17910.00000000	2.78479		2.99068     0.2    0.2		4.1705503158		-1.0
	17955.00000000	2.68578		2.785     0.2    0.2		4.1705503158		-1.0
	18000.00000000	2.67339		2.36801     0.2    0.2		4.1705503158		-1.0
	18045.00000000	2.75506		2.07782     0.2    0.2		4.1705503158		-1.0
	18090.00000000	2.70467		1.907     0.2    0.2		4.1705503158		-1.0
	18135.00000000	2.8639		1.44523     0.2    0.2		4.1705503158		-1.0
	18180.00000000	2.67231		0.76921     0.2    0.2		4.1705503158		-1.0
	18225.00000000	2.7151		-0.30101     0.2    0.2		4.1705503158		-1.0
	18270.00000000	2.79752		-0.91755     0.2    0.2		4.1705503158		-1.0
	18315.00000000	2.90503		-0.32476     0.2    0.2		4.1705503158		-1.0
	18360.00000000	2.64162		0.12028     0.2    0.2		4.1705503158		-1.0
	18405.00000000	2.77528		0.68592     0.2    0.2		4.1705503158		-1.0
	18450.00000000	2.75625		0.3139     0.2    0.2		4.1705503158		-1.0
	18495.00000000	2.73398		-0.49061     0.2    0.2		4.1705503158		-1.0
	18540.00000000	2.76208		-1.04475     0.2    0.2		4.1705503158		-1.0
	18585.00000000	2.68618		-0.47326     0.2    0.2		4.1705503158		-1.0
	18630.00000000	2.60047		-0.47844     0.2    0.2		4.1705503158		-1.0
	18675.00000000	2.96407		-0.14879     0.2    0.2		4.1705503158		-1.0
	18720.00000000	3.12158		-0.25494     0.2    0.2		4.1705503158		-1.0
	18765.00000000	3.17166		0.12438     0.2    0.2		4.1705503158		-1.0
	18810.00000000	3.03665		-0.11475     0.2    0.2		4.1705503158		-1.0
	18855.00000000	2.58745		0.11296     0.2    0.2		4.1705503158		-1.0
	18900.00000000	2.59097		0.06033     0.2    0.2		4.1705503158		-1.0
	18945.00000000	2.72541		-0.50911     0.2    0.2		4.1705503158		-1.0
	18990.00000000	2.79713		-0.71194     0.2    0.2		4.1705503158		-1.0
	19035.00000000	2.66719		-0.81239     0.2    0.2		4.1705503158		-1.0
	19080.00000000	3.50717		-0.31606     0.2    0.2		4.1705503158		-1.0
	19125.00000000	3.51788		-0.65909     0.2    0.2		4.1705503158		-1.0
	19170.00000000	3.44218		-0.67303     0.2    0.2		4.1705503158		-1.0
	19215.00000000	2.60215		-0.63626     0.2    0.2		4.1705503158		-1.0
	19260.00000000	3.10604		-0.86294     0.2    0.2		4.1705503158		-1.0
	19305.00000000	3.18128		-1.01318     0.2    0.2		4.1705503158		-1.0
	19350.00000000	2.86302		-0.98075     0.2    0.2		4.1705503158		-1.0
	19395.00000000	2.72249		-1.2291     0.2    0.2		4.1705503158		-1.0
	19440.00000000	3.0412		-1.38694     0.2    0.2		4.1705503158		-1.0
	19485.00000000	3.04225		-1.20871     0.2    0.2		4.1705503158		-1.0
	19530.00000000	2.97938		-1.66564     0.2    0.2		4.1705503158		-1.0
	19575.00000000	2.99402		-1.43652     0.2    0.2		4.1705503158		-1.0
	19620.00000000	3.2581		-1.67326     0.2    0.2		4.1705503158		-1.0
	19665.00000000	3.37024		-1.73146     0.2    0.2		4.1705503158		-1.0
	19710.00000000	3.18743		-2.06825     0.2    0.2		4.1705503158		-1.0
	19755.00000000	3.43794		-2.23817     0.2    0.2		4.1705503158		-1.0
	19800.00000000	3.46322		-2.27609     0.2    0.2		4.1705503158		-1.0
	19845.00000000	3.2852		-2.76534     0.2    0.2		4.1705503158		-1.0
	19890.00000000	3.20252		-2.76433     0.2    0.2		4.1705503158		-1.0
	19935.00000000	3.27172		3.08452     0.2    0.2		4.1705503158		-1.0
	19980.00000000	3.35279		2.84013     0.2    0.2		4.1705503158		-1.0
	20025.00000000	3.06586		2.32614     0.2    0.2		4.1705503158		-1.0
	20070.00000000	3.27529		1.98085     0.2    0.2		4.1705503158		-1.0
	20115.00000000	3.34836		1.63515     0.2    0.2		4.1705503158		-1.0
	20160.00000000	3.38765		1.11624     0.2    0.2		4.1705503158		-1.0
	20205.00000000	3.41214		0.73788     0.2    0.2		4.1705503158		-1.0
	20250.00000000	3.36018		0.56122     0.2    0.2		4.1705503158		-1.0
	20295.00000000	3.48739		0.44951     0.2    0.2		4.1705503158		-1.0
	20340.00000000	3.32032		-0.40891     0.2    0.2		4.1705503158		-1.0
	20385.00000000	3.46676		-0.26335     0.2    0.2		4.1705503158		-1.0
	20430.00000000	3.24365		-0.73446     0.2    0.2		4.1705503158		-1.0
	20475.00000000	3.25836		-1.13136     0.2    0.2		4.1705503158		-1.0
	20520.00000000	2.93129		-0.87062     0.2    0.2		4.1705503158		-1.0
	20565.00000000	2.63376		-0.94101     0.2    0.2		4.1705503158		-1.0
	20610.00000000	2.60783		-1.26564     0.2    0.2		4.1705503158		-1.0
	20655.00000000	2.66906		-0.71665     0.2    0.2		4.1705503158		-1.0
	20700.00000000	2.73431		0.38958     0.2    0.2		4.1705503158		-1.0
	20744.99999999	2.68779		1.31631     0.2    0.2		4.1705503158		-1.0
	20789.99999999	2.72213		1.60334     0.2    0.2		4.1705503158		-1.0
	20834.99999999	2.75747		1.95847     0.2    0.2		4.1705503158		-1.0
	20879.99999999	2.65095		2.48218     0.2    0.2		4.1705503158		-1.0
	20924.99999999	2.74691		2.37536     0.2    0.2		4.1705503158		-1.0
	20969.99999999	2.68123		2.03722     0.2    0.2		4.1705503158		-1.0
	21014.99999999	2.84201		2.22479     0.2    0.2		4.1705503158		-1.0
	21059.99999999	3.35541		1.99288     0.2    0.2		4.1705503158		-1.0
	21104.99999999	2.62086		2.06747     0.2    0.2		4.1705503158		-1.0
	21149.99999999	3.69055		1.76354     0.2    0.2		4.1705503158		-1.0
	21194.99999999	2.85284		1.85877     0.2    0.2		4.1705503158		-1.0
	21239.99999999	3.08871		1.7504     0.2    0.2		4.1705503158		-1.0
	21284.99999999	3.47447		1.60512     0.2    0.2		4.1705503158		-1.0
	21329.99999999	3.39812		1.36851     0.2    0.2		4.1705503158		-1.0
	21374.99999999	3.16322		0.88327     0.2    0.2		4.1705503158		-1.0
	21419.99999999	3.22205		0.94019     0.2    0.2		4.1705503158		-1.0
	21464.99999999	3.19833		0.1903     0.2    0.2		4.1705503158		-1.0
	21509.99999999	3.27055		0.02586     0.2    0.2		4.1705503158		-1.0
	21554.99999999	3.16739		-0.4486     0.2    0.2		4.1705503158		-1.0
	21599.99999999	3.18563		-0.27034     0.2    0.2		4.1705503158		-1.0
	21644.99999999	3.15298		-0.77567     0.2    0.2		4.1705503158		-1.0
	21689.99999999	3.2305		-0.8773     0.2    0.2		4.1705503158		-1.0
	21734.99999999	3.25119		-1.03785     0.2    0.2		4.1705503158		-1.0
	21779.99999999	3.46453		-1.44305     0.2    0.2		4.1705503158		-1.0
	21824.99999999	3.33326		-1.76962     0.2    0.2		4.1705503158		-1.0
	21869.99999999	3.56074		-2.10818     0.2    0.2		4.1705503158		-1.0
	21914.99999999	3.18536		-2.59295     0.2    0.2		4.1705503158		-1.0
	21959.99999999	3.35977		-2.43776     0.2    0.2		4.1705503158		-1.0
	22004.99999999	3.25524		-2.93034     0.2    0.2		4.1705503158		-1.0
	22049.99999999	3.31626		-3.11328     0.2    0.2		4.1705503158		-1.0
	22094.99999999	3.15363		3.01235     0.2    0.2		4.1705503158		-1.0
	22139.99999999	3.13554		2.5712     0.2    0.2		4.1705503158		-1.0
	22184.99999999	3.41698		1.91178     0.2    0.2		4.1705503158		-1.0
	22229.99999999	3.39791		2.08842     0.2    0.2		4.1705503158		-1.0
	22274.99999999	2.8103		1.61061     0.2    0.2		4.1705503158		-1.0
	22319.99999999	2.7787		1.77325     0.2    0.2		4.1705503158		-1.0
	22364.99999999	3.45066		1.39314     0.2    0.2		4.1705503158		-1.0
	22409.99999999	2.92726		1.50737     0.2    0.2		4.1705503158		-1.0
	22454.99999999	2.73451		1.25008     0.2    0.2		4.1705503158		-1.0
	22499.99999999	2.73284		0.7191     0.2    0.2		4.1705503158		-1.0
	22544.99999999	2.65217		-0.06405     0.2    0.2		4.1705503158		-1.0
	22589.99999999	2.64475		-0.73634     0.2    0.2		4.1705503158		-1.0
	22634.99999999	3.57515		-0.43523     0.2    0.2		4.1705503158		-1.0
	22679.99999999	3.45991		-0.83824     0.2    0.2		4.1705503158		-1.0
	22724.99999999	3.36354		-0.36241     0.2    0.2		4.1705503158		-1.0
	22769.99999999	3.27706		-0.45173     0.2    0.2		4.1705503158		-1.0
	22814.99999999	2.7088		0.25454     0.2    0.2		4.1705503158		-1.0
	22859.99999999	2.89968		0.49543     0.2    0.2		4.1705503158		-1.0
	22904.99999999	2.94376		1.08769     0.2    0.2		4.1705503158		-1.0
	22949.99999999	2.71594		1.27044     0.2    0.2		4.1705503158		-1.0
	22994.99999999	2.63521		1.42374     0.2    0.2		4.1705503158		-1.0
	23039.99999999	2.75982		1.19195     0.2    0.2		4.1705503158		-1.0
	23084.99999999	3.52973		1.24293     0.2    0.2		4.1705503158		-1.0
	23129.99999999	2.99614		0.97219     0.2    0.2		4.1705503158		-1.0
	23174.99999999	3.31928		0.64434     0.2    0.2		4.1705503158		-1.0
	23219.99999999	3.5558		0.63646     0.2    0.2		4.1705503158		-1.0
	23264.99999999	3.35624		0.34654     0.2    0.2		4.1705503158		-1.0
	23309.99999999	3.42179		0.06531     0.2    0.2		4.1705503158		-1.0
	23354.99999999	3.46965		0.11986     0.2    0.2		4.1705503158		-1.0
	23399.99999999	3.17057		0.25623     0.2    0.2		4.1705503158		-1.0
	23444.99999999	3.15611		0.46747     0.2    0.2		4.1705503158		-1.0
	23489.99999999	3.37268		0.87112     0.2    0.2		4.1705503158		-1.0
	23534.99999999	3.30702		1.37693     0.2    0.2		4.1705503158		-1.0
	23579.99999999	3.09334		1.51484     0.2    0.2		4.1705503158		-1.0
	23624.99999999	3.16036		1.95522     0.2    0.2		4.1705503158		-1.0
	23669.99999999	3.14903		2.26731     0.2    0.2		4.1705503158		-1.0
	23714.99999999	2.68826		2.74708     0.2    0.2		4.1705503158		-1.0
	23759.99999999	2.82357		-2.87314     0.2    0.2		4.1705503158		-1.0
	23804.99999999	2.82455		-2.68136     0.2    0.2		4.1705503158		-1.0
	23849.99999999	2.75939		-2.22489     0.2    0.2		4.1705503158		-1.0
	23894.99999999	2.72487		-1.85858     0.2    0.2		4.1705503158		-1.0
	23939.99999999	2.82163		-1.73294     0.2    0.2		4.1705503158		-1.0
	23984.99999999	2.78736		-1.62198     0.2    0.2		4.1705503158		-1.0
	24029.99999999	2.61865		-1.41605     0.2    0.2		4.1705503158		-1.0
	24074.99999999	2.68795		-1.45782     0.2    0.2		4.1705503158		-1.0
	24119.99999999	2.72012		-1.27403     0.2    0.2		4.1705503158		-1.0
	24164.99999999	2.65253		-1.27217     0.2    0.2		4.1705503158		-1.0
	24209.99999999	2.80639		-0.87992     0.2    0.2		4.1705503158		-1.0
	24254.99999999	2.61679		-0.37048     0.2    0.2		4.1705503158		-1.0
	24299.99999999	2.77868		0.24613     0.2    0.2		4.1705503158		-1.0
	24344.99999999	2.67544		0.77149     0.2    0.2		4.1705503158		-1.0
	24389.99999999	2.69022		1.06109     0.2    0.2		4.1705503158		-1.0
	24434.99999999	2.73348		1.68846     0.2    0.2		4.1705503158		-1.0
	24479.99999999	2.6754		1.80586     0.2    0.2		4.1705503158		-1.0
	24524.99999999	2.63889		2.11971     0.2    0.2		4.1705503158		-1.0
	24569.99999999	2.63911		2.34445     0.2    0.2		4.1705503158		-1.0
	24614.99999999	2.72877		2.81987     0.2    0.2		4.1705503158		-1.0
	24659.99999999	2.77699		-2.96416     0.2    0.2		4.1705503158		-1.0
	24704.99999999	2.84026		-2.86987     0.2    0.2		4.1705503158		-1.0
	24749.99999999	2.65111		-2.4025     0.2    0.2		4.1705503158		-1.0
	24794.99999999	2.65686		-2.16669     0.2    0.2		4.1705503158		-1.0
	24839.99999999	2.71322		-1.89929     0.2    0.2		4.1705503158		-1.0
	24884.99999999	2.66676		-1.79259     0.2    0.2		4.1705503158		-1.0
	24929.99999999	2.71323		-1.66282     0.2    0.2		4.1705503158		-1.0
	24974.99999999	3.61984		-1.2172     0.2    0.2		4.1705503158		-1.0
	25019.99999999	3.44896		-0.93985     0.2    0.2		4.1705503158		-1.0
	25064.99999999	3.35877		-0.60452     0.2    0.2		4.1705503158		-1.0
	25109.99999999	3.1851		-0.10284     0.2    0.2		4.1705503158		-1.0
	25154.99999999	3.43569		0.30204     0.2    0.2		4.1705503158		-1.0
	25199.99999999	3.32961		1.01624     0.2    0.2		4.1705503158		-1.0
	25244.99999999	3.22069		1.42428     0.2    0.2		4.1705503158		-1.0
	25289.99999999	3.44658		1.59704     0.2    0.2		4.1705503158		-1.0
	25334.99999999	3.49157		2.07596     0.2    0.2		4.1705503158		-1.0
	25379.99999999	3.0597		2.18272     0.2    0.2		4.1705503158		-1.0
	25424.99999999	3.33574		2.5845     0.2    0.2		4.1705503158		-1.0
	25469.99999999	3.31697		2.94805     0.2    0.2		4.1705503158		-1.0
	25514.99999999	3.08116		3.07986     0.2    0.2		4.1705503158		-1.0
	25559.99999999	2.67647		-2.90306     0.2    0.2		4.1705503158		-1.0
	25604.99999999	2.67729		-2.66861     0.2    0.2		4.1705503158		-1.0
	25649.99999999	3.56583		-2.28176     0.2    0.2		4.1705503158		-1.0
	25694.99999999	3.21864		-2.35493     0.2    0.2		4.1705503158		-1.0
	25739.99999999	3.27899		-1.73654     0.2    0.2		4.1705503158		-1.0
	25784.99999999	3.19149		-1.7883     0.2    0.2		4.1705503158		-1.0
	25829.99999999	3.41866		-1.69034     0.2    0.2		4.1705503158		-1.0
	25874.99999999	3.5639		-1.33998     0.2    0.2		4.1705503158		-1.0
	25919.99999999	3.14232		-1.35355     0.2    0.2		4.1705503158		-1.0
	25964.99999999	3.24979		-0.96657     0.2    0.2		4.1705503158		-1.0
	26009.99999999	3.23062		-1.01142     0.2    0.2		4.1705503158		-1.0
	26054.99999999	3.24739		-0.59968     0.2    0.2		4.1705503158		-1.0
	26099.99999999	3.42481		-0.30937     0.2    0.2		4.1705503158		-1.0
	26144.99999999	3.4672		0.1972     0.2    0.2		4.1705503158		-1.0
	26189.99999999	3.62032		0.60169     0.2    0.2		4.1705503158		-1.0
	26234.99999999	3.12234		1.18795     0.2    0.2		4.1705503158		-1.0
	26279.99999999	3.20629		1.2299     0.2    0.2		4.1705503158		-1.0
	26324.99999999	2.95064		1.63237     0.2    0.2		4.1705503158		-1.0
	26369.99999999	3.32494		1.72386     0.2    0.2		4.1705503158		-1.0
	26414.99999999	3.37498		1.88492     0.2    0.2		4.1705503158		-1.0
	26459.99999999	3.18948		2.40762     0.2    0.2		4.1705503158		-1.0
	26504.99999999	3.30375		2.64733     0.2    0.2		4.1705503158		-1.0
	26549.99999999	2.88091		3.03137     0.2    0.2		4.1705503158		-1.0
	26594.99999999	2.67018		-3.11228     0.2    0.2		4.1705503158		-1.0
	26639.99999999	2.80812		-2.88691     0.2    0.2		4.1705503158		-1.0
	26684.99999999	2.64564		3.04357     0.2    0.2		4.1705503158		-1.0
	26729.99999999	2.73163		2.88592     0.2    0.2		4.1705503158		-1.0
	26774.99999999	2.6311		2.56601     0.2    0.2		4.1705503158		-1.0
	26819.99999999	2.74855		2.14061     0.2    0.2		4.1705503158		-1.0
	26864.99999999	2.64262		1.93315     0.2    0.2		4.1705503158		-1.0
	26909.99999999	2.62286		1.70141     0.2    0.2		4.1705503158		-1.0
	26954.99999999	2.69179		1.16432     0.2    0.2		4.1705503158		-1.0
	26999.99999999	2.66055		0.73806     0.2    0.2		4.1705503158		-1.0
	27044.99999999	2.64378		-0.11727     0.2    0.2		4.1705503158		-1.0
	27089.99999999	2.73265		-0.5817     0.2    0.2		4.1705503158		-1.0
	27134.99999999	2.7803		-0.32176     0.2    0.2		4.1705503158		-1.0
	27179.99999999	2.57113		-0.31203     0.2    0.2		4.1705503158		-1.0
	27224.99999998	2.78546		0.59727     0.2    0.2		4.1705503158		-1.0
	27269.99999998	3.23575		0.93491     0.2    0.2		4.1705503158		-1.0
	27314.99999998	3.10341		0.7293     0.2    0.2		4.1705503158		-1.0
	27359.99999998	3.42564		1.24306     0.2    0.2		4.1705503158		-1.0
	27404.99999998	3.49256		0.91965     0.2    0.2		4.1705503158		-1.0
	27449.99999998	3.27286		0.42549     0.2    0.2		4.1705503158		-1.0
	27494.99999998	3.04292		0.66304     0.2    0.2		4.1705503158		-1.0
	27539.99999998	3.26573		0.69379     0.2    0.2		4.1705503158		-1.0
	27584.99999998	3.30338		0.86155     0.2    0.2		4.1705503158		-1.0
	27629.99999998	3.31726		1.17883     0.2    0.2		4.1705503158		-1.0
	27674.99999998	2.75257		1.68643     0.2    0.2		4.1705503158		-1.0
	27719.99999998	3.70865		1.63208     0.2    0.2		4.1705503158		-1.0
	27764.99999998	3.28733		1.99633     0.2    0.2		4.1705503158		-1.0
	27809.99999998	3.48058		2.52232     0.2    0.2		4.1705503158		-1.0
	27854.99999998	3.45534		2.52953     0.2    0.2		4.1705503158		-1.0
	27899.99999998	3.45127		2.88927     0.2    0.2		4.1705503158		-1.0
	27944.99999998	2.65652		-3.1364     0.2    0.2		4.1705503158		-1.0
	27989.99999998	2.76415		3.04925     0.2    0.2		4.1705503158		-1.0
	28034.99999998	3.74343		3.09067     0.2    0.2		4.1705503158		-1.0
	28079.99999998	3.00006		-2.87238     0.2    0.2		4.1705503158		-1.0
	28124.99999998	4.44265		-2.83325     0.2    0.2		4.1705503158		-1.0
	28169.99999998	6.80654		-2.62093     0.2    0.2		4.1705503158		-1.0
	28214.99999998	8.83641		-2.47833     0.2    0.2		4.1705503158		-1.0
	28259.99999998	10.89307		-2.12047     0.2    0.2		4.1705503158		-1.0
	28304.99999998	12.50659		-1.88408     0.2    0.2		4.1705503158		-1.0
	28349.99999998	13.94477		-1.42951     0.2    0.2		4.1705503158		-1.0
	28394.99999998	14.98599		-0.20279     0.2    0.2		4.1705503158		-1.0
	28439.99999998	15.94443		1.23908     0.2    0.2		4.1705503158		-1.0
	28484.99999998	16.83592		1.90913     0.2    0.2		4.1705503158		-1.0
	28529.99999998	17.89438		2.4353     0.2    0.2		4.1705503158		-1.0
	28574.99999998	18.94172		3.02286     0.2    0.2		4.1705503158		-1.0
	28619.99999998	20.04847		-2.92725     0.2    0.2		4.1705503158		-1.0
	28664.99999998	21.23339		-2.54287     0.2    0.2		4.1705503158		-1.0
	28709.99999998	22.10835		-2.20517     0.2    0.2		4.1705503158		-1.0
	28754.99999998	22.66377		-1.9188     0.2    0.2		4.1705503158		-1.0
	28799.99999998	23.2648		-1.63182     0.2    0.2		4.1705503158		-1.0
	28844.99999998	24.02417		-1.3249     0.2    0.2		4.1705503158		-1.0
	28889.99999998	24.64889		-1.27688     0.2    0.2		4.1705503158		-1.0
	28934.99999998	25.67368		-0.91512     0.2    0.2		4.1705503158		-1.0
	28979.99999998	26.79256		-0.83028     0.2    0.2		4.1705503158		-1.0
	29024.99999998	28.10327		-0.28997     0.2    0.2		4.1705503158		-1.0
	29069.99999998	29.45191		0.24973     0.2    0.2		4.1705503158		-1.0
	29114.99999998	29.75246		-0.39585     0.2    0.2		4.1705503158		-1.0
	29159.99999998	29.54775		-0.95433     0.2    0.2		4.1705503158		-1.0
	29204.99999998	29.26652		-1.76651     0.2    0.2		4.1705503158		-1.0
	29249.99999998	29.16649		-2.91278     0.2    0.2		4.1705503158		-1.0
	29294.99999998	28.9735		2.38331     0.2    0.2		4.1705503158		-1.0
	29339.99999998	28.68298		1.64177     0.2    0.2		4.1705503158		-1.0
	29384.99999998	28.50079		0.83225     0.2    0.2		4.1705503158		-1.0
	29429.99999998	28.74242		0.22772     0.2    0.2		4.1705503158		-1.0
	29474.99999998	29.07032		-0.53972     0.2    0.2		4.1705503158		-1.0
	29519.99999998	28.67165		-0.63844     0.2    0.2		4.1705503158		-1.0
	29564.99999998	27.70779		1.57169     0.2    0.2		4.1705503158		-1.0
	29609.99999998	27.01183		2.44121     0.2    0.2		4.1705503158		-1.0
	29654.99999998	26.58479		-0.9246     0.2    0.2		4.1705503158		-1.0
	29699.99999998	26.03426		-1.73252     0.2    0.2		4.1705503158		-1.0
	29744.99999998	25.61873		-2.48001     0.2    0.2		4.1705503158		-1.0
	29789.99999998	24.99817		-2.72641     0.2    0.2		4.1705503158		-1.0
	29834.99999998	24.14596		2.79257     0.2    0.2		4.1705503158		-1.0
	29879.99999998	23.10954		1.82758     0.2    0.2		4.1705503158		-1.0
	29924.99999998	21.8617		1.34069     0.2    0.2		4.1705503158		-1.0
	29969.99999998	20.52293		1.17596     0.2    0.2		4.1705503158		-1.0
	30014.99999998	19.30571		0.91821     0.2    0.2		4.1705503158		-1.0
	30059.99999998	18.32624		0.89751     0.2    0.2		4.1705503158		-1.0
	30104.99999998	17.68508		2.61781     0.2    0.2		4.1705503158		-1.0
	30149.99999998	17.33035		-3.0227     0.2    0.2		4.1705503158		-1.0
	30194.99999998	17.07912		-2.75922     0.2    0.2		4.1705503158		-1.0
	30239.99999998	16.84896		-2.57608     0.2    0.2		4.1705503158		-1.0
	30284.99999998	16.12323		-2.16312     0.2    0.2		4.1705503158		-1.0
	30329.99999998	15.53009		-1.91058     0.2    0.2		4.1705503158		-1.0
	30374.99999998	14.40726		-1.5259     0.2    0.2		4.1705503158		-1.0
	30419.99999998	13.48622		-1.36945     0.2    0.2		4.1705503158		-1.0
	30464.99999998	12.16222		-1.24613     0.2    0.2		4.1705503158		-1.0
	30509.99999998	10.68219		-1.05197     0.2    0.2		4.1705503158		-1.0
	30554.99999998	9.18988		-0.86779     0.2    0.2		4.1705503158		-1.0
	30599.99999998	7.55854		-0.61352     0.2    0.2		4.1705503158		-1.0
	30644.99999998	6.1844		-0.46076     0.2    0.2		4.1705503158		-1.0
	30689.99999998	5.76243		-0.2941     0.2    0.2		4.1705503158		-1.0
	30734.99999998	6.57329		-0.49372     0.2    0.2		4.1705503158		-1.0
	30779.99999998	8.2005		-0.39857     0.2    0.2		4.1705503158		-1.0
	30824.99999998	10.05804		-0.11484     0.2    0.2		4.1705503158		-1.0
	30869.99999998	11.38203		0.47531     0.2    0.2		4.1705503158		-1.0
	30914.99999998	12.23144		1.07505     0.2    0.2		4.1705503158		-1.0
	30959.99999998	12.94255		1.42855     0.2    0.2		4.1705503158		-1.0
	31004.99999998	13.59487		1.98134     0.2    0.2		4.1705503158		-1.0
	31049.99999998	14.63214		2.34619     0.2    0.2		4.1705503158		-1.0
	31094.99999998	15.59871		2.99788     0.2    0.2		4.1705503158		-1.0
	31139.99999998	16.67799		3.13528     0.2    0.2		4.1705503158		-1.0
	31184.99999998	17.55574		2.18447     0.2    0.2		4.1705503158		-1.0
	31229.99999998	18.54396		2.48447     0.2    0.2		4.1705503158		-1.0
	31274.99999998	19.25419		2.50144     0.2    0.2		4.1705503158		-1.0
	31319.99999998	20.16726		2.67332     0.2    0.2		4.1705503158		-1.0
	31364.99999998	20.9012		2.92753     0.2    0.2		4.1705503158		-1.0
	31409.99999998	21.86014		-2.93575     0.2    0.2		4.1705503158		-1.0
	31454.99999998	22.83721		-2.61285     0.2    0.2		4.1705503158		-1.0
	31499.99999998	24.0011		-1.94059     0.2    0.2		4.1705503158		-1.0
	31544.99999998	25.09046		-1.49741     0.2    0.2		4.1705503158		-1.0
	31589.99999998	26.08498		-1.39931     0.2    0.2		4.1705503158		-1.0
	31634.99999998	27.31033		-1.87717     0.2    0.2		4.1705503158		-1.0
	31679.99999998	28.67334		-2.10639     0.2    0.2		4.1705503158		-1.0
	31724.99999998	28.52421		-1.29349     0.2    0.2		4.1705503158		-1.0
	31769.99999998	28.18706		-1.16651     0.2    0.2		4.1705503158		-1.0
	31814.99999998	27.54812		2.95256     0.2    0.2		4.1705503158		-1.0
	31859.99999998	26.94453		0.52293     0.2    0.2		4.1705503158		-1.0
	31904.99999998	25.84951		0.12818     0.2    0.2		4.1705503158		-1.0
	31949.99999998	24.5317		-0.29434     0.2    0.2		4.1705503158		-1.0
	31994.99999998	23.29994		-0.68854     0.2    0.2		4.1705503158		-1.0
	32039.99999998	21.78678		-1.06437     0.2    0.2		4.1705503158		-1.0
	32084.99999998	20.5607		-1.55049     0.2    0.2		4.1705503158		-1.0
	32129.99999998	19.15224		-2.02282     0.2    0.2		4.1705503158		-1.0
	32174.99999998	18.15213		-2.66941     0.2    0.2		4.1705503158		-1.0
	32219.99999998	16.94148		3.10029     0.2    0.2		4.1705503158		-1.0
	32264.99999998	16.27916		2.22094     0.2    0.2		4.1705503158		-1.0
	32309.99999998	15.58243		1.3987     0.2    0.2		4.1705503158		-1.0
	32354.99999998	15.01851		0.9021     0.2    0.2		4.1705503158		-1.0
	32399.99999998	14.07063		0.40059     0.2    0.2		4.1705503158		-1.0
	32444.99999998	13.17096		0.06418     0.2    0.2		4.1705503158		-1.0
	32489.99999998	12.08786		-0.45379     0.2    0.2		4.1705503158		-1.0
	32534.99999998	10.97896		-0.86555     0.2    0.2		4.1705503158		-1.0
	32579.99999998	9.79756		-1.32525     0.2    0.2		4.1705503158		-1.0
	32624.99999998	8.43369		-1.70054     0.2    0.2		4.1705503158		-1.0
	32669.99999998	7.5114		-2.14896     0.2    0.2		4.1705503158		-1.0
	32714.99999998	6.58261		-2.51152     0.2    0.2		4.1705503158		-1.0
	32759.99999998	6.03882		-2.85326     0.2    0.2		4.1705503158		-1.0
	32804.99999998	6.33398		-3.03637     0.2    0.2		4.1705503158		-1.0
	32849.99999998	7.36333		2.80595     0.2    0.2		4.1705503158		-1.0
	32894.99999998	8.67877		2.74394     0.2    0.2		4.1705503158		-1.0
	32939.99999998	9.87898		2.45889     0.2    0.2		4.1705503158		-1.0
	32984.99999998	11.24742		2.42193     0.2    0.2		4.1705503158		-1.0
	33029.99999998	12.59861		2.23354     0.2    0.2		4.1705503158		-1.0
	33074.99999998	13.63115		2.12785     0.2    0.2		4.1705503158		-1.0
	33119.99999998	14.69899		2.01429     0.2    0.2		4.1705503158		-1.0
	33164.99999998	15.79945		1.61026     0.2    0.2		4.1705503158		-1.0
	33209.99999998	16.86813		1.37292     0.2    0.2		4.1705503158		-1.0
	33254.99999998	17.98236		0.9393     0.2    0.2		4.1705503158		-1.0
	33299.99999998	19.0094		0.75466     0.2    0.2		4.1705503158		-1.0
	33344.99999998	20.09373		0.36538     0.2    0.2		4.1705503158		-1.0
	33389.99999998	21.20734		0.16937     0.2    0.2		4.1705503158		-1.0
	33434.99999998	22.30012		-0.14063     0.2    0.2		4.1705503158		-1.0
	33479.99999998	23.68792		-0.30068     0.2    0.2		4.1705503158		-1.0
	33524.99999998	24.76163		-0.6135     0.2    0.2		4.1705503158		-1.0
	33569.99999998	26.05004		-0.92467     0.2    0.2		4.1705503158		-1.0
	33614.99999998	26.96494		-1.26509     0.2    0.2		4.1705503158		-1.0
	33659.99999998	28.02406		-1.61945     0.2    0.2		4.1705503158		-1.0
	33704.99999998	28.87186		-1.83919     0.2    0.2		4.1705503158		-1.0
	33749.99999997	29.821		2.82951     0.2    0.2		4.1705503158		-1.0
	33794.99999997	29.61616		3.08239     0.2    0.2		4.1705503158		-1.0
	33839.99999997	29.2519		-2.84169     0.2    0.2		4.1705503158		-1.0
	33884.99999997	29.20519		-2.34808     0.2    0.2		4.1705503158		-1.0
	33929.99999997	29.38405		-1.89166     0.2    0.2		4.1705503158		-1.0
	33974.99999997	30.40255		-1.4315     0.2    0.2		4.1705503158		-1.0
	34019.99999997	31.30641		-1.05257     0.2    0.2		4.1705503158		-1.0
	34064.99999997	30.66743		1.23571     0.2    0.2		4.1705503158		-1.0
	34109.99999997	30.36406		1.58305     0.2    0.2		4.1705503158		-1.0
	34154.99999997	30.26456		2.10754     0.2    0.2		4.1705503158		-1.0
	34199.99999997	30.0308		2.70375     0.2    0.2		4.1705503158		-1.0
	34244.99999997	30.10677		-2.6601     0.2    0.2		4.1705503158		-1.0
	34289.99999997	29.54207		1.64577     0.2    0.2		4.1705503158		-1.0
	34334.99999997	29.07545		2.75942     0.2    0.2		4.1705503158		-1.0
	34379.99999997	28.47826		-2.28235     0.2    0.2		4.1705503158		-1.0
	34424.99999997	28.01992		-1.62585     0.2    0.2		4.1705503158		-1.0
	34469.99999997	27.13813		2.00041     0.2    0.2		4.1705503158		-1.0
	34514.99999997	25.94121		2.11814     0.2    0.2		4.1705503158		-1.0
	34559.99999997	25.33069		2.48898     0.2    0.2		4.1705503158		-1.0
	34604.99999997	24.74814		2.72663     0.2    0.2		4.1705503158		-1.0
	34649.99999997	24.13739		2.53186     0.2    0.2		4.1705503158		-1.0
	34694.99999997	23.23473		2.50801     0.2    0.2		4.1705503158		-1.0
	34739.99999997	22.07514		2.22746     0.2    0.2		4.1705503158		-1.0
	34784.99999997	20.78116		2.1762     0.2    0.2		4.1705503158		-1.0
	34829.99999997	19.39827		1.77518     0.2    0.2		4.1705503158		-1.0
	34874.99999997	17.99976		1.65717     0.2    0.2		4.1705503158		-1.0
	34919.99999997	16.61736		1.34088     0.2    0.2		4.1705503158		-1.0
	34964.99999997	15.3852		0.80201     0.2    0.2		4.1705503158		-1.0
	35009.99999997	14.04295		-0.05152     0.2    0.2		4.1705503158		-1.0
	35054.99999997	12.8237		-0.82536     0.2    0.2		4.1705503158		-1.0
	35099.99999997	11.76122		-1.26973     0.2    0.2		4.1705503158		-1.0
	35144.99999997	10.90441		-1.7039     0.2    0.2		4.1705503158		-1.0
	35189.99999997	9.74548		-1.88304     0.2    0.2		4.1705503158		-1.0
	35234.99999997	8.66582		-1.97314     0.2    0.2		4.1705503158		-1.0
	35279.99999997	7.77544		-1.93415     0.2    0.2		4.1705503158		-1.0
	35324.99999997	6.76282		-2.04639     0.2    0.2		4.1705503158		-1.0
	35369.99999997	5.53751		-1.90262     0.2    0.2		4.1705503158		-1.0
	35414.99999997	5.22091		-1.91639     0.2    0.2		4.1705503158		-1.0
	35459.99999997	6.31849		-2.1565     0.2    0.2		4.1705503158		-1.0
	35504.99999997	7.58929		-2.33924     0.2    0.2		4.1705503158		-1.0
	35549.99999997	8.64266		-2.66329     0.2    0.2		4.1705503158		-1.0
	35594.99999997	9.47429		-3.12406     0.2    0.2		4.1705503158		-1.0
	35639.99999997	10.3709		2.26647     0.2    0.2		4.1705503158		-1.0
	35684.99999997	11.73405		1.6544     0.2    0.2		4.1705503158		-1.0
	35729.99999997	12.44337		0.01882     0.2    0.2		4.1705503158		-1.0
	35774.99999997	13.67601		-2.08542     0.2    0.2		4.1705503158		-1.0
	35819.99999997	14.62245		-2.35617     0.2    0.2		4.1705503158		-1.0
	35864.99999997	15.66109		3.04949     0.2    0.2		4.1705503158		-1.0
	35909.99999997	16.54971		2.67342     0.2    0.2		4.1705503158		-1.0
	35954.99999997	17.69832		2.215     0.2    0.2		4.1705503158		-1.0
	35999.99999997	18.81644		1.64224     0.2    0.2		4.1705503158		-1.0
	36044.99999997	19.71097		1.21586     0.2    0.2		4.1705503158		-1.0
	36089.99999997	20.9488		0.51661     0.2    0.2		4.1705503158		-1.0
	36134.99999997	21.97553		0.16809     0.2    0.2		4.1705503158		-1.0
	36179.99999997	21.27924		-0.32244     0.2    0.2		4.1705503158		-1.0
	36224.99999997	20.01252		0.32435     0.2    0.2		4.1705503158		-1.0
	36269.99999997	18.57793		0.61479     0.2    0.2		4.1705503158		-1.0
	36314.99999997	17.37		0.70396     0.2    0.2		4.1705503158		-1.0
	36359.99999997	15.84495		0.21119     0.2    0.2		4.1705503158		-1.0
	36404.99999997	14.76585		-0.24776     0.2    0.2		4.1705503158		-1.0
	36449.99999997	13.31016		-0.88598     0.2    0.2		4.1705503158		-1.0
	36494.99999997	12.46128		-1.49139     0.2    0.2		4.1705503158		-1.0
	36539.99999997	11.41494		-2.17572     0.2    0.2		4.1705503158		-1.0
	36584.99999997	11.0822		-2.66187     0.2    0.2		4.1705503158		-1.0
	36629.99999997	10.51986		-3.09498     0.2    0.2		4.1705503158		-1.0
	36674.99999997	10.50295		2.96568     0.2    0.2		4.1705503158		-1.0
	36719.99999997	10.98825		2.74589     0.2    0.2		4.1705503158		-1.0
	36764.99999997	11.14973		2.72498     0.2    0.2		4.1705503158		-1.0
	36809.99999997	11.4843		2.62658     0.2    0.2		4.1705503158		-1.0
	36854.99999997	11.9364		2.35634     0.2    0.2		4.1705503158		-1.0
	36899.99999997	12.54747		1.95722     0.2    0.2		4.1705503158		-1.0
	36944.99999997	12.61973		1.63512     0.2    0.2		4.1705503158		-1.0
	36989.99999997	12.53932		1.32381     0.2    0.2		4.1705503158		-1.0
	37034.99999997	12.53805		0.80893     0.2    0.2		4.1705503158		-1.0
	37079.99999997	11.96241		0.08203     0.2    0.2		4.1705503158		-1.0
	37124.99999997	11.4974		-0.75897     0.2    0.2		4.1705503158		-1.0
	37169.99999997	10.8245		-1.51691     0.2    0.2		4.1705503158		-1.0
	37214.99999997	10.30771		-1.96942     0.2    0.2		4.1705503158		-1.0
	37259.99999997	9.30781		-2.37784     0.2    0.2		4.1705503158		-1.0
	37304.99999997	8.81142		-2.86944     0.2    0.2		4.1705503158		-1.0
	37349.99999997	8.81105		3.05874     0.2    0.2		4.1705503158		-1.0
	37394.99999997	8.78494		2.62724     0.2    0.2		4.1705503158		-1.0
	37439.99999997	9.35679		2.18909     0.2    0.2		4.1705503158		-1.0
	37484.99999997	9.79541		1.83265     0.2    0.2		4.1705503158		-1.0
	37529.99999997	10.58759		1.40679     0.2    0.2		4.1705503158		-1.0
	37574.99999997	11.20653		1.00905     0.2    0.2		4.1705503158		-1.0
	37619.99999997	12.14649		0.57423     0.2    0.2		4.1705503158		-1.0
	37664.99999997	12.92991		-0.16317     0.2    0.2		4.1705503158		-1.0
	37709.99999997	13.71603		-0.81667     0.2    0.2		4.1705503158		-1.0
	37754.99999997	14.04118		-1.49028     0.2    0.2		4.1705503158		-1.0
	37799.99999997	14.44711		-2.22043     0.2    0.2		4.1705503158		-1.0
	37844.99999997	13.93813		-2.92937     0.2    0.2		4.1705503158		-1.0
	37889.99999997	13.58453		2.87481     0.2    0.2		4.1705503158		-1.0
	37934.99999997	12.71436		2.46806     0.2    0.2		4.1705503158		-1.0
	37979.99999997	11.60921		2.20094     0.2    0.2		4.1705503158		-1.0
	38024.99999997	10.23146		1.89444     0.2    0.2		4.1705503158		-1.0
	38069.99999997	9.25327		1.66118     0.2    0.2		4.1705503158		-1.0
	38114.99999997	8.51083		1.34174     0.2    0.2		4.1705503158		-1.0
	38159.99999997	8.01447		0.92128     0.2    0.2		4.1705503158		-1.0
	38204.99999997	8.51507		0.45476     0.2    0.2		4.1705503158		-1.0
	38249.99999997	9.61459		0.0554     0.2    0.2		4.1705503158		-1.0
	38294.99999997	10.71821		-0.20208     0.2    0.2		4.1705503158		-1.0
	38339.99999997	12.18784		-0.71256     0.2    0.2		4.1705503158		-1.0
	38384.99999997	13.6948		-1.35086     0.2    0.2		4.1705503158		-1.0
	38429.99999997	14.29052		-2.36073     0.2    0.2		4.1705503158		-1.0
	38474.99999997	14.2688		-2.87188     0.2    0.2		4.1705503158		-1.0
	38519.99999997	13.68306		2.93297     0.2    0.2		4.1705503158		-1.0
	38564.99999997	13.09421		2.6856     0.2    0.2		4.1705503158		-1.0
	38609.99999997	12.3359		2.97945     0.2    0.2		4.1705503158		-1.0
	38654.99999997	12.16348		-3.0107     0.2    0.2		4.1705503158		-1.0
	38699.99999997	11.5377		3.11312     0.2    0.2		4.1705503158		-1.0
	38744.99999997	11.06834		2.90171     0.2    0.2		4.1705503158		-1.0
	38789.99999997	9.70306		2.46311     0.2    0.2		4.1705503158		-1.0
	38834.99999997	8.50707		2.19499     0.2    0.2		4.1705503158		-1.0
	38879.99999997	7.11929		1.85798     0.2    0.2		4.1705503158		-1.0
	38924.99999997	6.55684		0.045     0.2    0.2		4.1705503158		-1.0
	38969.99999997	6.6837		-0.25581     0.2    0.2		4.1705503158		-1.0
	39014.99999997	7.99606		-0.34538     0.2    0.2		4.1705503158		-1.0
	39059.99999997	9.23742		0.22135     0.2    0.2		4.1705503158		-1.0
	39104.99999997	10.36616		0.64152     0.2    0.2		4.1705503158		-1.0
	39149.99999997	11.39284		0.75154     0.2    0.2		4.1705503158		-1.0
	39194.99999997	12.21323		0.52998     0.2    0.2		4.1705503158		-1.0
	39239.99999997	13.88705		0.21617     0.2    0.2		4.1705503158		-1.0
	39284.99999997	15.39834		-0.67094     0.2    0.2		4.1705503158		-1.0
	39329.99999997	17.34337		-0.89562     0.2    0.2		4.1705503158		-1.0
	39374.99999997	18.80643		-2.8616     0.2    0.2		4.1705503158		-1.0
	39419.99999997	20.65429		-2.67675     0.2    0.2		4.1705503158		-1.0
	39464.99999997	21.2793		2.38511     0.2    0.2		4.1705503158		-1.0
	39509.99999997	20.16159		1.89844     0.2    0.2		4.1705503158		-1.0
	39554.99999997	19.48434		-1.15315     0.2    0.2		4.1705503158		-1.0
	39599.99999997	18.73505		-0.95743     0.2    0.2		4.1705503158		-1.0
	39644.99999997	18.10051		-0.85451     0.2    0.2		4.1705503158		-1.0
	39689.99999997	17.50453		-0.64096     0.2    0.2		4.1705503158		-1.0
	39734.99999997	16.72319		-0.48195     0.2    0.2		4.1705503158		-1.0
	39779.99999997	15.68942		-0.05542     0.2    0.2		4.1705503158		-1.0
	39824.99999997	14.91715		-0.10067     0.2    0.2		4.1705503158		-1.0
	39869.99999997	14.19893		0.51191     0.2    0.2		4.1705503158		-1.0
	39914.99999997	13.20492		0.63051     0.2    0.2		4.1705503158		-1.0
	39959.99999997	12.57511		2.16085     0.2    0.2		4.1705503158		-1.0
	40004.99999997	12.05808		1.47135     0.2    0.2		4.1705503158		-1.0
	40049.99999997	11.77691		2.1048     0.2    0.2		4.1705503158		-1.0
	40094.99999997	11.15193		1.79146     0.2    0.2		4.1705503158		-1.0
	40139.99999997	10.67024		2.0515     0.2    0.2		4.1705503158		-1.0
	40184.99999997	10.06564		2.09851     0.2    0.2		4.1705503158		-1.0
	40229.99999996	9.46332		2.05516     0.2    0.2		4.1705503158		-1.0
	40274.99999996	8.48404		2.10254     0.2    0.2		4.1705503158		-1.0
	40319.99999996	7.55891		1.85535     0.2    0.2		4.1705503158		-1.0
	40364.99999996	8.3955		1.52025     0.2    0.2		4.1705503158		-1.0
	40409.99999996	9.88065		1.31356     0.2    0.2		4.1705503158		-1.0
	40454.99999996	11.06638		0.97952     0.2    0.2		4.1705503158		-1.0
	40499.99999996	12.11956		0.43415     0.2    0.2		4.1705503158		-1.0
	40544.99999996	12.61299		-2.79732     0.2    0.2		4.1705503158		-1.0
	40589.99999996	13.28461		-2.96335     0.2    0.2		4.1705503158		-1.0
	40634.99999996	13.81755		3.03869     0.2    0.2		4.1705503158		-1.0
	40679.99999996	14.8269		3.00105     0.2    0.2		4.1705503158		-1.0
	40724.99999996	15.83647		2.81766     0.2    0.2		4.1705503158		-1.0
	40769.99999996	17.03067		2.51438     0.2    0.2		4.1705503158		-1.0
	40814.99999996	17.79471		2.38519     0.2    0.2		4.1705503158		-1.0
	40859.99999996	18.79215		2.22939     0.2    0.2		4.1705503158		-1.0
	40904.99999996	19.78485		1.94138     0.2    0.2		4.1705503158		-1.0
	40949.99999996	20.86153		1.71104     0.2    0.2		4.1705503158		-1.0
	40994.99999996	21.89851		1.63527     0.2    0.2		4.1705503158		-1.0
	41039.99999996	22.98361		1.44561     0.2    0.2		4.1705503158		-1.0
	41084.99999996	24.06326		1.21451     0.2    0.2		4.1705503158		-1.0
	41129.99999996	25.11899		0.96638     0.2    0.2		4.1705503158		-1.0
	41174.99999996	26.20471		0.22553     0.2    0.2		4.1705503158		-1.0
	41219.99999996	27.13519		-0.80386     0.2    0.2		4.1705503158		-1.0
	41264.99999996	28.38223		-0.39443     0.2    0.2		4.1705503158		-1.0
	41309.99999996	29.70089		0.01881     0.2    0.2		4.1705503158		-1.0
	41354.99999996	30.76705		-0.84391     0.2    0.2		4.1705503158		-1.0
	41399.99999996	30.02938		-1.78944     0.2    0.2		4.1705503158		-1.0
	41444.99999996	28.88541		2.75258     0.2    0.2		4.1705503158		-1.0
	41489.99999996	27.73283		1.35221     0.2    0.2		4.1705503158		-1.0
	41534.99999996	26.34894		1.56127     0.2    0.2		4.1705503158		-1.0
	41579.99999996	25.25817		1.553     0.2    0.2		4.1705503158		-1.0
	41624.99999996	24.15703		1.66708     0.2    0.2		4.1705503158		-1.0
	41669.99999996	22.68136		1.67502     0.2    0.2		4.1705503158		-1.0
	41714.99999996	21.3299		1.72773     0.2    0.2		4.1705503158		-1.0
	41759.99999996	20.20817		1.81755     0.2    0.2		4.1705503158		-1.0
	41804.99999996	19.08257		1.78841     0.2    0.2		4.1705503158		-1.0
	41849.99999996	18.02918		1.83473     0.2    0.2		4.1705503158		-1.0
	41894.99999996	17.12333		1.86675     0.2    0.2		4.1705503158		-1.0
	41939.99999996	16.2304		1.73261     0.2    0.2		4.1705503158		-1.0
	41984.99999996	15.19731		1.76231     0.2    0.2		4.1705503158		-1.0
	42029.99999996	14.11614		1.87131     0.2    0.2		4.1705503158		-1.0
	42074.99999996	12.94509		1.79111     0.2    0.2		4.1705503158		-1.0
	42119.99999996	12.02882		1.68158     0.2    0.2		4.1705503158		-1.0
	42164.99999996	10.86054		1.67468     0.2    0.2		4.1705503158		-1.0
	42209.99999996	9.54175		1.66411     0.2    0.2		4.1705503158		-1.0
	42254.99999996	8.46403		1.45825     0.2    0.2		4.1705503158		-1.0
	42299.99999996	7.27775		1.19762     0.2    0.2		4.1705503158		-1.0
	42344.99999996	6.18257		1.54425     0.2    0.2		4.1705503158		-1.0
	42389.99999996	5.74424		2.83966     0.2    0.2		4.1705503158		-1.0
	42434.99999996	6.11938		3.13052     0.2    0.2		4.1705503158		-1.0
	42479.99999996	7.16264		3.04893     0.2    0.2		4.1705503158		-1.0
	42524.99999996	8.85291		3.11096     0.2    0.2		4.1705503158		-1.0
	42569.99999996	10.268		-3.11546     0.2    0.2		4.1705503158		-1.0
	42614.99999996	11.12004		-2.89307     0.2    0.2		4.1705503158		-1.0
	42659.99999996	11.9976		-2.6713     0.2    0.2		4.1705503158		-1.0
	42704.99999996	12.81788		-2.07976     0.2    0.2		4.1705503158		-1.0
	42749.99999996	13.80199		-1.31034     0.2    0.2		4.1705503158		-1.0
	42794.99999996	14.68603		-0.21073     0.2    0.2		4.1705503158		-1.0
	42839.99999996	15.35555		0.63355     0.2    0.2		4.1705503158		-1.0
	42884.99999996	16.26345		1.2423     0.2    0.2		4.1705503158		-1.0
	42929.99999996	16.96163		2.07758     0.2    0.2		4.1705503158		-1.0
	42974.99999996	17.63458		-3.04543     0.2    0.2		4.1705503158		-1.0
	43019.99999996	17.63879		-2.19473     0.2    0.2		4.1705503158		-1.0
	43064.99999996	17.27869		-1.5303     0.2    0.2		4.1705503158		-1.0
	43109.99999996	16.4662		-1.08985     0.2    0.2		4.1705503158		-1.0
	43154.99999996	15.45749		-0.86692     0.2    0.2		4.1705503158		-1.0
	43199.99999996	14.77349		-1.09463     0.2    0.2		4.1705503158		-1.0
	43244.99999996	14.78233		-1.23196     0.2    0.2		4.1705503158		-1.0
	43289.99999996	15.8641		-1.29758     0.2    0.2		4.1705503158		-1.0
	43334.99999996	16.97412		-1.01191     0.2    0.2		4.1705503158		-1.0
	43379.99999996	17.37841		-0.3049     0.2    0.2		4.1705503158		-1.0
	43424.99999996	16.79246		0.30531     0.2    0.2		4.1705503158		-1.0
	43469.99999996	15.65005		0.02531     0.2    0.2		4.1705503158		-1.0
	43514.99999996	15.16202		-0.47957     0.2    0.2		4.1705503158		-1.0
	43559.99999996	15.59796		-1.14166     0.2    0.2		4.1705503158		-1.0
	43604.99999996	16.34047		-1.5521     0.2    0.2		4.1705503158		-1.0
	43649.99999996	16.90077		-1.25353     0.2    0.2		4.1705503158		-1.0
	43694.99999996	16.97566		-0.86105     0.2    0.2		4.1705503158		-1.0
	43739.99999996	16.06864		-0.72494     0.2    0.2		4.1705503158		-1.0
	43784.99999996	14.96567		-1.11845     0.2    0.2		4.1705503158		-1.0
	43829.99999996	14.93937		-1.86873     0.2    0.2		4.1705503158		-1.0
	43874.99999996	16.05021		-2.31118     0.2    0.2		4.1705503158		-1.0
	43919.99999996	17.22861		-2.8139     0.2    0.2		4.1705503158		-1.0
	43964.99999996	18.03862		-2.8603     0.2    0.2		4.1705503158		-1.0
	44009.99999996	17.79665		3.02266     0.2    0.2		4.1705503158		-1.0
	44054.99999996	17.49646		2.95248     0.2    0.2		4.1705503158		-1.0
	44099.99999996	17.07373		2.56269     0.2    0.2		4.1705503158		-1.0
	44144.99999996	17.08012		2.15116     0.2    0.2		4.1705503158		-1.0
	44189.99999996	18.03822		1.28727     0.2    0.2		4.1705503158		-1.0
	44234.99999996	19.55389		1.02787     0.2    0.2		4.1705503158		-1.0
	44279.99999996	21.40559		1.20441     0.2    0.2		4.1705503158		-1.0
	44324.99999996	22.74271		1.43527     0.2    0.2		4.1705503158		-1.0
	44369.99999996	24.01559		1.77771     0.2    0.2		4.1705503158		-1.0
	44414.99999996	24.82306		1.78471     0.2    0.2		4.1705503158		-1.0
	44459.99999996	25.66818		1.83531     0.2    0.2		4.1705503158		-1.0
	44504.99999996	26.4059		1.57304     0.2    0.2		4.1705503158		-1.0
	44549.99999996	27.46648		0.77424     0.2    0.2		4.1705503158		-1.0
	44594.99999996	28.20038		-1.0659     0.2    0.2		4.1705503158		-1.0
	44639.99999996	29.1546		-1.58881     0.2    0.2		4.1705503158		-1.0
	44684.99999996	29.74345		-2.09449     0.2    0.2		4.1705503158		-1.0
	44729.99999996	29.78563		-2.29992     0.2    0.2		4.1705503158		-1.0
	44774.99999996	29.75367		-2.49804     0.2    0.2		4.1705503158		-1.0
	44819.99999996	29.71043		-2.82289     0.2    0.2		4.1705503158		-1.0
	44864.99999996	29.83653		-2.89286     0.2    0.2		4.1705503158		-1.0
	44909.99999996	30.76262		-2.98872     0.2    0.2		4.1705503158		-1.0
	44954.99999996	32.09103		-3.00798     0.2    0.2		4.1705503158		-1.0
	44999.99999996	33.36495		3.05444     0.2    0.2		4.1705503158		-1.0
	45044.99999996	33.60983		3.07591     0.2    0.2		4.1705503158		-1.0
	45089.99999996	33.67152		-3.01738     0.2    0.2		4.1705503158		-1.0
	45134.99999996	34.21207		-2.72709     0.2    0.2		4.1705503158		-1.0
	45179.99999996	35.12152		-2.40915     0.2    0.2		4.1705503158		-1.0
	45224.99999996	35.92671		-2.29552     0.2    0.2		4.1705503158		-1.0
	45269.99999996	35.16588		-2.09183     0.2    0.2		4.1705503158		-1.0
	45314.99999996	34.07463		-2.2238     0.2    0.2		4.1705503158		-1.0
	45359.99999996	32.92502		-2.38972     0.2    0.2		4.1705503158		-1.0
	45404.99999996	31.3733		-2.49237     0.2    0.2		4.1705503158		-1.0
	45449.99999996	29.94638		-2.65916     0.2    0.2		4.1705503158		-1.0
	45494.99999996	28.42181		-2.85545     0.2    0.2		4.1705503158		-1.0
	45539.99999996	27.03654		-2.93942     0.2    0.2		4.1705503158		-1.0
	45584.99999996	25.58834		2.96831     0.2    0.2		4.1705503158		-1.0
	45629.99999996	24.57893		2.5306     0.2    0.2		4.1705503158		-1.0
	45674.99999996	23.71363		1.87869     0.2    0.2		4.1705503158		-1.0
	45719.99999996	23.2926		1.5857     0.2    0.2		4.1705503158		-1.0
	45764.99999996	23.22223		1.11635     0.2    0.2		4.1705503158		-1.0
	45809.99999996	23.71888		0.61096     0.2    0.2		4.1705503158		-1.0
	45854.99999996	24.48349		0.06893     0.2    0.2		4.1705503158		-1.0
	45899.99999996	25.48718		-0.22004     0.2    0.2		4.1705503158		-1.0
	45944.99999996	26.77156		-0.28428     0.2    0.2		4.1705503158		-1.0
	45989.99999996	27.90733		-0.12718     0.2    0.2		4.1705503158		-1.0
	46034.99999996	28.78488		-0.11792     0.2    0.2		4.1705503158		-1.0
	46079.99999996	27.77433		-0.19436     0.2    0.2		4.1705503158		-1.0
	46124.99999996	26.43411		-0.19983     0.2    0.2		4.1705503158		-1.0
	46169.99999996	25.14759		-0.23195     0.2    0.2		4.1705503158		-1.0
	46214.99999996	23.83528		0.02565     0.2    0.2		4.1705503158		-1.0
	46259.99999996	23.0643		0.40199     0.2    0.2		4.1705503158		-1.0
	46304.99999996	22.54699		1.32229     0.2    0.2		4.1705503158		-1.0
	46349.99999996	22.13297		2.27049     0.2    0.2		4.1705503158		-1.0
	46394.99999996	21.7259		2.68378     0.2    0.2		4.1705503158		-1.0
	46439.99999996	21.39284		3.13124     0.2    0.2		4.1705503158		-1.0
	46484.99999996	20.93107		-2.84078     0.2    0.2		4.1705503158		-1.0
	46529.99999996	20.20972		-2.62434     0.2    0.2		4.1705503158		-1.0
	46574.99999996	19.07017		-2.20436     0.2    0.2		4.1705503158		-1.0
	46619.99999996	17.90089		-1.93569     0.2    0.2		4.1705503158		-1.0
	46664.99999996	16.68452		-1.5046     0.2    0.2		4.1705503158		-1.0
	46709.99999996	15.49342		-1.31203     0.2    0.2		4.1705503158		-1.0
	46754.99999995	14.26992		-1.23414     0.2    0.2		4.1705503158		-1.0
	46799.99999995	13.3852		-0.87917     0.2    0.2		4.1705503158		-1.0
	46844.99999995	12.53833		-0.16516     0.2    0.2		4.1705503158		-1.0
	46889.99999995	11.28645		0.28898     0.2    0.2		4.1705503158		-1.0
	46934.99999995	9.78072		0.63671     0.2    0.2		4.1705503158		-1.0
	46979.99999995	8.23135		0.88771     0.2    0.2		4.1705503158		-1.0
	47024.99999995	6.90907		1.16964     0.2    0.2		4.1705503158		-1.0
	47069.99999995	6.29241		1.32132     0.2    0.2		4.1705503158		-1.0
	47114.99999995	6.94204		1.23135     0.2    0.2		4.1705503158		-1.0
	47159.99999995	8.00131		1.38875     0.2    0.2		4.1705503158		-1.0
	47204.99999995	9.44189		1.44968     0.2    0.2		4.1705503158		-1.0
	47249.99999995	10.87196		0.96194     0.2    0.2		4.1705503158		-1.0
	47294.99999995	12.35731		0.17093     0.2    0.2		4.1705503158		-1.0
	47339.99999995	13.9116		-0.10088     0.2    0.2		4.1705503158		-1.0
	47384.99999995	15.2581		-0.3033     0.2    0.2		4.1705503158		-1.0
	47429.99999995	16.35599		-0.36456     0.2    0.2		4.1705503158		-1.0
	47474.99999995	17.24391		-0.25654     0.2    0.2		4.1705503158		-1.0
	47519.99999995	17.87981		0.13338     0.2    0.2		4.1705503158		-1.0
	47564.99999995	18.11778		0.9989     0.2    0.2		4.1705503158		-1.0
	47609.99999995	18.35681		1.42755     0.2    0.2		4.1705503158		-1.0
	47654.99999995	18.91684		1.94457     0.2    0.2		4.1705503158		-1.0
	47699.99999995	19.49647		2.37235     0.2    0.2		4.1705503158		-1.0
	47744.99999995	20.46198		2.47945     0.2    0.2		4.1705503158		-1.0
	47789.99999995	21.56948		2.61097     0.2    0.2		4.1705503158		-1.0
	47834.99999995	22.96985		2.61916     0.2    0.2		4.1705503158		-1.0
	47879.99999995	24.2211		2.7365     0.2    0.2		4.1705503158		-1.0
	47924.99999995	25.60091		2.72818     0.2    0.2		4.1705503158		-1.0
	47969.99999995	27.18021		2.75323     0.2    0.2		4.1705503158		-1.0
	48014.99999995	28.94957		2.52686     0.2    0.2		4.1705503158		-1.0
	48059.99999995	30.39063		2.34637     0.2    0.2		4.1705503158		-1.0
	48104.99999995	31.98503		1.99492     0.2    0.2		4.1705503158		-1.0
	48149.99999995	33.0588		2.01357     0.2    0.2		4.1705503158		-1.0
	48194.99999995	33.30144		3.14058     0.2    0.2		4.1705503158		-1.0
	48239.99999995	32.6981		2.69877     0.2    0.2		4.1705503158		-1.0
	48284.99999995	31.91072		2.40996     0.2    0.2		4.1705503158		-1.0
	48329.99999995	30.79373		2.61837     0.2    0.2		4.1705503158		-1.0
	48374.99999995	30.07076		2.9351     0.2    0.2		4.1705503158		-1.0
	48419.99999995	30.09787		-2.81649     0.2    0.2		4.1705503158		-1.0
	48464.99999995	31.17078		-2.49462     0.2    0.2		4.1705503158		-1.0
	48509.99999995	31.74998		-2.52086     0.2    0.2		4.1705503158		-1.0
	48554.99999995	30.48547		2.06837     0.2    0.2		4.1705503158		-1.0
	48599.99999995	28.66142		2.06257     0.2    0.2		4.1705503158		-1.0
	48644.99999995	27.51545		0.45236     0.2    0.2		4.1705503158		-1.0
	48689.99999995	25.96925		-0.73599     0.2    0.2		4.1705503158		-1.0
	48734.99999995	25.04262		-0.58721     0.2    0.2		4.1705503158		-1.0
	48779.99999995	23.50801		-0.83536     0.2    0.2		4.1705503158		-1.0
	48824.99999995	22.5105		-1.16661     0.2    0.2		4.1705503158		-1.0
	48869.99999995	21.34752		-1.91315     0.2    0.2		4.1705503158		-1.0
	48914.99999995	19.98382		-2.73408     0.2    0.2		4.1705503158		-1.0
	48959.99999995	18.78593		2.60304     0.2    0.2		4.1705503158		-1.0
	49004.99999995	17.42913		1.84819     0.2    0.2		4.1705503158		-1.0
	49049.99999995	17.08098		1.02535     0.2    0.2		4.1705503158		-1.0
	49094.99999995	16.43925		0.54511     0.2    0.2		4.1705503158		-1.0
	49139.99999995	16.16215		-0.34618     0.2    0.2		4.1705503158		-1.0
	49184.99999995	15.34277		-0.71895     0.2    0.2		4.1705503158		-1.0
	49229.99999995	14.89759		-1.75756     0.2    0.2		4.1705503158		-1.0
	49274.99999995	13.90766		-2.19403     0.2    0.2		4.1705503158		-1.0
	49319.99999995	13.08083		-2.6547     0.2    0.2		4.1705503158		-1.0
	49364.99999995	11.9859		-2.71094     0.2    0.2		4.1705503158		-1.0
	49409.99999995	10.81316		-2.53743     0.2    0.2		4.1705503158		-1.0
	49454.99999995	9.59076		-2.09488     0.2    0.2		4.1705503158		-1.0
	49499.99999995	8.53309		-1.92257     0.2    0.2		4.1705503158		-1.0
	49544.99999995	7.55641		-1.88263     0.2    0.2		4.1705503158		-1.0
	49589.99999995	6.36984		-1.74484     0.2    0.2		4.1705503158		-1.0
	49634.99999995	5.88902		-1.63614     0.2    0.2		4.1705503158		-1.0
	49679.99999995	7.18739		-1.31173     0.2    0.2		4.1705503158		-1.0
	49724.99999995	8.38126		-1.64931     0.2    0.2		4.1705503158		-1.0
	49769.99999995	9.47577		-2.02393     0.2    0.2		4.1705503158		-1.0
	49814.99999995	9.81572		-2.32473     0.2    0.2		4.1705503158		-1.0
	49859.99999995	10.72193		-2.67236     0.2    0.2		4.1705503158		-1.0
	49904.99999995	10.83455		-3.04469     0.2    0.2		4.1705503158		-1.0
	49949.99999995	11.6819		2.88852     0.2    0.2		4.1705503158		-1.0
	49994.99999995	12.34802		2.7773     0.2    0.2		4.1705503158		-1.0
