	45.00000000	2.92978		-0.20031     0.2    0.2		4.1705503158		-1.0
	90.00000000	2.92246		-0.21298     0.2    0.2		4.1705503158		-1.0
	135.00000000	2.93749		0.48108     0.2    0.2		4.1705503158		-1.0
	180.00000000	2.85543		0.94237     0.2    0.2		4.1705503158		-1.0
	225.00000000	2.95895		0.6064     0.2    0.2		4.1705503158		-1.0
	270.00000000	2.84737		1.20812     0.2    0.2		4.1705503158		-1.0
	315.00000000	3.04917		0.84235     0.2    0.2		4.1705503158		-1.0
	360.00000000	2.92638		1.06357     0.2    0.2		4.1705503158		-1.0
	405.00000000	2.91368		0.87077     0.2    0.2		4.1705503158		-1.0
	450.00000000	2.89631		0.88358     0.2    0.2		4.1705503158		-1.0
	495.00000000	2.86102		0.31889     0.2    0.2		4.1705503158		-1.0
	540.00000000	2.91616		-0.61475     0.2    0.2		4.1705503158		-1.0
	585.00000000	2.95376		-1.32031     0.2    0.2		4.1705503158		-1.0
	630.00000000	2.86856		-1.77352     0.2    0.2		4.1705503158		-1.0
	675.00000000	2.87126		-2.3422     0.2    0.2		4.1705503158		-1.0
	720.00000000	3.02755		-2.66159     0.2    0.2		4.1705503158		-1.0
	765.00000000	2.88607		3.13756     0.2    0.2		4.1705503158		-1.0
	810.00000000	2.85234		3.07284     0.2    0.2		4.1705503158		-1.0
	855.00000000	2.99572		2.85398     0.2    0.2		4.1705503158		-1.0
	900.00000000	2.90677		2.64094     0.2    0.2		4.1705503158		-1.0
	945.00000000	2.92182		2.37917     0.2    0.2		4.1705503158		-1.0
	990.00000000	2.89426		2.00012     0.2    0.2		4.1705503158		-1.0
	1035.00000000	2.9591		1.55814     0.2    0.2		4.1705503158		-1.0
	1080.00000000	2.95092		1.48157     0.2    0.2		4.1705503158		-1.0
	1125.00000000	2.98533		0.8966     0.2    0.2		4.1705503158		-1.0
	1170.00000000	2.82681		0.04398     0.2    0.2		4.1705503158		-1.0
	1215.00000000	2.88726		-0.57931     0.2    0.2		4.1705503158		-1.0
	1260.00000000	2.95634		-1.09506     0.2    0.2		4.1705503158		-1.0
	1305.00000000	3.01873		-1.30917     0.2    0.2		4.1705503158		-1.0
	1350.00000000	2.98432		-1.70983     0.2    0.2		4.1705503158		-1.0
	1395.00000000	2.8657		-2.01184     0.2    0.2		4.1705503158		-1.0
	1440.00000000	2.82888		-2.21501     0.2    0.2		4.1705503158		-1.0
	1485.00000000	2.90567		-2.4763     0.2    0.2		4.1705503158		-1.0
	1530.00000000	2.9891		-2.80354     0.2    0.2		4.1705503158		-1.0
	1575.00000000	2.93794		-3.09982     0.2    0.2		4.1705503158		-1.0
	1620.00000000	2.99077		2.90687     0.2    0.2		4.1705503158		-1.0
	1665.00000000	2.80078		2.42179     0.2    0.2		4.1705503158		-1.0
	1710.00000000	2.91591		1.90742     0.2    0.2		4.1705503158		-1.0
	1755.00000000	2.93692		1.83427     0.2    0.2		4.1705503158		-1.0
	1800.00000000	2.98332		1.23799     0.2    0.2		4.1705503158		-1.0
	1845.00000000	3.03894		0.99786     0.2    0.2		4.1705503158		-1.0
	1890.00000000	3.01934		-0.0719     0.2    0.2		4.1705503158		-1.0
	1935.00000000	3.0522		-0.14327     0.2    0.2		4.1705503158		-1.0
	1980.00000000	2.80967		-1.32983     0.2    0.2		4.1705503158		-1.0
	2025.00000000	2.99667		-0.91077     0.2    0.2		4.1705503158		-1.0
	2070.00000000	2.858		-1.30956     0.2    0.2		4.1705503158		-1.0
	2115.00000000	2.87888		-1.22177     0.2    0.2		4.1705503158		-1.0
	2160.00000000	2.90975		-1.491     0.2    0.2		4.1705503158		-1.0
	2205.00000000	2.85638		-1.59495     0.2    0.2		4.1705503158		-1.0
	2250.00000000	2.90295		-1.78141     0.2    0.2		4.1705503158		-1.0
	2295.00000000	2.82547		-2.22244     0.2    0.2		4.1705503158		-1.0
	2340.00000000	2.90996		-2.64809     0.2    0.2		4.1705503158		-1.0
	2385.00000000	2.95723		-2.8372     0.2    0.2		4.1705503158		-1.0
	2430.00000000	2.95667		-3.047     0.2    0.2		4.1705503158		-1.0
	2475.00000000	3.00898		2.47092     0.2    0.2		4.1705503158		-1.0
	2520.00000000	2.9711		2.43451     0.2    0.2		4.1705503158		-1.0
	2565.00000000	2.99792		2.01508     0.2    0.2		4.1705503158		-1.0
	2610.00000000	2.98082		1.70844     0.2    0.2		4.1705503158		-1.0
	2655.00000000	3.06415		1.65472     0.2    0.2		4.1705503158		-1.0
	2700.00000000	2.94944		1.35659     0.2    0.2		4.1705503158		-1.0
	2745.00000000	2.90323		1.64276     0.2    0.2		4.1705503158		-1.0
	2790.00000000	3.12888		1.55375     0.2    0.2		4.1705503158		-1.0
	2835.00000000	2.88017		1.67903     0.2    0.2		4.1705503158		-1.0
	2880.00000000	2.84634		1.54372     0.2    0.2		4.1705503158		-1.0
	2925.00000000	3.00765		1.3688     0.2    0.2		4.1705503158		-1.0
	2970.00000000	3.17565		1.02939     0.2    0.2		4.1705503158		-1.0
	3015.00000000	2.93115		0.07477     0.2    0.2		4.1705503158		-1.0
	3060.00000000	2.94524		-1.02412     0.2    0.2		4.1705503158		-1.0
	3105.00000000	2.81203		-0.77036     0.2    0.2		4.1705503158		-1.0
	3150.00000000	2.94798		-0.31197     0.2    0.2		4.1705503158		-1.0
	3195.00000000	2.90994		0.75105     0.2    0.2		4.1705503158		-1.0
	3240.00000000	2.84249		0.24738     0.2    0.2		4.1705503158		-1.0
	3285.00000000	2.90968		-0.12173     0.2    0.2		4.1705503158		-1.0
	3330.00000000	2.91325		-0.87713     0.2    0.2		4.1705503158		-1.0
	3375.00000000	3.05487		-0.6308     0.2    0.2		4.1705503158		-1.0
	3420.00000000	2.8965		-0.2103     0.2    0.2		4.1705503158		-1.0
	3465.00000000	3.00396		-0.22125     0.2    0.2		4.1705503158		-1.0
	3510.00000000	2.85532		-0.69029     0.2    0.2		4.1705503158		-1.0
	3555.00000000	2.71875		-0.95949     0.2    0.2		4.1705503158		-1.0
	3600.00000000	2.79744		-0.45483     0.2    0.2		4.1705503158		-1.0
	3645.00000000	2.70686		-0.31022     0.2    0.2		4.1705503158		-1.0
	3690.00000000	2.84344		0.60471     0.2    0.2		4.1705503158		-1.0
	3735.00000000	2.84422		0.85713     0.2    0.2		4.1705503158		-1.0
	3780.00000000	2.81392		0.15535     0.2    0.2		4.1705503158		-1.0
	3825.00000000	2.79906		0.41984     0.2    0.2		4.1705503158		-1.0
	3870.00000000	2.77536		0.42692     0.2    0.2		4.1705503158		-1.0
	3915.00000000	2.84749		-0.28799     0.2    0.2		4.1705503158		-1.0
	3960.00000000	2.87131		-0.77724     0.2    0.2		4.1705503158		-1.0
	4005.00000000	2.9588		-0.84553     0.2    0.2		4.1705503158		-1.0
	4050.00000000	2.83367		-1.06296     0.2    0.2		4.1705503158		-1.0
	4095.00000000	2.73166		-0.93589     0.2    0.2		4.1705503158		-1.0
	4140.00000000	2.81434		-1.12675     0.2    0.2		4.1705503158		-1.0
	4185.00000000	2.9002		-1.04041     0.2    0.2		4.1705503158		-1.0
	4230.00000000	3.09944		-1.50861     0.2    0.2		4.1705503158		-1.0
	4275.00000000	2.98939		-1.62752     0.2    0.2		4.1705503158		-1.0
	4320.00000000	2.99491		-2.19202     0.2    0.2		4.1705503158		-1.0
	4365.00000000	3.03069		-2.20961     0.2    0.2		4.1705503158		-1.0
	4410.00000000	2.92917		-2.86507     0.2    0.2		4.1705503158		-1.0
	4455.00000000	3.13594		-2.66021     0.2    0.2		4.1705503158		-1.0
	4500.00000000	3.03068		-2.97058     0.2    0.2		4.1705503158		-1.0
	4545.00000000	3.01445		-3.09486     0.2    0.2		4.1705503158		-1.0
	4590.00000000	2.71063		3.10869     0.2    0.2		4.1705503158		-1.0
	4635.00000000	2.7852		2.75876     0.2    0.2		4.1705503158		-1.0
	4680.00000000	2.74513		2.54732     0.2    0.2		4.1705503158		-1.0
	4725.00000000	2.77486		2.15885     0.2    0.2		4.1705503158		-1.0
	4770.00000000	2.76736		1.99414     0.2    0.2		4.1705503158		-1.0
	4815.00000000	2.70306		1.843     0.2    0.2		4.1705503158		-1.0
	4860.00000000	2.96158		1.2996     0.2    0.2		4.1705503158		-1.0
	4905.00000000	2.74114		1.1874     0.2    0.2		4.1705503158		-1.0
	4950.00000000	2.94738		0.94161     0.2    0.2		4.1705503158		-1.0
	4995.00000000	3.05206		0.20997     0.2    0.2		4.1705503158		-1.0
	5040.00000000	3.11251		0.40234     0.2    0.2		4.1705503158		-1.0
	5085.00000000	2.85936		-0.4328     0.2    0.2		4.1705503158		-1.0
	5130.00000000	3.21572		-0.57738     0.2    0.2		4.1705503158		-1.0
	5175.00000000	3.17888		-0.98117     0.2    0.2		4.1705503158		-1.0
	5220.00000000	3.13889		-0.79027     0.2    0.2		4.1705503158		-1.0
	5265.00000000	2.77085		-0.03187     0.2    0.2		4.1705503158		-1.0
	5310.00000000	3.04914		0.76527     0.2    0.2		4.1705503158		-1.0
	5355.00000000	2.8177		1.52747     0.2    0.2		4.1705503158		-1.0
	5400.00000000	3.05182		1.779     0.2    0.2		4.1705503158		-1.0
	5445.00000000	3.03228		2.22964     0.2    0.2		4.1705503158		-1.0
	5490.00000000	2.90696		2.52287     0.2    0.2		4.1705503158		-1.0
	5535.00000000	2.88551		2.69411     0.2    0.2		4.1705503158		-1.0
	5580.00000000	3.14653		2.92382     0.2    0.2		4.1705503158		-1.0
	5625.00000000	3.0682		2.82243     0.2    0.2		4.1705503158		-1.0
	5670.00000000	2.87043		2.77999     0.2    0.2		4.1705503158		-1.0
	5715.00000000	3.15492		2.57667     0.2    0.2		4.1705503158		-1.0
	5760.00000000	2.92083		2.11739     0.2    0.2		4.1705503158		-1.0
	5805.00000000	2.89737		1.82564     0.2    0.2		4.1705503158		-1.0
	5850.00000000	2.99493		2.0737     0.2    0.2		4.1705503158		-1.0
	5895.00000000	3.00252		2.1227     0.2    0.2		4.1705503158		-1.0
	5940.00000000	2.91865		2.6815     0.2    0.2		4.1705503158		-1.0
	5985.00000000	3.18006		2.55225     0.2    0.2		4.1705503158		-1.0
	6030.00000000	2.86449		2.90076     0.2    0.2		4.1705503158		-1.0
	6075.00000000	2.89985		2.82164     0.2    0.2		4.1705503158		-1.0
	6120.00000000	3.01049		-3.06095     0.2    0.2		4.1705503158		-1.0
	6165.00000000	2.78952		-2.73084     0.2    0.2		4.1705503158		-1.0
	6210.00000000	2.96704		-2.24781     0.2    0.2		4.1705503158		-1.0
	6255.00000000	2.92528		-1.87618     0.2    0.2		4.1705503158		-1.0
	6300.00000000	2.84905		-1.46412     0.2    0.2		4.1705503158		-1.0
	6345.00000000	3.08869		-1.19445     0.2    0.2		4.1705503158		-1.0
	6390.00000000	2.87991		-1.77444     0.2    0.2		4.1705503158		-1.0
	6435.00000000	3.23399		-1.56695     0.2    0.2		4.1705503158		-1.0
	6480.00000000	2.95367		-2.00609     0.2    0.2		4.1705503158		-1.0
	6525.00000000	2.77832		-2.04567     0.2    0.2		4.1705503158		-1.0
	6570.00000000	3.21277		-2.06742     0.2    0.2		4.1705503158		-1.0
	6615.00000000	3.06907		-1.92784     0.2    0.2		4.1705503158		-1.0
	6660.00000000	2.73325		-2.23684     0.2    0.2		4.1705503158		-1.0
	6705.00000000	2.97293		-2.3794     0.2    0.2		4.1705503158		-1.0
	6750.00000000	3.15571		-2.62505     0.2    0.2		4.1705503158		-1.0
	6795.00000000	3.17963		-2.82977     0.2    0.2		4.1705503158		-1.0
	6840.00000000	2.75528		-3.11843     0.2    0.2		4.1705503158		-1.0
	6885.00000000	3.02013		2.93475     0.2    0.2		4.1705503158		-1.0
	6930.00000000	2.87861		2.79127     0.2    0.2		4.1705503158		-1.0
	6975.00000000	3.0541		2.39396     0.2    0.2		4.1705503158		-1.0
	7020.00000000	2.81894		2.23623     0.2    0.2		4.1705503158		-1.0
	7065.00000000	3.19814		1.94522     0.2    0.2		4.1705503158		-1.0
	7110.00000000	2.89053		1.52541     0.2    0.2		4.1705503158		-1.0
	7155.00000000	3.01892		1.31552     0.2    0.2		4.1705503158		-1.0
	7200.00000000	3.07844		0.57266     0.2    0.2		4.1705503158		-1.0
	7245.00000000	3.12291		0.14295     0.2    0.2		4.1705503158		-1.0
	7290.00000000	2.89093		0.19735     0.2    0.2		4.1705503158		-1.0
	7335.00000000	2.97006		0.50951     0.2    0.2		4.1705503158		-1.0
	7380.00000000	2.8547		0.475     0.2    0.2		4.1705503158		-1.0
	7425.00000000	2.90063		0.48241     0.2    0.2		4.1705503158		-1.0
	7470.00000000	2.93398		1.13769     0.2    0.2		4.1705503158		-1.0
	7515.00000000	3.32523		1.60487     0.2    0.2		4.1705503158		-1.0
	7560.00000000	3.22779		1.53419     0.2    0.2		4.1705503158		-1.0
	7605.00000000	3.16235		1.74235     0.2    0.2		4.1705503158		-1.0
	7650.00000000	3.15302		2.12095     0.2    0.2		4.1705503158		-1.0
	7695.00000000	2.89349		2.2901     0.2    0.2		4.1705503158		-1.0
	7740.00000000	2.7699		2.3525     0.2    0.2		4.1705503158		-1.0
	7785.00000000	2.74918		2.53315     0.2    0.2		4.1705503158		-1.0
	7830.00000000	3.3455		2.54387     0.2    0.2		4.1705503158		-1.0
	7875.00000000	2.8065		2.27887     0.2    0.2		4.1705503158		-1.0
	7920.00000000	2.74486		1.7367     0.2    0.2		4.1705503158		-1.0
	7965.00000000	2.8029		1.36339     0.2    0.2		4.1705503158		-1.0
	8010.00000000	2.78812		1.18166     0.2    0.2		4.1705503158		-1.0
	8055.00000000	2.82608		0.58963     0.2    0.2		4.1705503158		-1.0
	8100.00000000	3.1485		0.02003     0.2    0.2		4.1705503158		-1.0
	8145.00000000	3.08675		0.14795     0.2    0.2		4.1705503158		-1.0
	8190.00000000	3.1365		0.44678     0.2    0.2		4.1705503158		-1.0
	8235.00000000	3.15411		0.12681     0.2    0.2		4.1705503158		-1.0
	8280.00000000	3.14608		-0.16827     0.2    0.2		4.1705503158		-1.0
	8325.00000000	2.79544		-0.46931     0.2    0.2		4.1705503158		-1.0
	8370.00000000	3.14517		-0.39067     0.2    0.2		4.1705503158		-1.0
	8415.00000000	2.82436		-0.52302     0.2    0.2		4.1705503158		-1.0
	8460.00000000	2.82561		-0.78937     0.2    0.2		4.1705503158		-1.0
	8505.00000000	3.22834		-0.44738     0.2    0.2		4.1705503158		-1.0
	8550.00000000	3.26265		-0.45978     0.2    0.2		4.1705503158		-1.0
	8595.00000000	2.87039		0.01461     0.2    0.2		4.1705503158		-1.0
	8640.00000000	2.74552		0.67906     0.2    0.2		4.1705503158		-1.0
	8685.00000000	2.79278		0.65268     0.2    0.2		4.1705503158		-1.0
	8730.00000000	3.40227		0.94276     0.2    0.2		4.1705503158		-1.0
	8775.00000000	2.98939		1.1625     0.2    0.2		4.1705503158		-1.0
	8820.00000000	3.18015		1.47722     0.2    0.2		4.1705503158		-1.0
	8865.00000000	3.16212		2.03802     0.2    0.2		4.1705503158		-1.0
	8910.00000000	3.01925		2.47904     0.2    0.2		4.1705503158		-1.0
	8955.00000000	3.04729		2.56894     0.2    0.2		4.1705503158		-1.0
	9000.00000000	3.05052		2.30363     0.2    0.2		4.1705503158		-1.0
	9045.00000000	3.08377		1.76282     0.2    0.2		4.1705503158		-1.0
	9090.00000000	2.77373		1.52584     0.2    0.2		4.1705503158		-1.0
	9135.00000000	3.10044		1.62323     0.2    0.2		4.1705503158		-1.0
	9180.00000000	2.83611		1.61659     0.2    0.2		4.1705503158		-1.0
	9225.00000000	2.74843		1.80206     0.2    0.2		4.1705503158		-1.0
	9270.00000000	2.75863		2.08313     0.2    0.2		4.1705503158		-1.0
	9315.00000000	2.70326		1.93029     0.2    0.2		4.1705503158		-1.0
	9360.00000000	2.75163		2.40628     0.2    0.2		4.1705503158		-1.0
	9405.00000000	2.68036		2.35141     0.2    0.2		4.1705503158		-1.0
	9450.00000000	3.20745		2.11734     0.2    0.2		4.1705503158		-1.0
	9495.00000000	3.2423		2.11388     0.2    0.2		4.1705503158		-1.0
	9540.00000000	3.02384		1.92039     0.2    0.2		4.1705503158		-1.0
	9585.00000000	2.76625		1.95878     0.2    0.2		4.1705503158		-1.0
	9630.00000000	2.79543		1.96603     0.2    0.2		4.1705503158		-1.0
	9675.00000000	3.48492		1.80729     0.2    0.2		4.1705503158		-1.0
	9720.00000000	3.38093		1.97482     0.2    0.2		4.1705503158		-1.0
	9765.00000000	3.25765		2.075     0.2    0.2		4.1705503158		-1.0
	9810.00000000	2.89587		2.34281     0.2    0.2		4.1705503158		-1.0
	9855.00000000	3.33275		2.59767     0.2    0.2		4.1705503158		-1.0
	9900.00000000	2.76571		-3.02375     0.2    0.2		4.1705503158		-1.0
	9945.00000000	2.85866		-2.57066     0.2    0.2		4.1705503158		-1.0
	9990.00000000	2.97317		-2.22671     0.2    0.2		4.1705503158		-1.0
	10035.00000000	2.97561		-2.08576     0.2    0.2		4.1705503158		-1.0
	10080.00000000	2.91104		-1.76166     0.2    0.2		4.1705503158		-1.0
	10125.00000000	2.76575		-1.63768     0.2    0.2		4.1705503158		-1.0
	10170.00000000	2.79383		-1.50591     0.2    0.2		4.1705503158		-1.0
	10215.00000000	3.26162		-1.68531     0.2    0.2		4.1705503158		-1.0
	10260.00000000	2.72038		-2.11583     0.2    0.2		4.1705503158		-1.0
	10305.00000000	3.02913		-2.59449     0.2    0.2		4.1705503158		-1.0
	10350.00000000	3.05768		-2.38316     0.2    0.2		4.1705503158		-1.0
	10395.00000000	2.64621		-2.60632     0.2    0.2		4.1705503158		-1.0
	10440.00000000	3.03759		-2.50983     0.2    0.2		4.1705503158		-1.0
	10485.00000000	2.88793		-3.00456     0.2    0.2		4.1705503158		-1.0
	10530.00000000	2.97655		-2.60263     0.2    0.2		4.1705503158		-1.0
	10575.00000000	2.81503		-2.9072     0.2    0.2		4.1705503158		-1.0
	10620.00000000	2.72008		-2.60466     0.2    0.2		4.1705503158		-1.0
	10665.00000000	2.78005		-2.61444     0.2    0.2		4.1705503158		-1.0
	10710.00000000	2.75611		-2.47428     0.2    0.2		4.1705503158		-1.0
	10755.00000000	3.28145		-2.3595     0.2    0.2		4.1705503158		-1.0
	10800.00000000	2.7874		-2.02123     0.2    0.2		4.1705503158		-1.0
	10845.00000001	3.27346		-1.8754     0.2    0.2		4.1705503158		-1.0
	10890.00000001	3.25006		-1.87945     0.2    0.2		4.1705503158		-1.0
	10935.00000001	2.88396		-1.65942     0.2    0.2		4.1705503158		-1.0
	10980.00000001	2.87835		-1.77013     0.2    0.2		4.1705503158		-1.0
	11025.00000001	3.2804		-1.29229     0.2    0.2		4.1705503158		-1.0
	11070.00000001	3.23035		-1.26015     0.2    0.2		4.1705503158		-1.0
	11115.00000001	3.16581		-0.52441     0.2    0.2		4.1705503158		-1.0
	11160.00000001	2.82153		0.00114     0.2    0.2		4.1705503158		-1.0
	11205.00000001	2.77839		0.82935     0.2    0.2		4.1705503158		-1.0
	11250.00000001	2.76632		1.13233     0.2    0.2		4.1705503158		-1.0
	11295.00000001	2.76376		1.19401     0.2    0.2		4.1705503158		-1.0
	11340.00000001	2.70464		1.66565     0.2    0.2		4.1705503158		-1.0
	11385.00000001	2.67399		1.68981     0.2    0.2		4.1705503158		-1.0
	11430.00000001	2.80279		1.49736     0.2    0.2		4.1705503158		-1.0
	11475.00000001	2.71905		0.92954     0.2    0.2		4.1705503158		-1.0
	11520.00000001	2.95085		0.73488     0.2    0.2		4.1705503158		-1.0
	11565.00000001	2.56422		0.0967     0.2    0.2		4.1705503158		-1.0
	11610.00000001	2.89694		-0.37328     0.2    0.2		4.1705503158		-1.0
	11655.00000001	3.20375		-0.76374     0.2    0.2		4.1705503158		-1.0
	11700.00000001	2.67195		-0.97364     0.2    0.2		4.1705503158		-1.0
	11745.00000001	2.86819		-1.281     0.2    0.2		4.1705503158		-1.0
	11790.00000001	3.33722		-1.01975     0.2    0.2		4.1705503158		-1.0
	11835.00000001	2.85944		-1.45155     0.2    0.2		4.1705503158		-1.0
	11880.00000001	3.28339		-1.35934     0.2    0.2		4.1705503158		-1.0
	11925.00000001	3.20747		-1.62648     0.2    0.2		4.1705503158		-1.0
	11970.00000001	2.70701		-1.60356     0.2    0.2		4.1705503158		-1.0
	12015.00000001	2.7638		-2.05909     0.2    0.2		4.1705503158		-1.0
	12060.00000001	2.81326		-1.9539     0.2    0.2		4.1705503158		-1.0
	12105.00000001	3.02846		-2.49835     0.2    0.2		4.1705503158		-1.0
	12150.00000001	2.71077		-2.3068     0.2    0.2		4.1705503158		-1.0
	12195.00000001	2.85998		-2.78648     0.2    0.2		4.1705503158		-1.0
	12240.00000001	2.67796		-2.62051     0.2    0.2		4.1705503158		-1.0
	12285.00000001	2.78117		-3.14065     0.2    0.2		4.1705503158		-1.0
	12330.00000001	3.13499		-3.11358     0.2    0.2		4.1705503158		-1.0
	12375.00000001	2.99908		2.78241     0.2    0.2		4.1705503158		-1.0
	12420.00000001	3.07157		2.96243     0.2    0.2		4.1705503158		-1.0
	12465.00000001	3.24098		2.70425     0.2    0.2		4.1705503158		-1.0
	12510.00000001	3.35416		2.77485     0.2    0.2		4.1705503158		-1.0
	12555.00000001	3.30774		2.79733     0.2    0.2		4.1705503158		-1.0
	12600.00000001	2.6602		2.96699     0.2    0.2		4.1705503158		-1.0
	12645.00000001	3.16815		-3.09194     0.2    0.2		4.1705503158		-1.0
	12690.00000001	3.23781		-2.99101     0.2    0.2		4.1705503158		-1.0
	12735.00000001	3.16046		-2.36696     0.2    0.2		4.1705503158		-1.0
	12780.00000001	3.29925		-2.22294     0.2    0.2		4.1705503158		-1.0
	12825.00000001	3.20371		-1.9145     0.2    0.2		4.1705503158		-1.0
	12870.00000001	3.22272		-1.81509     0.2    0.2		4.1705503158		-1.0
	12915.00000001	2.93747		-1.59257     0.2    0.2		4.1705503158		-1.0
	12960.00000001	2.94609		-1.67591     0.2    0.2		4.1705503158		-1.0
	13005.00000001	2.68227		-1.77689     0.2    0.2		4.1705503158		-1.0
	13050.00000001	2.79141		-2.03333     0.2    0.2		4.1705503158		-1.0
	13095.00000001	2.69137		-2.28079     0.2    0.2		4.1705503158		-1.0
	13140.00000001	3.3763		-2.39053     0.2    0.2		4.1705503158		-1.0
	13185.00000001	3.41503		-2.6423     0.2    0.2		4.1705503158		-1.0
	13230.00000001	2.67884		-2.53531     0.2    0.2		4.1705503158		-1.0
	13275.00000001	3.08969		-2.74476     0.2    0.2		4.1705503158		-1.0
	13320.00000001	2.79979		-2.75916     0.2    0.2		4.1705503158		-1.0
	13365.00000001	2.76186		-2.96681     0.2    0.2		4.1705503158		-1.0
	13410.00000001	2.80876		-2.86592     0.2    0.2		4.1705503158		-1.0
	13455.00000001	2.64199		2.96041     0.2    0.2		4.1705503158		-1.0
	13500.00000001	2.84302		2.86845     0.2    0.2		4.1705503158		-1.0
	13545.00000001	2.77724		2.60803     0.2    0.2		4.1705503158		-1.0
	13590.00000001	2.75393		2.48047     0.2    0.2		4.1705503158		-1.0
	13635.00000001	3.32584		1.94896     0.2    0.2		4.1705503158		-1.0
	13680.00000001	3.27183		1.89256     0.2    0.2		4.1705503158		-1.0
	13725.00000001	3.42859		1.42022     0.2    0.2		4.1705503158		-1.0
	13770.00000001	3.06916		1.19257     0.2    0.2		4.1705503158		-1.0
	13815.00000001	3.28684		1.1506     0.2    0.2		4.1705503158		-1.0
	13860.00000001	3.22699		0.75258     0.2    0.2		4.1705503158		-1.0
	13905.00000001	3.35395		0.10223     0.2    0.2		4.1705503158		-1.0
	13950.00000001	2.91602		-0.61754     0.2    0.2		4.1705503158		-1.0
	13995.00000001	2.9221		-0.30307     0.2    0.2		4.1705503158		-1.0
	14040.00000001	3.30312		-0.14143     0.2    0.2		4.1705503158		-1.0
	14085.00000001	2.99197		-0.15439     0.2    0.2		4.1705503158		-1.0
	14130.00000001	3.21601		0.32211     0.2    0.2		4.1705503158		-1.0
	14175.00000001	3.2268		0.44758     0.2    0.2		4.1705503158		-1.0
	14220.00000001	3.22161		0.68644     0.2    0.2		4.1705503158		-1.0
	14265.00000000	3.27969		0.94069     0.2    0.2		4.1705503158		-1.0
	14310.00000000	3.195		1.22448     0.2    0.2		4.1705503158		-1.0
	14355.00000000	3.17498		1.14463     0.2    0.2		4.1705503158		-1.0
	14400.00000000	3.25189		1.66808     0.2    0.2		4.1705503158		-1.0
	14445.00000000	3.22389		1.53776     0.2    0.2		4.1705503158		-1.0
	14490.00000000	2.88936		2.19413     0.2    0.2		4.1705503158		-1.0
	14535.00000000	2.63908		2.21188     0.2    0.2		4.1705503158		-1.0
	14580.00000000	2.70515		2.46317     0.2    0.2		4.1705503158		-1.0
	14625.00000000	2.77243		2.98776     0.2    0.2		4.1705503158		-1.0
	14670.00000000	2.75978		2.95613     0.2    0.2		4.1705503158		-1.0
	14715.00000000	2.87125		-2.90026     0.2    0.2		4.1705503158		-1.0
	14760.00000000	2.78242		-2.88983     0.2    0.2		4.1705503158		-1.0
	14805.00000000	2.73088		-2.3879     0.2    0.2		4.1705503158		-1.0
	14850.00000000	3.09868		-2.08887     0.2    0.2		4.1705503158		-1.0
	14895.00000000	2.75603		-2.13815     0.2    0.2		4.1705503158		-1.0
	14940.00000000	2.76704		-1.75087     0.2    0.2		4.1705503158		-1.0
	14985.00000000	2.75189		-1.93066     0.2    0.2		4.1705503158		-1.0
	15030.00000000	2.68299		-1.55497     0.2    0.2		4.1705503158		-1.0
	15075.00000000	2.85868		-2.0222     0.2    0.2		4.1705503158		-1.0
	15120.00000000	3.11177		-1.69666     0.2    0.2		4.1705503158		-1.0
	15165.00000000	2.99261		-1.95499     0.2    0.2		4.1705503158		-1.0
	15210.00000000	3.25118		-2.19023     0.2    0.2		4.1705503158		-1.0
	15255.00000000	3.14318		-2.14943     0.2    0.2		4.1705503158		-1.0
	15300.00000000	3.21019		-2.20627     0.2    0.2		4.1705503158		-1.0
	15345.00000000	3.24625		-2.61752     0.2    0.2		4.1705503158		-1.0
	15390.00000000	3.1022		-2.4547     0.2    0.2		4.1705503158		-1.0
	15435.00000000	3.45801		-2.82964     0.2    0.2		4.1705503158		-1.0
	15480.00000000	3.48202		-2.99257     0.2    0.2		4.1705503158		-1.0
	15525.00000000	3.25936		3.04783     0.2    0.2		4.1705503158		-1.0
	15570.00000000	3.15736		2.85878     0.2    0.2		4.1705503158		-1.0
	15615.00000000	3.19706		2.48255     0.2    0.2		4.1705503158		-1.0
	15660.00000000	3.29841		2.23372     0.2    0.2		4.1705503158		-1.0
	15705.00000000	3.1074		2.02126     0.2    0.2		4.1705503158		-1.0
	15750.00000000	3.35432		1.71681     0.2    0.2		4.1705503158		-1.0
	15795.00000000	3.24931		1.54992     0.2    0.2		4.1705503158		-1.0
	15840.00000000	3.14531		1.30109     0.2    0.2		4.1705503158		-1.0
	15885.00000000	3.25945		0.86684     0.2    0.2		4.1705503158		-1.0
	15930.00000000	3.24056		0.32872     0.2    0.2		4.1705503158		-1.0
	15975.00000000	2.7623		-0.13409     0.2    0.2		4.1705503158		-1.0
	16020.00000000	2.86378		-0.9374     0.2    0.2		4.1705503158		-1.0
	16065.00000000	3.30808		-1.19046     0.2    0.2		4.1705503158		-1.0
	16110.00000000	3.43388		-1.36851     0.2    0.2		4.1705503158		-1.0
	16155.00000000	2.82688		-1.40145     0.2    0.2		4.1705503158		-1.0
	16200.00000000	3.07155		-1.14577     0.2    0.2		4.1705503158		-1.0
	16245.00000000	2.85799		-0.44817     0.2    0.2		4.1705503158		-1.0
	16290.00000000	2.75788		-0.32451     0.2    0.2		4.1705503158		-1.0
	16335.00000000	2.72285		-0.47448     0.2    0.2		4.1705503158		-1.0
	16380.00000000	2.72972		-1.0047     0.2    0.2		4.1705503158		-1.0
	16425.00000000	2.8009		-0.61158     0.2    0.2		4.1705503158		-1.0
	16470.00000000	3.41547		-0.8018     0.2    0.2		4.1705503158		-1.0
	16515.00000000	2.75831		-0.60645     0.2    0.2		4.1705503158		-1.0
	16560.00000000	3.22864		-0.41351     0.2    0.2		4.1705503158		-1.0
	16605.00000000	3.17134		-0.18812     0.2    0.2		4.1705503158		-1.0
	16650.00000000	3.01344		0.23236     0.2    0.2		4.1705503158		-1.0
	16695.00000000	2.81832		0.56213     0.2    0.2		4.1705503158		-1.0
	16740.00000000	2.78625		0.27189     0.2    0.2		4.1705503158		-1.0
	16785.00000000	2.71746		0.15684     0.2    0.2		4.1705503158		-1.0
	16830.00000000	2.72706		-0.14004     0.2    0.2		4.1705503158		-1.0
	16875.00000000	2.76202		0.4857     0.2    0.2		4.1705503158		-1.0
	16920.00000000	3.45306		0.29715     0.2    0.2		4.1705503158		-1.0
	16965.00000000	2.61305		1.03038     0.2    0.2		4.1705503158		-1.0
	17010.00000000	2.78687		1.12626     0.2    0.2		4.1705503158		-1.0
	17055.00000000	2.75532		1.11504     0.2    0.2		4.1705503158		-1.0
	17100.00000000	2.78725		1.26005     0.2    0.2		4.1705503158		-1.0
	17145.00000000	2.69985		1.55456     0.2    0.2		4.1705503158		-1.0
	17190.00000000	2.66556		1.20696     0.2    0.2		4.1705503158		-1.0
	17235.00000000	2.80031		1.66742     0.2    0.2		4.1705503158		-1.0
	17280.00000000	2.63137		1.45748     0.2    0.2		4.1705503158		-1.0
	17325.00000000	2.80063		1.5917     0.2    0.2		4.1705503158		-1.0
	17370.00000000	2.72289		1.15758     0.2    0.2		4.1705503158		-1.0
	17415.00000000	3.26538		1.16595     0.2    0.2		4.1705503158		-1.0
	17460.00000000	2.67469		0.88604     0.2    0.2		4.1705503158		-1.0
	17505.00000000	2.71485		-0.13461     0.2    0.2		4.1705503158		-1.0
	17550.00000000	2.8902		-0.77501     0.2    0.2		4.1705503158		-1.0
	17595.00000000	3.04651		-0.91647     0.2    0.2		4.1705503158		-1.0
	17640.00000000	3.02985		-1.31976     0.2    0.2		4.1705503158		-1.0
	17685.00000000	3.137		-0.92087     0.2    0.2		4.1705503158		-1.0
	17730.00000000	3.18968		-1.04625     0.2    0.2		4.1705503158		-1.0
	17775.00000000	3.22602		-0.38256     0.2    0.2		4.1705503158		-1.0
	17820.00000000	3.04561		0.18532     0.2    0.2		4.1705503158		-1.0
	17865.00000000	2.75867		0.71727     0.2    0.2		4.1705503158		-1.0
	17910.00000000	2.85623		0.60703     0.2    0.2		4.1705503158		-1.0
	17955.00000000	3.32179		0.70825     0.2    0.2		4.1705503158		-1.0
	18000.00000000	3.04541		0.41312     0.2    0.2		4.1705503158		-1.0
	18045.00000000	3.33357		0.07876     0.2    0.2		4.1705503158		-1.0
	18090.00000000	3.33537		-0.53536     0.2    0.2		4.1705503158		-1.0
	18135.00000000	3.22288		-0.99981     0.2    0.2		4.1705503158		-1.0
	18180.00000000	2.9733		-1.32363     0.2    0.2		4.1705503158		-1.0
	18225.00000000	2.7006		-1.29765     0.2    0.2		4.1705503158		-1.0
	18270.00000000	2.74506		-1.46449     0.2    0.2		4.1705503158		-1.0
	18315.00000000	3.19353		-1.23101     0.2    0.2		4.1705503158		-1.0
	18360.00000000	3.05159		-1.09222     0.2    0.2		4.1705503158		-1.0
	18405.00000000	2.80018		-0.91705     0.2    0.2		4.1705503158		-1.0
	18450.00000000	2.76371		-0.4616     0.2    0.2		4.1705503158		-1.0
	18495.00000000	2.65596		0.20919     0.2    0.2		4.1705503158		-1.0
	18540.00000000	2.71044		0.32359     0.2    0.2		4.1705503158		-1.0
	18585.00000000	2.69681		0.77013     0.2    0.2		4.1705503158		-1.0
	18630.00000000	2.67509		0.47896     0.2    0.2		4.1705503158		-1.0
	18675.00000000	2.72184		0.36972     0.2    0.2		4.1705503158		-1.0
	18720.00000000	2.70748		0.10722     0.2    0.2		4.1705503158		-1.0
	18765.00000000	2.78324		-0.22924     0.2    0.2		4.1705503158		-1.0
	18810.00000000	3.35045		-0.73843     0.2    0.2		4.1705503158		-1.0
	18855.00000000	3.16532		-0.5677     0.2    0.2		4.1705503158		-1.0
	18900.00000000	3.03812		-0.62107     0.2    0.2		4.1705503158		-1.0
	18945.00000000	3.28769		-0.71532     0.2    0.2		4.1705503158		-1.0
	18990.00000000	2.54201		-0.44006     0.2    0.2		4.1705503158		-1.0
	19035.00000000	3.49789		-0.06584     0.2    0.2		4.1705503158		-1.0
	19080.00000000	3.36754		0.17226     0.2    0.2		4.1705503158		-1.0
	19125.00000000	3.26551		0.7541     0.2    0.2		4.1705503158		-1.0
	19170.00000000	3.1015		0.86355     0.2    0.2		4.1705503158		-1.0
	19215.00000000	3.50261		1.1003     0.2    0.2		4.1705503158		-1.0
	19260.00000000	2.75461		1.4474     0.2    0.2		4.1705503158		-1.0
	19305.00000000	2.68326		1.51222     0.2    0.2		4.1705503158		-1.0
	19350.00000000	2.71726		1.73928     0.2    0.2		4.1705503158		-1.0
	19395.00000000	2.69375		2.0462     0.2    0.2		4.1705503158		-1.0
	19440.00000000	2.69475		2.41993     0.2    0.2		4.1705503158		-1.0
	19485.00000000	2.74042		2.53062     0.2    0.2		4.1705503158		-1.0
	19530.00000000	2.66267		2.93025     0.2    0.2		4.1705503158		-1.0
	19575.00000000	2.80179		-2.93023     0.2    0.2		4.1705503158		-1.0
	19620.00000000	2.6662		-2.7157     0.2    0.2		4.1705503158		-1.0
	19665.00000000	2.69815		-2.29141     0.2    0.2		4.1705503158		-1.0
	19710.00000000	2.71182		-1.91827     0.2    0.2		4.1705503158		-1.0
	19755.00000000	2.73235		-1.73106     0.2    0.2		4.1705503158		-1.0
	19800.00000000	2.65211		-1.18626     0.2    0.2		4.1705503158		-1.0
	19845.00000000	2.7445		-0.8085     0.2    0.2		4.1705503158		-1.0
	19890.00000000	2.74879		0.00685     0.2    0.2		4.1705503158		-1.0
	19935.00000000	3.44665		0.21302     0.2    0.2		4.1705503158		-1.0
	19980.00000000	3.46373		1.05928     0.2    0.2		4.1705503158		-1.0
	20025.00000000	3.43907		1.39412     0.2    0.2		4.1705503158		-1.0
	20070.00000000	2.93498		1.97533     0.2    0.2		4.1705503158		-1.0
	20115.00000000	3.25707		2.37126     0.2    0.2		4.1705503158		-1.0
	20160.00000000	3.10386		2.88751     0.2    0.2		4.1705503158		-1.0
	20205.00000000	3.38834		-2.9993     0.2    0.2		4.1705503158		-1.0
	20250.00000000	3.24354		-2.94765     0.2    0.2		4.1705503158		-1.0
	20295.00000000	3.33931		-2.48443     0.2    0.2		4.1705503158		-1.0
	20340.00000000	3.31887		-2.44354     0.2    0.2		4.1705503158		-1.0
	20385.00000000	3.21496		-2.30845     0.2    0.2		4.1705503158		-1.0
	20430.00000000	3.42823		-2.03086     0.2    0.2		4.1705503158		-1.0
	20475.00000000	3.37498		-1.551     0.2    0.2		4.1705503158		-1.0
	20520.00000000	3.29828		-1.26577     0.2    0.2		4.1705503158		-1.0
	20565.00000000	3.23625		-0.95242     0.2    0.2		4.1705503158		-1.0
	20610.00000000	3.39021		-0.74407     0.2    0.2		4.1705503158		-1.0
	20655.00000000	3.34974		-0.15826     0.2    0.2		4.1705503158		-1.0
	20700.00000000	2.74136		0.37293     0.2    0.2		4.1705503158		-1.0
	20744.99999999	2.77949		1.02456     0.2    0.2		4.1705503158		-1.0
	20789.99999999	2.74386		0.88112     0.2    0.2		4.1705503158		-1.0
	20834.99999999	3.59782		0.64375     0.2    0.2		4.1705503158		-1.0
	20879.99999999	2.87968		0.79076     0.2    0.2		4.1705503158		-1.0
	20924.99999999	3.07049		0.49633     0.2    0.2		4.1705503158		-1.0
	20969.99999999	3.40059		-0.17555     0.2    0.2		4.1705503158		-1.0
	21014.99999999	3.39336		-0.35205     0.2    0.2		4.1705503158		-1.0
	21059.99999999	2.61754		-0.63683     0.2    0.2		4.1705503158		-1.0
	21104.99999999	3.37041		-0.42633     0.2    0.2		4.1705503158		-1.0
	21149.99999999	2.89283		-0.60755     0.2    0.2		4.1705503158		-1.0
	21194.99999999	2.64957		-0.45609     0.2    0.2		4.1705503158		-1.0
	21239.99999999	2.85004		0.05706     0.2    0.2		4.1705503158		-1.0
	21284.99999999	2.65612		0.7853     0.2    0.2		4.1705503158		-1.0
	21329.99999999	2.69115		0.83346     0.2    0.2		4.1705503158		-1.0
	21374.99999999	2.70037		1.00018     0.2    0.2		4.1705503158		-1.0
	21419.99999999	2.66992		0.58869     0.2    0.2		4.1705503158		-1.0
	21464.99999999	2.67547		-0.11542     0.2    0.2		4.1705503158		-1.0
	21509.99999999	2.723		-0.76996     0.2    0.2		4.1705503158		-1.0
	21554.99999999	2.7225		-1.69389     0.2    0.2		4.1705503158		-1.0
	21599.99999999	2.70435		-1.1736     0.2    0.2		4.1705503158		-1.0
	21644.99999999	2.69912		-1.72115     0.2    0.2		4.1705503158		-1.0
	21689.99999999	2.78847		-1.9046     0.2    0.2		4.1705503158		-1.0
	21734.99999999	2.69944		-2.33934     0.2    0.2		4.1705503158		-1.0
	21779.99999999	3.22975		-2.44279     0.2    0.2		4.1705503158		-1.0
	21824.99999999	3.12136		-2.89562     0.2    0.2		4.1705503158		-1.0
	21869.99999999	3.23125		-2.82387     0.2    0.2		4.1705503158		-1.0
	21914.99999999	3.3228		3.14102     0.2    0.2		4.1705503158		-1.0
	21959.99999999	3.35258		3.04134     0.2    0.2		4.1705503158		-1.0
	22004.99999999	3.44593		2.65121     0.2    0.2		4.1705503158		-1.0
	22049.99999999	3.39352		2.17191     0.2    0.2		4.1705503158		-1.0
	22094.99999999	3.34202		2.0368     0.2    0.2		4.1705503158		-1.0
	22139.99999999	3.33775		1.63889     0.2    0.2		4.1705503158		-1.0
	22184.99999999	3.27577		1.13706     0.2    0.2		4.1705503158		-1.0
	22229.99999999	3.26268		1.1709     0.2    0.2		4.1705503158		-1.0
	22274.99999999	3.25296		-0.15808     0.2    0.2		4.1705503158		-1.0
	22319.99999999	3.22838		-0.07111     0.2    0.2		4.1705503158		-1.0
	22364.99999999	3.40808		-0.78272     0.2    0.2		4.1705503158		-1.0
	22409.99999999	3.27996		-1.35954     0.2    0.2		4.1705503158		-1.0
	22454.99999999	3.22184		-1.52775     0.2    0.2		4.1705503158		-1.0
	22499.99999999	3.37064		-1.95404     0.2    0.2		4.1705503158		-1.0
	22544.99999999	3.38059		-2.30364     0.2    0.2		4.1705503158		-1.0
	22589.99999999	3.12375		-2.59877     0.2    0.2		4.1705503158		-1.0
	22634.99999999	2.7411		-2.25694     0.2    0.2		4.1705503158		-1.0
	22679.99999999	2.70289		-2.59486     0.2    0.2		4.1705503158		-1.0
	22724.99999999	2.83318		-2.47196     0.2    0.2		4.1705503158		-1.0
	22769.99999999	2.64269		-2.90466     0.2    0.2		4.1705503158		-1.0
	22814.99999999	2.68272		2.97861     0.2    0.2		4.1705503158		-1.0
	22859.99999999	2.72607		2.69905     0.2    0.2		4.1705503158		-1.0
	22904.99999999	2.68598		2.60493     0.2    0.2		4.1705503158		-1.0
	22949.99999999	2.67027		2.292     0.2    0.2		4.1705503158		-1.0
	22994.99999999	2.68296		2.15403     0.2    0.2		4.1705503158		-1.0
	23039.99999999	2.74063		1.85988     0.2    0.2		4.1705503158		-1.0
	23084.99999999	3.06133		1.76008     0.2    0.2		4.1705503158		-1.0
	23129.99999999	2.9775		1.28989     0.2    0.2		4.1705503158		-1.0
	23174.99999999	2.79464		1.31635     0.2    0.2		4.1705503158		-1.0
	23219.99999999	3.57381		0.78011     0.2    0.2		4.1705503158		-1.0
	23264.99999999	3.52786		0.1487     0.2    0.2		4.1705503158		-1.0
	23309.99999999	2.66835		-0.06475     0.2    0.2		4.1705503158		-1.0
	23354.99999999	3.76378		-0.24017     0.2    0.2		4.1705503158		-1.0
	23399.99999999	2.77931		-0.22181     0.2    0.2		4.1705503158		-1.0
	23444.99999999	2.64881		-0.48504     0.2    0.2		4.1705503158		-1.0
	23489.99999999	2.646		-0.92323     0.2    0.2		4.1705503158		-1.0
	23534.99999999	2.74519		-0.77442     0.2    0.2		4.1705503158		-1.0
	23579.99999999	2.70973		-1.2135     0.2    0.2		4.1705503158		-1.0
	23624.99999999	2.61836		-1.53817     0.2    0.2		4.1705503158		-1.0
	23669.99999999	3.3217		-1.37154     0.2    0.2		4.1705503158		-1.0
	23714.99999999	3.1029		-1.68888     0.2    0.2		4.1705503158		-1.0
	23759.99999999	3.2744		-1.7649     0.2    0.2		4.1705503158		-1.0
	23804.99999999	3.31691		-1.9151     0.2    0.2		4.1705503158		-1.0
	23849.99999999	3.50815		-2.29257     0.2    0.2		4.1705503158		-1.0
	23894.99999999	3.31343		-2.74807     0.2    0.2		4.1705503158		-1.0
	23939.99999999	3.18464		-2.81063     0.2    0.2		4.1705503158		-1.0
	23984.99999999	3.3926		3.01642     0.2    0.2		4.1705503158		-1.0
	24029.99999999	3.46956		2.59573     0.2    0.2		4.1705503158		-1.0
	24074.99999999	3.41526		2.34721     0.2    0.2		4.1705503158		-1.0
	24119.99999999	3.12638		2.20682     0.2    0.2		4.1705503158		-1.0
	24164.99999999	3.55452		2.10879     0.2    0.2		4.1705503158		-1.0
	24209.99999999	3.27634		1.84366     0.2    0.2		4.1705503158		-1.0
	24254.99999999	3.28844		1.55075     0.2    0.2		4.1705503158		-1.0
	24299.99999999	3.38822		1.4731     0.2    0.2		4.1705503158		-1.0
	24344.99999999	3.32341		0.92335     0.2    0.2		4.1705503158		-1.0
	24389.99999999	3.14714		0.31571     0.2    0.2		4.1705503158		-1.0
	24434.99999999	3.52266		-0.12999     0.2    0.2		4.1705503158		-1.0
	24479.99999999	2.62594		-1.05891     0.2    0.2		4.1705503158		-1.0
	24524.99999999	3.12394		-1.47926     0.2    0.2		4.1705503158		-1.0
	24569.99999999	3.42277		-2.01515     0.2    0.2		4.1705503158		-1.0
	24614.99999999	3.15554		-2.16698     0.2    0.2		4.1705503158		-1.0
	24659.99999999	3.64849		-2.24958     0.2    0.2		4.1705503158		-1.0
	24704.99999999	3.12723		-2.62539     0.2    0.2		4.1705503158		-1.0
	24749.99999999	2.72039		-2.23875     0.2    0.2		4.1705503158		-1.0
	24794.99999999	3.48885		-2.5069     0.2    0.2		4.1705503158		-1.0
	24839.99999999	3.36779		-2.68276     0.2    0.2		4.1705503158		-1.0
	24884.99999999	2.81052		-2.60424     0.2    0.2		4.1705503158		-1.0
	24929.99999999	2.68769		-2.95883     0.2    0.2		4.1705503158		-1.0
	24974.99999999	2.5681		-2.77324     0.2    0.2		4.1705503158		-1.0
	25019.99999999	3.41566		-3.08955     0.2    0.2		4.1705503158		-1.0
	25064.99999999	3.1544		3.04999     0.2    0.2		4.1705503158		-1.0
	25109.99999999	3.17498		2.62239     0.2    0.2		4.1705503158		-1.0
	25154.99999999	3.55061		2.35078     0.2    0.2		4.1705503158		-1.0
	25199.99999999	2.77341		1.80718     0.2    0.2		4.1705503158		-1.0
	25244.99999999	2.7081		2.03675     0.2    0.2		4.1705503158		-1.0
	25289.99999999	2.70317		1.42388     0.2    0.2		4.1705503158		-1.0
	25334.99999999	2.63268		1.91167     0.2    0.2		4.1705503158		-1.0
	25379.99999999	2.75714		1.49216     0.2    0.2		4.1705503158		-1.0
	25424.99999999	2.80937		1.90895     0.2    0.2		4.1705503158		-1.0
	25469.99999999	3.57926		1.81902     0.2    0.2		4.1705503158		-1.0
	25514.99999999	3.11995		2.29106     0.2    0.2		4.1705503158		-1.0
	25559.99999999	3.02723		2.4956     0.2    0.2		4.1705503158		-1.0
	25604.99999999	3.65003		2.67036     0.2    0.2		4.1705503158		-1.0
	25649.99999999	2.75376		2.96747     0.2    0.2		4.1705503158		-1.0
	25694.99999999	3.24751		-3.1029     0.2    0.2		4.1705503158		-1.0
	25739.99999999	3.17554		-2.93537     0.2    0.2		4.1705503158		-1.0
	25784.99999999	4.91514		-2.47627     0.2    0.2		4.1705503158		-1.0
	25829.99999999	6.78322		-2.48658     0.2    0.2		4.1705503158		-1.0
	25874.99999999	8.87274		-2.33914     0.2    0.2		4.1705503158		-1.0
	25919.99999999	10.82068		-2.26394     0.2    0.2		4.1705503158		-1.0
	25964.99999999	12.69684		-2.17005     0.2    0.2		4.1705503158		-1.0
	26009.99999999	14.2193		-2.01404     0.2    0.2		4.1705503158		-1.0
	26054.99999999	15.64607		-2.33736     0.2    0.2		4.1705503158		-1.0
	26099.99999999	16.85147		2.0538     0.2    0.2		4.1705503158		-1.0
	26144.99999999	17.61881		1.68014     0.2    0.2		4.1705503158		-1.0
	26189.99999999	18.51027		1.72771     0.2    0.2		4.1705503158		-1.0
	26234.99999999	19.07165		2.08183     0.2    0.2		4.1705503158		-1.0
	26279.99999999	19.97911		2.58642     0.2    0.2		4.1705503158		-1.0
	26324.99999999	20.72845		3.06605     0.2    0.2		4.1705503158		-1.0
	26369.99999999	21.88561		-2.90538     0.2    0.2		4.1705503158		-1.0
	26414.99999999	22.8203		-2.57866     0.2    0.2		4.1705503158		-1.0
	26459.99999999	24.01985		-2.24026     0.2    0.2		4.1705503158		-1.0
	26504.99999999	25.0156		-2.07851     0.2    0.2		4.1705503158		-1.0
	26549.99999999	26.26446		-1.80589     0.2    0.2		4.1705503158		-1.0
	26594.99999999	27.24086		-1.61189     0.2    0.2		4.1705503158		-1.0
	26639.99999999	26.96667		-1.4063     0.2    0.2		4.1705503158		-1.0
	26684.99999999	26.3402		1.55661     0.2    0.2		4.1705503158		-1.0
	26729.99999999	25.69682		1.52887     0.2    0.2		4.1705503158		-1.0
	26774.99999999	24.94751		2.84211     0.2    0.2		4.1705503158		-1.0
	26819.99999999	24.05404		2.93953     0.2    0.2		4.1705503158		-1.0
	26864.99999999	23.11015		2.77985     0.2    0.2		4.1705503158		-1.0
	26909.99999999	21.82561		2.47411     0.2    0.2		4.1705503158		-1.0
	26954.99999999	20.68875		2.10591     0.2    0.2		4.1705503158		-1.0
	26999.99999999	19.69579		1.76963     0.2    0.2		4.1705503158		-1.0
	27044.99999999	18.81087		1.28605     0.2    0.2		4.1705503158		-1.0
	27089.99999999	18.04751		0.87196     0.2    0.2		4.1705503158		-1.0
	27134.99999999	17.20634		0.59462     0.2    0.2		4.1705503158		-1.0
	27179.99999999	16.22211		0.27765     0.2    0.2		4.1705503158		-1.0
	27224.99999998	14.97473		-0.042     0.2    0.2		4.1705503158		-1.0
	27269.99999998	13.72515		-0.55361     0.2    0.2		4.1705503158		-1.0
	27314.99999998	12.39753		-1.34158     0.2    0.2		4.1705503158		-1.0
	27359.99999998	11.00997		-2.99877     0.2    0.2		4.1705503158		-1.0
	27404.99999998	9.93688		1.49029     0.2    0.2		4.1705503158		-1.0
	27449.99999998	9.10359		0.65977     0.2    0.2		4.1705503158		-1.0
	27494.99999998	8.6754		0.18493     0.2    0.2		4.1705503158		-1.0
	27539.99999998	8.49271		-0.37245     0.2    0.2		4.1705503158		-1.0
	27584.99999998	8.69868		-0.98702     0.2    0.2		4.1705503158		-1.0
	27629.99999998	9.15404		-1.59554     0.2    0.2		4.1705503158		-1.0
	27674.99999998	9.97247		-2.11322     0.2    0.2		4.1705503158		-1.0
	27719.99999998	11.22118		-2.51308     0.2    0.2		4.1705503158		-1.0
	27764.99999998	12.40041		-2.0439     0.2    0.2		4.1705503158		-1.0
	27809.99999998	13.70294		-0.89376     0.2    0.2		4.1705503158		-1.0
	27854.99999998	14.42429		-0.64047     0.2    0.2		4.1705503158		-1.0
	27899.99999998	15.43366		-0.30329     0.2    0.2		4.1705503158		-1.0
	27944.99999998	16.57595		-0.26624     0.2    0.2		4.1705503158		-1.0
	27989.99999998	17.60503		-0.08874     0.2    0.2		4.1705503158		-1.0
	28034.99999998	18.98097		-0.135     0.2    0.2		4.1705503158		-1.0
	28079.99999998	20.18568		0.04612     0.2    0.2		4.1705503158		-1.0
	28124.99999998	21.41282		0.25745     0.2    0.2		4.1705503158		-1.0
	28169.99999998	22.29223		0.05141     0.2    0.2		4.1705503158		-1.0
	28214.99999998	23.24092		0.14928     0.2    0.2		4.1705503158		-1.0
	28259.99999998	24.1014		0.07702     0.2    0.2		4.1705503158		-1.0
	28304.99999998	25.04578		0.20498     0.2    0.2		4.1705503158		-1.0
	28349.99999998	25.98399		0.28675     0.2    0.2		4.1705503158		-1.0
	28394.99999998	26.90298		0.44022     0.2    0.2		4.1705503158		-1.0
	28439.99999998	27.88483		0.51712     0.2    0.2		4.1705503158		-1.0
	28484.99999998	28.82914		0.55028     0.2    0.2		4.1705503158		-1.0
	28529.99999998	29.95532		0.66044     0.2    0.2		4.1705503158		-1.0
	28574.99999998	31.01232		0.62196     0.2    0.2		4.1705503158		-1.0
	28619.99999998	31.58345		0.70527     0.2    0.2		4.1705503158		-1.0
	28664.99999998	32.4419		0.61739     0.2    0.2		4.1705503158		-1.0
	28709.99999998	33.269		-1.41903     0.2    0.2		4.1705503158		-1.0
	28754.99999998	34.04556		-2.62047     0.2    0.2		4.1705503158		-1.0
	28799.99999998	33.76645		3.07706     0.2    0.2		4.1705503158		-1.0
	28844.99999998	33.44368		-2.16967     0.2    0.2		4.1705503158		-1.0
	28889.99999998	33.17673		-2.61229     0.2    0.2		4.1705503158		-1.0
	28934.99999998	31.80908		-2.85864     0.2    0.2		4.1705503158		-1.0
	28979.99999998	30.61555		2.92975     0.2    0.2		4.1705503158		-1.0
	29024.99999998	29.30154		-1.77169     0.2    0.2		4.1705503158		-1.0
	29069.99999998	27.98822		-1.60851     0.2    0.2		4.1705503158		-1.0
	29114.99999998	26.58555		-1.61134     0.2    0.2		4.1705503158		-1.0
	29159.99999998	25.15852		-1.50066     0.2    0.2		4.1705503158		-1.0
	29204.99999998	23.82409		-1.69542     0.2    0.2		4.1705503158		-1.0
	29249.99999998	22.21051		-1.89676     0.2    0.2		4.1705503158		-1.0
	29294.99999998	21.20651		-2.07144     0.2    0.2		4.1705503158		-1.0
	29339.99999998	19.84079		-2.29559     0.2    0.2		4.1705503158		-1.0
	29384.99999998	18.62462		-2.29271     0.2    0.2		4.1705503158		-1.0
	29429.99999998	17.37293		-2.41721     0.2    0.2		4.1705503158		-1.0
	29474.99999998	16.02606		-2.52824     0.2    0.2		4.1705503158		-1.0
	29519.99999998	14.63009		2.57988     0.2    0.2		4.1705503158		-1.0
	29564.99999998	13.63102		1.67602     0.2    0.2		4.1705503158		-1.0
	29609.99999998	12.78171		1.5416     0.2    0.2		4.1705503158		-1.0
	29654.99999998	11.81133		1.49092     0.2    0.2		4.1705503158		-1.0
	29699.99999998	10.70068		1.4523     0.2    0.2		4.1705503158		-1.0
	29744.99999998	9.30939		1.49616     0.2    0.2		4.1705503158		-1.0
	29789.99999998	7.8317		1.45421     0.2    0.2		4.1705503158		-1.0
	29834.99999998	6.22903		1.50911     0.2    0.2		4.1705503158		-1.0
	29879.99999998	5.14172		1.43834     0.2    0.2		4.1705503158		-1.0
	29924.99999998	6.45298		1.29306     0.2    0.2		4.1705503158		-1.0
	29969.99999998	7.87418		1.30937     0.2    0.2		4.1705503158		-1.0
	30014.99999998	9.02797		1.67362     0.2    0.2		4.1705503158		-1.0
	30059.99999998	10.02739		2.04211     0.2    0.2		4.1705503158		-1.0
	30104.99999998	10.93456		2.31006     0.2    0.2		4.1705503158		-1.0
	30149.99999998	11.81759		2.64157     0.2    0.2		4.1705503158		-1.0
	30194.99999998	12.85523		2.78401     0.2    0.2		4.1705503158		-1.0
	30239.99999998	13.85879		-3.09835     0.2    0.2		4.1705503158		-1.0
	30284.99999998	15.0681		-2.63744     0.2    0.2		4.1705503158		-1.0
	30329.99999998	15.75513		-0.48879     0.2    0.2		4.1705503158		-1.0
	30374.99999998	16.50187		-0.04933     0.2    0.2		4.1705503158		-1.0
	30419.99999998	17.13631		0.2852     0.2    0.2		4.1705503158		-1.0
	30464.99999998	18.20643		0.43048     0.2    0.2		4.1705503158		-1.0
	30509.99999998	19.45594		0.59092     0.2    0.2		4.1705503158		-1.0
	30554.99999998	20.63031		0.68722     0.2    0.2		4.1705503158		-1.0
	30599.99999998	20.98468		-0.86343     0.2    0.2		4.1705503158		-1.0
	30644.99999998	19.84674		-0.90269     0.2    0.2		4.1705503158		-1.0
	30689.99999998	18.54721		-0.90045     0.2    0.2		4.1705503158		-1.0
	30734.99999998	17.11318		-1.04433     0.2    0.2		4.1705503158		-1.0
	30779.99999998	15.66316		-1.07035     0.2    0.2		4.1705503158		-1.0
	30824.99999998	14.14632		-1.24131     0.2    0.2		4.1705503158		-1.0
	30869.99999998	12.56		-1.38852     0.2    0.2		4.1705503158		-1.0
	30914.99999998	11.30771		-1.81312     0.2    0.2		4.1705503158		-1.0
	30959.99999998	9.95621		3.10831     0.2    0.2		4.1705503158		-1.0
	31004.99999998	8.99619		1.89528     0.2    0.2		4.1705503158		-1.0
	31049.99999998	7.75926		1.81696     0.2    0.2		4.1705503158		-1.0
	31094.99999998	6.53648		1.91859     0.2    0.2		4.1705503158		-1.0
	31139.99999998	5.97922		2.20136     0.2    0.2		4.1705503158		-1.0
	31184.99999998	6.66614		2.35044     0.2    0.2		4.1705503158		-1.0
	31229.99999998	8.25517		2.16607     0.2    0.2		4.1705503158		-1.0
	31274.99999998	9.55878		1.94489     0.2    0.2		4.1705503158		-1.0
	31319.99999998	10.88323		1.71419     0.2    0.2		4.1705503158		-1.0
	31364.99999998	11.84572		1.68383     0.2    0.2		4.1705503158		-1.0
	31409.99999998	12.72192		2.06921     0.2    0.2		4.1705503158		-1.0
	31454.99999998	13.7028		2.11395     0.2    0.2		4.1705503158		-1.0
	31499.99999998	14.62902		2.3812     0.2    0.2		4.1705503158		-1.0
	31544.99999998	15.426		2.29332     0.2    0.2		4.1705503158		-1.0
	31589.99999998	16.24833		2.25454     0.2    0.2		4.1705503158		-1.0
	31634.99999998	17.12085		2.28796     0.2    0.2		4.1705503158		-1.0
	31679.99999998	17.88968		2.63829     0.2    0.2		4.1705503158		-1.0
	31724.99999998	18.33597		2.53721     0.2    0.2		4.1705503158		-1.0
	31769.99999998	19.27062		2.83493     0.2    0.2		4.1705503158		-1.0
	31814.99999998	19.51246		2.44119     0.2    0.2		4.1705503158		-1.0
	31859.99999998	20.1017		-3.05022     0.2    0.2		4.1705503158		-1.0
	31904.99999998	20.52047		3.13438     0.2    0.2		4.1705503158		-1.0
	31949.99999998	21.19711		-2.77858     0.2    0.2		4.1705503158		-1.0
	31994.99999998	21.78713		-2.77846     0.2    0.2		4.1705503158		-1.0
	32039.99999998	22.58353		-2.38322     0.2    0.2		4.1705503158		-1.0
	32084.99999998	23.45108		-2.11198     0.2    0.2		4.1705503158		-1.0
	32129.99999998	24.55321		2.03159     0.2    0.2		4.1705503158		-1.0
	32174.99999998	24.52613		1.39366     0.2    0.2		4.1705503158		-1.0
	32219.99999998	23.99135		0.70277     0.2    0.2		4.1705503158		-1.0
	32264.99999998	23.54375		-0.11653     0.2    0.2		4.1705503158		-1.0
	32309.99999998	22.84062		-0.54637     0.2    0.2		4.1705503158		-1.0
	32354.99999998	22.24007		-1.12601     0.2    0.2		4.1705503158		-1.0
	32399.99999998	21.20716		-1.4266     0.2    0.2		4.1705503158		-1.0
	32444.99999998	20.2567		-2.12619     0.2    0.2		4.1705503158		-1.0
	32489.99999998	19.17869		-2.28928     0.2    0.2		4.1705503158		-1.0
	32534.99999998	17.97675		-2.70835     0.2    0.2		4.1705503158		-1.0
	32579.99999998	16.49514		-2.76573     0.2    0.2		4.1705503158		-1.0
	32624.99999998	15.04253		-2.84614     0.2    0.2		4.1705503158		-1.0
	32669.99999998	13.6701		-2.76232     0.2    0.2		4.1705503158		-1.0
	32714.99999998	12.14907		-2.77474     0.2    0.2		4.1705503158		-1.0
	32759.99999998	10.67528		-2.66186     0.2    0.2		4.1705503158		-1.0
	32804.99999998	9.35148		-2.53596     0.2    0.2		4.1705503158		-1.0
	32849.99999998	7.99949		-2.58053     0.2    0.2		4.1705503158		-1.0
	32894.99999998	7.18353		-2.54313     0.2    0.2		4.1705503158		-1.0
	32939.99999998	6.49855		-3.06477     0.2    0.2		4.1705503158		-1.0
	32984.99999998	6.61569		2.57438     0.2    0.2		4.1705503158		-1.0
	33029.99999998	7.2622		2.0044     0.2    0.2		4.1705503158		-1.0
	33074.99999998	8.17708		1.95586     0.2    0.2		4.1705503158		-1.0
	33119.99999998	9.42053		1.82336     0.2    0.2		4.1705503158		-1.0
	33164.99999998	10.6419		1.88091     0.2    0.2		4.1705503158		-1.0
	33209.99999998	11.88408		1.77023     0.2    0.2		4.1705503158		-1.0
	33254.99999998	13.1113		2.05026     0.2    0.2		4.1705503158		-1.0
	33299.99999998	13.78131		2.52779     0.2    0.2		4.1705503158		-1.0
	33344.99999998	14.3696		-2.98905     0.2    0.2		4.1705503158		-1.0
	33389.99999998	14.64781		-2.55671     0.2    0.2		4.1705503158		-1.0
	33434.99999998	14.9084		-1.98325     0.2    0.2		4.1705503158		-1.0
	33479.99999998	14.76133		-0.84049     0.2    0.2		4.1705503158		-1.0
	33524.99999998	15.34373		-0.2028     0.2    0.2		4.1705503158		-1.0
	33569.99999998	15.67049		0.37478     0.2    0.2		4.1705503158		-1.0
	33614.99999998	16.18968		0.19229     0.2    0.2		4.1705503158		-1.0
	33659.99999998	16.40287		-0.14918     0.2    0.2		4.1705503158		-1.0
	33704.99999998	16.00455		-0.82465     0.2    0.2		4.1705503158		-1.0
	33749.99999997	15.07252		-1.08968     0.2    0.2		4.1705503158		-1.0
	33794.99999997	14.10661		-1.12704     0.2    0.2		4.1705503158		-1.0
	33839.99999997	14.08745		0.79971     0.2    0.2		4.1705503158		-1.0
	33884.99999997	14.72538		0.81556     0.2    0.2		4.1705503158		-1.0
	33929.99999997	15.44294		0.29403     0.2    0.2		4.1705503158		-1.0
	33974.99999997	15.89389		-0.36687     0.2    0.2		4.1705503158		-1.0
	34019.99999997	16.51297		-0.5695     0.2    0.2		4.1705503158		-1.0
	34064.99999997	17.26854		-0.73728     0.2    0.2		4.1705503158		-1.0
	34109.99999997	18.43524		-0.5849     0.2    0.2		4.1705503158		-1.0
	34154.99999997	19.85597		-0.34547     0.2    0.2		4.1705503158		-1.0
	34199.99999997	21.52702		-0.25326     0.2    0.2		4.1705503158		-1.0
	34244.99999997	22.25127		-0.01934     0.2    0.2		4.1705503158		-1.0
	34289.99999997	20.9205		0.6502     0.2    0.2		4.1705503158		-1.0
	34334.99999997	20.21453		1.2043     0.2    0.2		4.1705503158		-1.0
	34379.99999997	20.16166		-1.57905     0.2    0.2		4.1705503158		-1.0
	34424.99999997	20.63219		-1.50737     0.2    0.2		4.1705503158		-1.0
	34469.99999997	21.69779		-1.50454     0.2    0.2		4.1705503158		-1.0
	34514.99999997	22.57842		-1.56769     0.2    0.2		4.1705503158		-1.0
	34559.99999997	21.70425		1.49048     0.2    0.2		4.1705503158		-1.0
	34604.99999997	20.69386		1.37783     0.2    0.2		4.1705503158		-1.0
	34649.99999997	19.7445		1.16415     0.2    0.2		4.1705503158		-1.0
	34694.99999997	19.17025		-0.65912     0.2    0.2		4.1705503158		-1.0
	34739.99999997	19.01323		-1.19811     0.2    0.2		4.1705503158		-1.0
	34784.99999997	18.93434		-1.44339     0.2    0.2		4.1705503158		-1.0
	34829.99999997	18.59442		-1.33855     0.2    0.2		4.1705503158		-1.0
	34874.99999997	17.98477		-0.38445     0.2    0.2		4.1705503158		-1.0
	34919.99999997	17.53528		0.43185     0.2    0.2		4.1705503158		-1.0
	34964.99999997	17.9761		0.22627     0.2    0.2		4.1705503158		-1.0
	35009.99999997	18.76049		-0.07395     0.2    0.2		4.1705503158		-1.0
	35054.99999997	19.60144		-0.8034     0.2    0.2		4.1705503158		-1.0
	35099.99999997	19.89426		-1.37195     0.2    0.2		4.1705503158		-1.0
	35144.99999997	19.89949		-1.4729     0.2    0.2		4.1705503158		-1.0
	35189.99999997	19.64234		-1.11771     0.2    0.2		4.1705503158		-1.0
	35234.99999997	19.14896		-0.95422     0.2    0.2		4.1705503158		-1.0
	35279.99999997	18.82234		-1.09546     0.2    0.2		4.1705503158		-1.0
	35324.99999997	18.01667		-1.51415     0.2    0.2		4.1705503158		-1.0
	35369.99999997	16.5696		-2.48323     0.2    0.2		4.1705503158		-1.0
	35414.99999997	14.96337		3.09747     0.2    0.2		4.1705503158		-1.0
	35459.99999997	13.21769		2.66506     0.2    0.2		4.1705503158		-1.0
	35504.99999997	11.42952		2.30147     0.2    0.2		4.1705503158		-1.0
	35549.99999997	9.76211		2.01753     0.2    0.2		4.1705503158		-1.0
	35594.99999997	8.56624		-3.12488     0.2    0.2		4.1705503158		-1.0
	35639.99999997	7.65719		-2.63746     0.2    0.2		4.1705503158		-1.0
	35684.99999997	6.88397		2.98777     0.2    0.2		4.1705503158		-1.0
	35729.99999997	6.415		2.38788     0.2    0.2		4.1705503158		-1.0
	35774.99999997	6.24196		1.80504     0.2    0.2		4.1705503158		-1.0
	35819.99999997	5.66185		1.2645     0.2    0.2		4.1705503158		-1.0
	35864.99999997	6.33063		1.42531     0.2    0.2		4.1705503158		-1.0
	35909.99999997	7.49901		2.13302     0.2    0.2		4.1705503158		-1.0
	35954.99999997	8.64576		2.96264     0.2    0.2		4.1705503158		-1.0
	35999.99999997	9.56279		-3.05321     0.2    0.2		4.1705503158		-1.0
	36044.99999997	10.16493		-2.84635     0.2    0.2		4.1705503158		-1.0
	36089.99999997	10.75846		-2.87782     0.2    0.2		4.1705503158		-1.0
	36134.99999997	11.33116		-2.96257     0.2    0.2		4.1705503158		-1.0
	36179.99999997	12.0355		-2.03037     0.2    0.2		4.1705503158		-1.0
	36224.99999997	13.09656		-1.28703     0.2    0.2		4.1705503158		-1.0
	36269.99999997	14.19784		-1.12366     0.2    0.2		4.1705503158		-1.0
	36314.99999997	15.53831		-0.48122     0.2    0.2		4.1705503158		-1.0
	36359.99999997	16.41234		-0.09472     0.2    0.2		4.1705503158		-1.0
	36404.99999997	17.10584		0.43433     0.2    0.2		4.1705503158		-1.0
	36449.99999997	16.98197		1.38926     0.2    0.2		4.1705503158		-1.0
	36494.99999997	16.66672		2.20322     0.2    0.2		4.1705503158		-1.0
	36539.99999997	15.94148		3.1289     0.2    0.2		4.1705503158		-1.0
	36584.99999997	15.57808		-3.03438     0.2    0.2		4.1705503158		-1.0
	36629.99999997	14.99863		-3.11664     0.2    0.2		4.1705503158		-1.0
	36674.99999997	15.5822		-3.09305     0.2    0.2		4.1705503158		-1.0
	36719.99999997	16.68903		-2.75286     0.2    0.2		4.1705503158		-1.0
	36764.99999997	17.34242		-1.92762     0.2    0.2		4.1705503158		-1.0
	36809.99999997	17.76476		-1.60651     0.2    0.2		4.1705503158		-1.0
	36854.99999997	16.52031		-1.17341     0.2    0.2		4.1705503158		-1.0
	36899.99999997	15.36113		-1.98539     0.2    0.2		4.1705503158		-1.0
	36944.99999997	14.44959		-2.91056     0.2    0.2		4.1705503158		-1.0
	36989.99999997	14.38973		2.78775     0.2    0.2		4.1705503158		-1.0
	37034.99999997	14.00434		2.36819     0.2    0.2		4.1705503158		-1.0
	37079.99999997	13.60639		2.25337     0.2    0.2		4.1705503158		-1.0
	37124.99999997	12.37703		-3.02362     0.2    0.2		4.1705503158		-1.0
	37169.99999997	11.19174		-0.46934     0.2    0.2		4.1705503158		-1.0
	37214.99999997	10.17544		0.11391     0.2    0.2		4.1705503158		-1.0
	37259.99999997	9.51789		0.03486     0.2    0.2		4.1705503158		-1.0
	37304.99999997	8.89037		-0.23172     0.2    0.2		4.1705503158		-1.0
	37349.99999997	8.98124		-0.61987     0.2    0.2		4.1705503158		-1.0
	37394.99999997	9.56881		-0.8912     0.2    0.2		4.1705503158		-1.0
	37439.99999997	10.17369		-2.42338     0.2    0.2		4.1705503158		-1.0
	37484.99999997	10.69997		-2.437     0.2    0.2		4.1705503158		-1.0
	37529.99999997	11.71085		-2.65353     0.2    0.2		4.1705503158		-1.0
	37574.99999997	12.73035		-2.59549     0.2    0.2		4.1705503158		-1.0
	37619.99999997	14.08587		-2.54842     0.2    0.2		4.1705503158		-1.0
	37664.99999997	14.67524		-0.52587     0.2    0.2		4.1705503158		-1.0
	37709.99999997	15.26531		0.36408     0.2    0.2		4.1705503158		-1.0
	37754.99999997	14.95261		0.86626     0.2    0.2		4.1705503158		-1.0
	37799.99999997	15.22016		1.45161     0.2    0.2		4.1705503158		-1.0
	37844.99999997	15.24295		2.07881     0.2    0.2		4.1705503158		-1.0
	37889.99999997	15.25251		0.41324     0.2    0.2		4.1705503158		-1.0
	37934.99999997	14.80697		0.45009     0.2    0.2		4.1705503158		-1.0
	37979.99999997	14.00348		0.25598     0.2    0.2		4.1705503158		-1.0
	38024.99999997	12.51651		0.41093     0.2    0.2		4.1705503158		-1.0
	38069.99999997	11.43718		0.40719     0.2    0.2		4.1705503158		-1.0
	38114.99999997	10.15906		0.47594     0.2    0.2		4.1705503158		-1.0
	38159.99999997	9.06701		0.37506     0.2    0.2		4.1705503158		-1.0
	38204.99999997	7.89118		0.20405     0.2    0.2		4.1705503158		-1.0
	38249.99999997	7.64387		-0.5435     0.2    0.2		4.1705503158		-1.0
	38294.99999997	7.3593		-1.5243     0.2    0.2		4.1705503158		-1.0
	38339.99999997	8.04988		-1.54744     0.2    0.2		4.1705503158		-1.0
	38384.99999997	9.02639		-1.57804     0.2    0.2		4.1705503158		-1.0
	38429.99999997	10.15995		-1.20841     0.2    0.2		4.1705503158		-1.0
	38474.99999997	11.41753		-1.10356     0.2    0.2		4.1705503158		-1.0
	38519.99999997	12.18444		-0.37335     0.2    0.2		4.1705503158		-1.0
	38564.99999997	13.09121		0.436     0.2    0.2		4.1705503158		-1.0
	38609.99999997	13.32282		1.34159     0.2    0.2		4.1705503158		-1.0
	38654.99999997	13.79802		1.78831     0.2    0.2		4.1705503158		-1.0
	38699.99999997	14.42101		1.86078     0.2    0.2		4.1705503158		-1.0
	38744.99999997	15.52444		1.66674     0.2    0.2		4.1705503158		-1.0
	38789.99999997	15.86211		1.4981     0.2    0.2		4.1705503158		-1.0
	38834.99999997	16.3841		1.27638     0.2    0.2		4.1705503158		-1.0
	38879.99999997	16.64267		1.30691     0.2    0.2		4.1705503158		-1.0
	38924.99999997	17.36353		1.08182     0.2    0.2		4.1705503158		-1.0
	38969.99999997	18.33563		1.15609     0.2    0.2		4.1705503158		-1.0
	39014.99999997	19.36588		-0.00952     0.2    0.2		4.1705503158		-1.0
	39059.99999997	20.85243		-0.25047     0.2    0.2		4.1705503158		-1.0
	39104.99999997	22.1832		-1.37608     0.2    0.2		4.1705503158		-1.0
	39149.99999997	23.68176		-0.87206     0.2    0.2		4.1705503158		-1.0
	39194.99999997	24.71424		-1.08706     0.2    0.2		4.1705503158		-1.0
	39239.99999997	26.40725		-0.4606     0.2    0.2		4.1705503158		-1.0
	39284.99999997	27.86426		-0.49579     0.2    0.2		4.1705503158		-1.0
	39329.99999997	29.07131		0.04362     0.2    0.2		4.1705503158		-1.0
	39374.99999997	28.38211		0.06146     0.2    0.2		4.1705503158		-1.0
	39419.99999997	28.1713		-2.56932     0.2    0.2		4.1705503158		-1.0
	39464.99999997	27.69786		-3.07932     0.2    0.2		4.1705503158		-1.0
	39509.99999997	27.94974		3.05728     0.2    0.2		4.1705503158		-1.0
	39554.99999997	28.58633		2.64268     0.2    0.2		4.1705503158		-1.0
	39599.99999997	28.82576		2.58256     0.2    0.2		4.1705503158		-1.0
	39644.99999997	28.04636		-2.83312     0.2    0.2		4.1705503158		-1.0
	39689.99999997	27.08599		-3.0194     0.2    0.2		4.1705503158		-1.0
	39734.99999997	25.96929		-2.82122     0.2    0.2		4.1705503158		-1.0
	39779.99999997	25.34089		-3.01766     0.2    0.2		4.1705503158		-1.0
	39824.99999997	24.80165		3.07221     0.2    0.2		4.1705503158		-1.0
	39869.99999997	24.36349		-2.83549     0.2    0.2		4.1705503158		-1.0
	39914.99999997	23.29184		-2.71589     0.2    0.2		4.1705503158		-1.0
	39959.99999997	22.59836		-2.0727     0.2    0.2		4.1705503158		-1.0
	40004.99999997	21.76506		-1.97988     0.2    0.2		4.1705503158		-1.0
	40049.99999997	20.74767		-1.13729     0.2    0.2		4.1705503158		-1.0
	40094.99999997	19.62201		-0.99597     0.2    0.2		4.1705503158		-1.0
	40139.99999997	18.65416		1.22123     0.2    0.2		4.1705503158		-1.0
	40184.99999997	17.70873		2.5045     0.2    0.2		4.1705503158		-1.0
	40229.99999996	16.52515		-3.07371     0.2    0.2		4.1705503158		-1.0
	40274.99999996	15.51518		-2.89943     0.2    0.2		4.1705503158		-1.0
	40319.99999996	14.50797		-1.81421     0.2    0.2		4.1705503158		-1.0
	40364.99999996	13.666		-1.05031     0.2    0.2		4.1705503158		-1.0
	40409.99999996	12.16959		-0.70853     0.2    0.2		4.1705503158		-1.0
	40454.99999996	10.80983		-0.50817     0.2    0.2		4.1705503158		-1.0
	40499.99999996	9.62425		-0.473     0.2    0.2		4.1705503158		-1.0
	40544.99999996	8.98296		-0.20485     0.2    0.2		4.1705503158		-1.0
	40589.99999996	8.70239		0.81383     0.2    0.2		4.1705503158		-1.0
	40634.99999996	8.45782		1.30328     0.2    0.2		4.1705503158		-1.0
	40679.99999996	8.41386		1.77098     0.2    0.2		4.1705503158		-1.0
	40724.99999996	8.95623		2.1334     0.2    0.2		4.1705503158		-1.0
	40769.99999996	9.5569		2.60242     0.2    0.2		4.1705503158		-1.0
	40814.99999996	9.83228		-2.9642     0.2    0.2		4.1705503158		-1.0
	40859.99999996	9.59575		-2.3426     0.2    0.2		4.1705503158		-1.0
	40904.99999996	9.1641		-2.1316     0.2    0.2		4.1705503158		-1.0
	40949.99999996	8.40954		-2.23439     0.2    0.2		4.1705503158		-1.0
	40994.99999996	7.76853		-2.34267     0.2    0.2		4.1705503158		-1.0
	41039.99999996	7.08324		-2.13632     0.2    0.2		4.1705503158		-1.0
	41084.99999996	7.04697		-1.61608     0.2    0.2		4.1705503158		-1.0
	41129.99999996	6.56276		-1.47806     0.2    0.2		4.1705503158		-1.0
	41174.99999996	6.63632		-1.39104     0.2    0.2		4.1705503158		-1.0
	41219.99999996	7.26246		-1.21104     0.2    0.2		4.1705503158		-1.0
	41264.99999996	8.62049		-0.82854     0.2    0.2		4.1705503158		-1.0
	41309.99999996	10.05467		-0.27683     0.2    0.2		4.1705503158		-1.0
	41354.99999996	11.03378		0.26343     0.2    0.2		4.1705503158		-1.0
	41399.99999996	11.97068		1.11574     0.2    0.2		4.1705503158		-1.0
	41444.99999996	12.51599		2.17933     0.2    0.2		4.1705503158		-1.0
	41489.99999996	12.5371		3.12563     0.2    0.2		4.1705503158		-1.0
	41534.99999996	12.4205		-2.28121     0.2    0.2		4.1705503158		-1.0
	41579.99999996	11.97877		-1.5597     0.2    0.2		4.1705503158		-1.0
	41624.99999996	11.43305		-0.85428     0.2    0.2		4.1705503158		-1.0
	41669.99999996	10.76473		-0.59688     0.2    0.2		4.1705503158		-1.0
	41714.99999996	9.77677		-0.85309     0.2    0.2		4.1705503158		-1.0
	41759.99999996	9.34328		-2.10418     0.2    0.2		4.1705503158		-1.0
	41804.99999996	9.35232		-2.75417     0.2    0.2		4.1705503158		-1.0
	41849.99999996	9.65268		-2.15496     0.2    0.2		4.1705503158		-1.0
	41894.99999996	10.34903		-1.27615     0.2    0.2		4.1705503158		-1.0
	41939.99999996	11.38291		-0.34756     0.2    0.2		4.1705503158		-1.0
	41984.99999996	12.27124		0.59066     0.2    0.2		4.1705503158		-1.0
	42029.99999996	12.66682		1.53999     0.2    0.2		4.1705503158		-1.0
	42074.99999996	12.73549		2.60944     0.2    0.2		4.1705503158		-1.0
	42119.99999996	12.51099		-3.11829     0.2    0.2		4.1705503158		-1.0
	42164.99999996	12.33917		-2.40411     0.2    0.2		4.1705503158		-1.0
	42209.99999996	12.54606		-2.96863     0.2    0.2		4.1705503158		-1.0
	42254.99999996	13.41214		2.70458     0.2    0.2		4.1705503158		-1.0
	42299.99999996	15.17008		2.95194     0.2    0.2		4.1705503158		-1.0
	42344.99999996	16.97748		3.0864     0.2    0.2		4.1705503158		-1.0
	42389.99999996	18.41163		-3.03919     0.2    0.2		4.1705503158		-1.0
	42434.99999996	20.15873		-2.83716     0.2    0.2		4.1705503158		-1.0
	42479.99999996	21.2239		-2.54263     0.2    0.2		4.1705503158		-1.0
	42524.99999996	22.28912		-2.25501     0.2    0.2		4.1705503158		-1.0
	42569.99999996	23.11361		-2.13836     0.2    0.2		4.1705503158		-1.0
	42614.99999996	23.92513		-2.07395     0.2    0.2		4.1705503158		-1.0
	42659.99999996	24.95162		-2.86401     0.2    0.2		4.1705503158		-1.0
	42704.99999996	25.72995		1.14831     0.2    0.2		4.1705503158		-1.0
	42749.99999996	26.73078		0.3439     0.2    0.2		4.1705503158		-1.0
	42794.99999996	26.13964		-0.15246     0.2    0.2		4.1705503158		-1.0
	42839.99999996	25.73358		-0.11441     0.2    0.2		4.1705503158		-1.0
	42884.99999996	25.09988		-0.22188     0.2    0.2		4.1705503158		-1.0
	42929.99999996	24.51134		2.16958     0.2    0.2		4.1705503158		-1.0
	42974.99999996	23.69922		1.90809     0.2    0.2		4.1705503158		-1.0
	43019.99999996	22.98774		1.66019     0.2    0.2		4.1705503158		-1.0
	43064.99999996	21.98444		0.73167     0.2    0.2		4.1705503158		-1.0
	43109.99999996	21.50637		0.2732     0.2    0.2		4.1705503158		-1.0
	43154.99999996	20.72557		0.0946     0.2    0.2		4.1705503158		-1.0
	43199.99999996	20.37827		0.20946     0.2    0.2		4.1705503158		-1.0
	43244.99999996	19.7195		0.62492     0.2    0.2		4.1705503158		-1.0
	43289.99999996	20.24838		0.89998     0.2    0.2		4.1705503158		-1.0
	43334.99999996	20.09774		1.49769     0.2    0.2		4.1705503158		-1.0
	43379.99999996	20.79449		1.74928     0.2    0.2		4.1705503158		-1.0
	43424.99999996	21.44444		2.21214     0.2    0.2		4.1705503158		-1.0
	43469.99999996	22.63471		2.26256     0.2    0.2		4.1705503158		-1.0
	43514.99999996	23.76351		2.22935     0.2    0.2		4.1705503158		-1.0
	43559.99999996	24.50647		1.8845     0.2    0.2		4.1705503158		-1.0
	43604.99999996	25.14289		1.72904     0.2    0.2		4.1705503158		-1.0
	43649.99999996	25.13809		1.8928     0.2    0.2		4.1705503158		-1.0
	43694.99999996	24.94537		2.26779     0.2    0.2		4.1705503158		-1.0
	43739.99999996	25.39582		3.01633     0.2    0.2		4.1705503158		-1.0
	43784.99999996	25.52062		-2.70353     0.2    0.2		4.1705503158		-1.0
	43829.99999996	26.21263		-1.86421     0.2    0.2		4.1705503158		-1.0
	43874.99999996	26.0627		-1.2576     0.2    0.2		4.1705503158		-1.0
	43919.99999996	26.13666		0.66167     0.2    0.2		4.1705503158		-1.0
	43964.99999996	25.51579		-0.05617     0.2    0.2		4.1705503158		-1.0
	44009.99999996	24.62329		-0.75661     0.2    0.2		4.1705503158		-1.0
	44054.99999996	23.69119		-1.28146     0.2    0.2		4.1705503158		-1.0
	44099.99999996	22.93583		2.04661     0.2    0.2		4.1705503158		-1.0
	44144.99999996	22.48693		2.75247     0.2    0.2		4.1705503158		-1.0
	44189.99999996	22.44957		3.1013     0.2    0.2		4.1705503158		-1.0
	44234.99999996	22.45741		-2.57153     0.2    0.2		4.1705503158		-1.0
	44279.99999996	23.21835		-2.43139     0.2    0.2		4.1705503158		-1.0
	44324.99999996	23.90902		-2.07339     0.2    0.2		4.1705503158		-1.0
	44369.99999996	24.22897		-1.97093     0.2    0.2		4.1705503158		-1.0
	44414.99999996	24.84212		-1.66422     0.2    0.2		4.1705503158		-1.0
	44459.99999996	24.79396		-1.5609     0.2    0.2		4.1705503158		-1.0
	44504.99999996	24.30199		0.15582     0.2    0.2		4.1705503158		-1.0
	44549.99999996	23.19309		-0.2134     0.2    0.2		4.1705503158		-1.0
	44594.99999996	22.31396		-0.76402     0.2    0.2		4.1705503158		-1.0
	44639.99999996	21.20443		-1.06784     0.2    0.2		4.1705503158		-1.0
	44684.99999996	20.49183		-1.60838     0.2    0.2		4.1705503158		-1.0
	44729.99999996	20.19333		-2.44856     0.2    0.2		4.1705503158		-1.0
	44774.99999996	19.86267		3.00189     0.2    0.2		4.1705503158		-1.0
	44819.99999996	19.62267		2.54822     0.2    0.2		4.1705503158		-1.0
	44864.99999996	19.2359		1.98333     0.2    0.2		4.1705503158		-1.0
	44909.99999996	19.34266		1.59051     0.2    0.2		4.1705503158		-1.0
	44954.99999996	19.14534		1.06529     0.2    0.2		4.1705503158		-1.0
	44999.99999996	19.29058		0.75746     0.2    0.2		4.1705503158		-1.0
	45044.99999996	18.86972		0.23058     0.2    0.2		4.1705503158		-1.0
	45089.99999996	18.37527		0.07639     0.2    0.2		4.1705503158		-1.0
	45134.99999996	17.47334		-0.21978     0.2    0.2		4.1705503158		-1.0
	45179.99999996	16.66113		-0.53251     0.2    0.2		4.1705503158		-1.0
	45224.99999996	15.60826		-1.25796     0.2    0.2		4.1705503158		-1.0
	45269.99999996	14.86348		-1.82701     0.2    0.2		4.1705503158		-1.0
	45314.99999996	13.81487		-2.72175     0.2    0.2		4.1705503158		-1.0
	45359.99999996	12.89372		-2.90537     0.2    0.2		4.1705503158		-1.0
	45404.99999996	12.64342		2.81406     0.2    0.2		4.1705503158		-1.0
	45449.99999996	12.19885		2.64135     0.2    0.2		4.1705503158		-1.0
	45494.99999996	11.14359		2.34556     0.2    0.2		4.1705503158		-1.0
	45539.99999996	9.85833		2.09005     0.2    0.2		4.1705503158		-1.0
	45584.99999996	8.70466		2.20125     0.2    0.2		4.1705503158		-1.0
	45629.99999996	7.62173		2.64053     0.2    0.2		4.1705503158		-1.0
	45674.99999996	6.79528		2.50866     0.2    0.2		4.1705503158		-1.0
	45719.99999996	7.58374		2.46982     0.2    0.2		4.1705503158		-1.0
	45764.99999996	8.79632		2.04808     0.2    0.2		4.1705503158		-1.0
	45809.99999996	9.7548		1.78079     0.2    0.2		4.1705503158		-1.0
	45854.99999996	10.73644		1.55603     0.2    0.2		4.1705503158		-1.0
	45899.99999996	11.72648		1.35234     0.2    0.2		4.1705503158		-1.0
	45944.99999996	12.57317		1.30896     0.2    0.2		4.1705503158		-1.0
	45989.99999996	13.24411		1.13378     0.2    0.2		4.1705503158		-1.0
	46034.99999996	13.75139		0.86554     0.2    0.2		4.1705503158		-1.0
	46079.99999996	14.41313		0.52272     0.2    0.2		4.1705503158		-1.0
	46124.99999996	14.91048		0.00529     0.2    0.2		4.1705503158		-1.0
	46169.99999996	14.51229		-0.44082     0.2    0.2		4.1705503158		-1.0
	46214.99999996	12.97331		-0.99242     0.2    0.2		4.1705503158		-1.0
	46259.99999996	11.32033		-1.59999     0.2    0.2		4.1705503158		-1.0
	46304.99999996	10.09695		-2.36297     0.2    0.2		4.1705503158		-1.0
	46349.99999996	9.13175		2.36578     0.2    0.2		4.1705503158		-1.0
	46394.99999996	9.33122		1.29689     0.2    0.2		4.1705503158		-1.0
	46439.99999996	10.243		0.88316     0.2    0.2		4.1705503158		-1.0
	46484.99999996	11.56125		0.60909     0.2    0.2		4.1705503158		-1.0
	46529.99999996	12.59058		0.99828     0.2    0.2		4.1705503158		-1.0
	46574.99999996	13.79753		3.06958     0.2    0.2		4.1705503158		-1.0
	46619.99999996	14.74083		2.62643     0.2    0.2		4.1705503158		-1.0
	46664.99999996	15.8261		2.09888     0.2    0.2		4.1705503158		-1.0
	46709.99999996	16.76559		1.50343     0.2    0.2		4.1705503158		-1.0
	46754.99999995	17.06966		0.72298     0.2    0.2		4.1705503158		-1.0
	46799.99999995	17.41832		1.05511     0.2    0.2		4.1705503158		-1.0
	46844.99999995	17.21129		1.6461     0.2    0.2		4.1705503158		-1.0
	46889.99999995	17.48353		2.34301     0.2    0.2		4.1705503158		-1.0
	46934.99999995	17.18143		2.99735     0.2    0.2		4.1705503158		-1.0
	46979.99999995	17.61821		-3.05553     0.2    0.2		4.1705503158		-1.0
	47024.99999995	18.0682		-2.68646     0.2    0.2		4.1705503158		-1.0
	47069.99999995	19.13735		-2.82605     0.2    0.2		4.1705503158		-1.0
	47114.99999995	20.09941		-3.03143     0.2    0.2		4.1705503158		-1.0
	47159.99999995	21.06334		2.77952     0.2    0.2		4.1705503158		-1.0
	47204.99999995	22.04554		2.00949     0.2    0.2		4.1705503158		-1.0
	47249.99999995	22.65299		1.33223     0.2    0.2		4.1705503158		-1.0
	47294.99999995	23.04873		1.29058     0.2    0.2		4.1705503158		-1.0
	47339.99999995	23.69523		1.21666     0.2    0.2		4.1705503158		-1.0
	47384.99999995	24.98538		-2.67818     0.2    0.2		4.1705503158		-1.0
	47429.99999995	26.32253		-2.73029     0.2    0.2		4.1705503158		-1.0
	47474.99999995	26.46302		-2.35913     0.2    0.2		4.1705503158		-1.0
	47519.99999995	26.00829		-2.14276     0.2    0.2		4.1705503158		-1.0
	47564.99999995	25.52325		-1.75512     0.2    0.2		4.1705503158		-1.0
	47609.99999995	24.54459		-1.62237     0.2    0.2		4.1705503158		-1.0
	47654.99999995	23.47081		-1.28302     0.2    0.2		4.1705503158		-1.0
	47699.99999995	22.22604		-1.18518     0.2    0.2		4.1705503158		-1.0
	47744.99999995	21.102		-1.03821     0.2    0.2		4.1705503158		-1.0
	47789.99999995	19.88622		-0.94865     0.2    0.2		4.1705503158		-1.0
	47834.99999995	19.33486		-0.57255     0.2    0.2		4.1705503158		-1.0
	47879.99999995	18.71487		-0.14271     0.2    0.2		4.1705503158		-1.0
	47924.99999995	17.75594		0.07911     0.2    0.2		4.1705503158		-1.0
	47969.99999995	16.67835		0.1366     0.2    0.2		4.1705503158		-1.0
	48014.99999995	16.1473		0.49569     0.2    0.2		4.1705503158		-1.0
	48059.99999995	15.51127		1.01882     0.2    0.2		4.1705503158		-1.0
	48104.99999995	15.22345		1.86132     0.2    0.2		4.1705503158		-1.0
	48149.99999995	14.59486		2.59197     0.2    0.2		4.1705503158		-1.0
	48194.99999995	14.34417		-3.06908     0.2    0.2		4.1705503158		-1.0
	48239.99999995	14.02941		-2.97946     0.2    0.2		4.1705503158		-1.0
	48284.99999995	14.10926		-2.73723     0.2    0.2		4.1705503158		-1.0
	48329.99999995	14.87283		-2.16987     0.2    0.2		4.1705503158		-1.0
	48374.99999995	15.73787		-1.87384     0.2    0.2		4.1705503158		-1.0
	48419.99999995	17.10283		-1.37125     0.2    0.2		4.1705503158		-1.0
	48464.99999995	18.60659		-0.97223     0.2    0.2		4.1705503158		-1.0
	48509.99999995	19.45246		-0.38758     0.2    0.2		4.1705503158		-1.0
	48554.99999995	20.16182		0.41083     0.2    0.2		4.1705503158		-1.0
	48599.99999995	20.22447		1.2362     0.2    0.2		4.1705503158		-1.0
	48644.99999995	20.74735		2.0104     0.2    0.2		4.1705503158		-1.0
	48689.99999995	20.70765		2.63643     0.2    0.2		4.1705503158		-1.0
	48734.99999995	20.48438		2.0864     0.2    0.2		4.1705503158		-1.0
	48779.99999995	19.70717		1.71809     0.2    0.2		4.1705503158		-1.0
	48824.99999995	19.0235		2.44176     0.2    0.2		4.1705503158		-1.0
	48869.99999995	18.2473		2.97608     0.2    0.2		4.1705503158		-1.0
	48914.99999995	17.14008		-2.81725     0.2    0.2		4.1705503158		-1.0
	48959.99999995	16.64546		-1.90913     0.2    0.2		4.1705503158		-1.0
	49004.99999995	16.04818		-0.99711     0.2    0.2		4.1705503158		-1.0
	49049.99999995	15.78974		-0.66564     0.2    0.2		4.1705503158		-1.0
	49094.99999995	15.64249		-0.65225     0.2    0.2		4.1705503158		-1.0
	49139.99999995	14.96857		-0.86389     0.2    0.2		4.1705503158		-1.0
	49184.99999995	14.30145		-1.04483     0.2    0.2		4.1705503158		-1.0
	49229.99999995	13.85139		-0.63381     0.2    0.2		4.1705503158		-1.0
	49274.99999995	14.08046		0.76417     0.2    0.2		4.1705503158		-1.0
	49319.99999995	14.72679		1.51335     0.2    0.2		4.1705503158		-1.0
	49364.99999995	15.43736		1.90442     0.2    0.2		4.1705503158		-1.0
	49409.99999995	16.44255		2.29188     0.2    0.2		4.1705503158		-1.0
	49454.99999995	17.33898		2.69168     0.2    0.2		4.1705503158		-1.0
	49499.99999995	18.12631		-3.11584     0.2    0.2		4.1705503158		-1.0
	49544.99999995	18.75898		-1.68824     0.2    0.2		4.1705503158		-1.0
	49589.99999995	19.31483		0.27641     0.2    0.2		4.1705503158		-1.0
	49634.99999995	19.45839		0.11105     0.2    0.2		4.1705503158		-1.0
	49679.99999995	19.677		0.30135     0.2    0.2		4.1705503158		-1.0
	49724.99999995	20.09313		0.66292     0.2    0.2		4.1705503158		-1.0
	49769.99999995	20.05887		1.04368     0.2    0.2		4.1705503158		-1.0
	49814.99999995	19.67249		1.18798     0.2    0.2		4.1705503158		-1.0
	49859.99999995	18.20099		1.37275     0.2    0.2		4.1705503158		-1.0
	49904.99999995	16.76112		1.15209     0.2    0.2		4.1705503158		-1.0
	49949.99999995	15.23432		0.88882     0.2    0.2		4.1705503158		-1.0
	49994.99999995	14.85334		0.27784     0.2    0.2		4.1705503158		-1.0
