	45.00000000	2.72061		2.29609     0.2    0.2		4.1705503158		-1.0
	90.00000000	3.06703		2.22231     0.2    0.2		4.1705503158		-1.0
	135.00000000	2.92785		2.00225     0.2    0.2		4.1705503158		-1.0
	180.00000000	2.83278		1.69291     0.2    0.2		4.1705503158		-1.0
	225.00000000	2.8786		1.54354     0.2    0.2		4.1705503158		-1.0
	270.00000000	3.01152		1.14857     0.2    0.2		4.1705503158		-1.0
	315.00000000	2.91282		0.89697     0.2    0.2		4.1705503158		-1.0
	360.00000000	2.87769		-0.01263     0.2    0.2		4.1705503158		-1.0
	405.00000000	2.95566		-0.66108     0.2    0.2		4.1705503158		-1.0
	450.00000000	2.83571		-1.19132     0.2    0.2		4.1705503158		-1.0
	495.00000000	2.92436		-1.19326     0.2    0.2		4.1705503158		-1.0
	540.00000000	2.87682		-1.56729     0.2    0.2		4.1705503158		-1.0
	585.00000000	3.14977		-1.49018     0.2    0.2		4.1705503158		-1.0
	630.00000000	2.74128		-2.00849     0.2    0.2		4.1705503158		-1.0
	675.00000000	3.00521		-2.01265     0.2    0.2		4.1705503158		-1.0
	720.00000000	2.95122		-2.50578     0.2    0.2		4.1705503158		-1.0
	765.00000000	2.93534		-2.58738     0.2    0.2		4.1705503158		-1.0
	810.00000000	2.88194		-3.0891     0.2    0.2		4.1705503158		-1.0
	855.00000000	2.89048		-3.11931     0.2    0.2		4.1705503158		-1.0
	900.00000000	2.9372		2.71508     0.2    0.2		4.1705503158		-1.0
	945.00000000	3.01424		2.32789     0.2    0.2		4.1705503158		-1.0
	990.00000000	2.87233		2.1602     0.2    0.2		4.1705503158		-1.0
	1035.00000000	2.85825		1.67974     0.2    0.2		4.1705503158		-1.0
	1080.00000000	2.91901		1.44111     0.2    0.2		4.1705503158		-1.0
	1125.00000000	2.9524		0.88593     0.2    0.2		4.1705503158		-1.0
	1170.00000000	2.94395		0.34676     0.2    0.2		4.1705503158		-1.0
	1215.00000000	2.83002		-0.33829     0.2    0.2		4.1705503158		-1.0
	1260.00000000	3.01756		-0.8324     0.2    0.2		4.1705503158		-1.0
	1305.00000000	2.94951		-1.1041     0.2    0.2		4.1705503158		-1.0
	1350.00000000	3.09796		-1.32668     0.2    0.2		4.1705503158		-1.0
	1395.00000000	2.80661		-1.60168     0.2    0.2		4.1705503158		-1.0
	1440.00000000	2.9219		-1.72628     0.2    0.2		4.1705503158		-1.0
	1485.00000000	2.93511		-2.09727     0.2    0.2		4.1705503158		-1.0
	1530.00000000	2.91414		-2.42096     0.2    0.2		4.1705503158		-1.0
	1575.00000000	2.98088		-2.63905     0.2    0.2		4.1705503158		-1.0
	1620.00000000	2.99591		-3.12115     0.2    0.2		4.1705503158		-1.0
	1665.00000000	2.97662		2.59807     0.2    0.2		4.1705503158		-1.0
	1710.00000000	2.8072		2.27794     0.2    0.2		4.1705503158		-1.0
	1755.00000000	2.80478		1.88308     0.2    0.2		4.1705503158		-1.0
	1800.00000000	2.85456		1.6472     0.2    0.2		4.1705503158		-1.0
	1845.00000000	2.96195		1.5622     0.2    0.2		4.1705503158		-1.0
	1890.00000000	3.00453		1.05353     0.2    0.2		4.1705503158		-1.0
	1935.00000000	2.9906		0.99688     0.2    0.2		4.1705503158		-1.0
	1980.00000000	2.90044		-0.28339     0.2    0.2		4.1705503158		-1.0
	2025.00000000	2.82804		-0.92761     0.2    0.2		4.1705503158		-1.0
	2070.00000000	2.82312		-1.29739     0.2    0.2		4.1705503158		-1.0
	2115.00000000	2.92026		-1.43858     0.2    0.2		4.1705503158		-1.0
	2160.00000000	2.90029		-2.03965     0.2    0.2		4.1705503158		-1.0
	2205.00000000	2.91308		-2.24826     0.2    0.2		4.1705503158		-1.0
	2250.00000000	2.88218		-2.4572     0.2    0.2		4.1705503158		-1.0
	2295.00000000	2.9325		-2.88772     0.2    0.2		4.1705503158		-1.0
	2340.00000000	2.85877		-2.96414     0.2    0.2		4.1705503158		-1.0
	2385.00000000	2.96181		2.89428     0.2    0.2		4.1705503158		-1.0
	2430.00000000	2.80833		2.7286     0.2    0.2		4.1705503158		-1.0
	2475.00000000	2.99504		2.54434     0.2    0.2		4.1705503158		-1.0
	2520.00000000	2.9412		2.01781     0.2    0.2		4.1705503158		-1.0
	2565.00000000	3.01054		1.88222     0.2    0.2		4.1705503158		-1.0
	2610.00000000	2.9675		1.15417     0.2    0.2		4.1705503158		-1.0
	2655.00000000	3.00737		1.38005     0.2    0.2		4.1705503158		-1.0
	2700.00000000	3.05995		0.54718     0.2    0.2		4.1705503158		-1.0
	2745.00000000	2.81817		0.39809     0.2    0.2		4.1705503158		-1.0
	2790.00000000	2.97959		-0.78916     0.2    0.2		4.1705503158		-1.0
	2835.00000000	2.9135		-0.97253     0.2    0.2		4.1705503158		-1.0
	2880.00000000	3.00893		-1.61195     0.2    0.2		4.1705503158		-1.0
	2925.00000000	2.86784		-1.75072     0.2    0.2		4.1705503158		-1.0
	2970.00000000	2.83472		-2.1656     0.2    0.2		4.1705503158		-1.0
	3015.00000000	2.8003		-2.37874     0.2    0.2		4.1705503158		-1.0
	3060.00000000	2.89674		-2.83322     0.2    0.2		4.1705503158		-1.0
	3105.00000000	3.09823		3.05251     0.2    0.2		4.1705503158		-1.0
	3150.00000000	3.02841		2.80712     0.2    0.2		4.1705503158		-1.0
	3195.00000000	2.97457		2.26225     0.2    0.2		4.1705503158		-1.0
	3240.00000000	3.06592		2.01592     0.2    0.2		4.1705503158		-1.0
	3285.00000000	3.0946		1.51902     0.2    0.2		4.1705503158		-1.0
	3330.00000000	2.91919		0.92553     0.2    0.2		4.1705503158		-1.0
	3375.00000000	2.95348		0.38805     0.2    0.2		4.1705503158		-1.0
	3420.00000000	3.02054		-0.51868     0.2    0.2		4.1705503158		-1.0
	3465.00000000	2.89353		-0.57197     0.2    0.2		4.1705503158		-1.0
	3510.00000000	2.83271		-0.83001     0.2    0.2		4.1705503158		-1.0
	3555.00000000	2.73446		-0.41637     0.2    0.2		4.1705503158		-1.0
	3600.00000000	2.91554		0.16685     0.2    0.2		4.1705503158		-1.0
	3645.00000000	2.89296		-0.01905     0.2    0.2		4.1705503158		-1.0
	3690.00000000	2.93587		-0.55289     0.2    0.2		4.1705503158		-1.0
	3735.00000000	2.7908		-0.83316     0.2    0.2		4.1705503158		-1.0
	3780.00000000	2.96416		-0.76778     0.2    0.2		4.1705503158		-1.0
	3825.00000000	3.03394		0.01482     0.2    0.2		4.1705503158		-1.0
	3870.00000000	2.92537		0.33394     0.2    0.2		4.1705503158		-1.0
	3915.00000000	3.0161		0.89516     0.2    0.2		4.1705503158		-1.0
	3960.00000000	2.94704		1.30279     0.2    0.2		4.1705503158		-1.0
	4005.00000000	3.16935		1.33185     0.2    0.2		4.1705503158		-1.0
	4050.00000000	3.18976		1.69491     0.2    0.2		4.1705503158		-1.0
	4095.00000000	3.23615		1.92566     0.2    0.2		4.1705503158		-1.0
	4140.00000000	3.23032		2.26548     0.2    0.2		4.1705503158		-1.0
	4185.00000000	3.18712		2.41407     0.2    0.2		4.1705503158		-1.0
	4230.00000000	3.2254		2.71199     0.2    0.2		4.1705503158		-1.0
	4275.00000000	3.08988		2.99279     0.2    0.2		4.1705503158		-1.0
	4320.00000000	3.13595		3.02317     0.2    0.2		4.1705503158		-1.0
	4365.00000000	3.13237		-2.7108     0.2    0.2		4.1705503158		-1.0
	4410.00000000	3.05338		-2.63482     0.2    0.2		4.1705503158		-1.0
	4455.00000000	3.11827		-2.13336     0.2    0.2		4.1705503158		-1.0
	4500.00000000	3.04402		-1.99221     0.2    0.2		4.1705503158		-1.0
	4545.00000000	3.09976		-1.62301     0.2    0.2		4.1705503158		-1.0
	4590.00000000	3.02912		-1.38141     0.2    0.2		4.1705503158		-1.0
	4635.00000000	3.1594		-0.72434     0.2    0.2		4.1705503158		-1.0
	4680.00000000	2.98785		-0.31028     0.2    0.2		4.1705503158		-1.0
	4725.00000000	2.96944		0.30657     0.2    0.2		4.1705503158		-1.0
	4770.00000000	2.83476		0.79379     0.2    0.2		4.1705503158		-1.0
	4815.00000000	2.85489		0.69446     0.2    0.2		4.1705503158		-1.0
	4860.00000000	2.78099		0.87125     0.2    0.2		4.1705503158		-1.0
	4905.00000000	2.82343		0.4976     0.2    0.2		4.1705503158		-1.0
	4950.00000000	3.01997		-0.04006     0.2    0.2		4.1705503158		-1.0
	4995.00000000	3.11723		-0.3164     0.2    0.2		4.1705503158		-1.0
	5040.00000000	2.86852		0.02194     0.2    0.2		4.1705503158		-1.0
	5085.00000000	3.12447		0.44708     0.2    0.2		4.1705503158		-1.0
	5130.00000000	2.93302		0.77099     0.2    0.2		4.1705503158		-1.0
	5175.00000000	2.69304		1.16044     0.2    0.2		4.1705503158		-1.0
	5220.00000000	3.08004		1.52172     0.2    0.2		4.1705503158		-1.0
	5265.00000000	2.76864		1.32569     0.2    0.2		4.1705503158		-1.0
	5310.00000000	2.78397		1.87767     0.2    0.2		4.1705503158		-1.0
	5355.00000000	2.99823		1.66556     0.2    0.2		4.1705503158		-1.0
	5400.00000000	2.7478		2.22468     0.2    0.2		4.1705503158		-1.0
	5445.00000000	2.81554		2.99655     0.2    0.2		4.1705503158		-1.0
	5490.00000000	2.99247		-3.08087     0.2    0.2		4.1705503158		-1.0
	5535.00000000	2.71251		-2.49983     0.2    0.2		4.1705503158		-1.0
	5580.00000000	2.98024		-2.36858     0.2    0.2		4.1705503158		-1.0
	5625.00000000	2.91486		-1.72626     0.2    0.2		4.1705503158		-1.0
	5670.00000000	3.08086		-2.13804     0.2    0.2		4.1705503158		-1.0
	5715.00000000	2.81202		-1.74171     0.2    0.2		4.1705503158		-1.0
	5760.00000000	2.74026		-1.98893     0.2    0.2		4.1705503158		-1.0
	5805.00000000	3.09069		-1.72084     0.2    0.2		4.1705503158		-1.0
	5850.00000000	3.17101		-1.7016     0.2    0.2		4.1705503158		-1.0
	5895.00000000	2.89301		-2.00823     0.2    0.2		4.1705503158		-1.0
	5940.00000000	2.71117		-1.92871     0.2    0.2		4.1705503158		-1.0
	5985.00000000	3.11632		-2.31362     0.2    0.2		4.1705503158		-1.0
	6030.00000000	2.76302		-2.44989     0.2    0.2		4.1705503158		-1.0
	6075.00000000	2.81782		-2.7907     0.2    0.2		4.1705503158		-1.0
	6120.00000000	2.91668		-2.9085     0.2    0.2		4.1705503158		-1.0
	6165.00000000	3.24193		-2.96825     0.2    0.2		4.1705503158		-1.0
	6210.00000000	2.80415		-2.89894     0.2    0.2		4.1705503158		-1.0
	6255.00000000	3.00916		-2.51454     0.2    0.2		4.1705503158		-1.0
	6300.00000000	3.17185		-2.41244     0.2    0.2		4.1705503158		-1.0
	6345.00000000	2.96158		-1.67786     0.2    0.2		4.1705503158		-1.0
	6390.00000000	2.92577		-1.17536     0.2    0.2		4.1705503158		-1.0
	6435.00000000	3.17851		0.08046     0.2    0.2		4.1705503158		-1.0
	6480.00000000	2.92437		1.25196     0.2    0.2		4.1705503158		-1.0
	6525.00000000	2.89078		1.37145     0.2    0.2		4.1705503158		-1.0
	6570.00000000	3.14988		2.12007     0.2    0.2		4.1705503158		-1.0
	6615.00000000	2.87891		2.52023     0.2    0.2		4.1705503158		-1.0
	6660.00000000	2.84391		2.86876     0.2    0.2		4.1705503158		-1.0
	6705.00000000	2.6914		-2.96456     0.2    0.2		4.1705503158		-1.0
	6750.00000000	3.0694		-2.92539     0.2    0.2		4.1705503158		-1.0
	6795.00000000	3.10292		-2.72363     0.2    0.2		4.1705503158		-1.0
	6840.00000000	2.68053		-2.35754     0.2    0.2		4.1705503158		-1.0
	6885.00000000	2.82164		-2.26669     0.2    0.2		4.1705503158		-1.0
	6930.00000000	3.2293		-1.81515     0.2    0.2		4.1705503158		-1.0
	6975.00000000	3.06962		-1.86242     0.2    0.2		4.1705503158		-1.0
	7020.00000000	2.78521		-2.05506     0.2    0.2		4.1705503158		-1.0
	7065.00000000	3.16992		-1.88636     0.2    0.2		4.1705503158		-1.0
	7110.00000000	3.13456		-2.381     0.2    0.2		4.1705503158		-1.0
	7155.00000000	3.13617		-2.21358     0.2    0.2		4.1705503158		-1.0
	7200.00000000	3.14457		-2.26062     0.2    0.2		4.1705503158		-1.0
	7245.00000000	3.20011		-1.85054     0.2    0.2		4.1705503158		-1.0
	7290.00000000	2.828		-2.16427     0.2    0.2		4.1705503158		-1.0
	7335.00000000	2.95536		-1.65706     0.2    0.2		4.1705503158		-1.0
	7380.00000000	2.7965		-1.33577     0.2    0.2		4.1705503158		-1.0
	7425.00000000	3.15558		-1.00743     0.2    0.2		4.1705503158		-1.0
	7470.00000000	3.01308		-0.33107     0.2    0.2		4.1705503158		-1.0
	7515.00000000	2.97615		0.63507     0.2    0.2		4.1705503158		-1.0
	7560.00000000	2.85487		0.80394     0.2    0.2		4.1705503158		-1.0
	7605.00000000	2.88177		0.65644     0.2    0.2		4.1705503158		-1.0
	7650.00000000	2.82356		-0.26578     0.2    0.2		4.1705503158		-1.0
	7695.00000000	3.06827		-1.05329     0.2    0.2		4.1705503158		-1.0
	7740.00000000	2.80947		-1.08207     0.2    0.2		4.1705503158		-1.0
	7785.00000000	3.16957		-1.46629     0.2    0.2		4.1705503158		-1.0
	7830.00000000	3.2588		-1.63987     0.2    0.2		4.1705503158		-1.0
	7875.00000000	3.13632		-1.94284     0.2    0.2		4.1705503158		-1.0
	7920.00000000	3.06058		-2.18551     0.2    0.2		4.1705503158		-1.0
	7965.00000000	2.72946		-1.87497     0.2    0.2		4.1705503158		-1.0
	8010.00000000	2.75597		-2.16058     0.2    0.2		4.1705503158		-1.0
	8055.00000000	2.73743		-1.66384     0.2    0.2		4.1705503158		-1.0
	8100.00000000	2.82905		-1.44727     0.2    0.2		4.1705503158		-1.0
	8145.00000000	2.91532		-1.00945     0.2    0.2		4.1705503158		-1.0
	8190.00000000	2.77042		-0.07297     0.2    0.2		4.1705503158		-1.0
	8235.00000000	2.80067		0.5792     0.2    0.2		4.1705503158		-1.0
	8280.00000000	3.08856		0.97004     0.2    0.2		4.1705503158		-1.0
	8325.00000000	2.9509		1.45789     0.2    0.2		4.1705503158		-1.0
	8370.00000000	2.81255		1.35447     0.2    0.2		4.1705503158		-1.0
	8415.00000000	2.75679		1.19421     0.2    0.2		4.1705503158		-1.0
	8460.00000000	2.76264		1.35251     0.2    0.2		4.1705503158		-1.0
	8505.00000000	2.7958		0.56519     0.2    0.2		4.1705503158		-1.0
	8550.00000000	2.99714		0.0239     0.2    0.2		4.1705503158		-1.0
	8595.00000000	3.18608		-0.31782     0.2    0.2		4.1705503158		-1.0
	8640.00000000	2.85261		-0.63013     0.2    0.2		4.1705503158		-1.0
	8685.00000000	2.7006		-0.49178     0.2    0.2		4.1705503158		-1.0
	8730.00000000	2.72091		-0.00572     0.2    0.2		4.1705503158		-1.0
	8775.00000000	2.99142		0.28635     0.2    0.2		4.1705503158		-1.0
	8820.00000000	3.33141		0.49798     0.2    0.2		4.1705503158		-1.0
	8865.00000000	2.89201		0.24332     0.2    0.2		4.1705503158		-1.0
	8910.00000000	2.89556		0.0125     0.2    0.2		4.1705503158		-1.0
	8955.00000000	2.8534		-0.32792     0.2    0.2		4.1705503158		-1.0
	9000.00000000	3.08292		-0.62715     0.2    0.2		4.1705503158		-1.0
	9045.00000000	2.71995		-0.02348     0.2    0.2		4.1705503158		-1.0
	9090.00000000	3.2396		-0.57911     0.2    0.2		4.1705503158		-1.0
	9135.00000000	3.21582		-0.70884     0.2    0.2		4.1705503158		-1.0
	9180.00000000	2.84668		-0.24001     0.2    0.2		4.1705503158		-1.0
	9225.00000000	3.18269		0.08425     0.2    0.2		4.1705503158		-1.0
	9270.00000000	3.23451		0.8781     0.2    0.2		4.1705503158		-1.0
	9315.00000000	3.19521		1.08133     0.2    0.2		4.1705503158		-1.0
	9360.00000000	3.19904		0.65236     0.2    0.2		4.1705503158		-1.0
	9405.00000000	3.2598		1.20232     0.2    0.2		4.1705503158		-1.0
	9450.00000000	3.23048		0.99823     0.2    0.2		4.1705503158		-1.0
	9495.00000000	3.32988		1.53719     0.2    0.2		4.1705503158		-1.0
	9540.00000000	2.95056		1.56372     0.2    0.2		4.1705503158		-1.0
	9585.00000000	2.81194		2.44424     0.2    0.2		4.1705503158		-1.0
	9630.00000000	2.83966		2.84122     0.2    0.2		4.1705503158		-1.0
	9675.00000000	2.96388		2.81281     0.2    0.2		4.1705503158		-1.0
	9720.00000000	2.93492		3.01549     0.2    0.2		4.1705503158		-1.0
	9765.00000000	2.83725		3.06543     0.2    0.2		4.1705503158		-1.0
	9810.00000000	2.88727		3.01649     0.2    0.2		4.1705503158		-1.0
	9855.00000000	3.29936		2.58641     0.2    0.2		4.1705503158		-1.0
	9900.00000000	3.18332		2.09135     0.2    0.2		4.1705503158		-1.0
	9945.00000000	3.13537		1.8624     0.2    0.2		4.1705503158		-1.0
	9990.00000000	2.69119		1.65731     0.2    0.2		4.1705503158		-1.0
	10035.00000000	2.98555		1.73114     0.2    0.2		4.1705503158		-1.0
	10080.00000000	3.17153		1.60167     0.2    0.2		4.1705503158		-1.0
	10125.00000000	2.65155		1.93053     0.2    0.2		4.1705503158		-1.0
	10170.00000000	2.95896		2.15852     0.2    0.2		4.1705503158		-1.0
	10215.00000000	3.19566		2.15783     0.2    0.2		4.1705503158		-1.0
	10260.00000000	3.04984		2.58458     0.2    0.2		4.1705503158		-1.0
	10305.00000000	2.86568		2.79707     0.2    0.2		4.1705503158		-1.0
	10350.00000000	3.0879		2.43545     0.2    0.2		4.1705503158		-1.0
	10395.00000000	2.78284		2.20989     0.2    0.2		4.1705503158		-1.0
	10440.00000000	2.81643		1.85766     0.2    0.2		4.1705503158		-1.0
	10485.00000000	3.26181		1.67051     0.2    0.2		4.1705503158		-1.0
	10530.00000000	2.68376		2.20324     0.2    0.2		4.1705503158		-1.0
	10575.00000000	2.89211		2.34471     0.2    0.2		4.1705503158		-1.0
	10620.00000000	2.82177		2.69805     0.2    0.2		4.1705503158		-1.0
	10665.00000000	2.7745		2.68065     0.2    0.2		4.1705503158		-1.0
	10710.00000000	2.66626		2.12312     0.2    0.2		4.1705503158		-1.0
	10755.00000000	3.17619		2.38242     0.2    0.2		4.1705503158		-1.0
	10800.00000000	3.41001		1.89847     0.2    0.2		4.1705503158		-1.0
	10845.00000001	3.0406		1.9814     0.2    0.2		4.1705503158		-1.0
	10890.00000001	2.81313		1.93935     0.2    0.2		4.1705503158		-1.0
	10935.00000001	2.92892		1.81795     0.2    0.2		4.1705503158		-1.0
	10980.00000001	2.95595		1.9888     0.2    0.2		4.1705503158		-1.0
	11025.00000001	3.32464		1.84493     0.2    0.2		4.1705503158		-1.0
	11070.00000001	3.14561		1.97921     0.2    0.2		4.1705503158		-1.0
	11115.00000001	2.88103		2.21187     0.2    0.2		4.1705503158		-1.0
	11160.00000001	3.32581		2.34457     0.2    0.2		4.1705503158		-1.0
	11205.00000001	2.80498		2.61809     0.2    0.2		4.1705503158		-1.0
	11250.00000001	2.73985		2.67114     0.2    0.2		4.1705503158		-1.0
	11295.00000001	2.73485		-3.06955     0.2    0.2		4.1705503158		-1.0
	11340.00000001	3.27607		3.10079     0.2    0.2		4.1705503158		-1.0
	11385.00000001	3.18161		-2.66743     0.2    0.2		4.1705503158		-1.0
	11430.00000001	2.75852		-2.69434     0.2    0.2		4.1705503158		-1.0
	11475.00000001	2.99793		-2.36065     0.2    0.2		4.1705503158		-1.0
	11520.00000001	2.7249		-2.31572     0.2    0.2		4.1705503158		-1.0
	11565.00000001	2.88598		-2.27393     0.2    0.2		4.1705503158		-1.0
	11610.00000001	2.65513		-2.25416     0.2    0.2		4.1705503158		-1.0
	11655.00000001	2.90629		-2.69646     0.2    0.2		4.1705503158		-1.0
	11700.00000001	2.75756		-2.47659     0.2    0.2		4.1705503158		-1.0
	11745.00000001	2.95388		-2.91084     0.2    0.2		4.1705503158		-1.0
	11790.00000001	3.21376		-2.37374     0.2    0.2		4.1705503158		-1.0
	11835.00000001	3.21856		-3.00277     0.2    0.2		4.1705503158		-1.0
	11880.00000001	3.17104		-2.77912     0.2    0.2		4.1705503158		-1.0
	11925.00000001	3.28174		-3.04234     0.2    0.2		4.1705503158		-1.0
	11970.00000001	3.19009		2.86269     0.2    0.2		4.1705503158		-1.0
	12015.00000001	3.30947		2.62779     0.2    0.2		4.1705503158		-1.0
	12060.00000001	2.79631		2.41313     0.2    0.2		4.1705503158		-1.0
	12105.00000001	2.66246		2.17169     0.2    0.2		4.1705503158		-1.0
	12150.00000001	2.66646		2.00639     0.2    0.2		4.1705503158		-1.0
	12195.00000001	2.63253		1.74637     0.2    0.2		4.1705503158		-1.0
	12240.00000001	2.72959		1.58828     0.2    0.2		4.1705503158		-1.0
	12285.00000001	2.75293		1.06016     0.2    0.2		4.1705503158		-1.0
	12330.00000001	2.86495		0.17207     0.2    0.2		4.1705503158		-1.0
	12375.00000001	3.22699		-0.70147     0.2    0.2		4.1705503158		-1.0
	12420.00000001	2.89378		-1.00195     0.2    0.2		4.1705503158		-1.0
	12465.00000001	2.8717		-0.91435     0.2    0.2		4.1705503158		-1.0
	12510.00000001	3.27038		-0.56294     0.2    0.2		4.1705503158		-1.0
	12555.00000001	2.93853		-0.41685     0.2    0.2		4.1705503158		-1.0
	12600.00000001	3.04402		0.03153     0.2    0.2		4.1705503158		-1.0
	12645.00000001	3.10475		0.40785     0.2    0.2		4.1705503158		-1.0
	12690.00000001	2.84586		0.86395     0.2    0.2		4.1705503158		-1.0
	12735.00000001	2.69342		1.04388     0.2    0.2		4.1705503158		-1.0
	12780.00000001	3.16998		1.47754     0.2    0.2		4.1705503158		-1.0
	12825.00000001	3.34504		1.73776     0.2    0.2		4.1705503158		-1.0
	12870.00000001	2.75919		1.90671     0.2    0.2		4.1705503158		-1.0
	12915.00000001	2.79886		2.165     0.2    0.2		4.1705503158		-1.0
	12960.00000001	3.46384		2.37767     0.2    0.2		4.1705503158		-1.0
	13005.00000001	2.82631		2.66973     0.2    0.2		4.1705503158		-1.0
	13050.00000001	3.0779		2.70013     0.2    0.2		4.1705503158		-1.0
	13095.00000001	3.14081		2.96776     0.2    0.2		4.1705503158		-1.0
	13140.00000001	2.72699		-2.91083     0.2    0.2		4.1705503158		-1.0
	13185.00000001	2.73073		-2.92698     0.2    0.2		4.1705503158		-1.0
	13230.00000001	2.77851		-2.6567     0.2    0.2		4.1705503158		-1.0
	13275.00000001	2.74564		-2.27656     0.2    0.2		4.1705503158		-1.0
	13320.00000001	3.19376		-2.1964     0.2    0.2		4.1705503158		-1.0
	13365.00000001	3.31163		-1.91073     0.2    0.2		4.1705503158		-1.0
	13410.00000001	3.28769		-1.77785     0.2    0.2		4.1705503158		-1.0
	13455.00000001	3.2849		-1.47482     0.2    0.2		4.1705503158		-1.0
	13500.00000001	2.94116		-0.96692     0.2    0.2		4.1705503158		-1.0
	13545.00000001	2.82049		-1.11865     0.2    0.2		4.1705503158		-1.0
	13590.00000001	2.90622		-0.33947     0.2    0.2		4.1705503158		-1.0
	13635.00000001	2.82236		-0.38047     0.2    0.2		4.1705503158		-1.0
	13680.00000001	3.33448		0.33586     0.2    0.2		4.1705503158		-1.0
	13725.00000001	2.91358		0.65639     0.2    0.2		4.1705503158		-1.0
	13770.00000001	2.73063		0.71697     0.2    0.2		4.1705503158		-1.0
	13815.00000001	2.84619		1.30849     0.2    0.2		4.1705503158		-1.0
	13860.00000001	2.9547		1.0698     0.2    0.2		4.1705503158		-1.0
	13905.00000001	2.92079		1.14509     0.2    0.2		4.1705503158		-1.0
	13950.00000001	2.66941		1.61883     0.2    0.2		4.1705503158		-1.0
	13995.00000001	3.37372		1.11684     0.2    0.2		4.1705503158		-1.0
	14040.00000001	3.45485		1.22671     0.2    0.2		4.1705503158		-1.0
	14085.00000001	2.59049		1.33489     0.2    0.2		4.1705503158		-1.0
	14130.00000001	3.19239		1.12312     0.2    0.2		4.1705503158		-1.0
	14175.00000001	2.70347		1.20034     0.2    0.2		4.1705503158		-1.0
	14220.00000001	2.90793		0.28837     0.2    0.2		4.1705503158		-1.0
	14265.00000000	2.72384		0.28085     0.2    0.2		4.1705503158		-1.0
	14310.00000000	2.6895		0.42035     0.2    0.2		4.1705503158		-1.0
	14355.00000000	2.74514		0.13214     0.2    0.2		4.1705503158		-1.0
	14400.00000000	2.7178		-0.52563     0.2    0.2		4.1705503158		-1.0
	14445.00000000	2.67574		-0.88661     0.2    0.2		4.1705503158		-1.0
	14490.00000000	2.82251		-1.03762     0.2    0.2		4.1705503158		-1.0
	14535.00000000	2.66848		-1.11471     0.2    0.2		4.1705503158		-1.0
	14580.00000000	2.8516		-1.40623     0.2    0.2		4.1705503158		-1.0
	14625.00000000	2.73931		-1.75086     0.2    0.2		4.1705503158		-1.0
	14670.00000000	2.72037		-1.97043     0.2    0.2		4.1705503158		-1.0
	14715.00000000	2.78005		-1.93252     0.2    0.2		4.1705503158		-1.0
	14760.00000000	2.72883		-1.70409     0.2    0.2		4.1705503158		-1.0
	14805.00000000	3.34707		-1.23739     0.2    0.2		4.1705503158		-1.0
	14850.00000000	3.28696		-1.30043     0.2    0.2		4.1705503158		-1.0
	14895.00000000	3.12568		-1.02265     0.2    0.2		4.1705503158		-1.0
	14940.00000000	3.21425		-0.77597     0.2    0.2		4.1705503158		-1.0
	14985.00000000	3.06046		0.22664     0.2    0.2		4.1705503158		-1.0
	15030.00000000	3.23294		0.51795     0.2    0.2		4.1705503158		-1.0
	15075.00000000	3.34052		0.77166     0.2    0.2		4.1705503158		-1.0
	15120.00000000	3.22509		0.69958     0.2    0.2		4.1705503158		-1.0
	15165.00000000	2.9823		0.71205     0.2    0.2		4.1705503158		-1.0
	15210.00000000	2.78067		0.36822     0.2    0.2		4.1705503158		-1.0
	15255.00000000	2.73423		-0.75336     0.2    0.2		4.1705503158		-1.0
	15300.00000000	2.74408		-0.47859     0.2    0.2		4.1705503158		-1.0
	15345.00000000	2.80107		-0.59601     0.2    0.2		4.1705503158		-1.0
	15390.00000000	3.48832		-0.2537     0.2    0.2		4.1705503158		-1.0
	15435.00000000	2.65593		-0.06965     0.2    0.2		4.1705503158		-1.0
	15480.00000000	2.76973		0.66692     0.2    0.2		4.1705503158		-1.0
	15525.00000000	2.71678		1.18504     0.2    0.2		4.1705503158		-1.0
	15570.00000000	2.85902		1.66193     0.2    0.2		4.1705503158		-1.0
	15615.00000000	2.61848		2.10217     0.2    0.2		4.1705503158		-1.0
	15660.00000000	3.27904		2.6833     0.2    0.2		4.1705503158		-1.0
	15705.00000000	3.31474		2.90303     0.2    0.2		4.1705503158		-1.0
	15750.00000000	3.06323		-3.00859     0.2    0.2		4.1705503158		-1.0
	15795.00000000	3.25354		-2.66504     0.2    0.2		4.1705503158		-1.0
	15840.00000000	3.25046		-2.5893     0.2    0.2		4.1705503158		-1.0
	15885.00000000	3.45566		-2.21949     0.2    0.2		4.1705503158		-1.0
	15930.00000000	3.35406		-1.99834     0.2    0.2		4.1705503158		-1.0
	15975.00000000	3.39654		-2.05055     0.2    0.2		4.1705503158		-1.0
	16020.00000000	3.24668		-2.18074     0.2    0.2		4.1705503158		-1.0
	16065.00000000	3.39387		-2.28449     0.2    0.2		4.1705503158		-1.0
	16110.00000000	2.92342		-2.57909     0.2    0.2		4.1705503158		-1.0
	16155.00000000	2.70018		-2.74962     0.2    0.2		4.1705503158		-1.0
	16200.00000000	2.96469		-3.01348     0.2    0.2		4.1705503158		-1.0
	16245.00000000	2.88315		2.79179     0.2    0.2		4.1705503158		-1.0
	16290.00000000	2.77666		2.38603     0.2    0.2		4.1705503158		-1.0
	16335.00000000	3.27215		2.25553     0.2    0.2		4.1705503158		-1.0
	16380.00000000	3.34476		1.87867     0.2    0.2		4.1705503158		-1.0
	16425.00000000	3.32778		2.12175     0.2    0.2		4.1705503158		-1.0
	16470.00000000	3.28059		1.67178     0.2    0.2		4.1705503158		-1.0
	16515.00000000	2.99562		1.82221     0.2    0.2		4.1705503158		-1.0
	16560.00000000	3.4268		1.37806     0.2    0.2		4.1705503158		-1.0
	16605.00000000	3.26317		1.23638     0.2    0.2		4.1705503158		-1.0
	16650.00000000	3.43145		0.79694     0.2    0.2		4.1705503158		-1.0
	16695.00000000	2.71871		-0.08151     0.2    0.2		4.1705503158		-1.0
	16740.00000000	2.99807		-0.30704     0.2    0.2		4.1705503158		-1.0
	16785.00000000	2.62163		-0.21823     0.2    0.2		4.1705503158		-1.0
	16830.00000000	3.1299		0.18352     0.2    0.2		4.1705503158		-1.0
	16875.00000000	2.70431		0.40688     0.2    0.2		4.1705503158		-1.0
	16920.00000000	3.38633		0.57013     0.2    0.2		4.1705503158		-1.0
	16965.00000000	2.90982		0.98053     0.2    0.2		4.1705503158		-1.0
	17010.00000000	3.12826		0.90837     0.2    0.2		4.1705503158		-1.0
	17055.00000000	2.82014		0.46248     0.2    0.2		4.1705503158		-1.0
	17100.00000000	3.47315		-0.15748     0.2    0.2		4.1705503158		-1.0
	17145.00000000	3.34188		-0.25451     0.2    0.2		4.1705503158		-1.0
	17190.00000000	3.34338		-0.26851     0.2    0.2		4.1705503158		-1.0
	17235.00000000	3.06649		-0.16671     0.2    0.2		4.1705503158		-1.0
	17280.00000000	3.3881		0.24466     0.2    0.2		4.1705503158		-1.0
	17325.00000000	3.32344		0.1845     0.2    0.2		4.1705503158		-1.0
	17370.00000000	3.38817		0.20935     0.2    0.2		4.1705503158		-1.0
	17415.00000000	3.23439		-0.12255     0.2    0.2		4.1705503158		-1.0
	17460.00000000	3.26423		-0.13626     0.2    0.2		4.1705503158		-1.0
	17505.00000000	2.85404		-0.40297     0.2    0.2		4.1705503158		-1.0
	17550.00000000	2.82393		-0.69777     0.2    0.2		4.1705503158		-1.0
	17595.00000000	3.26997		-1.31253     0.2    0.2		4.1705503158		-1.0
	17640.00000000	2.72327		-1.3534     0.2    0.2		4.1705503158		-1.0
	17685.00000000	2.70534		-1.34957     0.2    0.2		4.1705503158		-1.0
	17730.00000000	2.8221		-1.27092     0.2    0.2		4.1705503158		-1.0
	17775.00000000	2.82238		-1.5026     0.2    0.2		4.1705503158		-1.0
	17820.00000000	3.32962		-1.19148     0.2    0.2		4.1705503158		-1.0
	17865.00000000	3.56238		-1.38226     0.2    0.2		4.1705503158		-1.0
	17910.00000000	2.71925		-1.02048     0.2    0.2		4.1705503158		-1.0
	17955.00000000	2.69092		-1.28172     0.2    0.2		4.1705503158		-1.0
	18000.00000000	3.48503		-0.70626     0.2    0.2		4.1705503158		-1.0
	18045.00000000	3.36793		-0.35566     0.2    0.2		4.1705503158		-1.0
	18090.00000000	3.01304		-0.8013     0.2    0.2		4.1705503158		-1.0
	18135.00000000	2.92317		-0.31598     0.2    0.2		4.1705503158		-1.0
	18180.00000000	3.41072		-0.03507     0.2    0.2		4.1705503158		-1.0
	18225.00000000	3.35576		0.08877     0.2    0.2		4.1705503158		-1.0
	18270.00000000	2.77181		0.86504     0.2    0.2		4.1705503158		-1.0
	18315.00000000	2.81796		0.83713     0.2    0.2		4.1705503158		-1.0
	18360.00000000	2.67563		0.60096     0.2    0.2		4.1705503158		-1.0
	18405.00000000	2.65447		0.53605     0.2    0.2		4.1705503158		-1.0
	18450.00000000	2.72843		-0.5085     0.2    0.2		4.1705503158		-1.0
	18495.00000000	2.74328		-1.02587     0.2    0.2		4.1705503158		-1.0
	18540.00000000	3.10679		-1.24806     0.2    0.2		4.1705503158		-1.0
	18585.00000000	3.15375		-1.26368     0.2    0.2		4.1705503158		-1.0
	18630.00000000	3.24611		-1.01273     0.2    0.2		4.1705503158		-1.0
	18675.00000000	3.21099		-1.00835     0.2    0.2		4.1705503158		-1.0
	18720.00000000	3.24849		-0.71205     0.2    0.2		4.1705503158		-1.0
	18765.00000000	3.23538		-0.4636     0.2    0.2		4.1705503158		-1.0
	18810.00000000	3.28		-0.15001     0.2    0.2		4.1705503158		-1.0
	18855.00000000	3.17448		0.63777     0.2    0.2		4.1705503158		-1.0
	18900.00000000	3.25188		0.87512     0.2    0.2		4.1705503158		-1.0
	18945.00000000	3.10403		1.27934     0.2    0.2		4.1705503158		-1.0
	18990.00000000	3.25832		1.59835     0.2    0.2		4.1705503158		-1.0
	19035.00000000	3.35507		1.37467     0.2    0.2		4.1705503158		-1.0
	19080.00000000	2.76138		1.63812     0.2    0.2		4.1705503158		-1.0
	19125.00000000	3.25029		1.56768     0.2    0.2		4.1705503158		-1.0
	19170.00000000	3.03075		1.58665     0.2    0.2		4.1705503158		-1.0
	19215.00000000	2.68966		1.9134     0.2    0.2		4.1705503158		-1.0
	19260.00000000	2.8602		1.97639     0.2    0.2		4.1705503158		-1.0
	19305.00000000	2.79325		2.35053     0.2    0.2		4.1705503158		-1.0
	19350.00000000	3.35368		2.81695     0.2    0.2		4.1705503158		-1.0
	19395.00000000	2.81045		3.10097     0.2    0.2		4.1705503158		-1.0
	19440.00000000	2.75376		-2.52055     0.2    0.2		4.1705503158		-1.0
	19485.00000000	2.68002		-1.9837     0.2    0.2		4.1705503158		-1.0
	19530.00000000	3.19619		-1.45728     0.2    0.2		4.1705503158		-1.0
	19575.00000000	3.41858		-1.62218     0.2    0.2		4.1705503158		-1.0
	19620.00000000	3.33864		-1.15784     0.2    0.2		4.1705503158		-1.0
	19665.00000000	3.30143		-1.02136     0.2    0.2		4.1705503158		-1.0
	19710.00000000	3.36075		-0.54163     0.2    0.2		4.1705503158		-1.0
	19755.00000000	3.07705		-0.3978     0.2    0.2		4.1705503158		-1.0
	19800.00000000	2.74167		0.37155     0.2    0.2		4.1705503158		-1.0
	19845.00000000	2.76316		0.14917     0.2    0.2		4.1705503158		-1.0
	19890.00000000	2.64056		0.04327     0.2    0.2		4.1705503158		-1.0
	19935.00000000	2.7511		-0.21086     0.2    0.2		4.1705503158		-1.0
	19980.00000000	2.72576		0.09455     0.2    0.2		4.1705503158		-1.0
	20025.00000000	2.72851		0.20761     0.2    0.2		4.1705503158		-1.0
	20070.00000000	3.38163		0.64334     0.2    0.2		4.1705503158		-1.0
	20115.00000000	2.54779		0.77081     0.2    0.2		4.1705503158		-1.0
	20160.00000000	3.39627		0.7031     0.2    0.2		4.1705503158		-1.0
	20205.00000000	2.99985		1.11674     0.2    0.2		4.1705503158		-1.0
	20250.00000000	3.06271		1.0329     0.2    0.2		4.1705503158		-1.0
	20295.00000000	2.86432		1.16821     0.2    0.2		4.1705503158		-1.0
	20340.00000000	2.81676		1.53941     0.2    0.2		4.1705503158		-1.0
	20385.00000000	2.73587		1.29634     0.2    0.2		4.1705503158		-1.0
	20430.00000000	3.16377		1.71215     0.2    0.2		4.1705503158		-1.0
	20475.00000000	2.87812		2.14596     0.2    0.2		4.1705503158		-1.0
	20520.00000000	3.03953		2.44578     0.2    0.2		4.1705503158		-1.0
	20565.00000000	3.32119		2.94362     0.2    0.2		4.1705503158		-1.0
	20610.00000000	3.33265		-3.00846     0.2    0.2		4.1705503158		-1.0
	20655.00000000	3.365		-2.43809     0.2    0.2		4.1705503158		-1.0
	20700.00000000	3.32986		-2.22856     0.2    0.2		4.1705503158		-1.0
	20744.99999999	2.94675		-1.61262     0.2    0.2		4.1705503158		-1.0
	20789.99999999	2.7097		-1.51855     0.2    0.2		4.1705503158		-1.0
	20834.99999999	2.64882		-1.13068     0.2    0.2		4.1705503158		-1.0
	20879.99999999	2.69809		-0.55569     0.2    0.2		4.1705503158		-1.0
	20924.99999999	2.66979		-0.62852     0.2    0.2		4.1705503158		-1.0
	20969.99999999	2.79564		0.03647     0.2    0.2		4.1705503158		-1.0
	21014.99999999	2.75457		-0.80042     0.2    0.2		4.1705503158		-1.0
	21059.99999999	2.74383		-0.47281     0.2    0.2		4.1705503158		-1.0
	21104.99999999	3.2769		-1.12396     0.2    0.2		4.1705503158		-1.0
	21149.99999999	3.14666		-0.71346     0.2    0.2		4.1705503158		-1.0
	21194.99999999	3.34934		-0.97149     0.2    0.2		4.1705503158		-1.0
	21239.99999999	3.31231		-0.71754     0.2    0.2		4.1705503158		-1.0
	21284.99999999	3.18539		-0.91215     0.2    0.2		4.1705503158		-1.0
	21329.99999999	3.25814		-0.14172     0.2    0.2		4.1705503158		-1.0
	21374.99999999	3.3483		0.2047     0.2    0.2		4.1705503158		-1.0
	21419.99999999	3.42831		0.85488     0.2    0.2		4.1705503158		-1.0
	21464.99999999	3.39944		0.92184     0.2    0.2		4.1705503158		-1.0
	21509.99999999	3.22692		1.42813     0.2    0.2		4.1705503158		-1.0
	21554.99999999	3.22474		1.47304     0.2    0.2		4.1705503158		-1.0
	21599.99999999	3.24323		1.76961     0.2    0.2		4.1705503158		-1.0
	21644.99999999	3.2987		1.99736     0.2    0.2		4.1705503158		-1.0
	21689.99999999	3.14671		2.50246     0.2    0.2		4.1705503158		-1.0
	21734.99999999	2.79256		2.65324     0.2    0.2		4.1705503158		-1.0
	21779.99999999	2.72024		3.0157     0.2    0.2		4.1705503158		-1.0
	21824.99999999	2.65382		-3.02419     0.2    0.2		4.1705503158		-1.0
	21869.99999999	3.26139		-2.89988     0.2    0.2		4.1705503158		-1.0
	21914.99999999	3.34427		-2.6321     0.2    0.2		4.1705503158		-1.0
	21959.99999999	2.56843		-2.63852     0.2    0.2		4.1705503158		-1.0
	22004.99999999	3.45734		-2.20908     0.2    0.2		4.1705503158		-1.0
	22049.99999999	2.6068		-2.18718     0.2    0.2		4.1705503158		-1.0
	22094.99999999	3.36194		-1.69914     0.2    0.2		4.1705503158		-1.0
	22139.99999999	3.13655		-1.62356     0.2    0.2		4.1705503158		-1.0
	22184.99999999	3.54358		-1.33896     0.2    0.2		4.1705503158		-1.0
	22229.99999999	3.50117		-0.79387     0.2    0.2		4.1705503158		-1.0
	22274.99999999	3.28375		-0.40606     0.2    0.2		4.1705503158		-1.0
	22319.99999999	3.09207		0.44352     0.2    0.2		4.1705503158		-1.0
	22364.99999999	3.32135		0.44829     0.2    0.2		4.1705503158		-1.0
	22409.99999999	3.46254		0.79019     0.2    0.2		4.1705503158		-1.0
	22454.99999999	3.10178		0.64898     0.2    0.2		4.1705503158		-1.0
	22499.99999999	3.16421		0.4914     0.2    0.2		4.1705503158		-1.0
	22544.99999999	2.59179		0.35952     0.2    0.2		4.1705503158		-1.0
	22589.99999999	2.67166		0.09039     0.2    0.2		4.1705503158		-1.0
	22634.99999999	2.6725		-0.5959     0.2    0.2		4.1705503158		-1.0
	22679.99999999	2.78828		-1.32915     0.2    0.2		4.1705503158		-1.0
	22724.99999999	2.67402		-1.44191     0.2    0.2		4.1705503158		-1.0
	22769.99999999	2.61593		-1.76459     0.2    0.2		4.1705503158		-1.0
	22814.99999999	3.55568		-1.87677     0.2    0.2		4.1705503158		-1.0
	22859.99999999	2.6188		-2.21994     0.2    0.2		4.1705503158		-1.0
	22904.99999999	2.80294		-2.40262     0.2    0.2		4.1705503158		-1.0
	22949.99999999	2.83816		-2.87441     0.2    0.2		4.1705503158		-1.0
	22994.99999999	3.34091		-2.60159     0.2    0.2		4.1705503158		-1.0
	23039.99999999	3.53017		-3.00301     0.2    0.2		4.1705503158		-1.0
	23084.99999999	3.28336		-2.79292     0.2    0.2		4.1705503158		-1.0
	23129.99999999	3.30155		3.12097     0.2    0.2		4.1705503158		-1.0
	23174.99999999	3.24661		2.79951     0.2    0.2		4.1705503158		-1.0
	23219.99999999	2.78969		2.51313     0.2    0.2		4.1705503158		-1.0
	23264.99999999	2.70094		1.80254     0.2    0.2		4.1705503158		-1.0
	23309.99999999	2.64755		1.95765     0.2    0.2		4.1705503158		-1.0
	23354.99999999	2.70619		1.37147     0.2    0.2		4.1705503158		-1.0
	23399.99999999	2.71242		1.33081     0.2    0.2		4.1705503158		-1.0
	23444.99999999	2.68325		0.84364     0.2    0.2		4.1705503158		-1.0
	23489.99999999	2.697		0.76708     0.2    0.2		4.1705503158		-1.0
	23534.99999999	2.8441		0.36491     0.2    0.2		4.1705503158		-1.0
	23579.99999999	3.62716		-0.24114     0.2    0.2		4.1705503158		-1.0
	23624.99999999	2.73792		-0.31365     0.2    0.2		4.1705503158		-1.0
	23669.99999999	3.4139		-0.08191     0.2    0.2		4.1705503158		-1.0
	23714.99999999	3.16651		0.10156     0.2    0.2		4.1705503158		-1.0
	23759.99999999	3.61628		0.50662     0.2    0.2		4.1705503158		-1.0
	23804.99999999	3.03317		0.66727     0.2    0.2		4.1705503158		-1.0
	23849.99999999	3.26586		1.33518     0.2    0.2		4.1705503158		-1.0
	23894.99999999	3.42918		1.06047     0.2    0.2		4.1705503158		-1.0
	23939.99999999	3.41634		1.27542     0.2    0.2		4.1705503158		-1.0
	23984.99999999	3.24526		1.30019     0.2    0.2		4.1705503158		-1.0
	24029.99999999	3.05264		1.71349     0.2    0.2		4.1705503158		-1.0
	24074.99999999	3.75796		1.84578     0.2    0.2		4.1705503158		-1.0
	24119.99999999	3.32237		2.12047     0.2    0.2		4.1705503158		-1.0
	24164.99999999	3.36888		2.28001     0.2    0.2		4.1705503158		-1.0
	24209.99999999	3.17394		2.54738     0.2    0.2		4.1705503158		-1.0
	24254.99999999	3.56838		2.61476     0.2    0.2		4.1705503158		-1.0
	24299.99999999	3.09717		2.83607     0.2    0.2		4.1705503158		-1.0
	24344.99999999	3.42369		3.08834     0.2    0.2		4.1705503158		-1.0
	24389.99999999	2.70278		-2.6843     0.2    0.2		4.1705503158		-1.0
	24434.99999999	2.69871		-2.42927     0.2    0.2		4.1705503158		-1.0
	24479.99999999	2.98154		-1.72217     0.2    0.2		4.1705503158		-1.0
	24524.99999999	3.05506		-1.55009     0.2    0.2		4.1705503158		-1.0
	24569.99999999	3.06169		-1.22918     0.2    0.2		4.1705503158		-1.0
	24614.99999999	3.37762		-1.4435     0.2    0.2		4.1705503158		-1.0
	24659.99999999	3.27372		-1.55068     0.2    0.2		4.1705503158		-1.0
	24704.99999999	2.81938		-1.58943     0.2    0.2		4.1705503158		-1.0
	24749.99999999	2.9346		-2.00624     0.2    0.2		4.1705503158		-1.0
	24794.99999999	3.33939		-1.87608     0.2    0.2		4.1705503158		-1.0
	24839.99999999	3.0832		-2.5592     0.2    0.2		4.1705503158		-1.0
	24884.99999999	3.53741		-2.56634     0.2    0.2		4.1705503158		-1.0
	24929.99999999	3.17056		-2.88885     0.2    0.2		4.1705503158		-1.0
	24974.99999999	3.45657		-2.95198     0.2    0.2		4.1705503158		-1.0
	25019.99999999	2.97024		-2.93854     0.2    0.2		4.1705503158		-1.0
	25064.99999999	2.60758		3.00328     0.2    0.2		4.1705503158		-1.0
	25109.99999999	2.71651		2.92938     0.2    0.2		4.1705503158		-1.0
	25154.99999999	2.651		2.6193     0.2    0.2		4.1705503158		-1.0
	25199.99999999	2.77654		2.28241     0.2    0.2		4.1705503158		-1.0
	25244.99999999	2.99363		1.97068     0.2    0.2		4.1705503158		-1.0
	25289.99999999	3.0522		2.08229     0.2    0.2		4.1705503158		-1.0
	25334.99999999	2.62662		2.45615     0.2    0.2		4.1705503158		-1.0
	25379.99999999	2.70672		2.885     0.2    0.2		4.1705503158		-1.0
	25424.99999999	2.63984		-3.11104     0.2    0.2		4.1705503158		-1.0
	25469.99999999	2.76776		-2.6614     0.2    0.2		4.1705503158		-1.0
	25514.99999999	3.47401		-2.56445     0.2    0.2		4.1705503158		-1.0
	25559.99999999	3.24166		-2.37588     0.2    0.2		4.1705503158		-1.0
	25604.99999999	3.50958		-2.39522     0.2    0.2		4.1705503158		-1.0
	25649.99999999	3.06984		-2.16608     0.2    0.2		4.1705503158		-1.0
	25694.99999999	2.82469		-1.87603     0.2    0.2		4.1705503158		-1.0
	25739.99999999	3.00246		-1.79514     0.2    0.2		4.1705503158		-1.0
	25784.99999999	3.18335		-1.51454     0.2    0.2		4.1705503158		-1.0
	25829.99999999	3.04676		-1.29064     0.2    0.2		4.1705503158		-1.0
	25874.99999999	3.48222		-1.13463     0.2    0.2		4.1705503158		-1.0
	25919.99999999	3.33314		-0.58988     0.2    0.2		4.1705503158		-1.0
	25964.99999999	2.93383		-0.14487     0.2    0.2		4.1705503158		-1.0
	26009.99999999	3.35617		0.35062     0.2    0.2		4.1705503158		-1.0
	26054.99999999	3.14353		0.75849     0.2    0.2		4.1705503158		-1.0
	26099.99999999	3.59474		1.01246     0.2    0.2		4.1705503158		-1.0
	26144.99999999	2.77075		1.59381     0.2    0.2		4.1705503158		-1.0
	26189.99999999	3.29135		1.20769     0.2    0.2		4.1705503158		-1.0
	26234.99999999	3.36628		1.85768     0.2    0.2		4.1705503158		-1.0
	26279.99999999	3.92631		1.68651     0.2    0.2		4.1705503158		-1.0
	26324.99999999	3.06542		2.17519     0.2    0.2		4.1705503158		-1.0
	26369.99999999	3.51573		2.18709     0.2    0.2		4.1705503158		-1.0
	26414.99999999	3.37215		2.74747     0.2    0.2		4.1705503158		-1.0
	26459.99999999	3.30884		2.77707     0.2    0.2		4.1705503158		-1.0
	26504.99999999	3.44823		-2.90332     0.2    0.2		4.1705503158		-1.0
	26549.99999999	3.20343		-2.82451     0.2    0.2		4.1705503158		-1.0
	26594.99999999	3.04325		-2.62153     0.2    0.2		4.1705503158		-1.0
	26639.99999999	3.43111		-2.39813     0.2    0.2		4.1705503158		-1.0
	26684.99999999	3.09963		-2.04722     0.2    0.2		4.1705503158		-1.0
	26729.99999999	3.27728		-1.88324     0.2    0.2		4.1705503158		-1.0
	26774.99999999	3.39056		-1.85016     0.2    0.2		4.1705503158		-1.0
	26819.99999999	3.3849		-1.61324     0.2    0.2		4.1705503158		-1.0
	26864.99999999	4.46452		-1.31266     0.2    0.2		4.1705503158		-1.0
	26909.99999999	6.40056		-1.33814     0.2    0.2		4.1705503158		-1.0
	26954.99999999	8.27377		-0.93391     0.2    0.2		4.1705503158		-1.0
	26999.99999999	9.86058		-0.78638     0.2    0.2		4.1705503158		-1.0
	27044.99999999	11.02659		-0.35774     0.2    0.2		4.1705503158		-1.0
	27089.99999999	12.13428		-0.64246     0.2    0.2		4.1705503158		-1.0
	27134.99999999	12.68965		-2.03415     0.2    0.2		4.1705503158		-1.0
	27179.99999999	13.43525		-1.9347     0.2    0.2		4.1705503158		-1.0
	27224.99999998	14.13994		-2.51805     0.2    0.2		4.1705503158		-1.0
	27269.99999998	14.94045		-2.49435     0.2    0.2		4.1705503158		-1.0
	27314.99999998	15.85791		-2.95933     0.2    0.2		4.1705503158		-1.0
	27359.99999998	16.9048		2.3523     0.2    0.2		4.1705503158		-1.0
	27404.99999998	18.21671		1.69498     0.2    0.2		4.1705503158		-1.0
	27449.99999998	19.15962		1.54486     0.2    0.2		4.1705503158		-1.0
	27494.99999998	20.29752		1.47151     0.2    0.2		4.1705503158		-1.0
	27539.99999998	21.05232		1.5121     0.2    0.2		4.1705503158		-1.0
	27584.99999998	22.32641		1.51506     0.2    0.2		4.1705503158		-1.0
	27629.99999998	22.90021		1.8048     0.2    0.2		4.1705503158		-1.0
	27674.99999998	24.08108		1.73665     0.2    0.2		4.1705503158		-1.0
	27719.99999998	24.78303		2.15217     0.2    0.2		4.1705503158		-1.0
	27764.99999998	24.48487		2.08867     0.2    0.2		4.1705503158		-1.0
	27809.99999998	23.91429		2.30289     0.2    0.2		4.1705503158		-1.0
	27854.99999998	22.88746		2.32365     0.2    0.2		4.1705503158		-1.0
	27899.99999998	22.04274		2.74052     0.2    0.2		4.1705503158		-1.0
	27944.99999998	20.97481		2.6961     0.2    0.2		4.1705503158		-1.0
	27989.99999998	20.15153		-3.06842     0.2    0.2		4.1705503158		-1.0
	28034.99999998	19.27307		-2.51177     0.2    0.2		4.1705503158		-1.0
	28079.99999998	17.92258		-1.95752     0.2    0.2		4.1705503158		-1.0
	28124.99999998	16.92529		-1.60455     0.2    0.2		4.1705503158		-1.0
	28169.99999998	15.56573		-1.19152     0.2    0.2		4.1705503158		-1.0
	28214.99999998	14.76196		-0.88245     0.2    0.2		4.1705503158		-1.0
	28259.99999998	13.44061		-0.32128     0.2    0.2		4.1705503158		-1.0
	28304.99999998	12.82455		0.17011     0.2    0.2		4.1705503158		-1.0
	28349.99999998	11.8125		0.55696     0.2    0.2		4.1705503158		-1.0
	28394.99999998	11.1801		1.03043     0.2    0.2		4.1705503158		-1.0
	28439.99999998	10.20765		1.52788     0.2    0.2		4.1705503158		-1.0
	28484.99999998	9.55544		2.39576     0.2    0.2		4.1705503158		-1.0
	28529.99999998	8.73082		-3.10734     0.2    0.2		4.1705503158		-1.0
	28574.99999998	8.31847		-2.5044     0.2    0.2		4.1705503158		-1.0
	28619.99999998	7.90299		-2.06601     0.2    0.2		4.1705503158		-1.0
	28664.99999998	7.1146		-1.55294     0.2    0.2		4.1705503158		-1.0
	28709.99999998	6.73258		-1.12782     0.2    0.2		4.1705503158		-1.0
	28754.99999998	6.68498		-0.96365     0.2    0.2		4.1705503158		-1.0
	28799.99999998	7.28248		-0.74309     0.2    0.2		4.1705503158		-1.0
	28844.99999998	8.26976		-1.25313     0.2    0.2		4.1705503158		-1.0
	28889.99999998	9.45616		-1.55362     0.2    0.2		4.1705503158		-1.0
	28934.99999998	11.07354		-1.43764     0.2    0.2		4.1705503158		-1.0
	28979.99999998	12.59413		-1.39542     0.2    0.2		4.1705503158		-1.0
	29024.99999998	13.85812		-0.52226     0.2    0.2		4.1705503158		-1.0
	29069.99999998	14.5758		0.2499     0.2    0.2		4.1705503158		-1.0
	29114.99999998	15.21982		0.19609     0.2    0.2		4.1705503158		-1.0
	29159.99999998	15.91147		-0.18365     0.2    0.2		4.1705503158		-1.0
	29204.99999998	16.39612		-0.6361     0.2    0.2		4.1705503158		-1.0
	29249.99999998	17.66124		-0.87151     0.2    0.2		4.1705503158		-1.0
	29294.99999998	18.47514		-1.20847     0.2    0.2		4.1705503158		-1.0
	29339.99999998	19.74848		-1.14611     0.2    0.2		4.1705503158		-1.0
	29384.99999998	20.83972		-1.40821     0.2    0.2		4.1705503158		-1.0
	29429.99999998	21.80965		1.26131     0.2    0.2		4.1705503158		-1.0
	29474.99999998	22.39751		1.32723     0.2    0.2		4.1705503158		-1.0
	29519.99999998	22.9268		1.24177     0.2    0.2		4.1705503158		-1.0
	29564.99999998	23.78941		1.07683     0.2    0.2		4.1705503158		-1.0
	29609.99999998	24.80391		0.9617     0.2    0.2		4.1705503158		-1.0
	29654.99999998	24.92628		0.74818     0.2    0.2		4.1705503158		-1.0
	29699.99999998	24.88316		1.69     0.2    0.2		4.1705503158		-1.0
	29744.99999998	25.18631		2.1674     0.2    0.2		4.1705503158		-1.0
	29789.99999998	25.99458		2.53923     0.2    0.2		4.1705503158		-1.0
	29834.99999998	27.19431		2.50758     0.2    0.2		4.1705503158		-1.0
	29879.99999998	28.34483		2.80332     0.2    0.2		4.1705503158		-1.0
	29924.99999998	29.70897		2.92833     0.2    0.2		4.1705503158		-1.0
	29969.99999998	30.17394		3.11867     0.2    0.2		4.1705503158		-1.0
	30014.99999998	31.01405		-3.11985     0.2    0.2		4.1705503158		-1.0
	30059.99999998	30.96106		2.71527     0.2    0.2		4.1705503158		-1.0
	30104.99999998	30.07677		2.50682     0.2    0.2		4.1705503158		-1.0
	30149.99999998	28.66132		2.16256     0.2    0.2		4.1705503158		-1.0
	30194.99999998	27.39249		2.02851     0.2    0.2		4.1705503158		-1.0
	30239.99999998	25.56009		1.63675     0.2    0.2		4.1705503158		-1.0
	30284.99999998	24.18395		1.46148     0.2    0.2		4.1705503158		-1.0
	30329.99999998	22.90069		0.83923     0.2    0.2		4.1705503158		-1.0
	30374.99999998	21.62593		0.09926     0.2    0.2		4.1705503158		-1.0
	30419.99999998	20.58886		-0.41381     0.2    0.2		4.1705503158		-1.0
	30464.99999998	19.83635		-1.00396     0.2    0.2		4.1705503158		-1.0
	30509.99999998	18.94046		-1.0079     0.2    0.2		4.1705503158		-1.0
	30554.99999998	18.14091		-1.01258     0.2    0.2		4.1705503158		-1.0
	30599.99999998	17.09196		-1.0031     0.2    0.2		4.1705503158		-1.0
	30644.99999998	16.11377		-1.01659     0.2    0.2		4.1705503158		-1.0
	30689.99999998	15.02849		-0.95339     0.2    0.2		4.1705503158		-1.0
	30734.99999998	13.86863		-1.05675     0.2    0.2		4.1705503158		-1.0
	30779.99999998	12.6557		-1.16515     0.2    0.2		4.1705503158		-1.0
	30824.99999998	11.5234		-1.14569     0.2    0.2		4.1705503158		-1.0
	30869.99999998	10.19383		-1.01385     0.2    0.2		4.1705503158		-1.0
	30914.99999998	9.17083		-1.15491     0.2    0.2		4.1705503158		-1.0
	30959.99999998	7.98275		-1.12818     0.2    0.2		4.1705503158		-1.0
	31004.99999998	6.76316		-1.60333     0.2    0.2		4.1705503158		-1.0
	31049.99999998	5.77073		-2.08595     0.2    0.2		4.1705503158		-1.0
	31094.99999998	6.60079		-1.94333     0.2    0.2		4.1705503158		-1.0
	31139.99999998	8.19743		-1.98216     0.2    0.2		4.1705503158		-1.0
	31184.99999998	9.82907		-2.20764     0.2    0.2		4.1705503158		-1.0
	31229.99999998	10.86221		-2.58723     0.2    0.2		4.1705503158		-1.0
	31274.99999998	12.01536		-2.949     0.2    0.2		4.1705503158		-1.0
	31319.99999998	12.5217		3.12914     0.2    0.2		4.1705503158		-1.0
	31364.99999998	13.20224		2.96866     0.2    0.2		4.1705503158		-1.0
	31409.99999998	14.14837		2.98769     0.2    0.2		4.1705503158		-1.0
	31454.99999998	14.84015		2.74953     0.2    0.2		4.1705503158		-1.0
	31499.99999998	16.05672		2.79795     0.2    0.2		4.1705503158		-1.0
	31544.99999998	16.76799		2.37538     0.2    0.2		4.1705503158		-1.0
	31589.99999998	17.62945		-2.8774     0.2    0.2		4.1705503158		-1.0
	31634.99999998	18.17543		-2.96125     0.2    0.2		4.1705503158		-1.0
	31679.99999998	19.23702		-2.4356     0.2    0.2		4.1705503158		-1.0
	31724.99999998	20.1598		-2.44066     0.2    0.2		4.1705503158		-1.0
	31769.99999998	21.40482		-1.92309     0.2    0.2		4.1705503158		-1.0
	31814.99999998	22.56371		-1.78992     0.2    0.2		4.1705503158		-1.0
	31859.99999998	23.5233		-1.55478     0.2    0.2		4.1705503158		-1.0
	31904.99999998	24.62137		-1.32413     0.2    0.2		4.1705503158		-1.0
	31949.99999998	25.6128		-1.07179     0.2    0.2		4.1705503158		-1.0
	31994.99999998	26.62091		-0.79077     0.2    0.2		4.1705503158		-1.0
	32039.99999998	27.67737		-0.70344     0.2    0.2		4.1705503158		-1.0
	32084.99999998	28.96637		-0.62104     0.2    0.2		4.1705503158		-1.0
	32129.99999998	29.7349		-0.34901     0.2    0.2		4.1705503158		-1.0
	32174.99999998	29.58452		1.09445     0.2    0.2		4.1705503158		-1.0
	32219.99999998	28.91684		1.0422     0.2    0.2		4.1705503158		-1.0
	32264.99999998	28.62497		1.04611     0.2    0.2		4.1705503158		-1.0
	32309.99999998	27.67146		0.88006     0.2    0.2		4.1705503158		-1.0
	32354.99999998	26.99023		0.82458     0.2    0.2		4.1705503158		-1.0
	32399.99999998	26.00625		0.89498     0.2    0.2		4.1705503158		-1.0
	32444.99999998	24.91286		0.88628     0.2    0.2		4.1705503158		-1.0
	32489.99999998	23.69537		0.89642     0.2    0.2		4.1705503158		-1.0
	32534.99999998	22.54064		0.94344     0.2    0.2		4.1705503158		-1.0
	32579.99999998	21.21431		0.90425     0.2    0.2		4.1705503158		-1.0
	32624.99999998	19.91199		0.7372     0.2    0.2		4.1705503158		-1.0
	32669.99999998	18.66408		0.72464     0.2    0.2		4.1705503158		-1.0
	32714.99999998	17.3712		0.65759     0.2    0.2		4.1705503158		-1.0
	32759.99999998	16.28949		0.60725     0.2    0.2		4.1705503158		-1.0
	32804.99999998	15.29946		3.05387     0.2    0.2		4.1705503158		-1.0
	32849.99999998	14.44705		3.07546     0.2    0.2		4.1705503158		-1.0
	32894.99999998	13.87962		-2.81174     0.2    0.2		4.1705503158		-1.0
	32939.99999998	13.25432		-2.44468     0.2    0.2		4.1705503158		-1.0
	32984.99999998	12.72865		-2.23486     0.2    0.2		4.1705503158		-1.0
	33029.99999998	11.97906		-2.50871     0.2    0.2		4.1705503158		-1.0
	33074.99999998	11.22884		-2.60534     0.2    0.2		4.1705503158		-1.0
	33119.99999998	10.72054		-1.85055     0.2    0.2		4.1705503158		-1.0
	33164.99999998	9.77887		-1.19061     0.2    0.2		4.1705503158		-1.0
	33209.99999998	9.02335		-0.318     0.2    0.2		4.1705503158		-1.0
	33254.99999998	8.30287		0.54138     0.2    0.2		4.1705503158		-1.0
	33299.99999998	8.51037		0.79592     0.2    0.2		4.1705503158		-1.0
	33344.99999998	9.34629		0.85932     0.2    0.2		4.1705503158		-1.0
	33389.99999998	10.59057		1.04444     0.2    0.2		4.1705503158		-1.0
	33434.99999998	12.07492		1.08907     0.2    0.2		4.1705503158		-1.0
	33479.99999998	13.65723		1.1531     0.2    0.2		4.1705503158		-1.0
	33524.99999998	15.20013		1.34093     0.2    0.2		4.1705503158		-1.0
	33569.99999998	16.68		1.48211     0.2    0.2		4.1705503158		-1.0
	33614.99999998	18.01768		1.76854     0.2    0.2		4.1705503158		-1.0
	33659.99999998	18.73294		2.40589     0.2    0.2		4.1705503158		-1.0
	33704.99999998	19.05019		3.03244     0.2    0.2		4.1705503158		-1.0
	33749.99999997	19.15588		-2.73976     0.2    0.2		4.1705503158		-1.0
	33794.99999997	18.79422		-2.40627     0.2    0.2		4.1705503158		-1.0
	33839.99999997	18.10768		-2.17162     0.2    0.2		4.1705503158		-1.0
	33884.99999997	17.15963		-1.87455     0.2    0.2		4.1705503158		-1.0
	33929.99999997	15.9539		-1.87998     0.2    0.2		4.1705503158		-1.0
	33974.99999997	14.78529		-1.4741     0.2    0.2		4.1705503158		-1.0
	34019.99999997	13.82504		-0.99289     0.2    0.2		4.1705503158		-1.0
	34064.99999997	13.68877		-0.19185     0.2    0.2		4.1705503158		-1.0
	34109.99999997	13.75441		0.28332     0.2    0.2		4.1705503158		-1.0
	34154.99999997	14.56101		0.60293     0.2    0.2		4.1705503158		-1.0
	34199.99999997	15.40611		1.22182     0.2    0.2		4.1705503158		-1.0
	34244.99999997	16.61034		1.60305     0.2    0.2		4.1705503158		-1.0
	34289.99999997	17.53774		2.00758     0.2    0.2		4.1705503158		-1.0
	34334.99999997	18.59969		2.2718     0.2    0.2		4.1705503158		-1.0
	34379.99999997	19.17202		2.54896     0.2    0.2		4.1705503158		-1.0
	34424.99999997	19.83126		2.76555     0.2    0.2		4.1705503158		-1.0
	34469.99999997	20.16038		2.89299     0.2    0.2		4.1705503158		-1.0
	34514.99999997	20.64354		-2.24012     0.2    0.2		4.1705503158		-1.0
	34559.99999997	20.66339		-0.47069     0.2    0.2		4.1705503158		-1.0
	34604.99999997	20.74629		-0.18905     0.2    0.2		4.1705503158		-1.0
	34649.99999997	20.51542		0.23969     0.2    0.2		4.1705503158		-1.0
	34694.99999997	20.14233		0.72117     0.2    0.2		4.1705503158		-1.0
	34739.99999997	19.62445		1.0376     0.2    0.2		4.1705503158		-1.0
	34784.99999997	18.80616		1.41653     0.2    0.2		4.1705503158		-1.0
	34829.99999997	18.16608		1.35979     0.2    0.2		4.1705503158		-1.0
	34874.99999997	18.10302		-1.85305     0.2    0.2		4.1705503158		-1.0
	34919.99999997	18.85218		-1.56208     0.2    0.2		4.1705503158		-1.0
	34964.99999997	19.51414		-1.32705     0.2    0.2		4.1705503158		-1.0
	35009.99999997	20.20121		-0.27979     0.2    0.2		4.1705503158		-1.0
	35054.99999997	20.2024		0.71293     0.2    0.2		4.1705503158		-1.0
	35099.99999997	20.78582		2.14389     0.2    0.2		4.1705503158		-1.0
	35144.99999997	21.18448		-2.6674     0.2    0.2		4.1705503158		-1.0
	35189.99999997	22.32273		-1.54669     0.2    0.2		4.1705503158		-1.0
	35234.99999997	22.88428		-0.78092     0.2    0.2		4.1705503158		-1.0
	35279.99999997	23.73032		0.23015     0.2    0.2		4.1705503158		-1.0
	35324.99999997	24.09703		0.89753     0.2    0.2		4.1705503158		-1.0
	35369.99999997	25.30639		1.19468     0.2    0.2		4.1705503158		-1.0
	35414.99999997	26.15756		-0.9606     0.2    0.2		4.1705503158		-1.0
	35459.99999997	27.91767		-0.91561     0.2    0.2		4.1705503158		-1.0
	35504.99999997	29.55813		-0.82715     0.2    0.2		4.1705503158		-1.0
	35549.99999997	31.65611		-0.72498     0.2    0.2		4.1705503158		-1.0
	35594.99999997	31.74089		-0.56384     0.2    0.2		4.1705503158		-1.0
	35639.99999997	31.97843		0.26317     0.2    0.2		4.1705503158		-1.0
	35684.99999997	32.44138		-2.63115     0.2    0.2		4.1705503158		-1.0
	35729.99999997	32.92866		-2.47888     0.2    0.2		4.1705503158		-1.0
	35774.99999997	33.38645		0.44893     0.2    0.2		4.1705503158		-1.0
	35819.99999997	32.57519		0.73037     0.2    0.2		4.1705503158		-1.0
	35864.99999997	32.18205		1.23257     0.2    0.2		4.1705503158		-1.0
	35909.99999997	31.27439		1.61752     0.2    0.2		4.1705503158		-1.0
	35954.99999997	30.84916		2.53771     0.2    0.2		4.1705503158		-1.0
	35999.99999997	30.34559		3.02377     0.2    0.2		4.1705503158		-1.0
	36044.99999997	30.27235		-2.30475     0.2    0.2		4.1705503158		-1.0
	36089.99999997	30.52633		-1.79786     0.2    0.2		4.1705503158		-1.0
	36134.99999997	30.85236		-1.01729     0.2    0.2		4.1705503158		-1.0
	36179.99999997	31.17131		-0.41887     0.2    0.2		4.1705503158		-1.0
	36224.99999997	31.2635		1.23152     0.2    0.2		4.1705503158		-1.0
	36269.99999997	31.34105		1.85709     0.2    0.2		4.1705503158		-1.0
	36314.99999997	31.53664		1.93711     0.2    0.2		4.1705503158		-1.0
	36359.99999997	31.83239		2.34407     0.2    0.2		4.1705503158		-1.0
	36404.99999997	32.37881		2.31065     0.2    0.2		4.1705503158		-1.0
	36449.99999997	32.39492		2.21898     0.2    0.2		4.1705503158		-1.0
	36494.99999997	33.19896		1.72797     0.2    0.2		4.1705503158		-1.0
	36539.99999997	33.7712		0.79061     0.2    0.2		4.1705503158		-1.0
	36584.99999997	34.27478		0.03649     0.2    0.2		4.1705503158		-1.0
	36629.99999997	33.51989		1.57774     0.2    0.2		4.1705503158		-1.0
	36674.99999997	32.96374		2.49571     0.2    0.2		4.1705503158		-1.0
	36719.99999997	31.83617		-2.44155     0.2    0.2		4.1705503158		-1.0
	36764.99999997	31.24594		3.02402     0.2    0.2		4.1705503158		-1.0
	36809.99999997	30.97125		2.60876     0.2    0.2		4.1705503158		-1.0
	36854.99999997	31.96693		1.97188     0.2    0.2		4.1705503158		-1.0
	36899.99999997	32.37182		2.25246     0.2    0.2		4.1705503158		-1.0
	36944.99999997	33.04126		2.24545     0.2    0.2		4.1705503158		-1.0
	36989.99999997	33.43418		2.38993     0.2    0.2		4.1705503158		-1.0
	37034.99999997	34.0857		2.43563     0.2    0.2		4.1705503158		-1.0
	37079.99999997	34.24867		2.08672     0.2    0.2		4.1705503158		-1.0
	37124.99999997	34.7666		1.61104     0.2    0.2		4.1705503158		-1.0
	37169.99999997	34.75579		1.01113     0.2    0.2		4.1705503158		-1.0
	37214.99999997	34.0864		0.43516     0.2    0.2		4.1705503158		-1.0
	37259.99999997	33.34907		-0.33835     0.2    0.2		4.1705503158		-1.0
	37304.99999997	32.82397		-1.10149     0.2    0.2		4.1705503158		-1.0
	37349.99999997	32.37985		-1.90977     0.2    0.2		4.1705503158		-1.0
	37394.99999997	32.02829		-2.37438     0.2    0.2		4.1705503158		-1.0
	37439.99999997	31.91645		-2.95317     0.2    0.2		4.1705503158		-1.0
	37484.99999997	31.57262		-2.98257     0.2    0.2		4.1705503158		-1.0
	37529.99999997	30.90596		-2.71206     0.2    0.2		4.1705503158		-1.0
	37574.99999997	29.96317		-2.83128     0.2    0.2		4.1705503158		-1.0
	37619.99999997	28.57225		-3.06616     0.2    0.2		4.1705503158		-1.0
	37664.99999997	26.96859		2.59947     0.2    0.2		4.1705503158		-1.0
	37709.99999997	25.83872		1.6902     0.2    0.2		4.1705503158		-1.0
	37754.99999997	25.4687		1.03158     0.2    0.2		4.1705503158		-1.0
	37799.99999997	25.55209		0.75198     0.2    0.2		4.1705503158		-1.0
	37844.99999997	25.89574		0.60757     0.2    0.2		4.1705503158		-1.0
	37889.99999997	26.56008		0.42486     0.2    0.2		4.1705503158		-1.0
	37934.99999997	27.48163		0.17365     0.2    0.2		4.1705503158		-1.0
	37979.99999997	28.55513		-0.1304     0.2    0.2		4.1705503158		-1.0
	38024.99999997	29.83854		-0.34725     0.2    0.2		4.1705503158		-1.0
	38069.99999997	30.83637		0.45529     0.2    0.2		4.1705503158		-1.0
	38114.99999997	30.90246		1.05549     0.2    0.2		4.1705503158		-1.0
	38159.99999997	29.96046		0.74639     0.2    0.2		4.1705503158		-1.0
	38204.99999997	29.19976		0.12928     0.2    0.2		4.1705503158		-1.0
	38249.99999997	29.08741		-0.64004     0.2    0.2		4.1705503158		-1.0
	38294.99999997	29.71033		-1.61317     0.2    0.2		4.1705503158		-1.0
	38339.99999997	30.5397		-2.3276     0.2    0.2		4.1705503158		-1.0
	38384.99999997	31.5708		-3.11674     0.2    0.2		4.1705503158		-1.0
	38429.99999997	31.74732		-2.6147     0.2    0.2		4.1705503158		-1.0
	38474.99999997	31.10177		-2.60431     0.2    0.2		4.1705503158		-1.0
	38519.99999997	29.65494		-3.10477     0.2    0.2		4.1705503158		-1.0
	38564.99999997	28.9771		2.61922     0.2    0.2		4.1705503158		-1.0
	38609.99999997	28.7563		1.98477     0.2    0.2		4.1705503158		-1.0
	38654.99999997	29.43854		1.60854     0.2    0.2		4.1705503158		-1.0
	38699.99999997	29.45969		1.76145     0.2    0.2		4.1705503158		-1.0
	38744.99999997	28.92367		3.04374     0.2    0.2		4.1705503158		-1.0
	38789.99999997	27.42802		2.49323     0.2    0.2		4.1705503158		-1.0
	38834.99999997	26.72371		1.96178     0.2    0.2		4.1705503158		-1.0
	38879.99999997	26.66786		1.32947     0.2    0.2		4.1705503158		-1.0
	38924.99999997	26.8568		0.61686     0.2    0.2		4.1705503158		-1.0
	38969.99999997	26.86938		0.0159     0.2    0.2		4.1705503158		-1.0
	39014.99999997	26.38553		3.00922     0.2    0.2		4.1705503158		-1.0
	39059.99999997	25.75412		2.30501     0.2    0.2		4.1705503158		-1.0
	39104.99999997	25.10083		1.37501     0.2    0.2		4.1705503158		-1.0
	39149.99999997	25.10686		0.7679     0.2    0.2		4.1705503158		-1.0
	39194.99999997	25.4676		-0.36024     0.2    0.2		4.1705503158		-1.0
	39239.99999997	25.59537		-2.14809     0.2    0.2		4.1705503158		-1.0
	39284.99999997	25.06995		2.67194     0.2    0.2		4.1705503158		-1.0
	39329.99999997	25.04536		1.89061     0.2    0.2		4.1705503158		-1.0
	39374.99999997	25.65456		0.76838     0.2    0.2		4.1705503158		-1.0
	39419.99999997	26.29424		-0.91509     0.2    0.2		4.1705503158		-1.0
	39464.99999997	26.16687		3.0265     0.2    0.2		4.1705503158		-1.0
	39509.99999997	25.27342		2.07221     0.2    0.2		4.1705503158		-1.0
	39554.99999997	25.28431		1.27716     0.2    0.2		4.1705503158		-1.0
	39599.99999997	26.00167		0.29206     0.2    0.2		4.1705503158		-1.0
	39644.99999997	26.19191		-0.61856     0.2    0.2		4.1705503158		-1.0
	39689.99999997	26.89907		2.50681     0.2    0.2		4.1705503158		-1.0
	39734.99999997	26.01658		1.87969     0.2    0.2		4.1705503158		-1.0
	39779.99999997	25.56118		0.88463     0.2    0.2		4.1705503158		-1.0
	39824.99999997	25.82114		0.07851     0.2    0.2		4.1705503158		-1.0
	39869.99999997	25.7665		-1.07695     0.2    0.2		4.1705503158		-1.0
	39914.99999997	25.97396		-2.90152     0.2    0.2		4.1705503158		-1.0
	39959.99999997	25.45222		2.08592     0.2    0.2		4.1705503158		-1.0
	40004.99999997	25.3844		1.15041     0.2    0.2		4.1705503158		-1.0
	40049.99999997	25.2128		-0.3393     0.2    0.2		4.1705503158		-1.0
	40094.99999997	24.46847		-1.75542     0.2    0.2		4.1705503158		-1.0
	40139.99999997	23.55401		-3.02127     0.2    0.2		4.1705503158		-1.0
	40184.99999997	23.27262		2.38698     0.2    0.2		4.1705503158		-1.0
	40229.99999996	23.60496		1.20788     0.2    0.2		4.1705503158		-1.0
	40274.99999996	23.02431		-0.56887     0.2    0.2		4.1705503158		-1.0
	40319.99999996	22.09355		-2.74228     0.2    0.2		4.1705503158		-1.0
	40364.99999996	21.02771		2.48592     0.2    0.2		4.1705503158		-1.0
	40409.99999996	20.41728		1.4752     0.2    0.2		4.1705503158		-1.0
	40454.99999996	21.05005		0.50335     0.2    0.2		4.1705503158		-1.0
	40499.99999996	21.63048		-0.23871     0.2    0.2		4.1705503158		-1.0
	40544.99999996	22.05334		-1.43978     0.2    0.2		4.1705503158		-1.0
	40589.99999996	21.89703		1.65407     0.2    0.2		4.1705503158		-1.0
	40634.99999996	21.55361		0.94838     0.2    0.2		4.1705503158		-1.0
	40679.99999996	21.11665		0.08239     0.2    0.2		4.1705503158		-1.0
	40724.99999996	21.16163		-1.04398     0.2    0.2		4.1705503158		-1.0
	40769.99999996	21.69823		-2.12597     0.2    0.2		4.1705503158		-1.0
	40814.99999996	22.7433		-3.07987     0.2    0.2		4.1705503158		-1.0
	40859.99999996	24.0441		2.23603     0.2    0.2		4.1705503158		-1.0
	40904.99999996	25.27333		0.36615     0.2    0.2		4.1705503158		-1.0
	40949.99999996	25.70274		-1.71614     0.2    0.2		4.1705503158		-1.0
	40994.99999996	25.95744		-2.81618     0.2    0.2		4.1705503158		-1.0
	41039.99999996	25.87572		2.32992     0.2    0.2		4.1705503158		-1.0
	41084.99999996	26.35971		1.2859     0.2    0.2		4.1705503158		-1.0
	41129.99999996	27.07107		0.06191     0.2    0.2		4.1705503158		-1.0
	41174.99999996	27.5108		-0.4384     0.2    0.2		4.1705503158		-1.0
	41219.99999996	27.58522		2.16888     0.2    0.2		4.1705503158		-1.0
	41264.99999996	27.47922		1.4389     0.2    0.2		4.1705503158		-1.0
	41309.99999996	27.17793		0.77355     0.2    0.2		4.1705503158		-1.0
	41354.99999996	27.44272		0.04883     0.2    0.2		4.1705503158		-1.0
	41399.99999996	28.05766		-0.37671     0.2    0.2		4.1705503158		-1.0
	41444.99999996	29.09763		-1.39857     0.2    0.2		4.1705503158		-1.0
	41489.99999996	29.17669		-1.77484     0.2    0.2		4.1705503158		-1.0
	41534.99999996	29.93586		1.05984     0.2    0.2		4.1705503158		-1.0
	41579.99999996	30.87009		0.00674     0.2    0.2		4.1705503158		-1.0
	41624.99999996	29.96004		0.36414     0.2    0.2		4.1705503158		-1.0
	41669.99999996	28.8174		1.77568     0.2    0.2		4.1705503158		-1.0
	41714.99999996	28.2663		1.47224     0.2    0.2		4.1705503158		-1.0
	41759.99999996	27.796		0.91631     0.2    0.2		4.1705503158		-1.0
	41804.99999996	27.89451		0.82691     0.2    0.2		4.1705503158		-1.0
	41849.99999996	28.13673		1.56583     0.2    0.2		4.1705503158		-1.0
	41894.99999996	27.83878		2.41254     0.2    0.2		4.1705503158		-1.0
	41939.99999996	27.05026		-3.09502     0.2    0.2		4.1705503158		-1.0
	41984.99999996	26.0908		-2.54697     0.2    0.2		4.1705503158		-1.0
	42029.99999996	25.20234		-2.32343     0.2    0.2		4.1705503158		-1.0
	42074.99999996	24.42392		-2.66035     0.2    0.2		4.1705503158		-1.0
	42119.99999996	24.37958		-2.95455     0.2    0.2		4.1705503158		-1.0
	42164.99999996	24.82074		2.2817     0.2    0.2		4.1705503158		-1.0
	42209.99999996	25.16648		2.60976     0.2    0.2		4.1705503158		-1.0
	42254.99999996	25.41924		-2.7663     0.2    0.2		4.1705503158		-1.0
	42299.99999996	25.13795		-2.07496     0.2    0.2		4.1705503158		-1.0
	42344.99999996	24.52858		-1.62156     0.2    0.2		4.1705503158		-1.0
	42389.99999996	23.79367		-1.7569     0.2    0.2		4.1705503158		-1.0
	42434.99999996	23.5471		-2.29771     0.2    0.2		4.1705503158		-1.0
	42479.99999996	23.80211		-1.78818     0.2    0.2		4.1705503158		-1.0
	42524.99999996	24.03188		-1.11059     0.2    0.2		4.1705503158		-1.0
	42569.99999996	23.30503		-0.40122     0.2    0.2		4.1705503158		-1.0
	42614.99999996	22.1452		-0.03887     0.2    0.2		4.1705503158		-1.0
	42659.99999996	21.59095		0.5971     0.2    0.2		4.1705503158		-1.0
	42704.99999996	21.59186		-2.66438     0.2    0.2		4.1705503158		-1.0
	42749.99999996	22.31142		-1.75827     0.2    0.2		4.1705503158		-1.0
	42794.99999996	22.84244		-1.20431     0.2    0.2		4.1705503158		-1.0
	42839.99999996	23.30933		-0.59318     0.2    0.2		4.1705503158		-1.0
	42884.99999996	24.24939		-0.25169     0.2    0.2		4.1705503158		-1.0
	42929.99999996	25.38366		0.5188     0.2    0.2		4.1705503158		-1.0
	42974.99999996	26.89007		0.86724     0.2    0.2		4.1705503158		-1.0
	43019.99999996	27.9956		1.40424     0.2    0.2		4.1705503158		-1.0
	43064.99999996	28.95388		1.5121     0.2    0.2		4.1705503158		-1.0
	43109.99999996	29.50597		0.14622     0.2    0.2		4.1705503158		-1.0
	43154.99999996	29.3781		-0.46808     0.2    0.2		4.1705503158		-1.0
	43199.99999996	29.56917		-0.75012     0.2    0.2		4.1705503158		-1.0
	43244.99999996	29.16743		-0.74263     0.2    0.2		4.1705503158		-1.0
	43289.99999996	28.50104		-1.23708     0.2    0.2		4.1705503158		-1.0
	43334.99999996	27.26336		-1.53138     0.2    0.2		4.1705503158		-1.0
	43379.99999996	26.40384		-0.44044     0.2    0.2		4.1705503158		-1.0
	43424.99999996	25.41263		-0.01525     0.2    0.2		4.1705503158		-1.0
	43469.99999996	24.41511		0.60552     0.2    0.2		4.1705503158		-1.0
	43514.99999996	23.28996		0.37428     0.2    0.2		4.1705503158		-1.0
	43559.99999996	21.87749		-0.03419     0.2    0.2		4.1705503158		-1.0
	43604.99999996	20.69162		0.1753     0.2    0.2		4.1705503158		-1.0
	43649.99999996	19.47068		0.53161     0.2    0.2		4.1705503158		-1.0
	43694.99999996	18.11956		0.5512     0.2    0.2		4.1705503158		-1.0
	43739.99999996	16.81845		0.70311     0.2    0.2		4.1705503158		-1.0
	43784.99999996	16.12891		0.70841     0.2    0.2		4.1705503158		-1.0
	43829.99999996	15.17928		0.92901     0.2    0.2		4.1705503158		-1.0
	43874.99999996	14.27487		1.12978     0.2    0.2		4.1705503158		-1.0
	43919.99999996	13.2516		1.3798     0.2    0.2		4.1705503158		-1.0
	43964.99999996	12.29355		1.81677     0.2    0.2		4.1705503158		-1.0
	44009.99999996	11.10627		2.04744     0.2    0.2		4.1705503158		-1.0
	44054.99999996	9.95308		2.59462     0.2    0.2		4.1705503158		-1.0
	44099.99999996	8.79101		2.87294     0.2    0.2		4.1705503158		-1.0
	44144.99999996	7.74976		-2.90383     0.2    0.2		4.1705503158		-1.0
	44189.99999996	6.75166		-2.6922     0.2    0.2		4.1705503158		-1.0
	44234.99999996	5.80905		-2.23293     0.2    0.2		4.1705503158		-1.0
	44279.99999996	6.00974		-2.09581     0.2    0.2		4.1705503158		-1.0
	44324.99999996	7.12292		-2.09039     0.2    0.2		4.1705503158		-1.0
	44369.99999996	8.90769		-1.99554     0.2    0.2		4.1705503158		-1.0
	44414.99999996	10.67275		-2.15819     0.2    0.2		4.1705503158		-1.0
	44459.99999996	12.31493		-2.34655     0.2    0.2		4.1705503158		-1.0
	44504.99999996	13.39013		-3.01463     0.2    0.2		4.1705503158		-1.0
	44549.99999996	14.42175		2.52899     0.2    0.2		4.1705503158		-1.0
	44594.99999996	14.38987		1.74942     0.2    0.2		4.1705503158		-1.0
	44639.99999996	14.27493		0.89508     0.2    0.2		4.1705503158		-1.0
	44684.99999996	13.80098		0.67953     0.2    0.2		4.1705503158		-1.0
	44729.99999996	13.80085		2.80309     0.2    0.2		4.1705503158		-1.0
	44774.99999996	13.7996		2.25786     0.2    0.2		4.1705503158		-1.0
	44819.99999996	14.21541		1.51056     0.2    0.2		4.1705503158		-1.0
	44864.99999996	13.7589		0.86905     0.2    0.2		4.1705503158		-1.0
	44909.99999996	12.76767		0.40071     0.2    0.2		4.1705503158		-1.0
	44954.99999996	11.02987		-0.0831     0.2    0.2		4.1705503158		-1.0
	44999.99999996	9.79085		-0.80377     0.2    0.2		4.1705503158		-1.0
	45044.99999996	8.75155		-1.49626     0.2    0.2		4.1705503158		-1.0
	45089.99999996	8.52315		3.09833     0.2    0.2		4.1705503158		-1.0
	45134.99999996	8.83739		1.0896     0.2    0.2		4.1705503158		-1.0
	45179.99999996	10.05985		0.70411     0.2    0.2		4.1705503158		-1.0
	45224.99999996	11.38402		0.15817     0.2    0.2		4.1705503158		-1.0
	45269.99999996	12.74878		-0.169     0.2    0.2		4.1705503158		-1.0
	45314.99999996	13.26487		-1.02047     0.2    0.2		4.1705503158		-1.0
	45359.99999996	12.96515		-2.5742     0.2    0.2		4.1705503158		-1.0
	45404.99999996	12.45946		2.82212     0.2    0.2		4.1705503158		-1.0
	45449.99999996	12.07257		2.73384     0.2    0.2		4.1705503158		-1.0
	45494.99999996	12.13702		-2.43104     0.2    0.2		4.1705503158		-1.0
	45539.99999996	12.03423		-2.06494     0.2    0.2		4.1705503158		-1.0
	45584.99999996	11.63584		-2.13729     0.2    0.2		4.1705503158		-1.0
	45629.99999996	10.78078		-2.13303     0.2    0.2		4.1705503158		-1.0
	45674.99999996	9.83162		-2.36032     0.2    0.2		4.1705503158		-1.0
	45719.99999996	8.86049		-2.83595     0.2    0.2		4.1705503158		-1.0
	45764.99999996	7.28414		2.86202     0.2    0.2		4.1705503158		-1.0
	45809.99999996	7.33964		2.19728     0.2    0.2		4.1705503158		-1.0
	45854.99999996	8.18021		1.56551     0.2    0.2		4.1705503158		-1.0
	45899.99999996	9.2806		0.98963     0.2    0.2		4.1705503158		-1.0
	45944.99999996	10.41233		0.82181     0.2    0.2		4.1705503158		-1.0
	45989.99999996	11.99363		0.54385     0.2    0.2		4.1705503158		-1.0
	46034.99999996	13.31426		0.62156     0.2    0.2		4.1705503158		-1.0
	46079.99999996	14.74962		0.55615     0.2    0.2		4.1705503158		-1.0
	46124.99999996	16.36004		0.49398     0.2    0.2		4.1705503158		-1.0
	46169.99999996	18.01728		0.32661     0.2    0.2		4.1705503158		-1.0
	46214.99999996	19.70055		0.08085     0.2    0.2		4.1705503158		-1.0
	46259.99999996	20.8663		-0.14671     0.2    0.2		4.1705503158		-1.0
	46304.99999996	22.1046		-0.37862     0.2    0.2		4.1705503158		-1.0
	46349.99999996	23.1498		-0.68868     0.2    0.2		4.1705503158		-1.0
	46394.99999996	24.29085		-1.13727     0.2    0.2		4.1705503158		-1.0
	46439.99999996	25.47387		-1.45305     0.2    0.2		4.1705503158		-1.0
	46484.99999996	26.47599		-1.58529     0.2    0.2		4.1705503158		-1.0
	46529.99999996	26.85572		-2.59683     0.2    0.2		4.1705503158		-1.0
	46574.99999996	27.08377		-2.55912     0.2    0.2		4.1705503158		-1.0
	46619.99999996	28.25234		2.36854     0.2    0.2		4.1705503158		-1.0
	46664.99999996	28.11415		1.9075     0.2    0.2		4.1705503158		-1.0
	46709.99999996	27.50389		1.72787     0.2    0.2		4.1705503158		-1.0
	46754.99999995	26.71331		1.63208     0.2    0.2		4.1705503158		-1.0
	46799.99999995	25.73237		1.88281     0.2    0.2		4.1705503158		-1.0
	46844.99999995	25.33217		2.05106     0.2    0.2		4.1705503158		-1.0
	46889.99999995	25.02911		-0.73665     0.2    0.2		4.1705503158		-1.0
	46934.99999995	25.72221		-0.44339     0.2    0.2		4.1705503158		-1.0
	46979.99999995	26.22019		0.33289     0.2    0.2		4.1705503158		-1.0
	47024.99999995	25.73511		0.50158     0.2    0.2		4.1705503158		-1.0
	47069.99999995	24.84298		0.45007     0.2    0.2		4.1705503158		-1.0
	47114.99999995	23.73756		-0.0035     0.2    0.2		4.1705503158		-1.0
	47159.99999995	22.53954		-0.38443     0.2    0.2		4.1705503158		-1.0
	47204.99999995	21.54802		-1.24321     0.2    0.2		4.1705503158		-1.0
	47249.99999995	20.84448		-2.2286     0.2    0.2		4.1705503158		-1.0
	47294.99999995	20.58704		3.10229     0.2    0.2		4.1705503158		-1.0
	47339.99999995	20.70765		2.31188     0.2    0.2		4.1705503158		-1.0
	47384.99999995	20.75346		1.87107     0.2    0.2		4.1705503158		-1.0
	47429.99999995	21.17094		1.56258     0.2    0.2		4.1705503158		-1.0
	47474.99999995	22.20709		2.18374     0.2    0.2		4.1705503158		-1.0
	47519.99999995	23.60535		2.49521     0.2    0.2		4.1705503158		-1.0
	47564.99999995	24.95594		2.62066     0.2    0.2		4.1705503158		-1.0
	47609.99999995	26.01323		-3.11449     0.2    0.2		4.1705503158		-1.0
	47654.99999995	25.54235		2.31407     0.2    0.2		4.1705503158		-1.0
	47699.99999995	24.14089		2.07946     0.2    0.2		4.1705503158		-1.0
	47744.99999995	22.37821		1.73993     0.2    0.2		4.1705503158		-1.0
	47789.99999995	20.91351		1.72664     0.2    0.2		4.1705503158		-1.0
	47834.99999995	20.08774		1.8879     0.2    0.2		4.1705503158		-1.0
	47879.99999995	19.28802		1.99976     0.2    0.2		4.1705503158		-1.0
	47924.99999995	18.64152		2.01096     0.2    0.2		4.1705503158		-1.0
	47969.99999995	18.17622		1.43546     0.2    0.2		4.1705503158		-1.0
	48014.99999995	17.60524		0.62406     0.2    0.2		4.1705503158		-1.0
	48059.99999995	16.28714		-0.32256     0.2    0.2		4.1705503158		-1.0
	48104.99999995	14.83287		-2.72029     0.2    0.2		4.1705503158		-1.0
	48149.99999995	13.92446		1.29353     0.2    0.2		4.1705503158		-1.0
	48194.99999995	13.04839		0.0536     0.2    0.2		4.1705503158		-1.0
	48239.99999995	12.78288		-0.63177     0.2    0.2		4.1705503158		-1.0
	48284.99999995	12.37759		-1.91634     0.2    0.2		4.1705503158		-1.0
	48329.99999995	11.7071		-2.38745     0.2    0.2		4.1705503158		-1.0
	48374.99999995	10.96255		-3.00538     0.2    0.2		4.1705503158		-1.0
	48419.99999995	9.82295		-1.64377     0.2    0.2		4.1705503158		-1.0
	48464.99999995	9.38817		-2.09857     0.2    0.2		4.1705503158		-1.0
	48509.99999995	9.21072		-3.07049     0.2    0.2		4.1705503158		-1.0
	48554.99999995	9.74256		2.73056     0.2    0.2		4.1705503158		-1.0
	48599.99999995	11.09501		2.43425     0.2    0.2		4.1705503158		-1.0
	48644.99999995	12.4923		2.92324     0.2    0.2		4.1705503158		-1.0
	48689.99999995	13.27385		-1.68879     0.2    0.2		4.1705503158		-1.0
	48734.99999995	13.52799		-1.67471     0.2    0.2		4.1705503158		-1.0
	48779.99999995	14.2967		-1.73487     0.2    0.2		4.1705503158		-1.0
	48824.99999995	14.69946		-0.80131     0.2    0.2		4.1705503158		-1.0
	48869.99999995	15.04077		0.62932     0.2    0.2		4.1705503158		-1.0
	48914.99999995	15.18615		0.82551     0.2    0.2		4.1705503158		-1.0
	48959.99999995	15.75013		0.78868     0.2    0.2		4.1705503158		-1.0
	49004.99999995	15.86496		0.61351     0.2    0.2		4.1705503158		-1.0
	49049.99999995	16.04595		0.16444     0.2    0.2		4.1705503158		-1.0
	49094.99999995	15.71874		-0.37582     0.2    0.2		4.1705503158		-1.0
	49139.99999995	15.08902		-0.81167     0.2    0.2		4.1705503158		-1.0
	49184.99999995	15.32161		-1.37651     0.2    0.2		4.1705503158		-1.0
	49229.99999995	15.97535		-1.90879     0.2    0.2		4.1705503158		-1.0
	49274.99999995	16.60696		-1.80871     0.2    0.2		4.1705503158		-1.0
	49319.99999995	17.40232		-1.82741     0.2    0.2		4.1705503158		-1.0
	49364.99999995	18.2626		-1.21026     0.2    0.2		4.1705503158		-1.0
	49409.99999995	19.16407		-0.71551     0.2    0.2		4.1705503158		-1.0
	49454.99999995	19.83233		-0.23966     0.2    0.2		4.1705503158		-1.0
	49499.99999995	20.30694		-0.11153     0.2    0.2		4.1705503158		-1.0
	49544.99999995	19.86888		-0.02351     0.2    0.2		4.1705503158		-1.0
	49589.99999995	19.19424		-0.20756     0.2    0.2		4.1705503158		-1.0
	49634.99999995	18.6822		-1.0333     0.2    0.2		4.1705503158		-1.0
	49679.99999995	18.72063		-2.22751     0.2    0.2		4.1705503158		-1.0
	49724.99999995	19.35158		-2.53001     0.2    0.2		4.1705503158		-1.0
	49769.99999995	20.14953		-1.94378     0.2    0.2		4.1705503158		-1.0
	49814.99999995	20.59109		-1.10004     0.2    0.2		4.1705503158		-1.0
	49859.99999995	20.47402		-0.31063     0.2    0.2		4.1705503158		-1.0
	49904.99999995	20.60863		0.72633     0.2    0.2		4.1705503158		-1.0
	49949.99999995	20.01976		1.21147     0.2    0.2		4.1705503158		-1.0
	49994.99999995	20.19196		-2.94369     0.2    0.2		4.1705503158		-1.0
