	45.00000000	2.86908		0.04628     0.2    0.2		4.1705503158		-1.0
	90.00000000	2.90726		-0.13264     0.2    0.2		4.1705503158		-1.0
	135.00000000	2.98413		-0.52515     0.2    0.2		4.1705503158		-1.0
	180.00000000	2.86179		-0.87788     0.2    0.2		4.1705503158		-1.0
	225.00000000	2.90214		-1.10826     0.2    0.2		4.1705503158		-1.0
	270.00000000	2.98866		-1.34846     0.2    0.2		4.1705503158		-1.0
	315.00000000	2.9194		-1.6918     0.2    0.2		4.1705503158		-1.0
	360.00000000	2.90242		-2.0018     0.2    0.2		4.1705503158		-1.0
	405.00000000	2.84577		-2.28757     0.2    0.2		4.1705503158		-1.0
	450.00000000	3.00895		-2.65305     0.2    0.2		4.1705503158		-1.0
	495.00000000	2.98777		-3.01006     0.2    0.2		4.1705503158		-1.0
	540.00000000	2.89034		3.04465     0.2    0.2		4.1705503158		-1.0
	585.00000000	2.86393		2.72167     0.2    0.2		4.1705503158		-1.0
	630.00000000	2.97644		2.40769     0.2    0.2		4.1705503158		-1.0
	675.00000000	2.99133		1.9918     0.2    0.2		4.1705503158		-1.0
	720.00000000	2.84652		1.6281     0.2    0.2		4.1705503158		-1.0
	765.00000000	2.90549		1.17931     0.2    0.2		4.1705503158		-1.0
	810.00000000	2.97367		0.76656     0.2    0.2		4.1705503158		-1.0
	855.00000000	3.02298		0.01193     0.2    0.2		4.1705503158		-1.0
	900.00000000	2.8776		-0.73921     0.2    0.2		4.1705503158		-1.0
	945.00000000	2.7977		-1.01219     0.2    0.2		4.1705503158		-1.0
	990.00000000	2.86262		-1.47816     0.2    0.2		4.1705503158		-1.0
	1035.00000000	3.02532		-1.71393     0.2    0.2		4.1705503158		-1.0
	1080.00000000	3.10076		-2.16086     0.2    0.2		4.1705503158		-1.0
	1125.00000000	2.85776		-2.48277     0.2    0.2		4.1705503158		-1.0
	1170.00000000	2.76831		-2.82956     0.2    0.2		4.1705503158		-1.0
	1215.00000000	2.89716		3.12445     0.2    0.2		4.1705503158		-1.0
	1260.00000000	3.123		2.60474     0.2    0.2		4.1705503158		-1.0
	1305.00000000	3.01256		2.37914     0.2    0.2		4.1705503158		-1.0
	1350.00000000	2.90458		1.99818     0.2    0.2		4.1705503158		-1.0
	1395.00000000	2.74219		1.65068     0.2    0.2		4.1705503158		-1.0
	1440.00000000	3.08046		1.33105     0.2    0.2		4.1705503158		-1.0
	1485.00000000	2.985		0.907     0.2    0.2		4.1705503158		-1.0
	1530.00000000	2.92678		0.40402     0.2    0.2		4.1705503158		-1.0
	1575.00000000	2.71069		-0.10677     0.2    0.2		4.1705503158		-1.0
	1620.00000000	2.88868		-0.85303     0.2    0.2		4.1705503158		-1.0
	1665.00000000	2.96306		-0.99317     0.2    0.2		4.1705503158		-1.0
	1710.00000000	2.90728		-1.26288     0.2    0.2		4.1705503158		-1.0
	1755.00000000	2.89964		-1.83338     0.2    0.2		4.1705503158		-1.0
	1800.00000000	2.84074		-2.01802     0.2    0.2		4.1705503158		-1.0
	1845.00000000	2.8814		-2.45669     0.2    0.2		4.1705503158		-1.0
	1890.00000000	2.85805		-2.79327     0.2    0.2		4.1705503158		-1.0
	1935.00000000	3.03786		2.7564     0.2    0.2		4.1705503158		-1.0
	1980.00000000	2.88288		2.07695     0.2    0.2		4.1705503158		-1.0
	2025.00000000	2.90808		1.56132     0.2    0.2		4.1705503158		-1.0
	2070.00000000	2.83581		0.81842     0.2    0.2		4.1705503158		-1.0
	2115.00000000	2.98447		0.76322     0.2    0.2		4.1705503158		-1.0
	2160.00000000	2.97694		0.12016     0.2    0.2		4.1705503158		-1.0
	2205.00000000	2.92906		-0.05049     0.2    0.2		4.1705503158		-1.0
	2250.00000000	3.07872		-0.57658     0.2    0.2		4.1705503158		-1.0
	2295.00000000	2.86591		-0.27826     0.2    0.2		4.1705503158		-1.0
	2340.00000000	2.9556		-0.27663     0.2    0.2		4.1705503158		-1.0
	2385.00000000	2.97118		-0.19571     0.2    0.2		4.1705503158		-1.0
	2430.00000000	3.04643		-0.48437     0.2    0.2		4.1705503158		-1.0
	2475.00000000	2.86315		-0.54291     0.2    0.2		4.1705503158		-1.0
	2520.00000000	2.9624		-0.44663     0.2    0.2		4.1705503158		-1.0
	2565.00000000	3.10769		-0.15139     0.2    0.2		4.1705503158		-1.0
	2610.00000000	2.94292		0.47793     0.2    0.2		4.1705503158		-1.0
	2655.00000000	3.00467		0.60713     0.2    0.2		4.1705503158		-1.0
	2700.00000000	2.91697		1.0858     0.2    0.2		4.1705503158		-1.0
	2745.00000000	2.92857		1.31923     0.2    0.2		4.1705503158		-1.0
	2790.00000000	2.96326		1.69295     0.2    0.2		4.1705503158		-1.0
	2835.00000000	2.87993		2.01201     0.2    0.2		4.1705503158		-1.0
	2880.00000000	2.86652		2.57065     0.2    0.2		4.1705503158		-1.0
	2925.00000000	2.85218		2.73281     0.2    0.2		4.1705503158		-1.0
	2970.00000000	2.98368		-2.77811     0.2    0.2		4.1705503158		-1.0
	3015.00000000	2.98356		-2.96798     0.2    0.2		4.1705503158		-1.0
	3060.00000000	3.07504		-2.12548     0.2    0.2		4.1705503158		-1.0
	3105.00000000	2.98673		-2.45927     0.2    0.2		4.1705503158		-1.0
	3150.00000000	2.92136		-1.94478     0.2    0.2		4.1705503158		-1.0
	3195.00000000	2.89982		-2.06776     0.2    0.2		4.1705503158		-1.0
	3240.00000000	2.80132		-2.20081     0.2    0.2		4.1705503158		-1.0
	3285.00000000	2.77575		-1.90948     0.2    0.2		4.1705503158		-1.0
	3330.00000000	2.91776		-1.79315     0.2    0.2		4.1705503158		-1.0
	3375.00000000	2.78338		-1.29127     0.2    0.2		4.1705503158		-1.0
	3420.00000000	2.86212		-1.17006     0.2    0.2		4.1705503158		-1.0
	3465.00000000	2.89605		-0.9714     0.2    0.2		4.1705503158		-1.0
	3510.00000000	2.8857		-0.19866     0.2    0.2		4.1705503158		-1.0
	3555.00000000	2.92425		0.30937     0.2    0.2		4.1705503158		-1.0
	3600.00000000	3.01561		0.6917     0.2    0.2		4.1705503158		-1.0
	3645.00000000	2.9679		1.00381     0.2    0.2		4.1705503158		-1.0
	3690.00000000	3.0884		1.38179     0.2    0.2		4.1705503158		-1.0
	3735.00000000	2.94791		1.29528     0.2    0.2		4.1705503158		-1.0
	3780.00000000	2.97436		1.38376     0.2    0.2		4.1705503158		-1.0
	3825.00000000	2.98739		1.70931     0.2    0.2		4.1705503158		-1.0
	3870.00000000	2.92404		2.28767     0.2    0.2		4.1705503158		-1.0
	3915.00000000	2.92134		2.57745     0.2    0.2		4.1705503158		-1.0
	3960.00000000	2.99488		2.76295     0.2    0.2		4.1705503158		-1.0
	4005.00000000	2.9087		2.99556     0.2    0.2		4.1705503158		-1.0
	4050.00000000	2.89904		-2.58081     0.2    0.2		4.1705503158		-1.0
	4095.00000000	3.06349		-2.66885     0.2    0.2		4.1705503158		-1.0
	4140.00000000	2.84846		-2.21905     0.2    0.2		4.1705503158		-1.0
	4185.00000000	2.86472		-2.15     0.2    0.2		4.1705503158		-1.0
	4230.00000000	3.09404		-2.18141     0.2    0.2		4.1705503158		-1.0
	4275.00000000	2.97288		-2.29416     0.2    0.2		4.1705503158		-1.0
	4320.00000000	2.81067		-2.76253     0.2    0.2		4.1705503158		-1.0
	4365.00000000	2.80326		-3.00011     0.2    0.2		4.1705503158		-1.0
	4410.00000000	2.922		2.97224     0.2    0.2		4.1705503158		-1.0
	4455.00000000	3.07997		2.86091     0.2    0.2		4.1705503158		-1.0
	4500.00000000	2.79936		2.5392     0.2    0.2		4.1705503158		-1.0
	4545.00000000	2.80722		2.44595     0.2    0.2		4.1705503158		-1.0
	4590.00000000	3.02516		1.9175     0.2    0.2		4.1705503158		-1.0
	4635.00000000	2.95773		1.78712     0.2    0.2		4.1705503158		-1.0
	4680.00000000	2.84856		1.4229     0.2    0.2		4.1705503158		-1.0
	4725.00000000	2.87791		0.95879     0.2    0.2		4.1705503158		-1.0
	4770.00000000	2.93435		0.28922     0.2    0.2		4.1705503158		-1.0
	4815.00000000	3.04478		0.1544     0.2    0.2		4.1705503158		-1.0
	4860.00000000	2.97266		-0.55682     0.2    0.2		4.1705503158		-1.0
	4905.00000000	2.81596		-0.1485     0.2    0.2		4.1705503158		-1.0
	4950.00000000	2.80531		0.01889     0.2    0.2		4.1705503158		-1.0
	4995.00000000	2.81258		0.66517     0.2    0.2		4.1705503158		-1.0
	5040.00000000	2.85997		0.81054     0.2    0.2		4.1705503158		-1.0
	5085.00000000	2.8014		1.12227     0.2    0.2		4.1705503158		-1.0
	5130.00000000	3.02332		0.9637     0.2    0.2		4.1705503158		-1.0
	5175.00000000	3.10209		1.12303     0.2    0.2		4.1705503158		-1.0
	5220.00000000	3.21103		1.19491     0.2    0.2		4.1705503158		-1.0
	5265.00000000	3.10688		1.38655     0.2    0.2		4.1705503158		-1.0
	5310.00000000	2.83001		1.97168     0.2    0.2		4.1705503158		-1.0
	5355.00000000	2.79361		1.8749     0.2    0.2		4.1705503158		-1.0
	5400.00000000	2.99513		2.23233     0.2    0.2		4.1705503158		-1.0
	5445.00000000	3.14738		2.20793     0.2    0.2		4.1705503158		-1.0
	5490.00000000	3.0316		2.0328     0.2    0.2		4.1705503158		-1.0
	5535.00000000	3.13313		1.8689     0.2    0.2		4.1705503158		-1.0
	5580.00000000	3.20425		1.78638     0.2    0.2		4.1705503158		-1.0
	5625.00000000	2.89984		1.57677     0.2    0.2		4.1705503158		-1.0
	5670.00000000	2.92347		1.64012     0.2    0.2		4.1705503158		-1.0
	5715.00000000	2.76236		1.79667     0.2    0.2		4.1705503158		-1.0
	5760.00000000	2.76868		2.18741     0.2    0.2		4.1705503158		-1.0
	5805.00000000	2.76912		2.27844     0.2    0.2		4.1705503158		-1.0
	5850.00000000	3.14275		2.45675     0.2    0.2		4.1705503158		-1.0
	5895.00000000	2.99656		2.27132     0.2    0.2		4.1705503158		-1.0
	5940.00000000	3.14089		2.70492     0.2    0.2		4.1705503158		-1.0
	5985.00000000	2.81425		3.06026     0.2    0.2		4.1705503158		-1.0
	6030.00000000	3.08738		2.6347     0.2    0.2		4.1705503158		-1.0
	6075.00000000	3.07495		3.00507     0.2    0.2		4.1705503158		-1.0
	6120.00000000	2.86523		-3.03894     0.2    0.2		4.1705503158		-1.0
	6165.00000000	2.77266		-2.87203     0.2    0.2		4.1705503158		-1.0
	6210.00000000	2.94181		-2.51578     0.2    0.2		4.1705503158		-1.0
	6255.00000000	3.20814		-2.39371     0.2    0.2		4.1705503158		-1.0
	6300.00000000	2.99659		-2.08344     0.2    0.2		4.1705503158		-1.0
	6345.00000000	2.79114		-1.74096     0.2    0.2		4.1705503158		-1.0
	6390.00000000	3.02124		-1.60883     0.2    0.2		4.1705503158		-1.0
	6435.00000000	3.12277		-1.3277     0.2    0.2		4.1705503158		-1.0
	6480.00000000	2.96209		-1.26508     0.2    0.2		4.1705503158		-1.0
	6525.00000000	2.72737		-0.65431     0.2    0.2		4.1705503158		-1.0
	6570.00000000	3.10098		-0.83043     0.2    0.2		4.1705503158		-1.0
	6615.00000000	2.79708		-0.22777     0.2    0.2		4.1705503158		-1.0
	6660.00000000	3.06563		0.26953     0.2    0.2		4.1705503158		-1.0
	6705.00000000	3.18152		0.193     0.2    0.2		4.1705503158		-1.0
	6750.00000000	2.95553		1.02084     0.2    0.2		4.1705503158		-1.0
	6795.00000000	2.7345		1.11782     0.2    0.2		4.1705503158		-1.0
	6840.00000000	2.84643		1.40585     0.2    0.2		4.1705503158		-1.0
	6885.00000000	2.8818		1.52727     0.2    0.2		4.1705503158		-1.0
	6930.00000000	2.92356		1.85791     0.2    0.2		4.1705503158		-1.0
	6975.00000000	3.16609		1.97464     0.2    0.2		4.1705503158		-1.0
	7020.00000000	3.05118		2.33774     0.2    0.2		4.1705503158		-1.0
	7065.00000000	2.83134		2.545     0.2    0.2		4.1705503158		-1.0
	7110.00000000	3.12046		3.1005     0.2    0.2		4.1705503158		-1.0
	7155.00000000	3.00144		-2.8669     0.2    0.2		4.1705503158		-1.0
	7200.00000000	3.12947		-2.5521     0.2    0.2		4.1705503158		-1.0
	7245.00000000	2.96352		-2.30253     0.2    0.2		4.1705503158		-1.0
	7290.00000000	3.07318		-1.82899     0.2    0.2		4.1705503158		-1.0
	7335.00000000	2.99218		-1.60902     0.2    0.2		4.1705503158		-1.0
	7380.00000000	2.92266		-1.37561     0.2    0.2		4.1705503158		-1.0
	7425.00000000	3.1652		-0.93167     0.2    0.2		4.1705503158		-1.0
	7470.00000000	2.85399		-0.40978     0.2    0.2		4.1705503158		-1.0
	7515.00000000	2.88079		0.09372     0.2    0.2		4.1705503158		-1.0
	7560.00000000	3.13921		0.50044     0.2    0.2		4.1705503158		-1.0
	7605.00000000	2.97426		0.50755     0.2    0.2		4.1705503158		-1.0
	7650.00000000	2.64823		0.44032     0.2    0.2		4.1705503158		-1.0
	7695.00000000	2.80844		0.56931     0.2    0.2		4.1705503158		-1.0
	7740.00000000	2.77656		0.37752     0.2    0.2		4.1705503158		-1.0
	7785.00000000	2.8839		0.16107     0.2    0.2		4.1705503158		-1.0
	7830.00000000	2.85179		0.39476     0.2    0.2		4.1705503158		-1.0
	7875.00000000	2.78844		0.22745     0.2    0.2		4.1705503158		-1.0
	7920.00000000	2.74976		0.84758     0.2    0.2		4.1705503158		-1.0
	7965.00000000	2.68698		1.45183     0.2    0.2		4.1705503158		-1.0
	8010.00000000	2.92569		1.6054     0.2    0.2		4.1705503158		-1.0
	8055.00000000	2.68818		2.162     0.2    0.2		4.1705503158		-1.0
	8100.00000000	2.81045		2.31043     0.2    0.2		4.1705503158		-1.0
	8145.00000000	2.78902		2.51591     0.2    0.2		4.1705503158		-1.0
	8190.00000000	2.95071		2.89584     0.2    0.2		4.1705503158		-1.0
	8235.00000000	3.03952		2.92382     0.2    0.2		4.1705503158		-1.0
	8280.00000000	3.07806		-3.04643     0.2    0.2		4.1705503158		-1.0
	8325.00000000	2.99644		-2.82434     0.2    0.2		4.1705503158		-1.0
	8370.00000000	3.18603		-2.4408     0.2    0.2		4.1705503158		-1.0
	8415.00000000	2.78383		-1.9827     0.2    0.2		4.1705503158		-1.0
	8460.00000000	2.88436		-1.66829     0.2    0.2		4.1705503158		-1.0
	8505.00000000	3.23259		-1.13087     0.2    0.2		4.1705503158		-1.0
	8550.00000000	3.07236		-0.59757     0.2    0.2		4.1705503158		-1.0
	8595.00000000	2.68576		-0.35996     0.2    0.2		4.1705503158		-1.0
	8640.00000000	2.98115		0.50514     0.2    0.2		4.1705503158		-1.0
	8685.00000000	2.91523		0.82372     0.2    0.2		4.1705503158		-1.0
	8730.00000000	3.11852		0.83914     0.2    0.2		4.1705503158		-1.0
	8775.00000000	3.07424		0.96977     0.2    0.2		4.1705503158		-1.0
	8820.00000000	2.75756		1.37678     0.2    0.2		4.1705503158		-1.0
	8865.00000000	2.85211		1.22284     0.2    0.2		4.1705503158		-1.0
	8910.00000000	2.72269		1.09662     0.2    0.2		4.1705503158		-1.0
	8955.00000000	2.79998		0.22922     0.2    0.2		4.1705503158		-1.0
	9000.00000000	2.71889		0.47551     0.2    0.2		4.1705503158		-1.0
	9045.00000000	2.81461		0.29684     0.2    0.2		4.1705503158		-1.0
	9090.00000000	2.86718		-0.21377     0.2    0.2		4.1705503158		-1.0
	9135.00000000	3.27496		-0.37255     0.2    0.2		4.1705503158		-1.0
	9180.00000000	2.94743		-0.57981     0.2    0.2		4.1705503158		-1.0
	9225.00000000	3.07669		-0.78485     0.2    0.2		4.1705503158		-1.0
	9270.00000000	2.87534		-0.99411     0.2    0.2		4.1705503158		-1.0
	9315.00000000	3.14155		-1.38291     0.2    0.2		4.1705503158		-1.0
	9360.00000000	3.16255		-1.6983     0.2    0.2		4.1705503158		-1.0
	9405.00000000	2.77274		-1.77952     0.2    0.2		4.1705503158		-1.0
	9450.00000000	2.92004		-2.35802     0.2    0.2		4.1705503158		-1.0
	9495.00000000	2.76013		-2.0422     0.2    0.2		4.1705503158		-1.0
	9540.00000000	2.80353		-2.57014     0.2    0.2		4.1705503158		-1.0
	9585.00000000	2.77581		-2.98377     0.2    0.2		4.1705503158		-1.0
	9630.00000000	2.95956		3.06281     0.2    0.2		4.1705503158		-1.0
	9675.00000000	3.19059		3.08956     0.2    0.2		4.1705503158		-1.0
	9720.00000000	3.15701		2.89505     0.2    0.2		4.1705503158		-1.0
	9765.00000000	2.76636		2.76196     0.2    0.2		4.1705503158		-1.0
	9810.00000000	2.89732		2.4195     0.2    0.2		4.1705503158		-1.0
	9855.00000000	3.10563		2.06488     0.2    0.2		4.1705503158		-1.0
	9900.00000000	3.19044		1.74236     0.2    0.2		4.1705503158		-1.0
	9945.00000000	3.35387		1.68285     0.2    0.2		4.1705503158		-1.0
	9990.00000000	3.29254		1.21545     0.2    0.2		4.1705503158		-1.0
	10035.00000000	3.32704		0.813     0.2    0.2		4.1705503158		-1.0
	10080.00000000	3.22122		0.21941     0.2    0.2		4.1705503158		-1.0
	10125.00000000	3.11907		-0.52553     0.2    0.2		4.1705503158		-1.0
	10170.00000000	2.93162		-0.94713     0.2    0.2		4.1705503158		-1.0
	10215.00000000	2.90302		-1.05876     0.2    0.2		4.1705503158		-1.0
	10260.00000000	2.74698		-1.45318     0.2    0.2		4.1705503158		-1.0
	10305.00000000	3.29001		-1.42066     0.2    0.2		4.1705503158		-1.0
	10350.00000000	2.83587		-1.48321     0.2    0.2		4.1705503158		-1.0
	10395.00000000	2.87147		-1.75387     0.2    0.2		4.1705503158		-1.0
	10440.00000000	2.99278		-1.93494     0.2    0.2		4.1705503158		-1.0
	10485.00000000	3.12766		-1.89488     0.2    0.2		4.1705503158		-1.0
	10530.00000000	3.30241		-2.17113     0.2    0.2		4.1705503158		-1.0
	10575.00000000	2.7037		-2.516     0.2    0.2		4.1705503158		-1.0
	10620.00000000	2.73131		-2.45593     0.2    0.2		4.1705503158		-1.0
	10665.00000000	3.25794		-2.85682     0.2    0.2		4.1705503158		-1.0
	10710.00000000	3.27635		-2.70746     0.2    0.2		4.1705503158		-1.0
	10755.00000000	2.9668		-2.8515     0.2    0.2		4.1705503158		-1.0
	10800.00000000	3.29365		-2.94747     0.2    0.2		4.1705503158		-1.0
	10845.00000001	3.27852		-2.77588     0.2    0.2		4.1705503158		-1.0
	10890.00000001	2.72202		-2.8416     0.2    0.2		4.1705503158		-1.0
	10935.00000001	2.9704		-2.78238     0.2    0.2		4.1705503158		-1.0
	10980.00000001	3.08112		-2.61792     0.2    0.2		4.1705503158		-1.0
	11025.00000001	2.91846		-2.29515     0.2    0.2		4.1705503158		-1.0
	11070.00000001	3.48263		-2.03053     0.2    0.2		4.1705503158		-1.0
	11115.00000001	3.00092		-1.62002     0.2    0.2		4.1705503158		-1.0
	11160.00000001	3.21374		-1.55091     0.2    0.2		4.1705503158		-1.0
	11205.00000001	3.04858		-0.94169     0.2    0.2		4.1705503158		-1.0
	11250.00000001	3.28205		-0.77385     0.2    0.2		4.1705503158		-1.0
	11295.00000001	3.21443		0.2787     0.2    0.2		4.1705503158		-1.0
	11340.00000001	3.15452		0.65771     0.2    0.2		4.1705503158		-1.0
	11385.00000001	3.24605		0.64937     0.2    0.2		4.1705503158		-1.0
	11430.00000001	3.18387		1.20167     0.2    0.2		4.1705503158		-1.0
	11475.00000001	3.20965		1.45644     0.2    0.2		4.1705503158		-1.0
	11520.00000001	3.22926		1.18973     0.2    0.2		4.1705503158		-1.0
	11565.00000001	3.16203		0.90548     0.2    0.2		4.1705503158		-1.0
	11610.00000001	3.1279		0.63712     0.2    0.2		4.1705503158		-1.0
	11655.00000001	3.04857		0.95689     0.2    0.2		4.1705503158		-1.0
	11700.00000001	2.69818		0.35373     0.2    0.2		4.1705503158		-1.0
	11745.00000001	2.9451		-0.19101     0.2    0.2		4.1705503158		-1.0
	11790.00000001	2.97601		-0.26243     0.2    0.2		4.1705503158		-1.0
	11835.00000001	3.16134		-0.05249     0.2    0.2		4.1705503158		-1.0
	11880.00000001	3.31551		0.0582     0.2    0.2		4.1705503158		-1.0
	11925.00000001	3.30379		-0.39539     0.2    0.2		4.1705503158		-1.0
	11970.00000001	2.91122		-0.71352     0.2    0.2		4.1705503158		-1.0
	12015.00000001	2.82983		-0.78203     0.2    0.2		4.1705503158		-1.0
	12060.00000001	2.83251		-1.08449     0.2    0.2		4.1705503158		-1.0
	12105.00000001	2.83234		-0.67083     0.2    0.2		4.1705503158		-1.0
	12150.00000001	2.66687		-0.72817     0.2    0.2		4.1705503158		-1.0
	12195.00000001	2.71274		-0.45508     0.2    0.2		4.1705503158		-1.0
	12240.00000001	2.84358		0.29119     0.2    0.2		4.1705503158		-1.0
	12285.00000001	2.76627		0.85476     0.2    0.2		4.1705503158		-1.0
	12330.00000001	2.71949		1.13231     0.2    0.2		4.1705503158		-1.0
	12375.00000001	2.79324		1.31291     0.2    0.2		4.1705503158		-1.0
	12420.00000001	2.704		1.95319     0.2    0.2		4.1705503158		-1.0
	12465.00000001	2.86284		2.16446     0.2    0.2		4.1705503158		-1.0
	12510.00000001	2.73856		2.68697     0.2    0.2		4.1705503158		-1.0
	12555.00000001	2.73451		-2.90184     0.2    0.2		4.1705503158		-1.0
	12600.00000001	2.75015		-2.46433     0.2    0.2		4.1705503158		-1.0
	12645.00000001	2.69959		-2.1551     0.2    0.2		4.1705503158		-1.0
	12690.00000001	2.69337		-2.01186     0.2    0.2		4.1705503158		-1.0
	12735.00000001	2.81553		-1.58571     0.2    0.2		4.1705503158		-1.0
	12780.00000001	2.8184		-1.45669     0.2    0.2		4.1705503158		-1.0
	12825.00000001	2.8931		-1.28192     0.2    0.2		4.1705503158		-1.0
	12870.00000001	3.11237		-1.25544     0.2    0.2		4.1705503158		-1.0
	12915.00000001	3.2638		-0.49827     0.2    0.2		4.1705503158		-1.0
	12960.00000001	3.27303		0.00992     0.2    0.2		4.1705503158		-1.0
	13005.00000001	3.31723		0.48267     0.2    0.2		4.1705503158		-1.0
	13050.00000001	2.75167		0.78476     0.2    0.2		4.1705503158		-1.0
	13095.00000001	2.88035		1.14566     0.2    0.2		4.1705503158		-1.0
	13140.00000001	2.9764		1.60296     0.2    0.2		4.1705503158		-1.0
	13185.00000001	3.11113		1.55116     0.2    0.2		4.1705503158		-1.0
	13230.00000001	3.13572		2.10154     0.2    0.2		4.1705503158		-1.0
	13275.00000001	3.21452		2.46155     0.2    0.2		4.1705503158		-1.0
	13320.00000001	2.6661		2.89514     0.2    0.2		4.1705503158		-1.0
	13365.00000001	2.73914		3.11417     0.2    0.2		4.1705503158		-1.0
	13410.00000001	2.81011		-3.12484     0.2    0.2		4.1705503158		-1.0
	13455.00000001	3.09139		-3.00363     0.2    0.2		4.1705503158		-1.0
	13500.00000001	2.63178		2.87986     0.2    0.2		4.1705503158		-1.0
	13545.00000001	3.41538		2.86517     0.2    0.2		4.1705503158		-1.0
	13590.00000001	3.03307		2.35309     0.2    0.2		4.1705503158		-1.0
	13635.00000001	3.20915		2.20183     0.2    0.2		4.1705503158		-1.0
	13680.00000001	2.64335		1.95751     0.2    0.2		4.1705503158		-1.0
	13725.00000001	3.22385		1.72491     0.2    0.2		4.1705503158		-1.0
	13770.00000001	2.78331		1.99408     0.2    0.2		4.1705503158		-1.0
	13815.00000001	2.75211		1.64598     0.2    0.2		4.1705503158		-1.0
	13860.00000001	2.73793		1.80266     0.2    0.2		4.1705503158		-1.0
	13905.00000001	2.65859		1.487     0.2    0.2		4.1705503158		-1.0
	13950.00000001	2.79043		1.78497     0.2    0.2		4.1705503158		-1.0
	13995.00000001	2.76594		1.10672     0.2    0.2		4.1705503158		-1.0
	14040.00000001	2.69282		1.21409     0.2    0.2		4.1705503158		-1.0
	14085.00000001	2.7753		0.72307     0.2    0.2		4.1705503158		-1.0
	14130.00000001	2.74399		0.01496     0.2    0.2		4.1705503158		-1.0
	14175.00000001	2.76732		-0.40985     0.2    0.2		4.1705503158		-1.0
	14220.00000001	2.75155		-0.83429     0.2    0.2		4.1705503158		-1.0
	14265.00000000	2.69308		-1.09088     0.2    0.2		4.1705503158		-1.0
	14310.00000000	2.77886		-1.25181     0.2    0.2		4.1705503158		-1.0
	14355.00000000	2.84199		-1.45774     0.2    0.2		4.1705503158		-1.0
	14400.00000000	3.11955		-1.31796     0.2    0.2		4.1705503158		-1.0
	14445.00000000	3.24941		-1.69766     0.2    0.2		4.1705503158		-1.0
	14490.00000000	3.34092		-1.86947     0.2    0.2		4.1705503158		-1.0
	14535.00000000	3.42776		-1.93424     0.2    0.2		4.1705503158		-1.0
	14580.00000000	3.43772		-2.43757     0.2    0.2		4.1705503158		-1.0
	14625.00000000	2.97881		-2.54017     0.2    0.2		4.1705503158		-1.0
	14670.00000000	2.97917		-2.80664     0.2    0.2		4.1705503158		-1.0
	14715.00000000	3.41897		2.82337     0.2    0.2		4.1705503158		-1.0
	14760.00000000	3.1364		2.33915     0.2    0.2		4.1705503158		-1.0
	14805.00000000	3.06204		1.8037     0.2    0.2		4.1705503158		-1.0
	14850.00000000	3.36447		1.44321     0.2    0.2		4.1705503158		-1.0
	14895.00000000	3.3601		1.2033     0.2    0.2		4.1705503158		-1.0
	14940.00000000	2.78375		1.45215     0.2    0.2		4.1705503158		-1.0
	14985.00000000	3.6483		0.87728     0.2    0.2		4.1705503158		-1.0
	15030.00000000	2.78357		0.97261     0.2    0.2		4.1705503158		-1.0
	15075.00000000	2.72665		0.54487     0.2    0.2		4.1705503158		-1.0
	15120.00000000	2.68811		-0.22202     0.2    0.2		4.1705503158		-1.0
	15165.00000000	2.8646		-0.76705     0.2    0.2		4.1705503158		-1.0
	15210.00000000	3.15213		-1.02932     0.2    0.2		4.1705503158		-1.0
	15255.00000000	3.25791		-1.17329     0.2    0.2		4.1705503158		-1.0
	15300.00000000	3.33425		-1.26313     0.2    0.2		4.1705503158		-1.0
	15345.00000000	2.91843		-1.63827     0.2    0.2		4.1705503158		-1.0
	15390.00000000	3.47149		-1.39315     0.2    0.2		4.1705503158		-1.0
	15435.00000000	2.61963		-1.90974     0.2    0.2		4.1705503158		-1.0
	15480.00000000	3.01279		-1.9061     0.2    0.2		4.1705503158		-1.0
	15525.00000000	2.69201		-2.25644     0.2    0.2		4.1705503158		-1.0
	15570.00000000	2.77217		-2.34361     0.2    0.2		4.1705503158		-1.0
	15615.00000000	2.70664		-2.91569     0.2    0.2		4.1705503158		-1.0
	15660.00000000	2.95351		2.95182     0.2    0.2		4.1705503158		-1.0
	15705.00000000	3.32349		2.5092     0.2    0.2		4.1705503158		-1.0
	15750.00000000	3.21618		2.08451     0.2    0.2		4.1705503158		-1.0
	15795.00000000	3.42889		1.71577     0.2    0.2		4.1705503158		-1.0
	15840.00000000	3.32655		1.6741     0.2    0.2		4.1705503158		-1.0
	15885.00000000	3.39246		1.271     0.2    0.2		4.1705503158		-1.0
	15930.00000000	3.32771		0.80951     0.2    0.2		4.1705503158		-1.0
	15975.00000000	3.25382		0.13147     0.2    0.2		4.1705503158		-1.0
	16020.00000000	3.28899		-0.48502     0.2    0.2		4.1705503158		-1.0
	16065.00000000	3.31779		-0.98913     0.2    0.2		4.1705503158		-1.0
	16110.00000000	3.40778		-1.21804     0.2    0.2		4.1705503158		-1.0
	16155.00000000	2.9465		-1.7662     0.2    0.2		4.1705503158		-1.0
	16200.00000000	2.70396		-1.93007     0.2    0.2		4.1705503158		-1.0
	16245.00000000	2.62043		-2.34462     0.2    0.2		4.1705503158		-1.0
	16290.00000000	2.68714		-2.42342     0.2    0.2		4.1705503158		-1.0
	16335.00000000	3.32149		-2.279     0.2    0.2		4.1705503158		-1.0
	16380.00000000	3.14129		-2.1075     0.2    0.2		4.1705503158		-1.0
	16425.00000000	3.1437		-2.26463     0.2    0.2		4.1705503158		-1.0
	16470.00000000	3.14396		-2.1087     0.2    0.2		4.1705503158		-1.0
	16515.00000000	3.08075		-2.00203     0.2    0.2		4.1705503158		-1.0
	16560.00000000	3.0162		-2.26024     0.2    0.2		4.1705503158		-1.0
	16605.00000000	2.81869		-2.6269     0.2    0.2		4.1705503158		-1.0
	16650.00000000	3.24936		-2.90874     0.2    0.2		4.1705503158		-1.0
	16695.00000000	3.33807		-2.62923     0.2    0.2		4.1705503158		-1.0
	16740.00000000	3.08862		-2.74606     0.2    0.2		4.1705503158		-1.0
	16785.00000000	3.17861		-2.46393     0.2    0.2		4.1705503158		-1.0
	16830.00000000	3.20241		-2.2666     0.2    0.2		4.1705503158		-1.0
	16875.00000000	3.199		-2.34331     0.2    0.2		4.1705503158		-1.0
	16920.00000000	3.36612		-1.76745     0.2    0.2		4.1705503158		-1.0
	16965.00000000	3.27152		-1.76067     0.2    0.2		4.1705503158		-1.0
	17010.00000000	3.3166		-1.35296     0.2    0.2		4.1705503158		-1.0
	17055.00000000	2.84401		-1.23254     0.2    0.2		4.1705503158		-1.0
	17100.00000000	2.84505		-1.09612     0.2    0.2		4.1705503158		-1.0
	17145.00000000	2.66031		-0.46056     0.2    0.2		4.1705503158		-1.0
	17190.00000000	2.6579		-0.74713     0.2    0.2		4.1705503158		-1.0
	17235.00000000	3.21574		0.22499     0.2    0.2		4.1705503158		-1.0
	17280.00000000	2.7323		0.80748     0.2    0.2		4.1705503158		-1.0
	17325.00000000	2.8518		0.45256     0.2    0.2		4.1705503158		-1.0
	17370.00000000	3.166		0.49358     0.2    0.2		4.1705503158		-1.0
	17415.00000000	3.02252		0.53961     0.2    0.2		4.1705503158		-1.0
	17460.00000000	3.14375		0.08711     0.2    0.2		4.1705503158		-1.0
	17505.00000000	3.24393		-0.24182     0.2    0.2		4.1705503158		-1.0
	17550.00000000	3.19751		-0.30743     0.2    0.2		4.1705503158		-1.0
	17595.00000000	3.24994		-0.59592     0.2    0.2		4.1705503158		-1.0
	17640.00000000	3.10197		-0.97486     0.2    0.2		4.1705503158		-1.0
	17685.00000000	3.18936		-0.5955     0.2    0.2		4.1705503158		-1.0
	17730.00000000	2.86221		-0.49307     0.2    0.2		4.1705503158		-1.0
	17775.00000000	2.7059		0.3038     0.2    0.2		4.1705503158		-1.0
	17820.00000000	2.66188		0.91257     0.2    0.2		4.1705503158		-1.0
	17865.00000000	2.71069		0.38201     0.2    0.2		4.1705503158		-1.0
	17910.00000000	2.68616		-0.01586     0.2    0.2		4.1705503158		-1.0
	17955.00000000	2.62505		-0.37045     0.2    0.2		4.1705503158		-1.0
	18000.00000000	3.00722		-0.20448     0.2    0.2		4.1705503158		-1.0
	18045.00000000	2.99562		0.13997     0.2    0.2		4.1705503158		-1.0
	18090.00000000	2.60639		0.077     0.2    0.2		4.1705503158		-1.0
	18135.00000000	3.4395		-0.02069     0.2    0.2		4.1705503158		-1.0
	18180.00000000	3.45971		-0.3     0.2    0.2		4.1705503158		-1.0
	18225.00000000	3.3982		0.09673     0.2    0.2		4.1705503158		-1.0
	18270.00000000	3.11453		-0.05042     0.2    0.2		4.1705503158		-1.0
	18315.00000000	3.36424		0.01     0.2    0.2		4.1705503158		-1.0
	18360.00000000	2.56377		0.206     0.2    0.2		4.1705503158		-1.0
	18405.00000000	3.3187		0.49298     0.2    0.2		4.1705503158		-1.0
	18450.00000000	3.4752		0.60655     0.2    0.2		4.1705503158		-1.0
	18495.00000000	3.55379		1.08801     0.2    0.2		4.1705503158		-1.0
	18540.00000000	3.46498		1.11827     0.2    0.2		4.1705503158		-1.0
	18585.00000000	3.44041		1.16849     0.2    0.2		4.1705503158		-1.0
	18630.00000000	3.17368		1.37253     0.2    0.2		4.1705503158		-1.0
	18675.00000000	3.27367		1.4722     0.2    0.2		4.1705503158		-1.0
	18720.00000000	3.3973		1.36222     0.2    0.2		4.1705503158		-1.0
	18765.00000000	2.69306		1.89534     0.2    0.2		4.1705503158		-1.0
	18810.00000000	2.9345		2.20018     0.2    0.2		4.1705503158		-1.0
	18855.00000000	2.63615		2.49963     0.2    0.2		4.1705503158		-1.0
	18900.00000000	2.71943		2.92368     0.2    0.2		4.1705503158		-1.0
	18945.00000000	3.35936		-3.02938     0.2    0.2		4.1705503158		-1.0
	18990.00000000	3.59837		-2.58093     0.2    0.2		4.1705503158		-1.0
	19035.00000000	3.52902		-2.28155     0.2    0.2		4.1705503158		-1.0
	19080.00000000	3.37601		-2.2372     0.2    0.2		4.1705503158		-1.0
	19125.00000000	3.16873		-1.82455     0.2    0.2		4.1705503158		-1.0
	19170.00000000	3.15477		-1.64625     0.2    0.2		4.1705503158		-1.0
	19215.00000000	3.16704		-1.48561     0.2    0.2		4.1705503158		-1.0
	19260.00000000	2.9025		-1.18999     0.2    0.2		4.1705503158		-1.0
	19305.00000000	2.76315		-1.12377     0.2    0.2		4.1705503158		-1.0
	19350.00000000	3.38824		-0.50345     0.2    0.2		4.1705503158		-1.0
	19395.00000000	3.12913		-0.65399     0.2    0.2		4.1705503158		-1.0
	19440.00000000	2.96604		-0.25361     0.2    0.2		4.1705503158		-1.0
	19485.00000000	2.73511		0.00931     0.2    0.2		4.1705503158		-1.0
	19530.00000000	3.01729		-0.09324     0.2    0.2		4.1705503158		-1.0
	19575.00000000	3.03605		-0.37917     0.2    0.2		4.1705503158		-1.0
	19620.00000000	2.62062		-0.69807     0.2    0.2		4.1705503158		-1.0
	19665.00000000	2.66583		-0.5457     0.2    0.2		4.1705503158		-1.0
	19710.00000000	2.71893		-0.82899     0.2    0.2		4.1705503158		-1.0
	19755.00000000	2.72417		-0.64384     0.2    0.2		4.1705503158		-1.0
	19800.00000000	2.76683		-0.60073     0.2    0.2		4.1705503158		-1.0
	19845.00000000	2.64452		0.23433     0.2    0.2		4.1705503158		-1.0
	19890.00000000	2.72066		0.65113     0.2    0.2		4.1705503158		-1.0
	19935.00000000	2.6717		1.17448     0.2    0.2		4.1705503158		-1.0
	19980.00000000	2.70094		1.52638     0.2    0.2		4.1705503158		-1.0
	20025.00000000	2.6965		1.83184     0.2    0.2		4.1705503158		-1.0
	20070.00000000	2.72842		2.02346     0.2    0.2		4.1705503158		-1.0
	20115.00000000	2.7012		2.48161     0.2    0.2		4.1705503158		-1.0
	20160.00000000	2.76242		2.90254     0.2    0.2		4.1705503158		-1.0
	20205.00000000	3.5877		-2.9646     0.2    0.2		4.1705503158		-1.0
	20250.00000000	2.93103		-2.61401     0.2    0.2		4.1705503158		-1.0
	20295.00000000	2.82036		-2.53377     0.2    0.2		4.1705503158		-1.0
	20340.00000000	2.64601		-2.16281     0.2    0.2		4.1705503158		-1.0
	20385.00000000	2.6537		-1.91879     0.2    0.2		4.1705503158		-1.0
	20430.00000000	2.7038		-1.40085     0.2    0.2		4.1705503158		-1.0
	20475.00000000	2.68372		-1.41641     0.2    0.2		4.1705503158		-1.0
	20520.00000000	2.73661		-1.04134     0.2    0.2		4.1705503158		-1.0
	20565.00000000	2.64715		-1.00894     0.2    0.2		4.1705503158		-1.0
	20610.00000000	2.73151		-0.71433     0.2    0.2		4.1705503158		-1.0
	20655.00000000	2.65909		-1.10311     0.2    0.2		4.1705503158		-1.0
	20700.00000000	2.71304		-0.20382     0.2    0.2		4.1705503158		-1.0
	20744.99999999	2.73527		-0.07701     0.2    0.2		4.1705503158		-1.0
	20789.99999999	2.73893		0.37104     0.2    0.2		4.1705503158		-1.0
	20834.99999999	3.22332		0.91735     0.2    0.2		4.1705503158		-1.0
	20879.99999999	2.70805		0.83972     0.2    0.2		4.1705503158		-1.0
	20924.99999999	2.63445		1.31546     0.2    0.2		4.1705503158		-1.0
	20969.99999999	2.74738		1.36662     0.2    0.2		4.1705503158		-1.0
	21014.99999999	3.29704		1.23706     0.2    0.2		4.1705503158		-1.0
	21059.99999999	2.78626		1.73457     0.2    0.2		4.1705503158		-1.0
	21104.99999999	2.66078		2.13319     0.2    0.2		4.1705503158		-1.0
	21149.99999999	2.74414		2.55585     0.2    0.2		4.1705503158		-1.0
	21194.99999999	3.39615		2.77791     0.2    0.2		4.1705503158		-1.0
	21239.99999999	3.48471		3.03773     0.2    0.2		4.1705503158		-1.0
	21284.99999999	2.69879		-3.09031     0.2    0.2		4.1705503158		-1.0
	21329.99999999	2.75004		-2.75755     0.2    0.2		4.1705503158		-1.0
	21374.99999999	2.77006		-2.3844     0.2    0.2		4.1705503158		-1.0
	21419.99999999	2.8301		-1.87436     0.2    0.2		4.1705503158		-1.0
	21464.99999999	2.74247		-1.53464     0.2    0.2		4.1705503158		-1.0
	21509.99999999	2.67685		-1.54296     0.2    0.2		4.1705503158		-1.0
	21554.99999999	2.68709		-1.27298     0.2    0.2		4.1705503158		-1.0
	21599.99999999	2.65948		-1.2382     0.2    0.2		4.1705503158		-1.0
	21644.99999999	2.63832		-1.44021     0.2    0.2		4.1705503158		-1.0
	21689.99999999	2.67452		-1.53693     0.2    0.2		4.1705503158		-1.0
	21734.99999999	2.64243		-1.97547     0.2    0.2		4.1705503158		-1.0
	21779.99999999	2.78606		-2.32769     0.2    0.2		4.1705503158		-1.0
	21824.99999999	2.63241		-2.80297     0.2    0.2		4.1705503158		-1.0
	21869.99999999	3.33103		3.06836     0.2    0.2		4.1705503158		-1.0
	21914.99999999	3.2941		2.56742     0.2    0.2		4.1705503158		-1.0
	21959.99999999	3.45058		2.22404     0.2    0.2		4.1705503158		-1.0
	22004.99999999	3.32532		2.01749     0.2    0.2		4.1705503158		-1.0
	22049.99999999	3.36075		1.6624     0.2    0.2		4.1705503158		-1.0
	22094.99999999	3.2145		1.63123     0.2    0.2		4.1705503158		-1.0
	22139.99999999	3.38804		1.70729     0.2    0.2		4.1705503158		-1.0
	22184.99999999	3.4148		1.335     0.2    0.2		4.1705503158		-1.0
	22229.99999999	2.90729		1.98078     0.2    0.2		4.1705503158		-1.0
	22274.99999999	2.7784		1.53719     0.2    0.2		4.1705503158		-1.0
	22319.99999999	2.65259		2.27587     0.2    0.2		4.1705503158		-1.0
	22364.99999999	2.79232		2.34596     0.2    0.2		4.1705503158		-1.0
	22409.99999999	2.81202		2.5404     0.2    0.2		4.1705503158		-1.0
	22454.99999999	3.01249		2.9419     0.2    0.2		4.1705503158		-1.0
	22499.99999999	2.91745		-3.04904     0.2    0.2		4.1705503158		-1.0
	22544.99999999	3.52962		-2.91619     0.2    0.2		4.1705503158		-1.0
	22589.99999999	3.41881		-2.61266     0.2    0.2		4.1705503158		-1.0
	22634.99999999	3.50104		-2.19182     0.2    0.2		4.1705503158		-1.0
	22679.99999999	3.35354		-2.60299     0.2    0.2		4.1705503158		-1.0
	22724.99999999	3.31036		-2.30209     0.2    0.2		4.1705503158		-1.0
	22769.99999999	3.3746		-1.9828     0.2    0.2		4.1705503158		-1.0
	22814.99999999	3.43744		-2.01995     0.2    0.2		4.1705503158		-1.0
	22859.99999999	3.47176		-1.5216     0.2    0.2		4.1705503158		-1.0
	22904.99999999	3.38033		-1.46194     0.2    0.2		4.1705503158		-1.0
	22949.99999999	3.31926		-0.89479     0.2    0.2		4.1705503158		-1.0
	22994.99999999	3.24863		-0.55772     0.2    0.2		4.1705503158		-1.0
	23039.99999999	3.33604		0.37603     0.2    0.2		4.1705503158		-1.0
	23084.99999999	3.44706		0.50285     0.2    0.2		4.1705503158		-1.0
	23129.99999999	3.21965		1.09476     0.2    0.2		4.1705503158		-1.0
	23174.99999999	2.62097		1.54427     0.2    0.2		4.1705503158		-1.0
	23219.99999999	2.68934		1.86318     0.2    0.2		4.1705503158		-1.0
	23264.99999999	2.69492		2.16241     0.2    0.2		4.1705503158		-1.0
	23309.99999999	2.70809		2.65934     0.2    0.2		4.1705503158		-1.0
	23354.99999999	2.66236		3.11033     0.2    0.2		4.1705503158		-1.0
	23399.99999999	2.70094		3.01961     0.2    0.2		4.1705503158		-1.0
	23444.99999999	3.42271		2.95253     0.2    0.2		4.1705503158		-1.0
	23489.99999999	2.90464		-3.12441     0.2    0.2		4.1705503158		-1.0
	23534.99999999	3.37682		3.0858     0.2    0.2		4.1705503158		-1.0
	23579.99999999	3.39721		-3.10852     0.2    0.2		4.1705503158		-1.0
	23624.99999999	3.17871		-3.00768     0.2    0.2		4.1705503158		-1.0
	23669.99999999	2.96477		-3.03976     0.2    0.2		4.1705503158		-1.0
	23714.99999999	3.08847		2.7525     0.2    0.2		4.1705503158		-1.0
	23759.99999999	3.16437		2.357     0.2    0.2		4.1705503158		-1.0
	23804.99999999	3.25952		1.85137     0.2    0.2		4.1705503158		-1.0
	23849.99999999	3.30417		2.04119     0.2    0.2		4.1705503158		-1.0
	23894.99999999	2.94798		1.75897     0.2    0.2		4.1705503158		-1.0
	23939.99999999	2.79998		2.22688     0.2    0.2		4.1705503158		-1.0
	23984.99999999	3.27131		2.75965     0.2    0.2		4.1705503158		-1.0
	24029.99999999	3.14894		2.67364     0.2    0.2		4.1705503158		-1.0
	24074.99999999	3.22728		2.44937     0.2    0.2		4.1705503158		-1.0
	24119.99999999	3.33566		2.33867     0.2    0.2		4.1705503158		-1.0
	24164.99999999	3.35519		2.24066     0.2    0.2		4.1705503158		-1.0
	24209.99999999	3.22217		1.91154     0.2    0.2		4.1705503158		-1.0
	24254.99999999	3.41841		1.86713     0.2    0.2		4.1705503158		-1.0
	24299.99999999	3.43311		1.88423     0.2    0.2		4.1705503158		-1.0
	24344.99999999	3.4324		2.29179     0.2    0.2		4.1705503158		-1.0
	24389.99999999	3.4372		2.2824     0.2    0.2		4.1705503158		-1.0
	24434.99999999	2.97066		2.73344     0.2    0.2		4.1705503158		-1.0
	24479.99999999	2.70265		2.75312     0.2    0.2		4.1705503158		-1.0
	24524.99999999	2.60342		2.93653     0.2    0.2		4.1705503158		-1.0
	24569.99999999	3.34236		2.8663     0.2    0.2		4.1705503158		-1.0
	24614.99999999	3.13089		2.7771     0.2    0.2		4.1705503158		-1.0
	24659.99999999	2.72612		2.6774     0.2    0.2		4.1705503158		-1.0
	24704.99999999	2.70839		2.35655     0.2    0.2		4.1705503158		-1.0
	24749.99999999	2.65174		1.99849     0.2    0.2		4.1705503158		-1.0
	24794.99999999	2.67032		2.14503     0.2    0.2		4.1705503158		-1.0
	24839.99999999	2.65648		1.83253     0.2    0.2		4.1705503158		-1.0
	24884.99999999	2.68112		1.77045     0.2    0.2		4.1705503158		-1.0
	24929.99999999	2.7963		1.84847     0.2    0.2		4.1705503158		-1.0
	24974.99999999	3.48057		1.70985     0.2    0.2		4.1705503158		-1.0
	25019.99999999	3.34618		1.52733     0.2    0.2		4.1705503158		-1.0
	25064.99999999	3.18828		1.49466     0.2    0.2		4.1705503158		-1.0
	25109.99999999	2.75078		1.22979     0.2    0.2		4.1705503158		-1.0
	25154.99999999	3.28332		0.87669     0.2    0.2		4.1705503158		-1.0
	25199.99999999	2.58074		0.56861     0.2    0.2		4.1705503158		-1.0
	25244.99999999	3.40035		0.1983     0.2    0.2		4.1705503158		-1.0
	25289.99999999	2.9649		-0.1762     0.2    0.2		4.1705503158		-1.0
	25334.99999999	3.25777		-0.12197     0.2    0.2		4.1705503158		-1.0
	25379.99999999	2.76674		0.20451     0.2    0.2		4.1705503158		-1.0
	25424.99999999	2.71264		0.14674     0.2    0.2		4.1705503158		-1.0
	25469.99999999	2.76251		0.56599     0.2    0.2		4.1705503158		-1.0
	25514.99999999	2.64941		0.81982     0.2    0.2		4.1705503158		-1.0
	25559.99999999	3.45623		0.44569     0.2    0.2		4.1705503158		-1.0
	25604.99999999	3.28406		0.792     0.2    0.2		4.1705503158		-1.0
	25649.99999999	3.14774		0.6264     0.2    0.2		4.1705503158		-1.0
	25694.99999999	3.26873		0.07931     0.2    0.2		4.1705503158		-1.0
	25739.99999999	3.26942		-0.67304     0.2    0.2		4.1705503158		-1.0
	25784.99999999	3.00546		-1.44253     0.2    0.2		4.1705503158		-1.0
	25829.99999999	3.29496		-1.70987     0.2    0.2		4.1705503158		-1.0
	25874.99999999	3.39695		-2.48138     0.2    0.2		4.1705503158		-1.0
	25919.99999999	3.43105		-2.9227     0.2    0.2		4.1705503158		-1.0
	25964.99999999	2.98019		-3.14083     0.2    0.2		4.1705503158		-1.0
	26009.99999999	3.0893		2.87591     0.2    0.2		4.1705503158		-1.0
	26054.99999999	2.64641		2.44623     0.2    0.2		4.1705503158		-1.0
	26099.99999999	2.79614		2.36995     0.2    0.2		4.1705503158		-1.0
	26144.99999999	3.58217		1.89752     0.2    0.2		4.1705503158		-1.0
	26189.99999999	3.22775		2.19545     0.2    0.2		4.1705503158		-1.0
	26234.99999999	3.30518		1.94413     0.2    0.2		4.1705503158		-1.0
	26279.99999999	3.4659		2.26459     0.2    0.2		4.1705503158		-1.0
	26324.99999999	3.17956		2.3722     0.2    0.2		4.1705503158		-1.0
	26369.99999999	2.65043		2.79213     0.2    0.2		4.1705503158		-1.0
	26414.99999999	3.66364		2.88612     0.2    0.2		4.1705503158		-1.0
	26459.99999999	3.49566		2.71735     0.2    0.2		4.1705503158		-1.0
	26504.99999999	3.31501		3.12502     0.2    0.2		4.1705503158		-1.0
	26549.99999999	3.59033		2.59384     0.2    0.2		4.1705503158		-1.0
	26594.99999999	3.15239		2.68267     0.2    0.2		4.1705503158		-1.0
	26639.99999999	3.35884		2.47947     0.2    0.2		4.1705503158		-1.0
	26684.99999999	3.26289		2.29394     0.2    0.2		4.1705503158		-1.0
	26729.99999999	3.08316		1.73557     0.2    0.2		4.1705503158		-1.0
	26774.99999999	3.14376		1.29195     0.2    0.2		4.1705503158		-1.0
	26819.99999999	3.27425		0.97458     0.2    0.2		4.1705503158		-1.0
	26864.99999999	3.22407		0.49958     0.2    0.2		4.1705503158		-1.0
	26909.99999999	3.29046		-0.05239     0.2    0.2		4.1705503158		-1.0
	26954.99999999	3.27889		-0.57703     0.2    0.2		4.1705503158		-1.0
	26999.99999999	3.25102		-0.94445     0.2    0.2		4.1705503158		-1.0
	27044.99999999	3.30253		-1.09742     0.2    0.2		4.1705503158		-1.0
	27089.99999999	3.51927		-1.32964     0.2    0.2		4.1705503158		-1.0
	27134.99999999	3.12133		-1.53857     0.2    0.2		4.1705503158		-1.0
	27179.99999999	3.37077		-1.91217     0.2    0.2		4.1705503158		-1.0
	27224.99999998	2.70666		-2.07816     0.2    0.2		4.1705503158		-1.0
	27269.99999998	2.75046		-2.48559     0.2    0.2		4.1705503158		-1.0
	27314.99999998	2.71177		-2.60066     0.2    0.2		4.1705503158		-1.0
	27359.99999998	2.65391		-2.98276     0.2    0.2		4.1705503158		-1.0
	27404.99999998	2.8089		2.81812     0.2    0.2		4.1705503158		-1.0
	27449.99999998	2.62314		2.45234     0.2    0.2		4.1705503158		-1.0
	27494.99999998	2.66409		2.12469     0.2    0.2		4.1705503158		-1.0
	27539.99999998	2.67056		1.98805     0.2    0.2		4.1705503158		-1.0
	27584.99999998	2.71991		2.30345     0.2    0.2		4.1705503158		-1.0
	27629.99999998	2.63919		2.28411     0.2    0.2		4.1705503158		-1.0
	27674.99999998	2.68064		2.93627     0.2    0.2		4.1705503158		-1.0
	27719.99999998	2.7041		-3.01056     0.2    0.2		4.1705503158		-1.0
	27764.99999998	2.68742		-2.40197     0.2    0.2		4.1705503158		-1.0
	27809.99999998	2.60332		-2.45073     0.2    0.2		4.1705503158		-1.0
	27854.99999998	2.64679		-1.92213     0.2    0.2		4.1705503158		-1.0
	27899.99999998	2.72292		-2.0696     0.2    0.2		4.1705503158		-1.0
	27944.99999998	2.66197		-1.7273     0.2    0.2		4.1705503158		-1.0
	27989.99999998	2.68773		-1.66042     0.2    0.2		4.1705503158		-1.0
	28034.99999998	2.69956		-1.51803     0.2    0.2		4.1705503158		-1.0
	28079.99999998	2.82095		-1.70106     0.2    0.2		4.1705503158		-1.0
	28124.99999998	2.83017		-1.8155     0.2    0.2		4.1705503158		-1.0
	28169.99999998	2.94027		-2.27088     0.2    0.2		4.1705503158		-1.0
	28214.99999998	3.15137		-2.53747     0.2    0.2		4.1705503158		-1.0
	28259.99999998	3.45652		-2.6274     0.2    0.2		4.1705503158		-1.0
	28304.99999998	3.32777		-2.8276     0.2    0.2		4.1705503158		-1.0
	28349.99999998	3.1993		-3.13877     0.2    0.2		4.1705503158		-1.0
	28394.99999998	3.40992		2.8829     0.2    0.2		4.1705503158		-1.0
	28439.99999998	3.38954		2.71168     0.2    0.2		4.1705503158		-1.0
	28484.99999998	3.06614		2.02911     0.2    0.2		4.1705503158		-1.0
	28529.99999998	3.65387		1.95985     0.2    0.2		4.1705503158		-1.0
	28574.99999998	3.65826		1.22991     0.2    0.2		4.1705503158		-1.0
	28619.99999998	2.88685		0.85264     0.2    0.2		4.1705503158		-1.0
	28664.99999998	3.00166		0.75007     0.2    0.2		4.1705503158		-1.0
	28709.99999998	3.52923		-0.07485     0.2    0.2		4.1705503158		-1.0
	28754.99999998	3.54338		-0.52214     0.2    0.2		4.1705503158		-1.0
	28799.99999998	3.25751		-1.08718     0.2    0.2		4.1705503158		-1.0
	28844.99999998	3.51605		-1.20822     0.2    0.2		4.1705503158		-1.0
	28889.99999998	3.14992		-1.4207     0.2    0.2		4.1705503158		-1.0
	28934.99999998	3.67212		-1.60314     0.2    0.2		4.1705503158		-1.0
	28979.99999998	3.4037		-2.01049     0.2    0.2		4.1705503158		-1.0
	29024.99999998	3.23937		-2.01975     0.2    0.2		4.1705503158		-1.0
	29069.99999998	3.24877		-2.32674     0.2    0.2		4.1705503158		-1.0
	29114.99999998	3.6692		-2.36881     0.2    0.2		4.1705503158		-1.0
	29159.99999998	3.12941		-2.67312     0.2    0.2		4.1705503158		-1.0
	29204.99999998	3.23434		-2.70343     0.2    0.2		4.1705503158		-1.0
	29249.99999998	3.48172		-2.86701     0.2    0.2		4.1705503158		-1.0
	29294.99999998	3.21859		-3.09531     0.2    0.2		4.1705503158		-1.0
	29339.99999998	3.81445		2.91686     0.2    0.2		4.1705503158		-1.0
	29384.99999998	3.24142		2.58926     0.2    0.2		4.1705503158		-1.0
	29429.99999998	3.12815		2.01872     0.2    0.2		4.1705503158		-1.0
	29474.99999998	3.53672		1.45817     0.2    0.2		4.1705503158		-1.0
	29519.99999998	3.06567		1.09977     0.2    0.2		4.1705503158		-1.0
	29564.99999998	3.10128		0.27375     0.2    0.2		4.1705503158		-1.0
	29609.99999998	2.99546		0.00037     0.2    0.2		4.1705503158		-1.0
	29654.99999998	3.30257		-0.69507     0.2    0.2		4.1705503158		-1.0
	29699.99999998	3.59141		-0.93192     0.2    0.2		4.1705503158		-1.0
	29744.99999998	3.18061		-1.49721     0.2    0.2		4.1705503158		-1.0
	29789.99999998	3.41965		-1.61314     0.2    0.2		4.1705503158		-1.0
	29834.99999998	3.42522		-1.81831     0.2    0.2		4.1705503158		-1.0
	29879.99999998	3.44195		-1.778     0.2    0.2		4.1705503158		-1.0
	29924.99999998	3.67171		-2.08929     0.2    0.2		4.1705503158		-1.0
	29969.99999998	3.0329		-2.09532     0.2    0.2		4.1705503158		-1.0
	30014.99999998	4.36609		-1.91217     0.2    0.2		4.1705503158		-1.0
	30059.99999998	6.67054		-1.88988     0.2    0.2		4.1705503158		-1.0
	30104.99999998	8.55659		-2.0963     0.2    0.2		4.1705503158		-1.0
	30149.99999998	10.34866		-1.74778     0.2    0.2		4.1705503158		-1.0
	30194.99999998	11.8556		-1.57801     0.2    0.2		4.1705503158		-1.0
	30239.99999998	13.32407		-0.83146     0.2    0.2		4.1705503158		-1.0
	30284.99999998	14.73257		-0.25246     0.2    0.2		4.1705503158		-1.0
	30329.99999998	15.80486		-0.30445     0.2    0.2		4.1705503158		-1.0
	30374.99999998	17.02095		-0.2038     0.2    0.2		4.1705503158		-1.0
	30419.99999998	18.07134		-0.24355     0.2    0.2		4.1705503158		-1.0
	30464.99999998	19.09362		-0.20083     0.2    0.2		4.1705503158		-1.0
	30509.99999998	20.03493		-0.37695     0.2    0.2		4.1705503158		-1.0
	30554.99999998	21.11254		-0.44369     0.2    0.2		4.1705503158		-1.0
	30599.99999998	22.09417		-0.79514     0.2    0.2		4.1705503158		-1.0
	30644.99999998	23.06781		-0.91112     0.2    0.2		4.1705503158		-1.0
	30689.99999998	23.97378		-1.76527     0.2    0.2		4.1705503158		-1.0
	30734.99999998	24.33371		-2.85669     0.2    0.2		4.1705503158		-1.0
	30779.99999998	23.43289		2.85827     0.2    0.2		4.1705503158		-1.0
	30824.99999998	22.45988		-2.86326     0.2    0.2		4.1705503158		-1.0
	30869.99999998	21.58775		-1.88773     0.2    0.2		4.1705503158		-1.0
	30914.99999998	20.85223		-1.19976     0.2    0.2		4.1705503158		-1.0
	30959.99999998	20.22326		-0.89771     0.2    0.2		4.1705503158		-1.0
	31004.99999998	19.31784		-0.57649     0.2    0.2		4.1705503158		-1.0
	31049.99999998	18.15763		-0.34657     0.2    0.2		4.1705503158		-1.0
	31094.99999998	17.09582		0.14359     0.2    0.2		4.1705503158		-1.0
	31139.99999998	16.02616		0.64721     0.2    0.2		4.1705503158		-1.0
	31184.99999998	15.19104		1.04921     0.2    0.2		4.1705503158		-1.0
	31229.99999998	14.16165		1.45722     0.2    0.2		4.1705503158		-1.0
	31274.99999998	13.36375		1.74363     0.2    0.2		4.1705503158		-1.0
	31319.99999998	12.31244		2.30515     0.2    0.2		4.1705503158		-1.0
	31364.99999998	11.51088		3.07213     0.2    0.2		4.1705503158		-1.0
	31409.99999998	10.52255		-1.99915     0.2    0.2		4.1705503158		-1.0
	31454.99999998	9.70117		-1.65509     0.2    0.2		4.1705503158		-1.0
	31499.99999998	8.56192		-1.31549     0.2    0.2		4.1705503158		-1.0
	31544.99999998	7.56316		-1.24368     0.2    0.2		4.1705503158		-1.0
	31589.99999998	6.46339		-1.1233     0.2    0.2		4.1705503158		-1.0
	31634.99999998	5.75184		-1.13401     0.2    0.2		4.1705503158		-1.0
	31679.99999998	5.68815		-1.1947     0.2    0.2		4.1705503158		-1.0
	31724.99999998	6.66265		-1.65197     0.2    0.2		4.1705503158		-1.0
	31769.99999998	8.19997		-1.78287     0.2    0.2		4.1705503158		-1.0
	31814.99999998	9.73647		-2.24272     0.2    0.2		4.1705503158		-1.0
	31859.99999998	11.14674		-2.51356     0.2    0.2		4.1705503158		-1.0
	31904.99999998	12.19719		-2.91886     0.2    0.2		4.1705503158		-1.0
	31949.99999998	13.25053		3.05884     0.2    0.2		4.1705503158		-1.0
	31994.99999998	14.02942		2.79148     0.2    0.2		4.1705503158		-1.0
	32039.99999998	14.88038		2.4741     0.2    0.2		4.1705503158		-1.0
	32084.99999998	15.50815		1.68827     0.2    0.2		4.1705503158		-1.0
	32129.99999998	16.00802		0.48863     0.2    0.2		4.1705503158		-1.0
	32174.99999998	16.36958		0.07516     0.2    0.2		4.1705503158		-1.0
	32219.99999998	16.28947		-0.41628     0.2    0.2		4.1705503158		-1.0
	32264.99999998	16.61566		-0.58165     0.2    0.2		4.1705503158		-1.0
	32309.99999998	17.03578		-1.20349     0.2    0.2		4.1705503158		-1.0
	32354.99999998	17.89536		-1.3467     0.2    0.2		4.1705503158		-1.0
	32399.99999998	18.75029		-2.02343     0.2    0.2		4.1705503158		-1.0
	32444.99999998	20.02466		-2.37723     0.2    0.2		4.1705503158		-1.0
	32489.99999998	21.41534		-2.72827     0.2    0.2		4.1705503158		-1.0
	32534.99999998	22.91687		-2.87267     0.2    0.2		4.1705503158		-1.0
	32579.99999998	24.52793		-2.90057     0.2    0.2		4.1705503158		-1.0
	32624.99999998	26.1345		-2.77327     0.2    0.2		4.1705503158		-1.0
	32669.99999998	27.51748		-2.53399     0.2    0.2		4.1705503158		-1.0
	32714.99999998	28.84859		-2.13907     0.2    0.2		4.1705503158		-1.0
	32759.99999998	30.18493		-1.99385     0.2    0.2		4.1705503158		-1.0
	32804.99999998	31.19674		0.43764     0.2    0.2		4.1705503158		-1.0
	32849.99999998	31.09855		-0.28804     0.2    0.2		4.1705503158		-1.0
	32894.99999998	30.98767		-0.70096     0.2    0.2		4.1705503158		-1.0
	32939.99999998	30.80709		-1.54388     0.2    0.2		4.1705503158		-1.0
	32984.99999998	30.65865		-2.32148     0.2    0.2		4.1705503158		-1.0
	33029.99999998	30.44133		2.35442     0.2    0.2		4.1705503158		-1.0
	33074.99999998	30.32176		0.45599     0.2    0.2		4.1705503158		-1.0
	33119.99999998	29.89247		-0.52831     0.2    0.2		4.1705503158		-1.0
	33164.99999998	29.237		-1.39104     0.2    0.2		4.1705503158		-1.0
	33209.99999998	28.41884		-2.15247     0.2    0.2		4.1705503158		-1.0
	33254.99999998	27.651		-2.79446     0.2    0.2		4.1705503158		-1.0
	33299.99999998	26.959		2.9267     0.2    0.2		4.1705503158		-1.0
	33344.99999998	26.50313		-2.80237     0.2    0.2		4.1705503158		-1.0
	33389.99999998	25.90158		-1.52497     0.2    0.2		4.1705503158		-1.0
	33434.99999998	25.74512		-0.16148     0.2    0.2		4.1705503158		-1.0
	33479.99999998	25.1913		-0.09489     0.2    0.2		4.1705503158		-1.0
	33524.99999998	24.25533		-0.59251     0.2    0.2		4.1705503158		-1.0
	33569.99999998	23.26164		-1.01262     0.2    0.2		4.1705503158		-1.0
	33614.99999998	22.59094		-1.95848     0.2    0.2		4.1705503158		-1.0
	33659.99999998	22.55652		-2.54502     0.2    0.2		4.1705503158		-1.0
	33704.99999998	21.82224		-2.75551     0.2    0.2		4.1705503158		-1.0
	33749.99999997	20.9402		-2.84687     0.2    0.2		4.1705503158		-1.0
	33794.99999997	19.21257		-2.69971     0.2    0.2		4.1705503158		-1.0
	33839.99999997	17.41512		-2.77022     0.2    0.2		4.1705503158		-1.0
	33884.99999997	15.66504		-2.34279     0.2    0.2		4.1705503158		-1.0
	33929.99999997	14.13752		-1.69291     0.2    0.2		4.1705503158		-1.0
	33974.99999997	13.52996		0.00306     0.2    0.2		4.1705503158		-1.0
	34019.99999997	13.05043		0.79068     0.2    0.2		4.1705503158		-1.0
	34064.99999997	13.47299		1.34661     0.2    0.2		4.1705503158		-1.0
	34109.99999997	13.77346		1.89716     0.2    0.2		4.1705503158		-1.0
	34154.99999997	14.62289		2.0915     0.2    0.2		4.1705503158		-1.0
	34199.99999997	15.54208		1.66648     0.2    0.2		4.1705503158		-1.0
	34244.99999997	15.78514		0.51178     0.2    0.2		4.1705503158		-1.0
	34289.99999997	15.1795		-0.18831     0.2    0.2		4.1705503158		-1.0
	34334.99999997	14.71236		-0.34976     0.2    0.2		4.1705503158		-1.0
	34379.99999997	14.29066		-0.41333     0.2    0.2		4.1705503158		-1.0
	34424.99999997	14.37885		0.01635     0.2    0.2		4.1705503158		-1.0
	34469.99999997	14.43062		0.26878     0.2    0.2		4.1705503158		-1.0
	34514.99999997	13.96792		0.44551     0.2    0.2		4.1705503158		-1.0
	34559.99999997	12.89274		0.59998     0.2    0.2		4.1705503158		-1.0
	34604.99999997	11.4845		0.56396     0.2    0.2		4.1705503158		-1.0
	34649.99999997	9.82656		0.62021     0.2    0.2		4.1705503158		-1.0
	34694.99999997	8.15299		0.74568     0.2    0.2		4.1705503158		-1.0
	34739.99999997	7.09236		0.98567     0.2    0.2		4.1705503158		-1.0
	34784.99999997	6.56295		1.3073     0.2    0.2		4.1705503158		-1.0
	34829.99999997	6.32735		1.2962     0.2    0.2		4.1705503158		-1.0
	34874.99999997	6.09881		1.76598     0.2    0.2		4.1705503158		-1.0
	34919.99999997	6.72818		2.05578     0.2    0.2		4.1705503158		-1.0
	34964.99999997	7.9953		2.09377     0.2    0.2		4.1705503158		-1.0
	35009.99999997	9.71978		1.9651     0.2    0.2		4.1705503158		-1.0
	35054.99999997	12.14439		1.84847     0.2    0.2		4.1705503158		-1.0
	35099.99999997	14.22396		1.51705     0.2    0.2		4.1705503158		-1.0
	35144.99999997	16.02976		1.09686     0.2    0.2		4.1705503158		-1.0
	35189.99999997	17.73566		0.75616     0.2    0.2		4.1705503158		-1.0
	35234.99999997	19.05413		0.08032     0.2    0.2		4.1705503158		-1.0
	35279.99999997	20.08492		-0.16222     0.2    0.2		4.1705503158		-1.0
	35324.99999997	21.03298		-0.88918     0.2    0.2		4.1705503158		-1.0
	35369.99999997	22.06311		-1.45049     0.2    0.2		4.1705503158		-1.0
	35414.99999997	22.77042		-1.75223     0.2    0.2		4.1705503158		-1.0
	35459.99999997	23.71548		-1.75448     0.2    0.2		4.1705503158		-1.0
	35504.99999997	24.73292		-1.78308     0.2    0.2		4.1705503158		-1.0
	35549.99999997	25.58782		-1.59116     0.2    0.2		4.1705503158		-1.0
	35594.99999997	26.56315		-1.49392     0.2    0.2		4.1705503158		-1.0
	35639.99999997	27.56688		-1.1386     0.2    0.2		4.1705503158		-1.0
	35684.99999997	28.86156		-0.90052     0.2    0.2		4.1705503158		-1.0
	35729.99999997	29.57645		-0.61267     0.2    0.2		4.1705503158		-1.0
	35774.99999997	30.77796		-0.54658     0.2    0.2		4.1705503158		-1.0
	35819.99999997	31.76252		-0.34375     0.2    0.2		4.1705503158		-1.0
	35864.99999997	31.48139		-0.29795     0.2    0.2		4.1705503158		-1.0
	35909.99999997	32.09003		-0.13317     0.2    0.2		4.1705503158		-1.0
	35954.99999997	32.51128		-1.15733     0.2    0.2		4.1705503158		-1.0
	35999.99999997	33.57544		-1.28692     0.2    0.2		4.1705503158		-1.0
	36044.99999997	34.39714		-1.52727     0.2    0.2		4.1705503158		-1.0
	36089.99999997	34.47237		-1.64457     0.2    0.2		4.1705503158		-1.0
	36134.99999997	34.89472		-1.94407     0.2    0.2		4.1705503158		-1.0
	36179.99999997	35.19076		2.44294     0.2    0.2		4.1705503158		-1.0
	36224.99999997	34.58864		1.37011     0.2    0.2		4.1705503158		-1.0
	36269.99999997	33.59265		0.40252     0.2    0.2		4.1705503158		-1.0
	36314.99999997	32.45065		-0.50667     0.2    0.2		4.1705503158		-1.0
	36359.99999997	31.29203		-1.25345     0.2    0.2		4.1705503158		-1.0
	36404.99999997	30.06116		-2.10411     0.2    0.2		4.1705503158		-1.0
	36449.99999997	28.78603		-2.78612     0.2    0.2		4.1705503158		-1.0
	36494.99999997	27.53865		2.68201     0.2    0.2		4.1705503158		-1.0
	36539.99999997	26.51819		2.15662     0.2    0.2		4.1705503158		-1.0
	36584.99999997	25.63761		1.46547     0.2    0.2		4.1705503158		-1.0
	36629.99999997	24.69226		0.89122     0.2    0.2		4.1705503158		-1.0
	36674.99999997	23.57175		0.34835     0.2    0.2		4.1705503158		-1.0
	36719.99999997	22.16293		-0.6097     0.2    0.2		4.1705503158		-1.0
	36764.99999997	20.70444		-2.45738     0.2    0.2		4.1705503158		-1.0
	36809.99999997	19.55836		2.03847     0.2    0.2		4.1705503158		-1.0
	36854.99999997	18.02461		1.4719     0.2    0.2		4.1705503158		-1.0
	36899.99999997	16.86625		0.50773     0.2    0.2		4.1705503158		-1.0
	36944.99999997	15.56672		-0.077     0.2    0.2		4.1705503158		-1.0
	36989.99999997	14.73837		-0.67644     0.2    0.2		4.1705503158		-1.0
	37034.99999997	13.69008		-1.3136     0.2    0.2		4.1705503158		-1.0
	37079.99999997	12.58008		-2.20791     0.2    0.2		4.1705503158		-1.0
	37124.99999997	11.64694		-2.78827     0.2    0.2		4.1705503158		-1.0
	37169.99999997	10.82947		3.08365     0.2    0.2		4.1705503158		-1.0
	37214.99999997	10.06238		2.6955     0.2    0.2		4.1705503158		-1.0
	37259.99999997	9.26999		2.42819     0.2    0.2		4.1705503158		-1.0
	37304.99999997	8.33466		2.61676     0.2    0.2		4.1705503158		-1.0
	37349.99999997	7.17369		2.76465     0.2    0.2		4.1705503158		-1.0
	37394.99999997	6.07471		2.84816     0.2    0.2		4.1705503158		-1.0
	37439.99999997	5.45444		2.76046     0.2    0.2		4.1705503158		-1.0
	37484.99999997	5.76805		2.47928     0.2    0.2		4.1705503158		-1.0
	37529.99999997	6.86127		2.25382     0.2    0.2		4.1705503158		-1.0
	37574.99999997	7.92174		2.09445     0.2    0.2		4.1705503158		-1.0
	37619.99999997	9.24091		2.0611     0.2    0.2		4.1705503158		-1.0
	37664.99999997	10.53435		2.70099     0.2    0.2		4.1705503158		-1.0
	37709.99999997	11.39666		-2.16797     0.2    0.2		4.1705503158		-1.0
	37754.99999997	12.08409		-2.23309     0.2    0.2		4.1705503158		-1.0
	37799.99999997	12.95631		-2.35272     0.2    0.2		4.1705503158		-1.0
	37844.99999997	13.88068		-2.43698     0.2    0.2		4.1705503158		-1.0
	37889.99999997	14.87645		-2.62276     0.2    0.2		4.1705503158		-1.0
	37934.99999997	15.71261		-2.74592     0.2    0.2		4.1705503158		-1.0
	37979.99999997	16.85003		-2.80401     0.2    0.2		4.1705503158		-1.0
	38024.99999997	17.97986		-3.00508     0.2    0.2		4.1705503158		-1.0
	38069.99999997	18.90174		3.13654     0.2    0.2		4.1705503158		-1.0
	38114.99999997	19.83528		2.89412     0.2    0.2		4.1705503158		-1.0
	38159.99999997	20.90631		2.53344     0.2    0.2		4.1705503158		-1.0
	38204.99999997	22.18392		1.50908     0.2    0.2		4.1705503158		-1.0
	38249.99999997	23.16542		1.01784     0.2    0.2		4.1705503158		-1.0
	38294.99999997	24.15014		0.7208     0.2    0.2		4.1705503158		-1.0
	38339.99999997	25.07834		0.55397     0.2    0.2		4.1705503158		-1.0
	38384.99999997	26.45241		0.38963     0.2    0.2		4.1705503158		-1.0
	38429.99999997	27.6493		0.31818     0.2    0.2		4.1705503158		-1.0
	38474.99999997	28.95936		0.18174     0.2    0.2		4.1705503158		-1.0
	38519.99999997	30.3637		-0.26735     0.2    0.2		4.1705503158		-1.0
	38564.99999997	31.32646		-0.31654     0.2    0.2		4.1705503158		-1.0
	38609.99999997	31.58205		0.07354     0.2    0.2		4.1705503158		-1.0
	38654.99999997	31.93775		0.81929     0.2    0.2		4.1705503158		-1.0
	38699.99999997	32.26717		1.62508     0.2    0.2		4.1705503158		-1.0
	38744.99999997	32.59115		2.34246     0.2    0.2		4.1705503158		-1.0
	38789.99999997	33.2452		2.64368     0.2    0.2		4.1705503158		-1.0
	38834.99999997	32.90701		2.97717     0.2    0.2		4.1705503158		-1.0
	38879.99999997	31.93577		-3.08999     0.2    0.2		4.1705503158		-1.0
	38924.99999997	30.9681		-1.82783     0.2    0.2		4.1705503158		-1.0
	38969.99999997	30.0202		-1.55909     0.2    0.2		4.1705503158		-1.0
	39014.99999997	29.1826		-0.90891     0.2    0.2		4.1705503158		-1.0
	39059.99999997	28.53306		0.42775     0.2    0.2		4.1705503158		-1.0
	39104.99999997	28.19892		1.78312     0.2    0.2		4.1705503158		-1.0
	39149.99999997	28.02677		2.49903     0.2    0.2		4.1705503158		-1.0
	39194.99999997	28.03403		-2.98938     0.2    0.2		4.1705503158		-1.0
	39239.99999997	28.15658		-1.53484     0.2    0.2		4.1705503158		-1.0
	39284.99999997	28.15887		-0.51574     0.2    0.2		4.1705503158		-1.0
	39329.99999997	28.02902		0.24551     0.2    0.2		4.1705503158		-1.0
	39374.99999997	27.90291		0.87028     0.2    0.2		4.1705503158		-1.0
	39419.99999997	28.30586		1.66621     0.2    0.2		4.1705503158		-1.0
	39464.99999997	29.20995		2.19615     0.2    0.2		4.1705503158		-1.0
	39509.99999997	28.95238		2.70462     0.2    0.2		4.1705503158		-1.0
	39554.99999997	27.41463		-0.45936     0.2    0.2		4.1705503158		-1.0
	39599.99999997	26.18655		0.10043     0.2    0.2		4.1705503158		-1.0
	39644.99999997	25.26296		0.52243     0.2    0.2		4.1705503158		-1.0
	39689.99999997	24.36532		0.86599     0.2    0.2		4.1705503158		-1.0
	39734.99999997	23.44056		1.35512     0.2    0.2		4.1705503158		-1.0
	39779.99999997	22.29801		1.42786     0.2    0.2		4.1705503158		-1.0
	39824.99999997	21.49544		1.27138     0.2    0.2		4.1705503158		-1.0
	39869.99999997	20.70597		1.07356     0.2    0.2		4.1705503158		-1.0
	39914.99999997	19.6888		1.3835     0.2    0.2		4.1705503158		-1.0
	39959.99999997	18.71863		1.80797     0.2    0.2		4.1705503158		-1.0
	40004.99999997	17.91231		2.21169     0.2    0.2		4.1705503158		-1.0
	40049.99999997	17.02661		2.80369     0.2    0.2		4.1705503158		-1.0
	40094.99999997	16.52938		-2.81735     0.2    0.2		4.1705503158		-1.0
	40139.99999997	15.82211		-2.03804     0.2    0.2		4.1705503158		-1.0
	40184.99999997	15.15107		-1.10719     0.2    0.2		4.1705503158		-1.0
	40229.99999996	14.50867		0.1803     0.2    0.2		4.1705503158		-1.0
	40274.99999996	13.6329		1.17803     0.2    0.2		4.1705503158		-1.0
	40319.99999996	12.71131		1.85478     0.2    0.2		4.1705503158		-1.0
	40364.99999996	12.24622		2.35706     0.2    0.2		4.1705503158		-1.0
	40409.99999996	12.29326		3.00849     0.2    0.2		4.1705503158		-1.0
	40454.99999996	12.979		2.97661     0.2    0.2		4.1705503158		-1.0
	40499.99999996	12.8995		1.81525     0.2    0.2		4.1705503158		-1.0
	40544.99999996	11.91843		1.81567     0.2    0.2		4.1705503158		-1.0
	40589.99999996	10.57887		2.06877     0.2    0.2		4.1705503158		-1.0
	40634.99999996	9.33185		2.58138     0.2    0.2		4.1705503158		-1.0
	40679.99999996	9.21773		-3.0457     0.2    0.2		4.1705503158		-1.0
	40724.99999996	9.84416		-2.85651     0.2    0.2		4.1705503158		-1.0
	40769.99999996	10.67774		-2.70611     0.2    0.2		4.1705503158		-1.0
	40814.99999996	11.15652		-2.69807     0.2    0.2		4.1705503158		-1.0
	40859.99999996	11.43614		-2.84738     0.2    0.2		4.1705503158		-1.0
	40904.99999996	11.04286		3.09506     0.2    0.2		4.1705503158		-1.0
	40949.99999996	10.84037		2.56007     0.2    0.2		4.1705503158		-1.0
	40994.99999996	11.3495		0.37121     0.2    0.2		4.1705503158		-1.0
	41039.99999996	12.06603		-0.27121     0.2    0.2		4.1705503158		-1.0
	41084.99999996	12.54641		-0.7945     0.2    0.2		4.1705503158		-1.0
	41129.99999996	12.56606		-1.0591     0.2    0.2		4.1705503158		-1.0
	41174.99999996	11.83182		-1.2585     0.2    0.2		4.1705503158		-1.0
	41219.99999996	10.9829		-0.72931     0.2    0.2		4.1705503158		-1.0
	41264.99999996	10.93726		0.43543     0.2    0.2		4.1705503158		-1.0
	41309.99999996	11.64802		0.71241     0.2    0.2		4.1705503158		-1.0
	41354.99999996	12.17867		0.6893     0.2    0.2		4.1705503158		-1.0
	41399.99999996	12.60505		0.05706     0.2    0.2		4.1705503158		-1.0
	41444.99999996	12.01282		-0.34518     0.2    0.2		4.1705503158		-1.0
	41489.99999996	11.11828		-0.04714     0.2    0.2		4.1705503158		-1.0
	41534.99999996	11.06541		0.3625     0.2    0.2		4.1705503158		-1.0
	41579.99999996	12.21639		0.47537     0.2    0.2		4.1705503158		-1.0
	41624.99999996	13.19334		-0.59113     0.2    0.2		4.1705503158		-1.0
	41669.99999996	13.21444		-2.07985     0.2    0.2		4.1705503158		-1.0
	41714.99999996	12.65322		-2.93637     0.2    0.2		4.1705503158		-1.0
	41759.99999996	12.71985		-2.4724     0.2    0.2		4.1705503158		-1.0
	41804.99999996	14.32859		-1.57815     0.2    0.2		4.1705503158		-1.0
	41849.99999996	16.11554		-1.62098     0.2    0.2		4.1705503158		-1.0
	41894.99999996	17.17458		-2.09128     0.2    0.2		4.1705503158		-1.0
	41939.99999996	17.72474		-2.6499     0.2    0.2		4.1705503158		-1.0
	41984.99999996	18.22126		-2.76164     0.2    0.2		4.1705503158		-1.0
	42029.99999996	19.45305		-2.6695     0.2    0.2		4.1705503158		-1.0
	42074.99999996	21.34171		-2.424     0.2    0.2		4.1705503158		-1.0
	42119.99999996	22.71883		-1.08342     0.2    0.2		4.1705503158		-1.0
	42164.99999996	24.14728		2.3128     0.2    0.2		4.1705503158		-1.0
	42209.99999996	25.45632		2.85108     0.2    0.2		4.1705503158		-1.0
	42254.99999996	26.74253		3.08784     0.2    0.2		4.1705503158		-1.0
	42299.99999996	27.60285		3.0021     0.2    0.2		4.1705503158		-1.0
	42344.99999996	28.49707		2.96612     0.2    0.2		4.1705503158		-1.0
	42389.99999996	29.09315		3.02592     0.2    0.2		4.1705503158		-1.0
	42434.99999996	30.09703		-3.066     0.2    0.2		4.1705503158		-1.0
	42479.99999996	30.75104		-2.60643     0.2    0.2		4.1705503158		-1.0
	42524.99999996	31.67444		-0.79085     0.2    0.2		4.1705503158		-1.0
	42569.99999996	32.38616		-0.31742     0.2    0.2		4.1705503158		-1.0
	42614.99999996	32.1589		0.27041     0.2    0.2		4.1705503158		-1.0
	42659.99999996	32.4732		1.21631     0.2    0.2		4.1705503158		-1.0
	42704.99999996	32.68672		1.62313     0.2    0.2		4.1705503158		-1.0
	42749.99999996	33.27797		2.04526     0.2    0.2		4.1705503158		-1.0
	42794.99999996	33.69753		2.24515     0.2    0.2		4.1705503158		-1.0
	42839.99999996	34.07573		2.38168     0.2    0.2		4.1705503158		-1.0
	42884.99999996	33.77021		-2.59615     0.2    0.2		4.1705503158		-1.0
	42929.99999996	33.25443		-2.6593     0.2    0.2		4.1705503158		-1.0
	42974.99999996	32.229		-2.97481     0.2    0.2		4.1705503158		-1.0
	43019.99999996	31.32776		-3.03274     0.2    0.2		4.1705503158		-1.0
	43064.99999996	30.23545		-3.09464     0.2    0.2		4.1705503158		-1.0
	43109.99999996	29.16252		3.1214     0.2    0.2		4.1705503158		-1.0
	43154.99999996	27.9552		-3.02722     0.2    0.2		4.1705503158		-1.0
	43199.99999996	27.10235		2.34021     0.2    0.2		4.1705503158		-1.0
	43244.99999996	26.75567		0.27678     0.2    0.2		4.1705503158		-1.0
	43289.99999996	27.11232		0.10405     0.2    0.2		4.1705503158		-1.0
	43334.99999996	27.38447		-0.17065     0.2    0.2		4.1705503158		-1.0
	43379.99999996	26.59325		-0.46001     0.2    0.2		4.1705503158		-1.0
	43424.99999996	25.85754		-1.88848     0.2    0.2		4.1705503158		-1.0
	43469.99999996	25.69288		-1.99132     0.2    0.2		4.1705503158		-1.0
	43514.99999996	25.1466		-2.48471     0.2    0.2		4.1705503158		-1.0
	43559.99999996	24.74116		3.10696     0.2    0.2		4.1705503158		-1.0
	43604.99999996	24.21423		1.16931     0.2    0.2		4.1705503158		-1.0
	43649.99999996	24.5899		-0.17891     0.2    0.2		4.1705503158		-1.0
	43694.99999996	25.17974		-1.00458     0.2    0.2		4.1705503158		-1.0
	43739.99999996	25.88168		-1.71765     0.2    0.2		4.1705503158		-1.0
	43784.99999996	26.76259		-2.39226     0.2    0.2		4.1705503158		-1.0
	43829.99999996	27.69442		-2.43812     0.2    0.2		4.1705503158		-1.0
	43874.99999996	28.72104		-1.77176     0.2    0.2		4.1705503158		-1.0
	43919.99999996	29.20176		-0.93845     0.2    0.2		4.1705503158		-1.0
	43964.99999996	29.5613		-0.33539     0.2    0.2		4.1705503158		-1.0
	44009.99999996	29.55834		-0.20406     0.2    0.2		4.1705503158		-1.0
	44054.99999996	29.6983		0.30578     0.2    0.2		4.1705503158		-1.0
	44099.99999996	29.93026		2.70302     0.2    0.2		4.1705503158		-1.0
	44144.99999996	29.81717		3.13658     0.2    0.2		4.1705503158		-1.0
	44189.99999996	29.73661		-2.47055     0.2    0.2		4.1705503158		-1.0
	44234.99999996	29.44028		-1.70451     0.2    0.2		4.1705503158		-1.0
	44279.99999996	29.37426		-0.18323     0.2    0.2		4.1705503158		-1.0
	44324.99999996	28.79472		1.89798     0.2    0.2		4.1705503158		-1.0
	44369.99999996	27.96654		2.63615     0.2    0.2		4.1705503158		-1.0
	44414.99999996	27.61154		-2.86112     0.2    0.2		4.1705503158		-1.0
	44459.99999996	26.98441		-2.31052     0.2    0.2		4.1705503158		-1.0
	44504.99999996	25.84907		-2.20269     0.2    0.2		4.1705503158		-1.0
	44549.99999996	24.61551		-2.70728     0.2    0.2		4.1705503158		-1.0
	44594.99999996	22.86591		-2.9393     0.2    0.2		4.1705503158		-1.0
	44639.99999996	21.0532		-2.97318     0.2    0.2		4.1705503158		-1.0
	44684.99999996	19.5176		-2.51312     0.2    0.2		4.1705503158		-1.0
	44729.99999996	18.74744		-0.44783     0.2    0.2		4.1705503158		-1.0
	44774.99999996	18.28945		-0.6331     0.2    0.2		4.1705503158		-1.0
	44819.99999996	17.65821		-1.16337     0.2    0.2		4.1705503158		-1.0
	44864.99999996	16.65172		-1.63761     0.2    0.2		4.1705503158		-1.0
	44909.99999996	15.81443		-2.3137     0.2    0.2		4.1705503158		-1.0
	44954.99999996	15.71099		0.60727     0.2    0.2		4.1705503158		-1.0
	44999.99999996	15.15386		0.11643     0.2    0.2		4.1705503158		-1.0
	45044.99999996	14.29345		-0.2176     0.2    0.2		4.1705503158		-1.0
	45089.99999996	13.03146		-0.5086     0.2    0.2		4.1705503158		-1.0
	45134.99999996	11.75446		-0.66079     0.2    0.2		4.1705503158		-1.0
	45179.99999996	10.34372		-0.98235     0.2    0.2		4.1705503158		-1.0
	45224.99999996	9.13184		-1.93649     0.2    0.2		4.1705503158		-1.0
	45269.99999996	8.23425		2.96452     0.2    0.2		4.1705503158		-1.0
	45314.99999996	7.0757		2.61436     0.2    0.2		4.1705503158		-1.0
	45359.99999996	6.39355		2.60371     0.2    0.2		4.1705503158		-1.0
	45404.99999996	6.05539		2.43687     0.2    0.2		4.1705503158		-1.0
	45449.99999996	6.80653		2.32124     0.2    0.2		4.1705503158		-1.0
	45494.99999996	7.93722		1.85887     0.2    0.2		4.1705503158		-1.0
	45539.99999996	9.1946		1.48201     0.2    0.2		4.1705503158		-1.0
	45584.99999996	9.73114		0.98752     0.2    0.2		4.1705503158		-1.0
	45629.99999996	10.50017		0.63404     0.2    0.2		4.1705503158		-1.0
	45674.99999996	10.14735		0.49534     0.2    0.2		4.1705503158		-1.0
	45719.99999996	10.03982		0.14827     0.2    0.2		4.1705503158		-1.0
	45764.99999996	10.58512		0.15832     0.2    0.2		4.1705503158		-1.0
	45809.99999996	11.14597		-1.34448     0.2    0.2		4.1705503158		-1.0
	45854.99999996	11.55895		-2.03878     0.2    0.2		4.1705503158		-1.0
	45899.99999996	12.02169		-2.95393     0.2    0.2		4.1705503158		-1.0
	45944.99999996	12.56894		-3.08606     0.2    0.2		4.1705503158		-1.0
	45989.99999996	13.43549		2.83398     0.2    0.2		4.1705503158		-1.0
	46034.99999996	14.3498		2.7414     0.2    0.2		4.1705503158		-1.0
	46079.99999996	15.3301		2.31735     0.2    0.2		4.1705503158		-1.0
	46124.99999996	16.40699		2.13351     0.2    0.2		4.1705503158		-1.0
	46169.99999996	17.82612		1.68319     0.2    0.2		4.1705503158		-1.0
	46214.99999996	18.77012		1.45644     0.2    0.2		4.1705503158		-1.0
	46259.99999996	20.0399		1.15613     0.2    0.2		4.1705503158		-1.0
	46304.99999996	20.66547		0.77618     0.2    0.2		4.1705503158		-1.0
	46349.99999996	21.90332		0.20855     0.2    0.2		4.1705503158		-1.0
	46394.99999996	22.74179		-0.16794     0.2    0.2		4.1705503158		-1.0
	46439.99999996	24.10372		-0.74847     0.2    0.2		4.1705503158		-1.0
	46484.99999996	24.94921		-1.04142     0.2    0.2		4.1705503158		-1.0
	46529.99999996	25.75242		-1.44912     0.2    0.2		4.1705503158		-1.0
	46574.99999996	25.92938		-1.50034     0.2    0.2		4.1705503158		-1.0
	46619.99999996	26.20687		2.21347     0.2    0.2		4.1705503158		-1.0
	46664.99999996	26.11108		1.53437     0.2    0.2		4.1705503158		-1.0
	46709.99999996	26.39418		0.60566     0.2    0.2		4.1705503158		-1.0
	46754.99999995	26.61948		-0.28488     0.2    0.2		4.1705503158		-1.0
	46799.99999995	27.16943		-0.95112     0.2    0.2		4.1705503158		-1.0
	46844.99999995	27.69205		-1.38229     0.2    0.2		4.1705503158		-1.0
	46889.99999995	27.93583		-2.08252     0.2    0.2		4.1705503158		-1.0
	46934.99999995	28.30462		-2.6359     0.2    0.2		4.1705503158		-1.0
	46979.99999995	28.6573		-3.10993     0.2    0.2		4.1705503158		-1.0
	47024.99999995	28.95134		2.55785     0.2    0.2		4.1705503158		-1.0
	47069.99999995	28.49293		1.85559     0.2    0.2		4.1705503158		-1.0
	47114.99999995	28.82737		1.53151     0.2    0.2		4.1705503158		-1.0
	47159.99999995	29.31613		1.79208     0.2    0.2		4.1705503158		-1.0
	47204.99999995	28.7231		2.0049     0.2    0.2		4.1705503158		-1.0
	47249.99999995	28.48111		2.56188     0.2    0.2		4.1705503158		-1.0
	47294.99999995	28.12947		3.09592     0.2    0.2		4.1705503158		-1.0
	47339.99999995	28.39602		-2.60653     0.2    0.2		4.1705503158		-1.0
	47384.99999995	29.15233		-1.95766     0.2    0.2		4.1705503158		-1.0
	47429.99999995	29.69562		-1.01167     0.2    0.2		4.1705503158		-1.0
	47474.99999995	30.61428		-0.14645     0.2    0.2		4.1705503158		-1.0
	47519.99999995	30.82261		1.03189     0.2    0.2		4.1705503158		-1.0
	47564.99999995	31.40823		2.00329     0.2    0.2		4.1705503158		-1.0
	47609.99999995	30.88647		2.98028     0.2    0.2		4.1705503158		-1.0
	47654.99999995	30.81692		-0.95956     0.2    0.2		4.1705503158		-1.0
	47699.99999995	30.25409		-0.35607     0.2    0.2		4.1705503158		-1.0
	47744.99999995	29.79168		-0.11617     0.2    0.2		4.1705503158		-1.0
	47789.99999995	30.27407		-0.30039     0.2    0.2		4.1705503158		-1.0
	47834.99999995	31.28931		-0.05131     0.2    0.2		4.1705503158		-1.0
	47879.99999995	32.05663		-2.77541     0.2    0.2		4.1705503158		-1.0
	47924.99999995	32.80979		-2.42884     0.2    0.2		4.1705503158		-1.0
	47969.99999995	31.98227		-2.40213     0.2    0.2		4.1705503158		-1.0
	48014.99999995	30.6133		-2.28494     0.2    0.2		4.1705503158		-1.0
	48059.99999995	29.53354		-2.15991     0.2    0.2		4.1705503158		-1.0
	48104.99999995	28.37862		-2.22129     0.2    0.2		4.1705503158		-1.0
	48149.99999995	27.82754		-2.62643     0.2    0.2		4.1705503158		-1.0
	48194.99999995	28.12318		-2.67395     0.2    0.2		4.1705503158		-1.0
	48239.99999995	29.04295		-2.96533     0.2    0.2		4.1705503158		-1.0
	48284.99999995	29.7527		-2.65255     0.2    0.2		4.1705503158		-1.0
	48329.99999995	30.1415		-2.638     0.2    0.2		4.1705503158		-1.0
	48374.99999995	30.06284		-2.89429     0.2    0.2		4.1705503158		-1.0
	48419.99999995	30.59529		-2.84228     0.2    0.2		4.1705503158		-1.0
	48464.99999995	31.85553		-3.00959     0.2    0.2		4.1705503158		-1.0
	48509.99999995	32.89724		-2.91234     0.2    0.2		4.1705503158		-1.0
	48554.99999995	33.85401		-2.9271     0.2    0.2		4.1705503158		-1.0
	48599.99999995	34.85932		-3.07756     0.2    0.2		4.1705503158		-1.0
	48644.99999995	36.29921		2.65659     0.2    0.2		4.1705503158		-1.0
	48689.99999995	37.48883		2.48675     0.2    0.2		4.1705503158		-1.0
	48734.99999995	37.10415		-2.08282     0.2    0.2		4.1705503158		-1.0
	48779.99999995	36.01982		-1.59049     0.2    0.2		4.1705503158		-1.0
	48824.99999995	34.80852		-1.29399     0.2    0.2		4.1705503158		-1.0
	48869.99999995	34.2873		0.03923     0.2    0.2		4.1705503158		-1.0
	48914.99999995	33.76487		0.34506     0.2    0.2		4.1705503158		-1.0
	48959.99999995	34.27571		0.61756     0.2    0.2		4.1705503158		-1.0
	49004.99999995	34.60389		0.92323     0.2    0.2		4.1705503158		-1.0
	49049.99999995	35.15283		1.28958     0.2    0.2		4.1705503158		-1.0
	49094.99999995	35.57217		-2.99871     0.2    0.2		4.1705503158		-1.0
	49139.99999995	34.86502		-2.68059     0.2    0.2		4.1705503158		-1.0
	49184.99999995	33.87193		-2.5614     0.2    0.2		4.1705503158		-1.0
	49229.99999995	33.08761		-0.33349     0.2    0.2		4.1705503158		-1.0
	49274.99999995	32.3396		0.47067     0.2    0.2		4.1705503158		-1.0
	49319.99999995	32.26199		0.96004     0.2    0.2		4.1705503158		-1.0
	49364.99999995	32.12556		1.80643     0.2    0.2		4.1705503158		-1.0
	49409.99999995	31.25973		2.27727     0.2    0.2		4.1705503158		-1.0
	49454.99999995	30.44782		3.01162     0.2    0.2		4.1705503158		-1.0
	49499.99999995	29.51586		-3.07843     0.2    0.2		4.1705503158		-1.0
	49544.99999995	29.23571		-2.49804     0.2    0.2		4.1705503158		-1.0
	49589.99999995	28.55771		-2.22304     0.2    0.2		4.1705503158		-1.0
	49634.99999995	29.28322		-1.68106     0.2    0.2		4.1705503158		-1.0
	49679.99999995	29.62585		-1.20982     0.2    0.2		4.1705503158		-1.0
	49724.99999995	31.04453		-0.30199     0.2    0.2		4.1705503158		-1.0
	49769.99999995	31.70964		0.33298     0.2    0.2		4.1705503158		-1.0
	49814.99999995	31.29115		0.98167     0.2    0.2		4.1705503158		-1.0
	49859.99999995	30.67091		1.89204     0.2    0.2		4.1705503158		-1.0
	49904.99999995	29.81279		2.37124     0.2    0.2		4.1705503158		-1.0
	49949.99999995	28.74903		3.1254     0.2    0.2		4.1705503158		-1.0
	49994.99999995	28.19059		-3.02377     0.2    0.2		4.1705503158		-1.0
