	45.00000000	2.88377		0.04839     0.2    0.2		4.1705503158		-1.0
	90.00000000	2.90082		-0.34156     0.2    0.2		4.1705503158		-1.0
	135.00000000	2.94899		-0.26168     0.2    0.2		4.1705503158		-1.0
	180.00000000	3.12213		-0.5351     0.2    0.2		4.1705503158		-1.0
	225.00000000	2.80183		-0.79504     0.2    0.2		4.1705503158		-1.0
	270.00000000	2.92607		-0.86703     0.2    0.2		4.1705503158		-1.0
	315.00000000	2.99632		-1.23205     0.2    0.2		4.1705503158		-1.0
	360.00000000	3.14659		-1.28205     0.2    0.2		4.1705503158		-1.0
	405.00000000	2.80182		-1.82735     0.2    0.2		4.1705503158		-1.0
	450.00000000	2.88009		-2.09343     0.2    0.2		4.1705503158		-1.0
	495.00000000	3.04192		-2.52951     0.2    0.2		4.1705503158		-1.0
	540.00000000	2.84856		-2.57896     0.2    0.2		4.1705503158		-1.0
	585.00000000	2.8912		-3.02797     0.2    0.2		4.1705503158		-1.0
	630.00000000	3.00733		-3.03183     0.2    0.2		4.1705503158		-1.0
	675.00000000	3.06126		2.72998     0.2    0.2		4.1705503158		-1.0
	720.00000000	2.8847		2.33779     0.2    0.2		4.1705503158		-1.0
	765.00000000	2.86859		1.99671     0.2    0.2		4.1705503158		-1.0
	810.00000000	2.89652		1.76349     0.2    0.2		4.1705503158		-1.0
	855.00000000	3.05999		1.57855     0.2    0.2		4.1705503158		-1.0
	900.00000000	2.86766		1.26438     0.2    0.2		4.1705503158		-1.0
	945.00000000	2.81727		1.0154     0.2    0.2		4.1705503158		-1.0
	990.00000000	3.01413		1.02293     0.2    0.2		4.1705503158		-1.0
	1035.00000000	2.94594		0.50793     0.2    0.2		4.1705503158		-1.0
	1080.00000000	2.95417		0.05722     0.2    0.2		4.1705503158		-1.0
	1125.00000000	2.93705		-0.09761     0.2    0.2		4.1705503158		-1.0
	1170.00000000	2.91679		0.21157     0.2    0.2		4.1705503158		-1.0
	1215.00000000	2.89265		0.57165     0.2    0.2		4.1705503158		-1.0
	1260.00000000	2.92329		0.95936     0.2    0.2		4.1705503158		-1.0
	1305.00000000	2.92452		0.76773     0.2    0.2		4.1705503158		-1.0
	1350.00000000	2.85867		0.86309     0.2    0.2		4.1705503158		-1.0
	1395.00000000	2.90228		0.52181     0.2    0.2		4.1705503158		-1.0
	1440.00000000	2.92271		0.23999     0.2    0.2		4.1705503158		-1.0
	1485.00000000	2.92574		0.4797     0.2    0.2		4.1705503158		-1.0
	1530.00000000	2.8744		0.05035     0.2    0.2		4.1705503158		-1.0
	1575.00000000	2.84388		-0.06134     0.2    0.2		4.1705503158		-1.0
	1620.00000000	2.91008		-0.53766     0.2    0.2		4.1705503158		-1.0
	1665.00000000	2.91037		-1.11166     0.2    0.2		4.1705503158		-1.0
	1710.00000000	2.86083		-1.29678     0.2    0.2		4.1705503158		-1.0
	1755.00000000	2.89106		-1.50741     0.2    0.2		4.1705503158		-1.0
	1800.00000000	2.91885		-1.96848     0.2    0.2		4.1705503158		-1.0
	1845.00000000	2.94858		-2.10419     0.2    0.2		4.1705503158		-1.0
	1890.00000000	2.89694		-2.55232     0.2    0.2		4.1705503158		-1.0
	1935.00000000	3.05228		-2.82272     0.2    0.2		4.1705503158		-1.0
	1980.00000000	2.89204		2.88196     0.2    0.2		4.1705503158		-1.0
	2025.00000000	2.97466		2.35532     0.2    0.2		4.1705503158		-1.0
	2070.00000000	2.77437		1.70731     0.2    0.2		4.1705503158		-1.0
	2115.00000000	2.98342		1.24059     0.2    0.2		4.1705503158		-1.0
	2160.00000000	2.84306		0.46441     0.2    0.2		4.1705503158		-1.0
	2205.00000000	2.8579		-0.32877     0.2    0.2		4.1705503158		-1.0
	2250.00000000	2.80972		-0.92774     0.2    0.2		4.1705503158		-1.0
	2295.00000000	2.85303		-0.67674     0.2    0.2		4.1705503158		-1.0
	2340.00000000	2.90541		-0.53266     0.2    0.2		4.1705503158		-1.0
	2385.00000000	2.83374		0.00546     0.2    0.2		4.1705503158		-1.0
	2430.00000000	3.04749		0.4125     0.2    0.2		4.1705503158		-1.0
	2475.00000000	2.94908		0.90196     0.2    0.2		4.1705503158		-1.0
	2520.00000000	3.00106		1.03651     0.2    0.2		4.1705503158		-1.0
	2565.00000000	2.88174		1.55088     0.2    0.2		4.1705503158		-1.0
	2610.00000000	2.96182		1.64753     0.2    0.2		4.1705503158		-1.0
	2655.00000000	2.97605		2.00148     0.2    0.2		4.1705503158		-1.0
	2700.00000000	3.01765		2.19241     0.2    0.2		4.1705503158		-1.0
	2745.00000000	2.93358		2.67299     0.2    0.2		4.1705503158		-1.0
	2790.00000000	2.92621		2.86801     0.2    0.2		4.1705503158		-1.0
	2835.00000000	2.94283		3.07499     0.2    0.2		4.1705503158		-1.0
	2880.00000000	2.96687		-2.37736     0.2    0.2		4.1705503158		-1.0
	2925.00000000	2.87531		-2.21782     0.2    0.2		4.1705503158		-1.0
	2970.00000000	2.99304		-1.75363     0.2    0.2		4.1705503158		-1.0
	3015.00000000	2.79428		-1.32669     0.2    0.2		4.1705503158		-1.0
	3060.00000000	2.87623		-1.14193     0.2    0.2		4.1705503158		-1.0
	3105.00000000	2.82781		-0.02197     0.2    0.2		4.1705503158		-1.0
	3150.00000000	3.07905		0.86138     0.2    0.2		4.1705503158		-1.0
	3195.00000000	2.966		1.52842     0.2    0.2		4.1705503158		-1.0
	3240.00000000	2.92946		1.90689     0.2    0.2		4.1705503158		-1.0
	3285.00000000	2.98103		2.16524     0.2    0.2		4.1705503158		-1.0
	3330.00000000	2.94238		2.52356     0.2    0.2		4.1705503158		-1.0
	3375.00000000	2.91374		2.68047     0.2    0.2		4.1705503158		-1.0
	3420.00000000	2.85637		2.33047     0.2    0.2		4.1705503158		-1.0
	3465.00000000	2.9494		1.91694     0.2    0.2		4.1705503158		-1.0
	3510.00000000	2.96221		2.1272     0.2    0.2		4.1705503158		-1.0
	3555.00000000	2.75387		2.12031     0.2    0.2		4.1705503158		-1.0
	3600.00000000	2.93212		2.5345     0.2    0.2		4.1705503158		-1.0
	3645.00000000	2.9279		2.51615     0.2    0.2		4.1705503158		-1.0
	3690.00000000	3.00616		2.98465     0.2    0.2		4.1705503158		-1.0
	3735.00000000	2.88753		2.71087     0.2    0.2		4.1705503158		-1.0
	3780.00000000	2.98852		-3.11666     0.2    0.2		4.1705503158		-1.0
	3825.00000000	2.98983		3.12514     0.2    0.2		4.1705503158		-1.0
	3870.00000000	2.96081		-2.76155     0.2    0.2		4.1705503158		-1.0
	3915.00000000	2.95192		-2.6098     0.2    0.2		4.1705503158		-1.0
	3960.00000000	3.10699		-1.92625     0.2    0.2		4.1705503158		-1.0
	4005.00000000	3.18912		-1.87588     0.2    0.2		4.1705503158		-1.0
	4050.00000000	3.03706		-1.24621     0.2    0.2		4.1705503158		-1.0
	4095.00000000	3.07814		-0.15058     0.2    0.2		4.1705503158		-1.0
	4140.00000000	2.89738		0.93725     0.2    0.2		4.1705503158		-1.0
	4185.00000000	2.99077		1.24397     0.2    0.2		4.1705503158		-1.0
	4230.00000000	3.0814		1.58659     0.2    0.2		4.1705503158		-1.0
	4275.00000000	2.8518		1.96176     0.2    0.2		4.1705503158		-1.0
	4320.00000000	2.90634		2.40912     0.2    0.2		4.1705503158		-1.0
	4365.00000000	3.00922		2.70315     0.2    0.2		4.1705503158		-1.0
	4410.00000000	2.70252		-3.03227     0.2    0.2		4.1705503158		-1.0
	4455.00000000	2.75644		-2.68368     0.2    0.2		4.1705503158		-1.0
	4500.00000000	2.74908		-2.23827     0.2    0.2		4.1705503158		-1.0
	4545.00000000	2.78938		-2.11317     0.2    0.2		4.1705503158		-1.0
	4590.00000000	2.86067		-1.85149     0.2    0.2		4.1705503158		-1.0
	4635.00000000	2.96725		-1.78304     0.2    0.2		4.1705503158		-1.0
	4680.00000000	2.88649		-1.831     0.2    0.2		4.1705503158		-1.0
	4725.00000000	2.91819		-1.53192     0.2    0.2		4.1705503158		-1.0
	4770.00000000	3.03196		-1.59702     0.2    0.2		4.1705503158		-1.0
	4815.00000000	2.91269		-1.48714     0.2    0.2		4.1705503158		-1.0
	4860.00000000	2.7965		-1.33878     0.2    0.2		4.1705503158		-1.0
	4905.00000000	2.91335		-0.93591     0.2    0.2		4.1705503158		-1.0
	4950.00000000	3.14803		-1.0102     0.2    0.2		4.1705503158		-1.0
	4995.00000000	2.88921		-0.26125     0.2    0.2		4.1705503158		-1.0
	5040.00000000	2.98396		-0.04584     0.2    0.2		4.1705503158		-1.0
	5085.00000000	2.88236		0.72821     0.2    0.2		4.1705503158		-1.0
	5130.00000000	2.87595		1.30441     0.2    0.2		4.1705503158		-1.0
	5175.00000000	2.9374		1.51999     0.2    0.2		4.1705503158		-1.0
	5220.00000000	2.97496		1.86325     0.2    0.2		4.1705503158		-1.0
	5265.00000000	3.0899		2.47534     0.2    0.2		4.1705503158		-1.0
	5310.00000000	2.833		2.82921     0.2    0.2		4.1705503158		-1.0
	5355.00000000	3.00718		-3.0079     0.2    0.2		4.1705503158		-1.0
	5400.00000000	2.95239		-2.64142     0.2    0.2		4.1705503158		-1.0
	5445.00000000	2.84206		-2.303     0.2    0.2		4.1705503158		-1.0
	5490.00000000	3.01299		-2.20924     0.2    0.2		4.1705503158		-1.0
	5535.00000000	2.86856		-1.78225     0.2    0.2		4.1705503158		-1.0
	5580.00000000	3.04063		-1.58239     0.2    0.2		4.1705503158		-1.0
	5625.00000000	3.11807		-1.25838     0.2    0.2		4.1705503158		-1.0
	5670.00000000	2.99401		-0.51835     0.2    0.2		4.1705503158		-1.0
	5715.00000000	2.98849		-0.70795     0.2    0.2		4.1705503158		-1.0
	5760.00000000	3.0697		0.29083     0.2    0.2		4.1705503158		-1.0
	5805.00000000	2.76788		0.77562     0.2    0.2		4.1705503158		-1.0
	5850.00000000	3.17401		0.84859     0.2    0.2		4.1705503158		-1.0
	5895.00000000	2.78834		1.42466     0.2    0.2		4.1705503158		-1.0
	5940.00000000	2.84381		1.38357     0.2    0.2		4.1705503158		-1.0
	5985.00000000	3.10907		1.31437     0.2    0.2		4.1705503158		-1.0
	6030.00000000	3.02269		1.79483     0.2    0.2		4.1705503158		-1.0
	6075.00000000	2.90053		1.93997     0.2    0.2		4.1705503158		-1.0
	6120.00000000	2.81057		2.24202     0.2    0.2		4.1705503158		-1.0
	6165.00000000	2.73907		2.66215     0.2    0.2		4.1705503158		-1.0
	6210.00000000	3.08812		2.94382     0.2    0.2		4.1705503158		-1.0
	6255.00000000	3.31595		3.13719     0.2    0.2		4.1705503158		-1.0
	6300.00000000	3.08604		-3.13445     0.2    0.2		4.1705503158		-1.0
	6345.00000000	2.82554		-2.91936     0.2    0.2		4.1705503158		-1.0
	6390.00000000	2.90304		-2.71227     0.2    0.2		4.1705503158		-1.0
	6435.00000000	3.11378		-2.07957     0.2    0.2		4.1705503158		-1.0
	6480.00000000	2.77307		-2.09889     0.2    0.2		4.1705503158		-1.0
	6525.00000000	2.90082		-1.92395     0.2    0.2		4.1705503158		-1.0
	6570.00000000	3.20413		-2.3399     0.2    0.2		4.1705503158		-1.0
	6615.00000000	3.00435		-2.50472     0.2    0.2		4.1705503158		-1.0
	6660.00000000	2.8657		-2.41835     0.2    0.2		4.1705503158		-1.0
	6705.00000000	3.29067		-2.70086     0.2    0.2		4.1705503158		-1.0
	6750.00000000	3.28846		-2.27007     0.2    0.2		4.1705503158		-1.0
	6795.00000000	2.96745		-2.60489     0.2    0.2		4.1705503158		-1.0
	6840.00000000	2.63549		-2.08869     0.2    0.2		4.1705503158		-1.0
	6885.00000000	2.97697		-2.0237     0.2    0.2		4.1705503158		-1.0
	6930.00000000	3.10718		-2.1006     0.2    0.2		4.1705503158		-1.0
	6975.00000000	2.66378		-2.35266     0.2    0.2		4.1705503158		-1.0
	7020.00000000	3.10223		-2.25221     0.2    0.2		4.1705503158		-1.0
	7065.00000000	3.13858		-2.83783     0.2    0.2		4.1705503158		-1.0
	7110.00000000	2.73713		-2.8604     0.2    0.2		4.1705503158		-1.0
	7155.00000000	2.95846		2.90697     0.2    0.2		4.1705503158		-1.0
	7200.00000000	3.0111		2.26473     0.2    0.2		4.1705503158		-1.0
	7245.00000000	3.17149		1.79284     0.2    0.2		4.1705503158		-1.0
	7290.00000000	3.1221		1.48891     0.2    0.2		4.1705503158		-1.0
	7335.00000000	2.86365		0.82694     0.2    0.2		4.1705503158		-1.0
	7380.00000000	2.93028		0.20602     0.2    0.2		4.1705503158		-1.0
	7425.00000000	2.8618		0.24032     0.2    0.2		4.1705503158		-1.0
	7470.00000000	3.25465		0.52879     0.2    0.2		4.1705503158		-1.0
	7515.00000000	2.87858		0.1246     0.2    0.2		4.1705503158		-1.0
	7560.00000000	3.12446		0.25544     0.2    0.2		4.1705503158		-1.0
	7605.00000000	2.95908		0.58468     0.2    0.2		4.1705503158		-1.0
	7650.00000000	3.14856		0.72555     0.2    0.2		4.1705503158		-1.0
	7695.00000000	3.16211		-0.29164     0.2    0.2		4.1705503158		-1.0
	7740.00000000	3.10843		-0.60299     0.2    0.2		4.1705503158		-1.0
	7785.00000000	2.91658		-1.11435     0.2    0.2		4.1705503158		-1.0
	7830.00000000	2.98355		-1.35288     0.2    0.2		4.1705503158		-1.0
	7875.00000000	3.26694		-1.25906     0.2    0.2		4.1705503158		-1.0
	7920.00000000	2.70248		-1.60973     0.2    0.2		4.1705503158		-1.0
	7965.00000000	3.06552		-1.63102     0.2    0.2		4.1705503158		-1.0
	8010.00000000	3.16545		-1.67425     0.2    0.2		4.1705503158		-1.0
	8055.00000000	3.17728		-1.88396     0.2    0.2		4.1705503158		-1.0
	8100.00000000	3.16276		-1.74316     0.2    0.2		4.1705503158		-1.0
	8145.00000000	3.12405		-2.19015     0.2    0.2		4.1705503158		-1.0
	8190.00000000	2.82207		-2.23527     0.2    0.2		4.1705503158		-1.0
	8235.00000000	2.89305		-2.66092     0.2    0.2		4.1705503158		-1.0
	8280.00000000	2.9111		-2.83803     0.2    0.2		4.1705503158		-1.0
	8325.00000000	3.12381		2.99086     0.2    0.2		4.1705503158		-1.0
	8370.00000000	3.3124		2.51764     0.2    0.2		4.1705503158		-1.0
	8415.00000000	2.79129		2.32356     0.2    0.2		4.1705503158		-1.0
	8460.00000000	3.31389		1.94914     0.2    0.2		4.1705503158		-1.0
	8505.00000000	2.97471		1.45548     0.2    0.2		4.1705503158		-1.0
	8550.00000000	3.14363		1.35735     0.2    0.2		4.1705503158		-1.0
	8595.00000000	3.14555		0.59575     0.2    0.2		4.1705503158		-1.0
	8640.00000000	3.08142		-0.17832     0.2    0.2		4.1705503158		-1.0
	8685.00000000	2.79342		-0.98299     0.2    0.2		4.1705503158		-1.0
	8730.00000000	3.08046		-1.02664     0.2    0.2		4.1705503158		-1.0
	8775.00000000	3.2964		-1.20147     0.2    0.2		4.1705503158		-1.0
	8820.00000000	2.79749		-1.51576     0.2    0.2		4.1705503158		-1.0
	8865.00000000	3.14809		-1.32462     0.2    0.2		4.1705503158		-1.0
	8910.00000000	2.86086		-1.33954     0.2    0.2		4.1705503158		-1.0
	8955.00000000	2.75784		-1.61801     0.2    0.2		4.1705503158		-1.0
	9000.00000000	2.76238		-1.70883     0.2    0.2		4.1705503158		-1.0
	9045.00000000	2.78875		-1.96497     0.2    0.2		4.1705503158		-1.0
	9090.00000000	2.79929		-2.41997     0.2    0.2		4.1705503158		-1.0
	9135.00000000	2.74182		-2.56064     0.2    0.2		4.1705503158		-1.0
	9180.00000000	2.75439		-2.94873     0.2    0.2		4.1705503158		-1.0
	9225.00000000	2.71979		3.08208     0.2    0.2		4.1705503158		-1.0
	9270.00000000	2.81856		2.68982     0.2    0.2		4.1705503158		-1.0
	9315.00000000	2.99542		1.95954     0.2    0.2		4.1705503158		-1.0
	9360.00000000	3.20255		1.52579     0.2    0.2		4.1705503158		-1.0
	9405.00000000	2.88871		1.15697     0.2    0.2		4.1705503158		-1.0
	9450.00000000	3.27519		1.07783     0.2    0.2		4.1705503158		-1.0
	9495.00000000	2.92277		0.68644     0.2    0.2		4.1705503158		-1.0
	9540.00000000	2.77931		0.27539     0.2    0.2		4.1705503158		-1.0
	9585.00000000	3.13679		0.14733     0.2    0.2		4.1705503158		-1.0
	9630.00000000	2.67047		-0.29871     0.2    0.2		4.1705503158		-1.0
	9675.00000000	2.70611		-0.8313     0.2    0.2		4.1705503158		-1.0
	9720.00000000	2.9744		-0.76945     0.2    0.2		4.1705503158		-1.0
	9765.00000000	3.27614		-0.86246     0.2    0.2		4.1705503158		-1.0
	9810.00000000	2.87374		-0.23403     0.2    0.2		4.1705503158		-1.0
	9855.00000000	3.10607		-0.15283     0.2    0.2		4.1705503158		-1.0
	9900.00000000	3.28479		-0.00627     0.2    0.2		4.1705503158		-1.0
	9945.00000000	3.2594		-0.12421     0.2    0.2		4.1705503158		-1.0
	9990.00000000	2.71809		-0.49501     0.2    0.2		4.1705503158		-1.0
	10035.00000000	3.07068		-0.75107     0.2    0.2		4.1705503158		-1.0
	10080.00000000	3.19161		-0.86759     0.2    0.2		4.1705503158		-1.0
	10125.00000000	2.76921		-0.59349     0.2    0.2		4.1705503158		-1.0
	10170.00000000	2.78929		-0.1772     0.2    0.2		4.1705503158		-1.0
	10215.00000000	2.74312		0.92993     0.2    0.2		4.1705503158		-1.0
	10260.00000000	2.74404		1.5392     0.2    0.2		4.1705503158		-1.0
	10305.00000000	2.76615		2.15584     0.2    0.2		4.1705503158		-1.0
	10350.00000000	3.16492		2.75401     0.2    0.2		4.1705503158		-1.0
	10395.00000000	2.95267		3.11941     0.2    0.2		4.1705503158		-1.0
	10440.00000000	2.99765		-2.87509     0.2    0.2		4.1705503158		-1.0
	10485.00000000	3.11696		-2.78592     0.2    0.2		4.1705503158		-1.0
	10530.00000000	3.03224		-2.40724     0.2    0.2		4.1705503158		-1.0
	10575.00000000	3.21352		-2.58615     0.2    0.2		4.1705503158		-1.0
	10620.00000000	2.74448		-2.26368     0.2    0.2		4.1705503158		-1.0
	10665.00000000	2.67299		-2.03523     0.2    0.2		4.1705503158		-1.0
	10710.00000000	3.40814		-1.61854     0.2    0.2		4.1705503158		-1.0
	10755.00000000	2.92161		-1.29881     0.2    0.2		4.1705503158		-1.0
	10800.00000000	2.98233		-0.833     0.2    0.2		4.1705503158		-1.0
	10845.00000001	2.7505		-0.28321     0.2    0.2		4.1705503158		-1.0
	10890.00000001	3.34494		0.07905     0.2    0.2		4.1705503158		-1.0
	10935.00000001	2.70268		0.47825     0.2    0.2		4.1705503158		-1.0
	10980.00000001	3.24525		0.5057     0.2    0.2		4.1705503158		-1.0
	11025.00000001	3.23886		0.50359     0.2    0.2		4.1705503158		-1.0
	11070.00000001	3.13963		0.83525     0.2    0.2		4.1705503158		-1.0
	11115.00000001	3.20968		0.51036     0.2    0.2		4.1705503158		-1.0
	11160.00000001	3.09393		0.0463     0.2    0.2		4.1705503158		-1.0
	11205.00000001	3.10083		-0.50089     0.2    0.2		4.1705503158		-1.0
	11250.00000001	2.91876		-1.24241     0.2    0.2		4.1705503158		-1.0
	11295.00000001	2.68399		-1.31759     0.2    0.2		4.1705503158		-1.0
	11340.00000001	2.64103		-1.40443     0.2    0.2		4.1705503158		-1.0
	11385.00000001	3.21047		-0.98286     0.2    0.2		4.1705503158		-1.0
	11430.00000001	3.05935		-0.70756     0.2    0.2		4.1705503158		-1.0
	11475.00000001	2.77178		0.06895     0.2    0.2		4.1705503158		-1.0
	11520.00000001	2.80892		0.69268     0.2    0.2		4.1705503158		-1.0
	11565.00000001	2.71172		0.99522     0.2    0.2		4.1705503158		-1.0
	11610.00000001	2.74948		1.21866     0.2    0.2		4.1705503158		-1.0
	11655.00000001	2.85102		1.46196     0.2    0.2		4.1705503158		-1.0
	11700.00000001	2.73875		1.58464     0.2    0.2		4.1705503158		-1.0
	11745.00000001	2.75616		2.07635     0.2    0.2		4.1705503158		-1.0
	11790.00000001	2.94332		2.42393     0.2    0.2		4.1705503158		-1.0
	11835.00000001	3.23657		2.59406     0.2    0.2		4.1705503158		-1.0
	11880.00000001	3.21986		2.42662     0.2    0.2		4.1705503158		-1.0
	11925.00000001	3.16717		2.16989     0.2    0.2		4.1705503158		-1.0
	11970.00000001	3.29685		1.83247     0.2    0.2		4.1705503158		-1.0
	12015.00000001	2.89004		1.39486     0.2    0.2		4.1705503158		-1.0
	12060.00000001	2.90814		1.055     0.2    0.2		4.1705503158		-1.0
	12105.00000001	2.8329		0.67983     0.2    0.2		4.1705503158		-1.0
	12150.00000001	2.77654		0.36501     0.2    0.2		4.1705503158		-1.0
	12195.00000001	2.67479		-0.10901     0.2    0.2		4.1705503158		-1.0
	12240.00000001	2.75948		-0.82742     0.2    0.2		4.1705503158		-1.0
	12285.00000001	3.1237		-0.69864     0.2    0.2		4.1705503158		-1.0
	12330.00000001	2.79583		-0.59739     0.2    0.2		4.1705503158		-1.0
	12375.00000001	2.77881		-0.36926     0.2    0.2		4.1705503158		-1.0
	12420.00000001	2.99863		-0.30051     0.2    0.2		4.1705503158		-1.0
	12465.00000001	2.82013		0.11945     0.2    0.2		4.1705503158		-1.0
	12510.00000001	3.40893		0.35222     0.2    0.2		4.1705503158		-1.0
	12555.00000001	2.80239		0.57753     0.2    0.2		4.1705503158		-1.0
	12600.00000001	2.63244		0.50776     0.2    0.2		4.1705503158		-1.0
	12645.00000001	2.75305		0.42     0.2    0.2		4.1705503158		-1.0
	12690.00000001	2.85828		-0.05342     0.2    0.2		4.1705503158		-1.0
	12735.00000001	3.12594		-0.49249     0.2    0.2		4.1705503158		-1.0
	12780.00000001	3.14197		-0.70951     0.2    0.2		4.1705503158		-1.0
	12825.00000001	2.76792		-0.63389     0.2    0.2		4.1705503158		-1.0
	12870.00000001	2.64145		-0.60735     0.2    0.2		4.1705503158		-1.0
	12915.00000001	2.93954		-0.32649     0.2    0.2		4.1705503158		-1.0
	12960.00000001	2.92676		0.17479     0.2    0.2		4.1705503158		-1.0
	13005.00000001	2.69722		0.60083     0.2    0.2		4.1705503158		-1.0
	13050.00000001	2.74097		0.73437     0.2    0.2		4.1705503158		-1.0
	13095.00000001	2.7366		1.36268     0.2    0.2		4.1705503158		-1.0
	13140.00000001	3.06307		1.18966     0.2    0.2		4.1705503158		-1.0
	13185.00000001	3.15668		1.34381     0.2    0.2		4.1705503158		-1.0
	13230.00000001	3.01395		1.70349     0.2    0.2		4.1705503158		-1.0
	13275.00000001	3.27263		1.48009     0.2    0.2		4.1705503158		-1.0
	13320.00000001	3.25493		1.66047     0.2    0.2		4.1705503158		-1.0
	13365.00000001	3.13809		1.87216     0.2    0.2		4.1705503158		-1.0
	13410.00000001	3.2349		2.14227     0.2    0.2		4.1705503158		-1.0
	13455.00000001	3.23296		2.46915     0.2    0.2		4.1705503158		-1.0
	13500.00000001	3.26702		2.93292     0.2    0.2		4.1705503158		-1.0
	13545.00000001	3.26085		-3.05217     0.2    0.2		4.1705503158		-1.0
	13590.00000001	3.40467		-2.46778     0.2    0.2		4.1705503158		-1.0
	13635.00000001	2.70583		-2.28113     0.2    0.2		4.1705503158		-1.0
	13680.00000001	3.41327		-2.02624     0.2    0.2		4.1705503158		-1.0
	13725.00000001	2.68322		-1.80966     0.2    0.2		4.1705503158		-1.0
	13770.00000001	3.43028		-1.68992     0.2    0.2		4.1705503158		-1.0
	13815.00000001	2.8747		-1.64237     0.2    0.2		4.1705503158		-1.0
	13860.00000001	3.00229		-1.5977     0.2    0.2		4.1705503158		-1.0
	13905.00000001	3.12025		-1.53404     0.2    0.2		4.1705503158		-1.0
	13950.00000001	3.31786		-1.74188     0.2    0.2		4.1705503158		-1.0
	13995.00000001	3.26424		-1.46226     0.2    0.2		4.1705503158		-1.0
	14040.00000001	2.73794		-1.8513     0.2    0.2		4.1705503158		-1.0
	14085.00000001	2.70191		-2.00782     0.2    0.2		4.1705503158		-1.0
	14130.00000001	3.33684		-2.45481     0.2    0.2		4.1705503158		-1.0
	14175.00000001	2.7559		-2.73871     0.2    0.2		4.1705503158		-1.0
	14220.00000001	2.69815		3.08394     0.2    0.2		4.1705503158		-1.0
	14265.00000000	2.71259		2.54493     0.2    0.2		4.1705503158		-1.0
	14310.00000000	2.74527		1.96363     0.2    0.2		4.1705503158		-1.0
	14355.00000000	2.78832		1.64474     0.2    0.2		4.1705503158		-1.0
	14400.00000000	2.75934		1.02279     0.2    0.2		4.1705503158		-1.0
	14445.00000000	2.69908		1.24052     0.2    0.2		4.1705503158		-1.0
	14490.00000000	2.95114		1.06775     0.2    0.2		4.1705503158		-1.0
	14535.00000000	3.01397		0.51074     0.2    0.2		4.1705503158		-1.0
	14580.00000000	3.23364		0.0015     0.2    0.2		4.1705503158		-1.0
	14625.00000000	3.32396		-0.51201     0.2    0.2		4.1705503158		-1.0
	14670.00000000	2.57344		-0.44729     0.2    0.2		4.1705503158		-1.0
	14715.00000000	2.97178		-0.43876     0.2    0.2		4.1705503158		-1.0
	14760.00000000	3.47087		-0.31205     0.2    0.2		4.1705503158		-1.0
	14805.00000000	3.46506		0.16787     0.2    0.2		4.1705503158		-1.0
	14850.00000000	2.64533		0.34336     0.2    0.2		4.1705503158		-1.0
	14895.00000000	2.81946		-0.04125     0.2    0.2		4.1705503158		-1.0
	14940.00000000	3.44214		-0.30199     0.2    0.2		4.1705503158		-1.0
	14985.00000000	3.41658		-0.31185     0.2    0.2		4.1705503158		-1.0
	15030.00000000	2.94129		-0.64676     0.2    0.2		4.1705503158		-1.0
	15075.00000000	2.72101		-1.19665     0.2    0.2		4.1705503158		-1.0
	15120.00000000	3.45969		-1.15905     0.2    0.2		4.1705503158		-1.0
	15165.00000000	2.68524		-1.64341     0.2    0.2		4.1705503158		-1.0
	15210.00000000	3.22603		-1.82862     0.2    0.2		4.1705503158		-1.0
	15255.00000000	3.25905		-2.17071     0.2    0.2		4.1705503158		-1.0
	15300.00000000	2.79882		-2.43962     0.2    0.2		4.1705503158		-1.0
	15345.00000000	2.75774		-2.79207     0.2    0.2		4.1705503158		-1.0
	15390.00000000	2.7456		2.88554     0.2    0.2		4.1705503158		-1.0
	15435.00000000	2.81548		2.26706     0.2    0.2		4.1705503158		-1.0
	15480.00000000	2.78565		1.77284     0.2    0.2		4.1705503158		-1.0
	15525.00000000	2.60901		1.80204     0.2    0.2		4.1705503158		-1.0
	15570.00000000	2.81116		1.19335     0.2    0.2		4.1705503158		-1.0
	15615.00000000	2.70289		1.43616     0.2    0.2		4.1705503158		-1.0
	15660.00000000	2.66263		1.70875     0.2    0.2		4.1705503158		-1.0
	15705.00000000	2.96943		1.7712     0.2    0.2		4.1705503158		-1.0
	15750.00000000	3.21594		1.61352     0.2    0.2		4.1705503158		-1.0
	15795.00000000	3.2616		1.68971     0.2    0.2		4.1705503158		-1.0
	15840.00000000	3.16406		2.08638     0.2    0.2		4.1705503158		-1.0
	15885.00000000	3.34934		2.19757     0.2    0.2		4.1705503158		-1.0
	15930.00000000	3.36133		2.52691     0.2    0.2		4.1705503158		-1.0
	15975.00000000	3.17594		2.90936     0.2    0.2		4.1705503158		-1.0
	16020.00000000	3.28654		3.09933     0.2    0.2		4.1705503158		-1.0
	16065.00000000	3.29795		-2.82957     0.2    0.2		4.1705503158		-1.0
	16110.00000000	3.31685		-2.73819     0.2    0.2		4.1705503158		-1.0
	16155.00000000	3.22298		-2.26882     0.2    0.2		4.1705503158		-1.0
	16200.00000000	3.27054		-2.178     0.2    0.2		4.1705503158		-1.0
	16245.00000000	3.28452		-1.77941     0.2    0.2		4.1705503158		-1.0
	16290.00000000	2.77161		-1.66409     0.2    0.2		4.1705503158		-1.0
	16335.00000000	2.7533		-1.07775     0.2    0.2		4.1705503158		-1.0
	16380.00000000	2.75105		-1.03649     0.2    0.2		4.1705503158		-1.0
	16425.00000000	2.71229		-0.53484     0.2    0.2		4.1705503158		-1.0
	16470.00000000	2.72404		0.40239     0.2    0.2		4.1705503158		-1.0
	16515.00000000	2.72381		1.00536     0.2    0.2		4.1705503158		-1.0
	16560.00000000	2.68652		1.50827     0.2    0.2		4.1705503158		-1.0
	16605.00000000	2.77014		1.71639     0.2    0.2		4.1705503158		-1.0
	16650.00000000	2.71156		2.14422     0.2    0.2		4.1705503158		-1.0
	16695.00000000	2.71882		2.41856     0.2    0.2		4.1705503158		-1.0
	16740.00000000	2.7997		2.94303     0.2    0.2		4.1705503158		-1.0
	16785.00000000	2.7536		-3.00948     0.2    0.2		4.1705503158		-1.0
	16830.00000000	2.71465		-2.38866     0.2    0.2		4.1705503158		-1.0
	16875.00000000	2.73662		-2.31735     0.2    0.2		4.1705503158		-1.0
	16920.00000000	3.249		-1.62496     0.2    0.2		4.1705503158		-1.0
	16965.00000000	3.29993		-1.05709     0.2    0.2		4.1705503158		-1.0
	17010.00000000	3.29293		-0.44354     0.2    0.2		4.1705503158		-1.0
	17055.00000000	3.32346		0.22885     0.2    0.2		4.1705503158		-1.0
	17100.00000000	3.18692		0.82608     0.2    0.2		4.1705503158		-1.0
	17145.00000000	3.20448		1.05009     0.2    0.2		4.1705503158		-1.0
	17190.00000000	3.36793		1.28477     0.2    0.2		4.1705503158		-1.0
	17235.00000000	3.41051		1.03362     0.2    0.2		4.1705503158		-1.0
	17280.00000000	3.45246		1.10375     0.2    0.2		4.1705503158		-1.0
	17325.00000000	3.43806		0.72154     0.2    0.2		4.1705503158		-1.0
	17370.00000000	3.31687		1.2208     0.2    0.2		4.1705503158		-1.0
	17415.00000000	3.35352		0.8788     0.2    0.2		4.1705503158		-1.0
	17460.00000000	3.40964		0.93101     0.2    0.2		4.1705503158		-1.0
	17505.00000000	2.81129		1.47271     0.2    0.2		4.1705503158		-1.0
	17550.00000000	2.9654		1.08919     0.2    0.2		4.1705503158		-1.0
	17595.00000000	3.26736		1.20636     0.2    0.2		4.1705503158		-1.0
	17640.00000000	3.1376		0.82389     0.2    0.2		4.1705503158		-1.0
	17685.00000000	3.00387		0.57937     0.2    0.2		4.1705503158		-1.0
	17730.00000000	3.06396		0.20567     0.2    0.2		4.1705503158		-1.0
	17775.00000000	3.09981		0.01325     0.2    0.2		4.1705503158		-1.0
	17820.00000000	3.3983		-0.75855     0.2    0.2		4.1705503158		-1.0
	17865.00000000	3.20775		-1.05462     0.2    0.2		4.1705503158		-1.0
	17910.00000000	2.69391		-1.18893     0.2    0.2		4.1705503158		-1.0
	17955.00000000	2.77348		-1.36746     0.2    0.2		4.1705503158		-1.0
	18000.00000000	2.9889		-1.44687     0.2    0.2		4.1705503158		-1.0
	18045.00000000	3.02412		-1.49423     0.2    0.2		4.1705503158		-1.0
	18090.00000000	3.09179		-2.07068     0.2    0.2		4.1705503158		-1.0
	18135.00000000	2.73348		-2.11066     0.2    0.2		4.1705503158		-1.0
	18180.00000000	3.35777		-2.76132     0.2    0.2		4.1705503158		-1.0
	18225.00000000	2.97913		-2.9849     0.2    0.2		4.1705503158		-1.0
	18270.00000000	2.80204		2.77083     0.2    0.2		4.1705503158		-1.0
	18315.00000000	2.72348		2.45764     0.2    0.2		4.1705503158		-1.0
	18360.00000000	2.71676		2.0596     0.2    0.2		4.1705503158		-1.0
	18405.00000000	2.8286		2.0475     0.2    0.2		4.1705503158		-1.0
	18450.00000000	2.71154		1.86909     0.2    0.2		4.1705503158		-1.0
	18495.00000000	2.69602		1.7606     0.2    0.2		4.1705503158		-1.0
	18540.00000000	2.64895		1.73328     0.2    0.2		4.1705503158		-1.0
	18585.00000000	3.54125		1.54214     0.2    0.2		4.1705503158		-1.0
	18630.00000000	2.65117		2.01832     0.2    0.2		4.1705503158		-1.0
	18675.00000000	3.0416		2.08223     0.2    0.2		4.1705503158		-1.0
	18720.00000000	3.072		2.26774     0.2    0.2		4.1705503158		-1.0
	18765.00000000	3.16317		2.73807     0.2    0.2		4.1705503158		-1.0
	18810.00000000	3.20817		2.92003     0.2    0.2		4.1705503158		-1.0
	18855.00000000	3.10506		-3.11123     0.2    0.2		4.1705503158		-1.0
	18900.00000000	2.76109		-2.65417     0.2    0.2		4.1705503158		-1.0
	18945.00000000	2.68775		-2.53288     0.2    0.2		4.1705503158		-1.0
	18990.00000000	2.80704		-2.06451     0.2    0.2		4.1705503158		-1.0
	19035.00000000	2.88934		-1.89573     0.2    0.2		4.1705503158		-1.0
	19080.00000000	3.29035		-1.72719     0.2    0.2		4.1705503158		-1.0
	19125.00000000	2.75751		-1.65999     0.2    0.2		4.1705503158		-1.0
	19170.00000000	2.65516		-1.75084     0.2    0.2		4.1705503158		-1.0
	19215.00000000	2.68714		-1.82639     0.2    0.2		4.1705503158		-1.0
	19260.00000000	2.63791		-1.82557     0.2    0.2		4.1705503158		-1.0
	19305.00000000	2.72828		-2.10384     0.2    0.2		4.1705503158		-1.0
	19350.00000000	2.78284		-2.29535     0.2    0.2		4.1705503158		-1.0
	19395.00000000	2.63651		-2.8494     0.2    0.2		4.1705503158		-1.0
	19440.00000000	2.89371		3.11722     0.2    0.2		4.1705503158		-1.0
	19485.00000000	2.75388		2.88734     0.2    0.2		4.1705503158		-1.0
	19530.00000000	2.65593		2.54204     0.2    0.2		4.1705503158		-1.0
	19575.00000000	3.30351		2.25681     0.2    0.2		4.1705503158		-1.0
	19620.00000000	3.24837		2.06917     0.2    0.2		4.1705503158		-1.0
	19665.00000000	3.25665		1.91264     0.2    0.2		4.1705503158		-1.0
	19710.00000000	3.18352		2.15824     0.2    0.2		4.1705503158		-1.0
	19755.00000000	3.2995		1.9575     0.2    0.2		4.1705503158		-1.0
	19800.00000000	3.46873		1.9968     0.2    0.2		4.1705503158		-1.0
	19845.00000000	3.2292		1.97375     0.2    0.2		4.1705503158		-1.0
	19890.00000000	3.22406		2.3882     0.2    0.2		4.1705503158		-1.0
	19935.00000000	3.44028		2.48938     0.2    0.2		4.1705503158		-1.0
	19980.00000000	3.26644		2.75226     0.2    0.2		4.1705503158		-1.0
	20025.00000000	3.33931		2.94391     0.2    0.2		4.1705503158		-1.0
	20070.00000000	3.21748		-2.9062     0.2    0.2		4.1705503158		-1.0
	20115.00000000	3.26368		-3.05039     0.2    0.2		4.1705503158		-1.0
	20160.00000000	3.18562		-2.50173     0.2    0.2		4.1705503158		-1.0
	20205.00000000	3.29977		-2.59967     0.2    0.2		4.1705503158		-1.0
	20250.00000000	3.31788		-2.04089     0.2    0.2		4.1705503158		-1.0
	20295.00000000	3.32125		-2.10982     0.2    0.2		4.1705503158		-1.0
	20340.00000000	3.31166		-1.33168     0.2    0.2		4.1705503158		-1.0
	20385.00000000	3.39922		-1.34201     0.2    0.2		4.1705503158		-1.0
	20430.00000000	3.26987		-0.78744     0.2    0.2		4.1705503158		-1.0
	20475.00000000	3.23498		-0.19688     0.2    0.2		4.1705503158		-1.0
	20520.00000000	3.3286		0.53618     0.2    0.2		4.1705503158		-1.0
	20565.00000000	3.16599		1.02937     0.2    0.2		4.1705503158		-1.0
	20610.00000000	3.34498		1.26072     0.2    0.2		4.1705503158		-1.0
	20655.00000000	3.36981		1.50345     0.2    0.2		4.1705503158		-1.0
	20700.00000000	3.28934		1.9044     0.2    0.2		4.1705503158		-1.0
	20744.99999999	3.37434		2.39317     0.2    0.2		4.1705503158		-1.0
	20789.99999999	2.9776		2.73256     0.2    0.2		4.1705503158		-1.0
	20834.99999999	3.32113		-2.97011     0.2    0.2		4.1705503158		-1.0
	20879.99999999	3.21724		-2.68078     0.2    0.2		4.1705503158		-1.0
	20924.99999999	3.37493		-2.32935     0.2    0.2		4.1705503158		-1.0
	20969.99999999	3.15396		-2.11498     0.2    0.2		4.1705503158		-1.0
	21014.99999999	3.22493		-1.6735     0.2    0.2		4.1705503158		-1.0
	21059.99999999	3.57385		-1.47862     0.2    0.2		4.1705503158		-1.0
	21104.99999999	3.19785		-1.02837     0.2    0.2		4.1705503158		-1.0
	21149.99999999	3.48129		-0.90298     0.2    0.2		4.1705503158		-1.0
	21194.99999999	3.26466		-0.14094     0.2    0.2		4.1705503158		-1.0
	21239.99999999	3.26261		0.29911     0.2    0.2		4.1705503158		-1.0
	21284.99999999	3.41492		0.87408     0.2    0.2		4.1705503158		-1.0
	21329.99999999	2.98878		0.59349     0.2    0.2		4.1705503158		-1.0
	21374.99999999	2.71047		1.2287     0.2    0.2		4.1705503158		-1.0
	21419.99999999	2.73738		0.97373     0.2    0.2		4.1705503158		-1.0
	21464.99999999	2.69641		0.68372     0.2    0.2		4.1705503158		-1.0
	21509.99999999	2.75131		-0.20598     0.2    0.2		4.1705503158		-1.0
	21554.99999999	2.67564		-0.74245     0.2    0.2		4.1705503158		-1.0
	21599.99999999	2.78467		-1.0601     0.2    0.2		4.1705503158		-1.0
	21644.99999999	2.85264		-1.21519     0.2    0.2		4.1705503158		-1.0
	21689.99999999	2.83539		-1.58943     0.2    0.2		4.1705503158		-1.0
	21734.99999999	2.83644		-1.63876     0.2    0.2		4.1705503158		-1.0
	21779.99999999	3.59767		-1.78603     0.2    0.2		4.1705503158		-1.0
	21824.99999999	3.50565		-1.844     0.2    0.2		4.1705503158		-1.0
	21869.99999999	3.07759		-2.24395     0.2    0.2		4.1705503158		-1.0
	21914.99999999	3.04608		-2.55776     0.2    0.2		4.1705503158		-1.0
	21959.99999999	2.81229		-2.51281     0.2    0.2		4.1705503158		-1.0
	22004.99999999	2.67151		3.04826     0.2    0.2		4.1705503158		-1.0
	22049.99999999	2.74341		2.49995     0.2    0.2		4.1705503158		-1.0
	22094.99999999	2.73371		2.37742     0.2    0.2		4.1705503158		-1.0
	22139.99999999	2.62775		2.33183     0.2    0.2		4.1705503158		-1.0
	22184.99999999	2.74945		1.9286     0.2    0.2		4.1705503158		-1.0
	22229.99999999	3.4753		1.63092     0.2    0.2		4.1705503158		-1.0
	22274.99999999	3.28217		1.64047     0.2    0.2		4.1705503158		-1.0
	22319.99999999	3.22447		1.46349     0.2    0.2		4.1705503158		-1.0
	22364.99999999	3.27905		0.93227     0.2    0.2		4.1705503158		-1.0
	22409.99999999	3.19361		1.13164     0.2    0.2		4.1705503158		-1.0
	22454.99999999	2.93011		1.17709     0.2    0.2		4.1705503158		-1.0
	22499.99999999	3.55763		0.83155     0.2    0.2		4.1705503158		-1.0
	22544.99999999	3.19595		0.28195     0.2    0.2		4.1705503158		-1.0
	22589.99999999	3.29954		0.33277     0.2    0.2		4.1705503158		-1.0
	22634.99999999	3.46817		0.19748     0.2    0.2		4.1705503158		-1.0
	22679.99999999	3.27488		-0.39633     0.2    0.2		4.1705503158		-1.0
	22724.99999999	3.3516		-0.45433     0.2    0.2		4.1705503158		-1.0
	22769.99999999	3.33274		-0.93383     0.2    0.2		4.1705503158		-1.0
	22814.99999999	3.07252		-1.33132     0.2    0.2		4.1705503158		-1.0
	22859.99999999	3.20857		-1.26505     0.2    0.2		4.1705503158		-1.0
	22904.99999999	3.53668		-1.4268     0.2    0.2		4.1705503158		-1.0
	22949.99999999	3.54983		-1.5178     0.2    0.2		4.1705503158		-1.0
	22994.99999999	3.05837		-1.8663     0.2    0.2		4.1705503158		-1.0
	23039.99999999	3.27608		-2.18403     0.2    0.2		4.1705503158		-1.0
	23084.99999999	3.54101		-2.48171     0.2    0.2		4.1705503158		-1.0
	23129.99999999	2.97123		-2.81504     0.2    0.2		4.1705503158		-1.0
	23174.99999999	2.92503		3.00414     0.2    0.2		4.1705503158		-1.0
	23219.99999999	2.60226		2.72081     0.2    0.2		4.1705503158		-1.0
	23264.99999999	2.81745		2.29624     0.2    0.2		4.1705503158		-1.0
	23309.99999999	2.71259		1.91881     0.2    0.2		4.1705503158		-1.0
	23354.99999999	2.71554		1.19039     0.2    0.2		4.1705503158		-1.0
	23399.99999999	2.72187		0.66553     0.2    0.2		4.1705503158		-1.0
	23444.99999999	2.75691		-0.42933     0.2    0.2		4.1705503158		-1.0
	23489.99999999	2.74924		-0.4353     0.2    0.2		4.1705503158		-1.0
	23534.99999999	2.64591		-1.1126     0.2    0.2		4.1705503158		-1.0
	23579.99999999	2.66641		-0.94301     0.2    0.2		4.1705503158		-1.0
	23624.99999999	3.61669		-0.95377     0.2    0.2		4.1705503158		-1.0
	23669.99999999	2.67094		-0.60445     0.2    0.2		4.1705503158		-1.0
	23714.99999999	2.60848		-0.79816     0.2    0.2		4.1705503158		-1.0
	23759.99999999	3.75083		-0.33722     0.2    0.2		4.1705503158		-1.0
	23804.99999999	2.72631		-0.40728     0.2    0.2		4.1705503158		-1.0
	23849.99999999	3.45345		-0.06197     0.2    0.2		4.1705503158		-1.0
	23894.99999999	2.6447		0.1525     0.2    0.2		4.1705503158		-1.0
	23939.99999999	2.80348		0.11342     0.2    0.2		4.1705503158		-1.0
	23984.99999999	2.78942		0.97553     0.2    0.2		4.1705503158		-1.0
	24029.99999999	2.76715		0.84288     0.2    0.2		4.1705503158		-1.0
	24074.99999999	2.54928		1.09722     0.2    0.2		4.1705503158		-1.0
	24119.99999999	2.65537		0.91782     0.2    0.2		4.1705503158		-1.0
	24164.99999999	2.69008		0.78378     0.2    0.2		4.1705503158		-1.0
	24209.99999999	2.7026		0.2901     0.2    0.2		4.1705503158		-1.0
	24254.99999999	2.73344		-0.21082     0.2    0.2		4.1705503158		-1.0
	24299.99999999	2.69405		-0.11504     0.2    0.2		4.1705503158		-1.0
	24344.99999999	2.66832		0.19341     0.2    0.2		4.1705503158		-1.0
	24389.99999999	2.70302		0.421     0.2    0.2		4.1705503158		-1.0
	24434.99999999	2.7986		0.30161     0.2    0.2		4.1705503158		-1.0
	24479.99999999	3.35264		0.36922     0.2    0.2		4.1705503158		-1.0
	24524.99999999	3.59167		0.55336     0.2    0.2		4.1705503158		-1.0
	24569.99999999	2.92619		-0.08747     0.2    0.2		4.1705503158		-1.0
	24614.99999999	2.99833		-1.04587     0.2    0.2		4.1705503158		-1.0
	24659.99999999	2.64088		-1.44045     0.2    0.2		4.1705503158		-1.0
	24704.99999999	2.61925		-1.88694     0.2    0.2		4.1705503158		-1.0
	24749.99999999	2.60541		-2.29789     0.2    0.2		4.1705503158		-1.0
	24794.99999999	2.72933		-3.02058     0.2    0.2		4.1705503158		-1.0
	24839.99999999	2.67919		2.7727     0.2    0.2		4.1705503158		-1.0
	24884.99999999	2.67987		2.51145     0.2    0.2		4.1705503158		-1.0
	24929.99999999	2.74483		1.98673     0.2    0.2		4.1705503158		-1.0
	24974.99999999	2.7073		2.10298     0.2    0.2		4.1705503158		-1.0
	25019.99999999	2.67869		1.93416     0.2    0.2		4.1705503158		-1.0
	25064.99999999	2.66341		2.25206     0.2    0.2		4.1705503158		-1.0
	25109.99999999	2.64948		2.41841     0.2    0.2		4.1705503158		-1.0
	25154.99999999	3.67542		2.51177     0.2    0.2		4.1705503158		-1.0
	25199.99999999	2.6067		2.80434     0.2    0.2		4.1705503158		-1.0
	25244.99999999	3.51262		2.79396     0.2    0.2		4.1705503158		-1.0
	25289.99999999	3.61716		2.83878     0.2    0.2		4.1705503158		-1.0
	25334.99999999	2.94213		2.59615     0.2    0.2		4.1705503158		-1.0
	25379.99999999	3.14023		2.78034     0.2    0.2		4.1705503158		-1.0
	25424.99999999	3.15941		2.67464     0.2    0.2		4.1705503158		-1.0
	25469.99999999	3.03556		2.55691     0.2    0.2		4.1705503158		-1.0
	25514.99999999	3.35078		2.4013     0.2    0.2		4.1705503158		-1.0
	25559.99999999	3.46753		2.07079     0.2    0.2		4.1705503158		-1.0
	25604.99999999	3.31742		2.01701     0.2    0.2		4.1705503158		-1.0
	25649.99999999	3.61846		1.55309     0.2    0.2		4.1705503158		-1.0
	25694.99999999	3.1972		1.47376     0.2    0.2		4.1705503158		-1.0
	25739.99999999	3.21594		1.30601     0.2    0.2		4.1705503158		-1.0
	25784.99999999	3.50438		0.67373     0.2    0.2		4.1705503158		-1.0
	25829.99999999	3.20989		0.5135     0.2    0.2		4.1705503158		-1.0
	25874.99999999	3.29459		-0.1209     0.2    0.2		4.1705503158		-1.0
	25919.99999999	3.4236		-0.74085     0.2    0.2		4.1705503158		-1.0
	25964.99999999	3.32304		-1.06557     0.2    0.2		4.1705503158		-1.0
	26009.99999999	3.28929		-1.28108     0.2    0.2		4.1705503158		-1.0
	26054.99999999	3.97175		-1.41204     0.2    0.2		4.1705503158		-1.0
	26099.99999999	5.44194		-1.46717     0.2    0.2		4.1705503158		-1.0
	26144.99999999	7.72503		-1.5208     0.2    0.2		4.1705503158		-1.0
	26189.99999999	9.9836		-1.38802     0.2    0.2		4.1705503158		-1.0
	26234.99999999	11.51525		-1.41071     0.2    0.2		4.1705503158		-1.0
	26279.99999999	13.0584		-1.13713     0.2    0.2		4.1705503158		-1.0
	26324.99999999	13.89496		-1.52979     0.2    0.2		4.1705503158		-1.0
	26369.99999999	15.10325		-1.93939     0.2    0.2		4.1705503158		-1.0
	26414.99999999	15.63458		2.63709     0.2    0.2		4.1705503158		-1.0
	26459.99999999	16.58766		2.12684     0.2    0.2		4.1705503158		-1.0
	26504.99999999	17.33031		2.02159     0.2    0.2		4.1705503158		-1.0
	26549.99999999	18.37701		1.99306     0.2    0.2		4.1705503158		-1.0
	26594.99999999	19.28575		1.72395     0.2    0.2		4.1705503158		-1.0
	26639.99999999	20.47602		1.69459     0.2    0.2		4.1705503158		-1.0
	26684.99999999	21.56882		1.40184     0.2    0.2		4.1705503158		-1.0
	26729.99999999	22.42576		1.25119     0.2    0.2		4.1705503158		-1.0
	26774.99999999	22.40338		1.06988     0.2    0.2		4.1705503158		-1.0
	26819.99999999	21.57533		0.53531     0.2    0.2		4.1705503158		-1.0
	26864.99999999	20.63926		1.80663     0.2    0.2		4.1705503158		-1.0
	26909.99999999	19.75816		-2.69431     0.2    0.2		4.1705503158		-1.0
	26954.99999999	18.55674		-2.76371     0.2    0.2		4.1705503158		-1.0
	26999.99999999	17.68642		-2.40209     0.2    0.2		4.1705503158		-1.0
	27044.99999999	16.72976		-1.40273     0.2    0.2		4.1705503158		-1.0
	27089.99999999	15.6977		-1.24508     0.2    0.2		4.1705503158		-1.0
	27134.99999999	14.48867		-1.04304     0.2    0.2		4.1705503158		-1.0
	27179.99999999	13.45678		-0.95715     0.2    0.2		4.1705503158		-1.0
	27224.99999998	12.06545		-0.75141     0.2    0.2		4.1705503158		-1.0
	27269.99999998	10.71433		-0.60088     0.2    0.2		4.1705503158		-1.0
	27314.99999998	9.29949		-0.52402     0.2    0.2		4.1705503158		-1.0
	27359.99999998	7.60626		-0.56824     0.2    0.2		4.1705503158		-1.0
	27404.99999998	6.26949		-0.57274     0.2    0.2		4.1705503158		-1.0
	27449.99999998	5.33981		-1.26068     0.2    0.2		4.1705503158		-1.0
	27494.99999998	6.43781		-0.95666     0.2    0.2		4.1705503158		-1.0
	27539.99999998	8.01611		-1.00083     0.2    0.2		4.1705503158		-1.0
	27584.99999998	9.68474		-1.05597     0.2    0.2		4.1705503158		-1.0
	27629.99999998	10.80077		-1.16751     0.2    0.2		4.1705503158		-1.0
	27674.99999998	12.15911		-1.2437     0.2    0.2		4.1705503158		-1.0
	27719.99999998	12.86316		-0.80053     0.2    0.2		4.1705503158		-1.0
	27764.99999998	13.40256		0.7261     0.2    0.2		4.1705503158		-1.0
	27809.99999998	13.62928		1.86913     0.2    0.2		4.1705503158		-1.0
	27854.99999998	13.6259		2.31706     0.2    0.2		4.1705503158		-1.0
	27899.99999998	13.3527		3.12392     0.2    0.2		4.1705503158		-1.0
	27944.99999998	13.46311		-2.16628     0.2    0.2		4.1705503158		-1.0
	27989.99999998	13.31333		1.20702     0.2    0.2		4.1705503158		-1.0
	28034.99999998	12.99745		2.19697     0.2    0.2		4.1705503158		-1.0
	28079.99999998	12.11162		2.80591     0.2    0.2		4.1705503158		-1.0
	28124.99999998	11.60512		-2.63698     0.2    0.2		4.1705503158		-1.0
	28169.99999998	11.26951		-1.96113     0.2    0.2		4.1705503158		-1.0
	28214.99999998	11.46331		-1.86345     0.2    0.2		4.1705503158		-1.0
	28259.99999998	12.2182		-2.27265     0.2    0.2		4.1705503158		-1.0
	28304.99999998	12.79431		-2.59276     0.2    0.2		4.1705503158		-1.0
	28349.99999998	12.89388		2.44339     0.2    0.2		4.1705503158		-1.0
	28394.99999998	13.02131		2.9535     0.2    0.2		4.1705503158		-1.0
	28439.99999998	13.60019		-2.49687     0.2    0.2		4.1705503158		-1.0
	28484.99999998	14.66418		-2.29637     0.2    0.2		4.1705503158		-1.0
	28529.99999998	15.52143		-2.98784     0.2    0.2		4.1705503158		-1.0
	28574.99999998	16.20428		2.904     0.2    0.2		4.1705503158		-1.0
	28619.99999998	16.79338		-2.95611     0.2    0.2		4.1705503158		-1.0
	28664.99999998	17.77323		-2.18183     0.2    0.2		4.1705503158		-1.0
	28709.99999998	19.0414		-1.56779     0.2    0.2		4.1705503158		-1.0
	28754.99999998	20.09435		-0.79931     0.2    0.2		4.1705503158		-1.0
	28799.99999998	21.15078		1.00707     0.2    0.2		4.1705503158		-1.0
	28844.99999998	21.76507		2.31026     0.2    0.2		4.1705503158		-1.0
	28889.99999998	22.25746		-3.07864     0.2    0.2		4.1705503158		-1.0
	28934.99999998	22.91693		-2.31731     0.2    0.2		4.1705503158		-1.0
	28979.99999998	23.74298		-0.72837     0.2    0.2		4.1705503158		-1.0
	29024.99999998	23.62286		1.18816     0.2    0.2		4.1705503158		-1.0
	29069.99999998	24.1019		1.95616     0.2    0.2		4.1705503158		-1.0
	29114.99999998	24.14753		-2.57065     0.2    0.2		4.1705503158		-1.0
	29159.99999998	24.29661		2.80372     0.2    0.2		4.1705503158		-1.0
	29204.99999998	23.44861		2.68549     0.2    0.2		4.1705503158		-1.0
	29249.99999998	22.42396		2.95076     0.2    0.2		4.1705503158		-1.0
	29294.99999998	21.64062		-2.91194     0.2    0.2		4.1705503158		-1.0
	29339.99999998	20.79608		-2.86991     0.2    0.2		4.1705503158		-1.0
	29384.99999998	19.90464		3.02044     0.2    0.2		4.1705503158		-1.0
	29429.99999998	19.13144		2.15084     0.2    0.2		4.1705503158		-1.0
	29474.99999998	17.94798		1.26233     0.2    0.2		4.1705503158		-1.0
	29519.99999998	16.30777		1.04055     0.2    0.2		4.1705503158		-1.0
	29564.99999998	14.91096		1.10095     0.2    0.2		4.1705503158		-1.0
	29609.99999998	13.61245		1.44329     0.2    0.2		4.1705503158		-1.0
	29654.99999998	12.54818		1.837     0.2    0.2		4.1705503158		-1.0
	29699.99999998	11.52222		1.85516     0.2    0.2		4.1705503158		-1.0
	29744.99999998	10.25268		1.48364     0.2    0.2		4.1705503158		-1.0
	29789.99999998	8.82166		1.02731     0.2    0.2		4.1705503158		-1.0
	29834.99999998	8.11867		0.61785     0.2    0.2		4.1705503158		-1.0
	29879.99999998	9.05665		-0.18509     0.2    0.2		4.1705503158		-1.0
	29924.99999998	10.86328		-1.21683     0.2    0.2		4.1705503158		-1.0
	29969.99999998	12.36127		-2.2777     0.2    0.2		4.1705503158		-1.0
	30014.99999998	13.86896		-2.48686     0.2    0.2		4.1705503158		-1.0
	30059.99999998	15.54708		-2.50342     0.2    0.2		4.1705503158		-1.0
	30104.99999998	16.84254		-2.59358     0.2    0.2		4.1705503158		-1.0
	30149.99999998	18.23223		-2.50251     0.2    0.2		4.1705503158		-1.0
	30194.99999998	19.26986		-2.34245     0.2    0.2		4.1705503158		-1.0
	30239.99999998	20.48819		-2.05312     0.2    0.2		4.1705503158		-1.0
	30284.99999998	21.51624		-1.50877     0.2    0.2		4.1705503158		-1.0
	30329.99999998	22.27058		-0.55069     0.2    0.2		4.1705503158		-1.0
	30374.99999998	22.79967		0.43514     0.2    0.2		4.1705503158		-1.0
	30419.99999998	22.85955		1.00145     0.2    0.2		4.1705503158		-1.0
	30464.99999998	23.12248		1.60772     0.2    0.2		4.1705503158		-1.0
	30509.99999998	23.18266		2.23057     0.2    0.2		4.1705503158		-1.0
	30554.99999998	23.53647		3.0372     0.2    0.2		4.1705503158		-1.0
	30599.99999998	24.14116		-2.29286     0.2    0.2		4.1705503158		-1.0
	30644.99999998	24.90048		-1.572     0.2    0.2		4.1705503158		-1.0
	30689.99999998	25.4931		-1.22605     0.2    0.2		4.1705503158		-1.0
	30734.99999998	24.57885		-0.89278     0.2    0.2		4.1705503158		-1.0
	30779.99999998	24.10982		1.8509     0.2    0.2		4.1705503158		-1.0
	30824.99999998	23.85134		1.25976     0.2    0.2		4.1705503158		-1.0
	30869.99999998	24.13658		0.52345     0.2    0.2		4.1705503158		-1.0
	30914.99999998	24.85205		0.18997     0.2    0.2		4.1705503158		-1.0
	30959.99999998	25.61319		-0.14925     0.2    0.2		4.1705503158		-1.0
	31004.99999998	26.18171		-0.39269     0.2    0.2		4.1705503158		-1.0
	31049.99999998	26.64844		-0.62198     0.2    0.2		4.1705503158		-1.0
	31094.99999998	27.08745		-0.87273     0.2    0.2		4.1705503158		-1.0
	31139.99999998	27.85551		-0.94478     0.2    0.2		4.1705503158		-1.0
	31184.99999998	28.85864		-0.81245     0.2    0.2		4.1705503158		-1.0
	31229.99999998	29.96733		-0.49918     0.2    0.2		4.1705503158		-1.0
	31274.99999998	31.10218		0.27025     0.2    0.2		4.1705503158		-1.0
	31319.99999998	30.74685		1.38676     0.2    0.2		4.1705503158		-1.0
	31364.99999998	30.41747		-2.51229     0.2    0.2		4.1705503158		-1.0
	31409.99999998	30.28647		-3.11024     0.2    0.2		4.1705503158		-1.0
	31454.99999998	30.13684		2.52604     0.2    0.2		4.1705503158		-1.0
	31499.99999998	29.94054		1.70305     0.2    0.2		4.1705503158		-1.0
	31544.99999998	29.78725		1.00865     0.2    0.2		4.1705503158		-1.0
	31589.99999998	29.52709		0.25349     0.2    0.2		4.1705503158		-1.0
	31634.99999998	29.35853		-0.6656     0.2    0.2		4.1705503158		-1.0
	31679.99999998	29.11883		-1.53116     0.2    0.2		4.1705503158		-1.0
	31724.99999998	28.82463		-2.1867     0.2    0.2		4.1705503158		-1.0
	31769.99999998	28.35904		-2.74016     0.2    0.2		4.1705503158		-1.0
	31814.99999998	28.15947		-3.06143     0.2    0.2		4.1705503158		-1.0
	31859.99999998	27.57394		-3.11661     0.2    0.2		4.1705503158		-1.0
	31904.99999998	26.7362		2.90729     0.2    0.2		4.1705503158		-1.0
	31949.99999998	25.67268		2.69748     0.2    0.2		4.1705503158		-1.0
	31994.99999998	24.66645		2.29042     0.2    0.2		4.1705503158		-1.0
	32039.99999998	23.66393		2.05476     0.2    0.2		4.1705503158		-1.0
	32084.99999998	22.31354		1.52062     0.2    0.2		4.1705503158		-1.0
	32129.99999998	20.98529		1.35579     0.2    0.2		4.1705503158		-1.0
	32174.99999998	19.57537		0.81163     0.2    0.2		4.1705503158		-1.0
	32219.99999998	18.43031		0.6083     0.2    0.2		4.1705503158		-1.0
	32264.99999998	17.35507		0.2807     0.2    0.2		4.1705503158		-1.0
	32309.99999998	16.89982		-0.07109     0.2    0.2		4.1705503158		-1.0
	32354.99999998	16.27763		-0.25903     0.2    0.2		4.1705503158		-1.0
	32399.99999998	15.63337		-0.60068     0.2    0.2		4.1705503158		-1.0
	32444.99999998	14.64234		-0.84258     0.2    0.2		4.1705503158		-1.0
	32489.99999998	13.54364		-1.16383     0.2    0.2		4.1705503158		-1.0
	32534.99999998	12.34998		-1.5417     0.2    0.2		4.1705503158		-1.0
	32579.99999998	11.21597		-2.15128     0.2    0.2		4.1705503158		-1.0
	32624.99999998	10.39113		-2.91743     0.2    0.2		4.1705503158		-1.0
	32669.99999998	9.87175		2.69288     0.2    0.2		4.1705503158		-1.0
	32714.99999998	9.28506		2.2733     0.2    0.2		4.1705503158		-1.0
	32759.99999998	8.60501		2.00312     0.2    0.2		4.1705503158		-1.0
	32804.99999998	7.55884		1.66173     0.2    0.2		4.1705503158		-1.0
	32849.99999998	6.78653		1.60495     0.2    0.2		4.1705503158		-1.0
	32894.99999998	7.01645		1.37868     0.2    0.2		4.1705503158		-1.0
	32939.99999998	7.42824		0.8344     0.2    0.2		4.1705503158		-1.0
	32984.99999998	8.5728		0.24435     0.2    0.2		4.1705503158		-1.0
	33029.99999998	10.05138		-0.04829     0.2    0.2		4.1705503158		-1.0
	33074.99999998	11.57074		-0.4416     0.2    0.2		4.1705503158		-1.0
	33119.99999998	12.96831		-0.55138     0.2    0.2		4.1705503158		-1.0
	33164.99999998	14.63939		0.13159     0.2    0.2		4.1705503158		-1.0
	33209.99999998	15.60557		0.6842     0.2    0.2		4.1705503158		-1.0
	33254.99999998	16.76093		0.89454     0.2    0.2		4.1705503158		-1.0
	33299.99999998	17.58166		0.8824     0.2    0.2		4.1705503158		-1.0
	33344.99999998	18.48704		0.73634     0.2    0.2		4.1705503158		-1.0
	33389.99999998	19.30006		1.18135     0.2    0.2		4.1705503158		-1.0
	33434.99999998	20.08234		1.95382     0.2    0.2		4.1705503158		-1.0
	33479.99999998	20.84063		2.36562     0.2    0.2		4.1705503158		-1.0
	33524.99999998	21.4294		2.48378     0.2    0.2		4.1705503158		-1.0
	33569.99999998	22.1171		2.63592     0.2    0.2		4.1705503158		-1.0
	33614.99999998	22.84911		2.62736     0.2    0.2		4.1705503158		-1.0
	33659.99999998	23.75887		3.13456     0.2    0.2		4.1705503158		-1.0
	33704.99999998	23.43836		-3.04546     0.2    0.2		4.1705503158		-1.0
	33749.99999997	22.63132		-2.80723     0.2    0.2		4.1705503158		-1.0
	33794.99999997	21.94454		-2.37235     0.2    0.2		4.1705503158		-1.0
	33839.99999997	21.26908		-2.03796     0.2    0.2		4.1705503158		-1.0
	33884.99999997	20.52964		-1.62718     0.2    0.2		4.1705503158		-1.0
	33929.99999997	19.6814		-1.38739     0.2    0.2		4.1705503158		-1.0
	33974.99999997	18.62359		-1.2315     0.2    0.2		4.1705503158		-1.0
	34019.99999997	17.56603		-0.99452     0.2    0.2		4.1705503158		-1.0
	34064.99999997	16.37166		-1.00415     0.2    0.2		4.1705503158		-1.0
	34109.99999997	15.03085		-0.83847     0.2    0.2		4.1705503158		-1.0
	34154.99999997	13.76187		-0.81799     0.2    0.2		4.1705503158		-1.0
	34199.99999997	12.56535		-0.24504     0.2    0.2		4.1705503158		-1.0
	34244.99999997	11.3278		0.33885     0.2    0.2		4.1705503158		-1.0
	34289.99999997	10.00978		0.80657     0.2    0.2		4.1705503158		-1.0
	34334.99999997	8.86602		1.16398     0.2    0.2		4.1705503158		-1.0
	34379.99999997	7.93351		1.68926     0.2    0.2		4.1705503158		-1.0
	34424.99999997	7.58235		2.25008     0.2    0.2		4.1705503158		-1.0
	34469.99999997	7.80771		2.9466     0.2    0.2		4.1705503158		-1.0
	34514.99999997	8.81073		-3.02305     0.2    0.2		4.1705503158		-1.0
	34559.99999997	10.13726		-2.74296     0.2    0.2		4.1705503158		-1.0
	34604.99999997	11.40897		-2.66611     0.2    0.2		4.1705503158		-1.0
	34649.99999997	12.66208		-2.67419     0.2    0.2		4.1705503158		-1.0
	34694.99999997	13.23153		-2.67742     0.2    0.2		4.1705503158		-1.0
	34739.99999997	13.74791		-2.74634     0.2    0.2		4.1705503158		-1.0
	34784.99999997	14.23086		-2.8118     0.2    0.2		4.1705503158		-1.0
	34829.99999997	15.207		-3.00875     0.2    0.2		4.1705503158		-1.0
	34874.99999997	16.13924		2.90098     0.2    0.2		4.1705503158		-1.0
	34919.99999997	17.21474		2.2502     0.2    0.2		4.1705503158		-1.0
	34964.99999997	18.17516		2.69433     0.2    0.2		4.1705503158		-1.0
	35009.99999997	19.22884		-3.07968     0.2    0.2		4.1705503158		-1.0
	35054.99999997	20.29561		3.02954     0.2    0.2		4.1705503158		-1.0
	35099.99999997	21.06263		2.7931     0.2    0.2		4.1705503158		-1.0
	35144.99999997	21.82462		-3.06544     0.2    0.2		4.1705503158		-1.0
	35189.99999997	22.43579		-2.53321     0.2    0.2		4.1705503158		-1.0
	35234.99999997	23.02695		-1.63067     0.2    0.2		4.1705503158		-1.0
	35279.99999997	23.0898		-1.06793     0.2    0.2		4.1705503158		-1.0
	35324.99999997	22.99431		-0.30639     0.2    0.2		4.1705503158		-1.0
	35369.99999997	22.97992		0.46422     0.2    0.2		4.1705503158		-1.0
	35414.99999997	22.45782		-0.47589     0.2    0.2		4.1705503158		-1.0
	35459.99999997	22.24844		-1.17797     0.2    0.2		4.1705503158		-1.0
	35504.99999997	21.60686		-1.68537     0.2    0.2		4.1705503158		-1.0
	35549.99999997	21.37022		-1.88586     0.2    0.2		4.1705503158		-1.0
	35594.99999997	20.82603		-1.67236     0.2    0.2		4.1705503158		-1.0
	35639.99999997	20.22536		-1.42526     0.2    0.2		4.1705503158		-1.0
	35684.99999997	19.6461		-1.4849     0.2    0.2		4.1705503158		-1.0
	35729.99999997	19.24359		-2.20654     0.2    0.2		4.1705503158		-1.0
	35774.99999997	18.97848		2.58261     0.2    0.2		4.1705503158		-1.0
	35819.99999997	18.30757		0.53823     0.2    0.2		4.1705503158		-1.0
	35864.99999997	17.56781		-0.57148     0.2    0.2		4.1705503158		-1.0
	35909.99999997	16.36332		-1.19935     0.2    0.2		4.1705503158		-1.0
	35954.99999997	15.10506		-2.08714     0.2    0.2		4.1705503158		-1.0
	35999.99999997	14.02518		3.07891     0.2    0.2		4.1705503158		-1.0
	36044.99999997	13.2702		1.1147     0.2    0.2		4.1705503158		-1.0
	36089.99999997	12.76827		-0.5675     0.2    0.2		4.1705503158		-1.0
	36134.99999997	12.26096		-1.53437     0.2    0.2		4.1705503158		-1.0
	36179.99999997	11.72836		-2.6842     0.2    0.2		4.1705503158		-1.0
	36224.99999997	11.199		2.05561     0.2    0.2		4.1705503158		-1.0
	36269.99999997	10.71565		0.0411     0.2    0.2		4.1705503158		-1.0
	36314.99999997	10.04359		-1.46874     0.2    0.2		4.1705503158		-1.0
	36359.99999997	9.66316		-2.615     0.2    0.2		4.1705503158		-1.0
	36404.99999997	9.23353		2.60146     0.2    0.2		4.1705503158		-1.0
	36449.99999997	8.94776		1.60079     0.2    0.2		4.1705503158		-1.0
	36494.99999997	8.51699		-0.67794     0.2    0.2		4.1705503158		-1.0
	36539.99999997	8.53524		-1.87053     0.2    0.2		4.1705503158		-1.0
	36584.99999997	8.55367		-2.37666     0.2    0.2		4.1705503158		-1.0
	36629.99999997	8.94073		-2.92323     0.2    0.2		4.1705503158		-1.0
	36674.99999997	9.96134		2.731     0.2    0.2		4.1705503158		-1.0
	36719.99999997	11.26929		2.18395     0.2    0.2		4.1705503158		-1.0
	36764.99999997	12.18111		1.91909     0.2    0.2		4.1705503158		-1.0
	36809.99999997	12.85342		1.53825     0.2    0.2		4.1705503158		-1.0
	36854.99999997	13.28464		1.68404     0.2    0.2		4.1705503158		-1.0
	36899.99999997	13.56387		2.73719     0.2    0.2		4.1705503158		-1.0
	36944.99999997	14.47893		2.65757     0.2    0.2		4.1705503158		-1.0
	36989.99999997	15.54646		2.38772     0.2    0.2		4.1705503158		-1.0
	37034.99999997	16.2795		1.44976     0.2    0.2		4.1705503158		-1.0
	37079.99999997	16.6869		-0.14271     0.2    0.2		4.1705503158		-1.0
	37124.99999997	15.84063		-1.03668     0.2    0.2		4.1705503158		-1.0
	37169.99999997	14.63459		-1.30484     0.2    0.2		4.1705503158		-1.0
	37214.99999997	13.31003		-1.28785     0.2    0.2		4.1705503158		-1.0
	37259.99999997	12.37054		-0.99724     0.2    0.2		4.1705503158		-1.0
	37304.99999997	12.94031		-0.86813     0.2    0.2		4.1705503158		-1.0
	37349.99999997	13.89842		-1.00257     0.2    0.2		4.1705503158		-1.0
	37394.99999997	14.94653		-1.9034     0.2    0.2		4.1705503158		-1.0
	37439.99999997	14.44528		-2.93864     0.2    0.2		4.1705503158		-1.0
	37484.99999997	14.04553		2.65522     0.2    0.2		4.1705503158		-1.0
	37529.99999997	14.03973		2.41409     0.2    0.2		4.1705503158		-1.0
	37574.99999997	14.54027		2.2427     0.2    0.2		4.1705503158		-1.0
	37619.99999997	16.02583		1.94377     0.2    0.2		4.1705503158		-1.0
	37664.99999997	17.26867		1.63895     0.2    0.2		4.1705503158		-1.0
	37709.99999997	19.0922		1.12512     0.2    0.2		4.1705503158		-1.0
	37754.99999997	20.56804		1.23686     0.2    0.2		4.1705503158		-1.0
	37799.99999997	22.49128		-0.86917     0.2    0.2		4.1705503158		-1.0
	37844.99999997	21.15276		-1.0197     0.2    0.2		4.1705503158		-1.0
	37889.99999997	19.78907		-0.91735     0.2    0.2		4.1705503158		-1.0
	37934.99999997	18.11535		-0.70579     0.2    0.2		4.1705503158		-1.0
	37979.99999997	17.11824		-0.427     0.2    0.2		4.1705503158		-1.0
	38024.99999997	15.92357		0.01694     0.2    0.2		4.1705503158		-1.0
	38069.99999997	15.38968		-0.34762     0.2    0.2		4.1705503158		-1.0
	38114.99999997	14.84485		0.49773     0.2    0.2		4.1705503158		-1.0
	38159.99999997	14.37221		-2.73341     0.2    0.2		4.1705503158		-1.0
	38204.99999997	14.2567		-1.57227     0.2    0.2		4.1705503158		-1.0
	38249.99999997	14.32238		-1.91142     0.2    0.2		4.1705503158		-1.0
	38294.99999997	14.86164		-1.93688     0.2    0.2		4.1705503158		-1.0
	38339.99999997	13.99795		-2.31086     0.2    0.2		4.1705503158		-1.0
	38384.99999997	13.60686		-2.19686     0.2    0.2		4.1705503158		-1.0
	38429.99999997	12.44644		-1.78895     0.2    0.2		4.1705503158		-1.0
	38474.99999997	12.65849		-1.60154     0.2    0.2		4.1705503158		-1.0
	38519.99999997	13.58194		-1.67638     0.2    0.2		4.1705503158		-1.0
	38564.99999997	14.72293		-1.80739     0.2    0.2		4.1705503158		-1.0
	38609.99999997	15.63744		-0.86102     0.2    0.2		4.1705503158		-1.0
	38654.99999997	16.029		0.40258     0.2    0.2		4.1705503158		-1.0
	38699.99999997	16.45105		0.70304     0.2    0.2		4.1705503158		-1.0
	38744.99999997	17.09451		1.19852     0.2    0.2		4.1705503158		-1.0
	38789.99999997	17.45035		1.29593     0.2    0.2		4.1705503158		-1.0
	38834.99999997	17.90465		1.55929     0.2    0.2		4.1705503158		-1.0
	38879.99999997	18.33554		1.70188     0.2    0.2		4.1705503158		-1.0
	38924.99999997	19.14078		1.84587     0.2    0.2		4.1705503158		-1.0
	38969.99999997	19.7029		1.82539     0.2    0.2		4.1705503158		-1.0
	39014.99999997	20.37359		1.82336     0.2    0.2		4.1705503158		-1.0
	39059.99999997	21.24561		1.7755     0.2    0.2		4.1705503158		-1.0
	39104.99999997	22.21812		2.0632     0.2    0.2		4.1705503158		-1.0
	39149.99999997	23.04318		2.15967     0.2    0.2		4.1705503158		-1.0
	39194.99999997	23.87701		2.5448     0.2    0.2		4.1705503158		-1.0
	39239.99999997	25.18225		2.96427     0.2    0.2		4.1705503158		-1.0
	39284.99999997	25.43686		-2.8529     0.2    0.2		4.1705503158		-1.0
	39329.99999997	25.55778		2.54254     0.2    0.2		4.1705503158		-1.0
	39374.99999997	25.93517		2.5024     0.2    0.2		4.1705503158		-1.0
	39419.99999997	27.08325		2.14299     0.2    0.2		4.1705503158		-1.0
	39464.99999997	28.07948		2.58038     0.2    0.2		4.1705503158		-1.0
	39509.99999997	28.92155		-1.70189     0.2    0.2		4.1705503158		-1.0
	39554.99999997	29.72131		-1.79971     0.2    0.2		4.1705503158		-1.0
	39599.99999997	30.06419		0.5831     0.2    0.2		4.1705503158		-1.0
	39644.99999997	30.65196		0.56724     0.2    0.2		4.1705503158		-1.0
	39689.99999997	30.62215		0.49121     0.2    0.2		4.1705503158		-1.0
	39734.99999997	30.92736		0.71299     0.2    0.2		4.1705503158		-1.0
	39779.99999997	31.15319		0.38318     0.2    0.2		4.1705503158		-1.0
	39824.99999997	31.66658		2.07744     0.2    0.2		4.1705503158		-1.0
	39869.99999997	31.83313		3.03707     0.2    0.2		4.1705503158		-1.0
	39914.99999997	31.5654		2.94823     0.2    0.2		4.1705503158		-1.0
	39959.99999997	30.75932		2.94731     0.2    0.2		4.1705503158		-1.0
	40004.99999997	30.1236		-2.291     0.2    0.2		4.1705503158		-1.0
	40049.99999997	29.33091		-2.60474     0.2    0.2		4.1705503158		-1.0
	40094.99999997	28.75296		-2.85746     0.2    0.2		4.1705503158		-1.0
	40139.99999997	27.89141		-2.70618     0.2    0.2		4.1705503158		-1.0
	40184.99999997	27.1693		-2.70979     0.2    0.2		4.1705503158		-1.0
	40229.99999996	25.93462		-2.37343     0.2    0.2		4.1705503158		-1.0
	40274.99999996	25.11477		-1.96459     0.2    0.2		4.1705503158		-1.0
	40319.99999996	23.71596		-1.91677     0.2    0.2		4.1705503158		-1.0
	40364.99999996	23.0103		-1.37693     0.2    0.2		4.1705503158		-1.0
	40409.99999996	21.91734		-1.77989     0.2    0.2		4.1705503158		-1.0
	40454.99999996	21.81454		1.51979     0.2    0.2		4.1705503158		-1.0
	40499.99999996	21.81369		2.00447     0.2    0.2		4.1705503158		-1.0
	40544.99999996	22.19032		1.88773     0.2    0.2		4.1705503158		-1.0
	40589.99999996	22.8703		1.81479     0.2    0.2		4.1705503158		-1.0
	40634.99999996	23.88515		1.77689     0.2    0.2		4.1705503158		-1.0
	40679.99999996	24.8478		1.98982     0.2    0.2		4.1705503158		-1.0
	40724.99999996	25.99257		1.90465     0.2    0.2		4.1705503158		-1.0
	40769.99999996	26.89185		2.25457     0.2    0.2		4.1705503158		-1.0
	40814.99999996	27.64774		2.45916     0.2    0.2		4.1705503158		-1.0
	40859.99999996	27.8254		2.92153     0.2    0.2		4.1705503158		-1.0
	40904.99999996	28.24099		-2.96736     0.2    0.2		4.1705503158		-1.0
	40949.99999996	27.98122		-2.67111     0.2    0.2		4.1705503158		-1.0
	40994.99999996	27.76948		-2.11356     0.2    0.2		4.1705503158		-1.0
	41039.99999996	26.94443		-1.66255     0.2    0.2		4.1705503158		-1.0
	41084.99999996	26.12663		-1.36237     0.2    0.2		4.1705503158		-1.0
	41129.99999996	25.15629		-1.06244     0.2    0.2		4.1705503158		-1.0
	41174.99999996	24.3086		-1.09321     0.2    0.2		4.1705503158		-1.0
	41219.99999996	23.34271		-1.12952     0.2    0.2		4.1705503158		-1.0
	41264.99999996	22.40446		-1.4025     0.2    0.2		4.1705503158		-1.0
	41309.99999996	21.90467		-1.89741     0.2    0.2		4.1705503158		-1.0
	41354.99999996	21.8884		-2.77578     0.2    0.2		4.1705503158		-1.0
	41399.99999996	22.23754		1.0959     0.2    0.2		4.1705503158		-1.0
	41444.99999996	22.89154		0.6527     0.2    0.2		4.1705503158		-1.0
	41489.99999996	23.78645		0.37843     0.2    0.2		4.1705503158		-1.0
	41534.99999996	24.66253		-0.13839     0.2    0.2		4.1705503158		-1.0
	41579.99999996	25.16346		-0.35132     0.2    0.2		4.1705503158		-1.0
	41624.99999996	25.8764		-0.52216     0.2    0.2		4.1705503158		-1.0
	41669.99999996	26.24287		-0.00726     0.2    0.2		4.1705503158		-1.0
	41714.99999996	26.89618		0.49096     0.2    0.2		4.1705503158		-1.0
	41759.99999996	27.452		0.99988     0.2    0.2		4.1705503158		-1.0
	41804.99999996	28.03165		1.78331     0.2    0.2		4.1705503158		-1.0
	41849.99999996	28.42672		2.50722     0.2    0.2		4.1705503158		-1.0
	41894.99999996	28.60023		-2.37299     0.2    0.2		4.1705503158		-1.0
	41939.99999996	28.69755		-1.56422     0.2    0.2		4.1705503158		-1.0
	41984.99999996	28.25829		-0.95341     0.2    0.2		4.1705503158		-1.0
	42029.99999996	28.09285		-0.60405     0.2    0.2		4.1705503158		-1.0
	42074.99999996	28.18832		-0.08455     0.2    0.2		4.1705503158		-1.0
	42119.99999996	28.66218		-0.28152     0.2    0.2		4.1705503158		-1.0
	42164.99999996	28.5984		-1.41419     0.2    0.2		4.1705503158		-1.0
	42209.99999996	27.98073		-1.91102     0.2    0.2		4.1705503158		-1.0
	42254.99999996	26.78906		-1.08365     0.2    0.2		4.1705503158		-1.0
	42299.99999996	25.96435		-1.40742     0.2    0.2		4.1705503158		-1.0
	42344.99999996	25.07179		-0.25285     0.2    0.2		4.1705503158		-1.0
	42389.99999996	25.44617		0.73962     0.2    0.2		4.1705503158		-1.0
	42434.99999996	25.78179		1.62044     0.2    0.2		4.1705503158		-1.0
	42479.99999996	26.56072		1.33536     0.2    0.2		4.1705503158		-1.0
	42524.99999996	27.15876		1.18215     0.2    0.2		4.1705503158		-1.0
	42569.99999996	27.90584		0.43827     0.2    0.2		4.1705503158		-1.0
	42614.99999996	27.24232		-0.20423     0.2    0.2		4.1705503158		-1.0
	42659.99999996	26.19725		-0.56957     0.2    0.2		4.1705503158		-1.0
	42704.99999996	25.23844		-1.19     0.2    0.2		4.1705503158		-1.0
	42749.99999996	23.93486		-1.85002     0.2    0.2		4.1705503158		-1.0
	42794.99999996	23.28052		-3.02934     0.2    0.2		4.1705503158		-1.0
	42839.99999996	22.48765		2.71891     0.2    0.2		4.1705503158		-1.0
	42884.99999996	22.19376		2.22342     0.2    0.2		4.1705503158		-1.0
	42929.99999996	21.87841		1.83761     0.2    0.2		4.1705503158		-1.0
	42974.99999996	21.56841		1.20228     0.2    0.2		4.1705503158		-1.0
	43019.99999996	21.03026		0.60699     0.2    0.2		4.1705503158		-1.0
	43064.99999996	20.43739		0.43035     0.2    0.2		4.1705503158		-1.0
	43109.99999996	19.9043		1.78332     0.2    0.2		4.1705503158		-1.0
	43154.99999996	19.55034		1.34764     0.2    0.2		4.1705503158		-1.0
	43199.99999996	19.50305		0.5756     0.2    0.2		4.1705503158		-1.0
	43244.99999996	19.62877		-0.07574     0.2    0.2		4.1705503158		-1.0
	43289.99999996	19.74843		-0.9185     0.2    0.2		4.1705503158		-1.0
	43334.99999996	19.8776		-1.87037     0.2    0.2		4.1705503158		-1.0
	43379.99999996	20.35537		-2.61271     0.2    0.2		4.1705503158		-1.0
	43424.99999996	20.68027		-2.99673     0.2    0.2		4.1705503158		-1.0
	43469.99999996	21.24597		-3.08435     0.2    0.2		4.1705503158		-1.0
	43514.99999996	21.5065		-2.85505     0.2    0.2		4.1705503158		-1.0
	43559.99999996	21.13879		-2.36812     0.2    0.2		4.1705503158		-1.0
	43604.99999996	20.0928		-2.01526     0.2    0.2		4.1705503158		-1.0
	43649.99999996	19.2708		-2.19413     0.2    0.2		4.1705503158		-1.0
	43694.99999996	17.82658		-2.60648     0.2    0.2		4.1705503158		-1.0
	43739.99999996	16.09367		-3.07737     0.2    0.2		4.1705503158		-1.0
	43784.99999996	14.40941		2.63179     0.2    0.2		4.1705503158		-1.0
	43829.99999996	12.47555		2.06316     0.2    0.2		4.1705503158		-1.0
	43874.99999996	11.06797		0.75109     0.2    0.2		4.1705503158		-1.0
	43919.99999996	9.99205		-0.75068     0.2    0.2		4.1705503158		-1.0
	43964.99999996	9.47612		-1.92982     0.2    0.2		4.1705503158		-1.0
	44009.99999996	9.07405		-2.84338     0.2    0.2		4.1705503158		-1.0
	44054.99999996	9.39328		-3.10952     0.2    0.2		4.1705503158		-1.0
	44099.99999996	10.47336		3.11663     0.2    0.2		4.1705503158		-1.0
	44144.99999996	10.8498		-2.25137     0.2    0.2		4.1705503158		-1.0
	44189.99999996	11.09284		-1.31987     0.2    0.2		4.1705503158		-1.0
	44234.99999996	11.37275		-0.91635     0.2    0.2		4.1705503158		-1.0
	44279.99999996	12.09397		-0.96039     0.2    0.2		4.1705503158		-1.0
	44324.99999996	12.87452		-1.66807     0.2    0.2		4.1705503158		-1.0
	44369.99999996	13.63999		2.67057     0.2    0.2		4.1705503158		-1.0
	44414.99999996	14.52479		1.72836     0.2    0.2		4.1705503158		-1.0
	44459.99999996	15.4354		1.76394     0.2    0.2		4.1705503158		-1.0
	44504.99999996	16.4482		2.3163     0.2    0.2		4.1705503158		-1.0
	44549.99999996	17.27965		2.92665     0.2    0.2		4.1705503158		-1.0
	44594.99999996	17.37767		-2.78495     0.2    0.2		4.1705503158		-1.0
	44639.99999996	16.94914		-0.69205     0.2    0.2		4.1705503158		-1.0
	44684.99999996	16.34943		0.40872     0.2    0.2		4.1705503158		-1.0
	44729.99999996	16.16263		-0.39734     0.2    0.2		4.1705503158		-1.0
	44774.99999996	16.83644		-1.18084     0.2    0.2		4.1705503158		-1.0
	44819.99999996	17.88689		-1.48597     0.2    0.2		4.1705503158		-1.0
	44864.99999996	19.19577		-1.23001     0.2    0.2		4.1705503158		-1.0
	44909.99999996	19.8607		-0.91845     0.2    0.2		4.1705503158		-1.0
	44954.99999996	20.25957		-0.27423     0.2    0.2		4.1705503158		-1.0
	44999.99999996	19.70415		-0.31199     0.2    0.2		4.1705503158		-1.0
	45044.99999996	19.23449		-0.28664     0.2    0.2		4.1705503158		-1.0
	45089.99999996	18.39513		-0.81457     0.2    0.2		4.1705503158		-1.0
	45134.99999996	18.70212		-1.23361     0.2    0.2		4.1705503158		-1.0
	45179.99999996	19.58568		-1.62013     0.2    0.2		4.1705503158		-1.0
	45224.99999996	20.8455		-1.42728     0.2    0.2		4.1705503158		-1.0
	45269.99999996	21.60184		-0.66529     0.2    0.2		4.1705503158		-1.0
	45314.99999996	21.1829		-0.37281     0.2    0.2		4.1705503158		-1.0
	45359.99999996	20.5298		-0.65927     0.2    0.2		4.1705503158		-1.0
	45404.99999996	20.64029		-1.37328     0.2    0.2		4.1705503158		-1.0
	45449.99999996	22.10676		-1.62636     0.2    0.2		4.1705503158		-1.0
	45494.99999996	23.55527		-1.76482     0.2    0.2		4.1705503158		-1.0
	45539.99999996	23.72777		-0.96549     0.2    0.2		4.1705503158		-1.0
	45584.99999996	24.49688		-0.34603     0.2    0.2		4.1705503158		-1.0
	45629.99999996	23.86099		-0.6342     0.2    0.2		4.1705503158		-1.0
	45674.99999996	23.1477		-1.1392     0.2    0.2		4.1705503158		-1.0
	45719.99999996	23.366		-1.5117     0.2    0.2		4.1705503158		-1.0
	45764.99999996	22.43492		1.05609     0.2    0.2		4.1705503158		-1.0
	45809.99999996	22.86167		-0.11229     0.2    0.2		4.1705503158		-1.0
	45854.99999996	23.7319		-0.14973     0.2    0.2		4.1705503158		-1.0
	45899.99999996	24.35165		-0.172     0.2    0.2		4.1705503158		-1.0
	45944.99999996	23.28089		0.92824     0.2    0.2		4.1705503158		-1.0
	45989.99999996	21.28083		0.75522     0.2    0.2		4.1705503158		-1.0
	46034.99999996	19.95195		0.00145     0.2    0.2		4.1705503158		-1.0
	46079.99999996	20.11604		-0.54471     0.2    0.2		4.1705503158		-1.0
	46124.99999996	20.70713		-0.75457     0.2    0.2		4.1705503158		-1.0
	46169.99999996	20.86807		0.00568     0.2    0.2		4.1705503158		-1.0
	46214.99999996	19.91031		0.5748     0.2    0.2		4.1705503158		-1.0
	46259.99999996	18.68741		0.15592     0.2    0.2		4.1705503158		-1.0
	46304.99999996	18.17979		-0.41332     0.2    0.2		4.1705503158		-1.0
	46349.99999996	19.15824		-0.83463     0.2    0.2		4.1705503158		-1.0
	46394.99999996	19.76179		-0.28372     0.2    0.2		4.1705503158		-1.0
	46439.99999996	19.62938		1.37747     0.2    0.2		4.1705503158		-1.0
	46484.99999996	18.79215		1.42631     0.2    0.2		4.1705503158		-1.0
	46529.99999996	18.00321		1.14443     0.2    0.2		4.1705503158		-1.0
	46574.99999996	18.6946		0.68636     0.2    0.2		4.1705503158		-1.0
	46619.99999996	19.99269		0.52261     0.2    0.2		4.1705503158		-1.0
	46664.99999996	20.54736		1.61102     0.2    0.2		4.1705503158		-1.0
	46709.99999996	20.0416		2.27352     0.2    0.2		4.1705503158		-1.0
	46754.99999995	19.00991		2.09624     0.2    0.2		4.1705503158		-1.0
	46799.99999995	18.78949		1.68006     0.2    0.2		4.1705503158		-1.0
	46844.99999995	19.54796		1.60737     0.2    0.2		4.1705503158		-1.0
	46889.99999995	20.15917		1.79646     0.2    0.2		4.1705503158		-1.0
	46934.99999995	19.53124		2.75522     0.2    0.2		4.1705503158		-1.0
	46979.99999995	18.01295		-3.03959     0.2    0.2		4.1705503158		-1.0
	47024.99999995	16.23471		-2.25191     0.2    0.2		4.1705503158		-1.0
	47069.99999995	15.0462		-1.07029     0.2    0.2		4.1705503158		-1.0
	47114.99999995	15.22705		-1.83646     0.2    0.2		4.1705503158		-1.0
	47159.99999995	16.40218		-1.32933     0.2    0.2		4.1705503158		-1.0
	47204.99999995	17.35414		-0.68684     0.2    0.2		4.1705503158		-1.0
	47249.99999995	17.47949		0.01965     0.2    0.2		4.1705503158		-1.0
	47294.99999995	16.58162		0.60878     0.2    0.2		4.1705503158		-1.0
	47339.99999995	16.09203		0.58024     0.2    0.2		4.1705503158		-1.0
	47384.99999995	15.85601		-0.53522     0.2    0.2		4.1705503158		-1.0
	47429.99999995	16.5849		-0.18046     0.2    0.2		4.1705503158		-1.0
	47474.99999995	17.32759		0.03723     0.2    0.2		4.1705503158		-1.0
	47519.99999995	17.6135		0.25016     0.2    0.2		4.1705503158		-1.0
	47564.99999995	17.44406		-1.44762     0.2    0.2		4.1705503158		-1.0
	47609.99999995	17.40331		-1.09129     0.2    0.2		4.1705503158		-1.0
	47654.99999995	17.48816		-2.36903     0.2    0.2		4.1705503158		-1.0
	47699.99999995	17.83518		-2.97922     0.2    0.2		4.1705503158		-1.0
	47744.99999995	18.92098		-2.7276     0.2    0.2		4.1705503158		-1.0
	47789.99999995	19.3355		-2.13561     0.2    0.2		4.1705503158		-1.0
	47834.99999995	18.79745		-1.63077     0.2    0.2		4.1705503158		-1.0
	47879.99999995	17.33112		-1.393     0.2    0.2		4.1705503158		-1.0
	47924.99999995	16.08679		-1.94826     0.2    0.2		4.1705503158		-1.0
	47969.99999995	15.7048		-2.58693     0.2    0.2		4.1705503158		-1.0
	48014.99999995	16.51392		-2.785     0.2    0.2		4.1705503158		-1.0
	48059.99999995	17.11397		-2.33267     0.2    0.2		4.1705503158		-1.0
	48104.99999995	16.77292		-1.38056     0.2    0.2		4.1705503158		-1.0
	48149.99999995	15.35087		-1.18294     0.2    0.2		4.1705503158		-1.0
	48194.99999995	14.19816		-1.87201     0.2    0.2		4.1705503158		-1.0
	48239.99999995	14.50574		-2.32658     0.2    0.2		4.1705503158		-1.0
	48284.99999995	15.49472		-2.70542     0.2    0.2		4.1705503158		-1.0
	48329.99999995	15.62063		-1.54876     0.2    0.2		4.1705503158		-1.0
	48374.99999995	14.72227		-1.26593     0.2    0.2		4.1705503158		-1.0
	48419.99999995	13.52301		-1.49014     0.2    0.2		4.1705503158		-1.0
	48464.99999995	12.69174		-2.43872     0.2    0.2		4.1705503158		-1.0
	48509.99999995	13.00845		3.06074     0.2    0.2		4.1705503158		-1.0
	48554.99999995	13.56294		2.5293     0.2    0.2		4.1705503158		-1.0
	48599.99999995	13.33458		1.88944     0.2    0.2		4.1705503158		-1.0
	48644.99999995	12.47323		2.50551     0.2    0.2		4.1705503158		-1.0
	48689.99999995	11.45371		3.12941     0.2    0.2		4.1705503158		-1.0
	48734.99999995	10.44928		2.03968     0.2    0.2		4.1705503158		-1.0
	48779.99999995	9.87005		1.40617     0.2    0.2		4.1705503158		-1.0
	48824.99999995	9.45482		0.70286     0.2    0.2		4.1705503158		-1.0
	48869.99999995	9.28817		0.25006     0.2    0.2		4.1705503158		-1.0
	48914.99999995	9.35163		-0.38446     0.2    0.2		4.1705503158		-1.0
	48959.99999995	9.09878		2.368     0.2    0.2		4.1705503158		-1.0
	49004.99999995	8.84509		2.05301     0.2    0.2		4.1705503158		-1.0
	49049.99999995	9.58147		1.28149     0.2    0.2		4.1705503158		-1.0
	49094.99999995	10.19364		0.73206     0.2    0.2		4.1705503158		-1.0
	49139.99999995	10.81228		0.2629     0.2    0.2		4.1705503158		-1.0
	49184.99999995	11.46606		-0.20154     0.2    0.2		4.1705503158		-1.0
	49229.99999995	11.93987		-0.66348     0.2    0.2		4.1705503158		-1.0
	49274.99999995	12.55808		-0.92375     0.2    0.2		4.1705503158		-1.0
	49319.99999995	12.51936		-1.03045     0.2    0.2		4.1705503158		-1.0
	49364.99999995	13.05895		-1.48624     0.2    0.2		4.1705503158		-1.0
	49409.99999995	13.07209		-1.92554     0.2    0.2		4.1705503158		-1.0
	49454.99999995	13.5197		-2.46148     0.2    0.2		4.1705503158		-1.0
	49499.99999995	12.75937		-2.72803     0.2    0.2		4.1705503158		-1.0
	49544.99999995	11.58025		-3.085     0.2    0.2		4.1705503158		-1.0
	49589.99999995	10.2634		2.82112     0.2    0.2		4.1705503158		-1.0
	49634.99999995	9.19762		2.60961     0.2    0.2		4.1705503158		-1.0
	49679.99999995	8.0322		2.42484     0.2    0.2		4.1705503158		-1.0
	49724.99999995	7.48993		-2.36258     0.2    0.2		4.1705503158		-1.0
	49769.99999995	7.91798		-1.66672     0.2    0.2		4.1705503158		-1.0
	49814.99999995	9.22855		-1.51995     0.2    0.2		4.1705503158		-1.0
	49859.99999995	10.70317		-1.33919     0.2    0.2		4.1705503158		-1.0
	49904.99999995	12.64972		-1.30903     0.2    0.2		4.1705503158		-1.0
	49949.99999995	14.32705		-1.55163     0.2    0.2		4.1705503158		-1.0
	49994.99999995	15.47706		-2.40319     0.2    0.2		4.1705503158		-1.0
