	0.00000000		4.08181		1.45799
	5.00000000		4.15469		1.49561
	10.00000000		4.29250		1.49374
	15.00000000		4.50216		1.48623
	20.00000000		4.67001		1.48280
	25.00000000		4.79768		1.50315
	30.00000000		4.92621		1.53693
	35.00000000		5.04412		1.53203
	40.00000000		4.93559		1.51073
	45.00000000		4.93596		1.45254
	50.00000000		5.01317		1.40214
	55.00000000		4.95544		1.38807
	60.00000000		4.85158		1.38949
	65.00000000		4.79324		1.40173
	70.00000000		4.81276		1.38423
	75.00000000		4.90049		1.34973
	80.00000000		5.03817		1.32555
	85.00000000		4.92660		1.35157
	90.00000000		4.78122		1.43213
	95.00000000		4.65026		1.51950
	100.00000000		4.57480		1.58320
	105.00000000		4.59563		1.59400
	110.00000000		4.70397		1.57827
	115.00000000		4.85677		1.58101
	120.00000000		5.00620		1.59033
	125.00000000		4.96948		1.62755
	130.00000000		4.89942		1.64445
	135.00000000		4.93502		1.62310
	140.00000000		5.02975		1.60042
	145.00000000		4.93506		1.60333
	150.00000000		4.82113		1.61821
	155.00000000		4.72695		1.62218
	160.00000000		4.68002		1.62762
	165.00000000		4.72217		1.64177
	170.00000000		4.86512		1.65565
	175.00000000		5.02973		1.67789
	180.00000000		4.93689		1.72393
	185.00000000		4.81058		1.75525
	190.00000000		4.76064		1.77249
	195.00000000		4.79298		1.78455
	200.00000000		4.88972		1.78184
	205.00000000		4.99565		1.75496
	210.00000000		4.97939		1.72726
	215.00000000		4.90829		1.68585
	220.00000000		4.89890		1.66369
	225.00000000		4.94656		1.66026
	230.00000000		5.02865		1.64818
	235.00000000		4.92707		1.63321
	240.00000000		4.83854		1.59179
	245.00000000		4.79675		1.57084
	250.00000000		4.82932		1.58376
	255.00000000		4.93345		1.62923
	260.00000000		5.03690		1.70199
	265.00000000		4.89703		1.78872
	270.00000000		4.78050		1.86733
	275.00000000		4.71149		1.93163
	280.00000000		4.71007		1.99194
	285.00000000		4.74863		2.03730
	290.00000000		4.80859		2.04991
	295.00000000		4.89181		2.05409
	300.00000000		5.01613		2.05822
	305.00000000		4.96791		2.08968
	310.00000000		4.91308		2.14626
	315.00000000		4.97299		2.18680
	320.00000000		5.00296		2.21841
	325.00000000		4.88259		2.25023
	330.00000000		4.75945		2.27733
	335.00000000		4.65997		2.31805
	340.00000000		4.63411		2.36045
	345.00000000		4.72144		2.39547
	350.00000000		4.92923		2.41833
	355.00000000		5.02000		2.43961
	360.00000000		4.78124		2.49120
	365.00000000		4.59549		2.51940
	370.00000000		4.48296		2.51779
	375.00000000		4.44690		2.49652
	380.00000000		4.45975		2.45425
	385.00000000		4.52041		2.44621
	390.00000000		4.59640		2.44654
	395.00000000		4.71357		2.44971
	400.00000000		4.87101		2.45435
	405.00000000		5.05497		2.43539
	410.00000000		4.88593		2.44856
	415.00000000		4.73224		2.48373
	420.00000000		4.68341		2.54729
	425.00000000		4.66668		2.63295
	430.00000000		4.65445		2.69060
	435.00000000		4.65780		2.76529
	440.00000000		4.70115		2.83212
	445.00000000		4.77544		2.88868
	450.00000000		4.89843		2.93797
	455.00000000		5.05530		2.95323
	460.00000000		4.88050		2.98827
	465.00000000		4.73585		3.00489
	470.00000000		4.62976		3.02066
	475.00000000		4.60665		3.04289
	480.00000000		4.65735		3.04466
	485.00000000		4.73893		3.06664
	490.00000000		4.84210		3.08338
	495.00000000		4.99807		3.13041
	500.00000000		4.96825		-3.07716
	505.00000000		4.82336		-3.00484
	510.00000000		4.75332		-2.94259
	515.00000000		4.74326		-2.92890
	520.00000000		4.78948		-2.90904
	525.00000000		4.87225		-2.87111
	530.00000000		4.98858		-2.82919
	535.00000000		4.98902		-2.77966
	540.00000000		4.88268		-2.77320
	545.00000000		4.88045		-2.77688
	550.00000000		4.92688		-2.77793
	555.00000000		5.01456		-2.75852
	560.00000000		4.95876		-2.71451
	565.00000000		4.87675		-2.69988
	570.00000000		4.87782		-2.70712
	575.00000000		4.99115		-2.72784
	580.00000000		4.98490		-2.71935
	585.00000000		4.88992		-2.66633
	590.00000000		4.85276		-2.60663
	595.00000000		4.84554		-2.54766
	600.00000000		4.87898		-2.53225
	605.00000000		4.94121		-2.53588
	610.00000000		5.03013		-2.52638
	615.00000000		4.95291		-2.52854
	620.00000000		4.94988		-2.52253
	625.00000000		5.02146		-2.53939
	630.00000000		4.96782		-2.56990
	635.00000000		4.97699		-2.57117
	640.00000000		5.01185		-2.56749
	645.00000000		4.94546		-2.55667
	650.00000000		4.88913		-2.55143
	655.00000000		4.88077		-2.54438
	660.00000000		4.94282		-2.51078
	665.00000000		5.02622		-2.47336
	670.00000000		4.95634		-2.44022
	675.00000000		4.90942		-2.40566
	680.00000000		4.95206		-2.36624
	685.00000000		5.02320		-2.31759
	690.00000000		4.95594		-2.31499
	695.00000000		4.92780		-2.35658
	700.00000000		4.90394		-2.43370
	705.00000000		4.87036		-2.49844
	710.00000000		4.84787		-2.50205
	715.00000000		4.87880		-2.47153
	720.00000000		4.97909		-2.42838
	725.00000000		5.00125		-2.42912
	730.00000000		4.89298		-2.48625
	735.00000000		4.84804		-2.53312
	740.00000000		4.87446		-2.53828
	745.00000000		4.93072		-2.48566
	750.00000000		4.97541		-2.42676
	755.00000000		5.01222		-2.40405
	760.00000000		4.99267		-2.40502
	765.00000000		5.01188		-2.42592
	770.00000000		4.97959		-2.42578
	775.00000000		4.96791		-2.40528
	780.00000000		4.98106		-2.39621
	785.00000000		5.00643		-2.41063
	790.00000000		4.99904		-2.46358
	795.00000000		5.00935		-2.51682
	800.00000000		4.99510		-2.53189
	805.00000000		5.00662		-2.49282
	810.00000000		4.98709		-2.42209
	815.00000000		4.96004		-2.38039
	820.00000000		4.93455		-2.39522
	825.00000000		4.94196		-2.44258
	830.00000000		5.00474		-2.45863
	835.00000000		4.98248		-2.41420
	840.00000000		4.92180		-2.30718
	845.00000000		4.94673		-2.18771
	850.00000000		5.02741		-2.12464
	855.00000000		4.94557		-2.12655
	860.00000000		4.88857		-2.17313
	865.00000000		4.88118		-2.21239
	870.00000000		4.92696		-2.21691
	875.00000000		5.00370		-2.20581
	880.00000000		4.98637		-2.19624
	885.00000000		4.96380		-2.20963
	890.00000000		4.99934		-2.23632
	895.00000000		4.99229		-2.23928
	900.00000000		4.94734		-2.20250
	905.00000000		4.95284		-2.11231
	910.00000000		5.00301		-2.02181
	915.00000000		4.99249		-1.95251
	920.00000000		5.00869		-1.90197
	925.00000000		4.99133		-1.85225
	930.00000000		5.01220		-1.76614
	935.00000000		4.97994		-1.67642
	940.00000000		4.95410		-1.60509
	945.00000000		4.94467		-1.58268
	950.00000000		4.95323		-1.61962
	955.00000000		5.00677		-1.65805
	960.00000000		4.98726		-1.68570
	965.00000000		4.96206		-1.67631
	970.00000000		5.00102		-1.64783
	975.00000000		4.98707		-1.62999
	980.00000000		4.94169		-1.61287
	985.00000000		4.91477		-1.59524
	990.00000000		4.93589		-1.55856
	995.00000000		5.00103		-1.50233
	1000.00000000		4.98965		-1.45257
	1005.00000000		4.95479		-1.39773
	1010.00000000		5.00600		-1.33635
	1015.00000000		4.98020		-1.28668
	1020.00000000		4.91748		-1.24659
	1025.00000000		4.89926		-1.20708
	1030.00000000		4.90200		-1.18566
	1035.00000000		4.89891		-1.18609
	1040.00000000		4.90849		-1.19940
	1045.00000000		4.94759		-1.23718
	1050.00000000		5.02816		-1.28126
	1055.00000000		4.96136		-1.34182
	1060.00000000		4.95592		-1.37573
	1065.00000000		5.02711		-1.35709
	1070.00000000		4.95602		-1.33739
	1075.00000000		4.90377		-1.30080
	1080.00000000		4.90561		-1.27635
	1085.00000000		4.94521		-1.25553
	1090.00000000		5.01413		-1.20326
	1095.00000000		4.97068		-1.14437
	1100.00000000		4.92789		-1.07000
	1105.00000000		4.92966		-1.02206
	1110.00000000		4.97447		-0.99913
	1115.00000000		5.01426		-0.98856
	1120.00000000		4.95189		-1.02118
	1125.00000000		4.91757		-1.05761
	1130.00000000		4.91812		-1.12150
	1135.00000000		4.96121		-1.19593
	1140.00000000		5.02262		-1.25649
	1145.00000000		4.95838		-1.35295
	1150.00000000		4.96472		-1.39703
	1155.00000000		5.02137		-1.41931
	1160.00000000		4.96656		-1.42589
	1165.00000000		4.94455		-1.38992
	1170.00000000		4.96714		-1.35821
	1175.00000000		5.01885		-1.28549
	1180.00000000		4.98874		-1.22086
	1185.00000000		5.02048		-1.15896
	1190.00000000		4.97097		-1.08482
	1195.00000000		4.95426		-1.05538
	1200.00000000		4.91220		-1.03200
	1205.00000000		4.86220		-1.06187
	1210.00000000		4.86450		-1.13564
	1215.00000000		4.90556		-1.20715
	1220.00000000		4.99563		-1.29170
	1225.00000000		4.98746		-1.32621
	1230.00000000		4.95965		-1.35340
	1235.00000000		5.02022		-1.38472
	1240.00000000		4.98077		-1.41439
	1245.00000000		5.01500		-1.45033
	1250.00000000		4.98112		-1.42375
	1255.00000000		4.95854		-1.39082
	1260.00000000		4.97871		-1.35349
	1265.00000000		5.01837		-1.29373
	1270.00000000		4.97098		-1.25933
	1275.00000000		4.93249		-1.17451
	1280.00000000		4.92309		-1.08717
	1285.00000000		5.00232		-1.02057
	1290.00000000		4.98013		-0.97583
	1295.00000000		4.87570		-0.99412
	1300.00000000		4.80130		-1.00948
	1305.00000000		4.75464		-1.06287
	1310.00000000		4.75422		-1.10463
	1315.00000000		4.82735		-1.10809
	1320.00000000		4.96418		-1.10961
	1325.00000000		5.00902		-1.07131
	1330.00000000		4.93235		-1.05839
	1335.00000000		4.93492		-1.04001
	1340.00000000		5.02150		-1.02097
	1345.00000000		4.97074		-1.03855
	1350.00000000		4.97765		-0.98781
	1355.00000000		5.00655		-0.94133
	1360.00000000		4.92566		-0.88266
	1365.00000000		4.88835		-0.81460
	1370.00000000		4.91701		-0.75941
	1375.00000000		4.96386		-0.67856
	1380.00000000		5.00864		-0.66070
	1385.00000000		4.98741		-0.63556
	1390.00000000		5.01081		-0.61715
	1395.00000000		4.97711		-0.61694
	1400.00000000		4.95507		-0.58208
	1405.00000000		5.00219		-0.58031
	1410.00000000		4.98960		-0.55817
	1415.00000000		4.90899		-0.56827
	1420.00000000		4.84112		-0.60438
	1425.00000000		4.84711		-0.59419
	1430.00000000		4.91722		-0.60425
	1435.00000000		4.98024		-0.57117
	1440.00000000		5.01009		-0.53600
	1445.00000000		4.96706		-0.49783
	1450.00000000		5.00675		-0.42676
	1455.00000000		4.98309		-0.40981
	1460.00000000		4.97325		-0.39216
	1465.00000000		5.01433		-0.39902
	1470.00000000		4.98714		-0.41642
	1475.00000000		4.98017		-0.41846
	1480.00000000		4.99850		-0.43199
	1485.00000000		5.00380		-0.42379
	1490.00000000		5.00441		-0.42991
	1495.00000000		4.99171		-0.44136
	1500.00000000		5.00202		-0.44082
	1505.00000000		4.99198		-0.44654
	1510.00000000		4.99211		-0.42775
	1515.00000000		5.00948		-0.41587
	1520.00000000		5.00901		-0.40703
	1525.00000000		4.99706		-0.39213
	1530.00000000		5.00398		-0.38851
	1535.00000000		4.99769		-0.35649
	1540.00000000		4.98664		-0.32126
	1545.00000000		4.97857		-0.27984
	1550.00000000		5.00083		-0.25359
	1555.00000000		4.99719		-0.27729
	1560.00000000		5.01047		-0.29129
	1565.00000000		4.99249		-0.30260
	1570.00000000		5.01229		-0.28069
	1575.00000000		4.97549		-0.25264
	1580.00000000		4.99310		-0.23435
	1585.00000000		4.99942		-0.22034
	1590.00000000		4.93596		-0.24170
	1595.00000000		4.88062		-0.23992
	1600.00000000		4.88742		-0.23840
	1605.00000000		4.91849		-0.21318
	1610.00000000		4.94911		-0.16636
	1615.00000000		4.97788		-0.13804
	1620.00000000		5.01517		-0.08832
	1625.00000000		4.93497		-0.07245
	1630.00000000		4.93591		-0.07320
	1635.00000000		5.01359		-0.08469
	1640.00000000		4.97540		-0.10868
	1645.00000000		4.90592		-0.08853
	1650.00000000		4.83247		-0.09110
	1655.00000000		4.76315		-0.08127
	1660.00000000		4.75424		-0.07465
	1665.00000000		4.80335		-0.07945
	1670.00000000		4.88292		-0.02891
	1675.00000000		4.97615		-0.00596
	1680.00000000		5.00434		0.04695
	1685.00000000		4.91467		0.08999
	1690.00000000		4.90715		0.08596
	1695.00000000		4.94378		0.08932
	1700.00000000		5.01845		0.06331
	1705.00000000		4.96741		0.08238
	1710.00000000		4.88821		0.11530
	1715.00000000		4.83926		0.12640
	1720.00000000		4.89347		0.12755
	1725.00000000		4.97183		0.05884
	1730.00000000		5.01112		0.01665
	1735.00000000		4.93361		0.01259
	1740.00000000		4.91619		0.05879
	1745.00000000		4.99976		0.17069
	1750.00000000		4.98430		0.21735
	1755.00000000		4.95172		0.22807
	1760.00000000		4.97356		0.20303
	1765.00000000		5.02294		0.19695
	1770.00000000		4.94732		0.30101
	1775.00000000		4.85937		0.41699
	1780.00000000		4.86998		0.50284
	1785.00000000		4.92827		0.49937
	1790.00000000		5.01064		0.42032
	1795.00000000		4.96225		0.38151
	1800.00000000		4.87369		0.38999
	1805.00000000		4.87785		0.47062
	1810.00000000		4.94056		0.52763
	1815.00000000		5.03772		0.48322
	1820.00000000		4.91762		0.41183
	1825.00000000		4.77936		0.34610
	1830.00000000		4.68558		0.35749
	1835.00000000		4.65766		0.44921
	1840.00000000		4.69610		0.53132
	1845.00000000		4.78116		0.55958
	1850.00000000		4.88937		0.53145
	1855.00000000		5.03032		0.49606
	1860.00000000		4.94352		0.50372
	1865.00000000		4.85108		0.57934
	1870.00000000		4.84626		0.66148
	1875.00000000		4.91449		0.71164
	1880.00000000		5.00699		0.71473
	1885.00000000		4.97101		0.66530
	1890.00000000		4.89971		0.61163
	1895.00000000		4.90948		0.57193
	1900.00000000		5.01704		0.57871
	1905.00000000		4.96382		0.61663
	1910.00000000		4.87255		0.62028
	1915.00000000		4.81842		0.60447
	1920.00000000		4.75388		0.55774
	1925.00000000		4.70542		0.56261
	1930.00000000		4.73034		0.65099
	1935.00000000		4.83084		0.75492
	1940.00000000		5.01148		0.87066
	1945.00000000		4.94932		0.93464
	1950.00000000		4.79595		0.95914
	1955.00000000		4.70701		1.01083
	1960.00000000		4.69537		1.08778
	1965.00000000		4.77966		1.21138
	1970.00000000		4.89045		1.25354
	1975.00000000		5.02641		1.20741
	1980.00000000		4.95472		1.13417
	1985.00000000		4.94572		1.06199
	1990.00000000		5.03599		1.06388
	1995.00000000		4.92830		1.09845
	2000.00000000		4.88227		1.12265
	2005.00000000		4.89541		1.08517
	2010.00000000		4.95371		0.99640
	2015.00000000		5.01546		0.95228
	2020.00000000		4.98255		0.94785
	2025.00000000		5.01493		0.99745
	2030.00000000		4.98095		1.06610
	2035.00000000		4.95787		1.11296
	2040.00000000		4.95861		1.13283
	2045.00000000		4.99581		1.10245
	2050.00000000		5.00397		1.08205
	2055.00000000		5.00223		1.07926
	2060.00000000		5.00093		1.10344
	2065.00000000		5.01204		1.11937
	2070.00000000		4.97972		1.09253
	2075.00000000		4.94820		1.04385
	2080.00000000		4.92568		1.00194
	2085.00000000		4.94037		1.00949
	2090.00000000		5.00989		1.06774
	2095.00000000		4.98082		1.17140
	2100.00000000		4.95655		1.28938
	2105.00000000		5.00805		1.35594
	2110.00000000		4.97986		1.41890
	2115.00000000		4.93118		1.47604
	2120.00000000		4.94367		1.56230
	2125.00000000		5.00466		1.66846
	2130.00000000		4.99384		1.75158
	2135.00000000		4.98622		1.80457
	2140.00000000		5.01127		1.80196
	2145.00000000		4.98629		1.80033
	2150.00000000		4.96364		1.79122
	2155.00000000		4.98444		1.77290
	2160.00000000		5.00700		1.76085
	2165.00000000		4.97709		1.72583
	2170.00000000		5.02323		1.71016
	2175.00000000		4.96304		1.71503
	2180.00000000		4.99793		1.73166
	2185.00000000		4.98401		1.76087
	2190.00000000		4.92100		1.79150
	2195.00000000		4.88809		1.82948
	2200.00000000		4.87741		1.84370
	2205.00000000		4.92216		1.85593
	2210.00000000		5.02231		1.86178
	2215.00000000		4.96142		1.89227
	2220.00000000		4.87840		1.94572
	2225.00000000		4.81051		1.97497
	2230.00000000		4.76931		1.97354
	2235.00000000		4.73887		1.90999
	2240.00000000		4.76462		1.82798
	2245.00000000		4.85389		1.78044
	2250.00000000		4.99872		1.77024
	2255.00000000		4.96239		1.82818
	2260.00000000		4.81375		1.88768
	2265.00000000		4.74388		1.94050
	2270.00000000		4.76640		2.00448
	2275.00000000		4.84221		2.04415
	2280.00000000		4.94174		2.10085
	2285.00000000		5.02198		2.14059
	2290.00000000		4.96395		2.16882
	2295.00000000		4.93754		2.17960
	2300.00000000		4.98958		2.17320
	2305.00000000		4.98955		2.21462
	2310.00000000		4.88548		2.24397
	2315.00000000		4.76392		2.26740
	2320.00000000		4.66336		2.26082
	2325.00000000		4.62573		2.21788
	2330.00000000		4.69081		2.22156
	2335.00000000		4.82388		2.22931
	2340.00000000		4.99094		2.25987
	2345.00000000		4.97172		2.29724
	2350.00000000		4.85941		2.33416
	2355.00000000		4.81976		2.40544
	2360.00000000		4.84903		2.46050
	2365.00000000		4.93557		2.50828
	2370.00000000		5.01427		2.51452
	2375.00000000		4.97736		2.50636
	2380.00000000		4.92564		2.53383
	2385.00000000		4.92617		2.55940
	2390.00000000		5.02866		2.59550
	2395.00000000		4.94822		2.59158
	2400.00000000		4.88738		2.54260
	2405.00000000		4.85203		2.49201
	2410.00000000		4.84735		2.44711
	2415.00000000		4.87434		2.45002
	2420.00000000		4.94518		2.46349
	2425.00000000		5.03681		2.48767
	2430.00000000		4.91781		2.53031
	2435.00000000		4.89118		2.57586
	2440.00000000		4.90222		2.64787
	2445.00000000		4.92739		2.70422
	2450.00000000		4.97613		2.74746
	2455.00000000		5.01656		2.77465
	2460.00000000		4.98030		2.79849
	2465.00000000		4.99247		2.85255
	2470.00000000		5.00522		2.90440
	2475.00000000		4.94122		2.93002
	2480.00000000		4.91418		2.91382
	2485.00000000		4.91987		2.88564
	2490.00000000		4.92470		2.88110
	2495.00000000		4.98721		2.87885
	2500.00000000		4.99562		2.84086
	2505.00000000		4.93938		2.78865
	2510.00000000		4.94296		2.77952
	2515.00000000		4.94618		2.84487
	2520.00000000		4.97742		2.97810
	2525.00000000		5.01812		3.11974
	2530.00000000		4.98292		-3.09015
	2535.00000000		5.01301		-3.10596
	2540.00000000		4.99174		3.13743
	2545.00000000		5.00696		-3.10756
	2550.00000000		4.97587		-3.01054
	2555.00000000		4.94333		-2.90827
	2560.00000000		4.93645		-2.88628
	2565.00000000		4.94876		-2.94798
	2570.00000000		5.01177		-3.00616
	2575.00000000		4.97845		-3.01551
	2580.00000000		4.96926		-2.97650
	2585.00000000		5.01659		-2.96253
	2590.00000000		4.97784		-2.99857
	2595.00000000		4.96192		-3.03311
	2600.00000000		4.97977		-3.02810
	2605.00000000		5.01722		-2.94340
	2610.00000000		4.94824		-2.85704
	2615.00000000		4.92993		-2.79082
	2620.00000000		4.95719		-2.74798
	2625.00000000		4.97850		-2.73003
	2630.00000000		5.01281		-2.70649
	2635.00000000		4.97173		-2.70856
	2640.00000000		4.96801		-2.69912
	2645.00000000		5.01574		-2.65970
	2650.00000000		4.98187		-2.61329
	2655.00000000		4.99167		-2.55435
	2660.00000000		5.00170		-2.56424
	2665.00000000		4.98289		-2.63736
	2670.00000000		4.98133		-2.74380
	2675.00000000		4.97745		-2.78825
	2680.00000000		4.99778		-2.72066
	2685.00000000		4.99966		-2.61074
	2690.00000000		5.00482		-2.51623
	2695.00000000		4.99513		-2.51705
	2700.00000000		4.99274		-2.54139
	2705.00000000		5.00591		-2.50193
	2710.00000000		5.00052		-2.42095
	2715.00000000		5.00186		-2.30786
	2720.00000000		4.99440		-2.27131
	2725.00000000		4.99639		-2.29052
	2730.00000000		5.00295		-2.31753
	2735.00000000		4.98890		-2.32214
	2740.00000000		4.98281		-2.26688
	2745.00000000		5.00546		-2.23100
	2750.00000000		4.99234		-2.23232
	2755.00000000		4.98420		-2.28593
	2760.00000000		5.01254		-2.37308
	2765.00000000		4.99059		-2.39865
	2770.00000000		5.01144		-2.36811
	2775.00000000		4.95847		-2.27029
	2780.00000000		4.91558		-2.16900
	2785.00000000		4.87857		-2.10050
	2790.00000000		4.89308		-2.06258
	2795.00000000		4.95163		-2.05764
	2800.00000000		5.01454		-2.03433
	2805.00000000		4.98187		-2.00225
	2810.00000000		4.96454		-1.94180
	2815.00000000		4.98185		-1.85983
	2820.00000000		5.01362		-1.82054
	2825.00000000		4.97456		-1.82270
	2830.00000000		4.98031		-1.87422
	2835.00000000		4.96948		-1.91023
	2840.00000000		4.94849		-1.90111
	2845.00000000		4.96863		-1.88582
	2850.00000000		5.02376		-1.85871
	2855.00000000		4.93455		-1.86589
	2860.00000000		4.86390		-1.86565
	2865.00000000		4.83591		-1.81639
	2870.00000000		4.83486		-1.73344
	2875.00000000		4.85164		-1.65977
	2880.00000000		4.90729		-1.62424
	2885.00000000		5.00424		-1.60226
	2890.00000000		4.97681		-1.60077
	2895.00000000		4.91139		-1.58966
	2900.00000000		4.89935		-1.53572
	2905.00000000		4.89140		-1.47714
	2910.00000000		4.86663		-1.42941
	2915.00000000		4.82672		-1.44001
	2920.00000000		4.82897		-1.48310
	2925.00000000		4.90766		-1.51683
	2930.00000000		5.03943		-1.54676
	2935.00000000		4.93048		-1.55065
	2940.00000000		4.80432		-1.53705
	2945.00000000		4.71285		-1.50833
	2950.00000000		4.67079		-1.47455
	2955.00000000		4.65900		-1.46868
	2960.00000000		4.69326		-1.43930
	2965.00000000		4.76484		-1.38938
	2970.00000000		4.86410		-1.32955
	2975.00000000		4.99858		-1.28217
	2980.00000000		4.97826		-1.29518
	2985.00000000		4.88062		-1.31884
	2990.00000000		4.86710		-1.32306
	2995.00000000		4.91581		-1.27744
	3000.00000000		4.98419		-1.21987
	3005.00000000		5.00109		-1.20539
	3010.00000000		4.96587		-1.23358
	3015.00000000		4.96142		-1.30894
	3020.00000000		5.03378		-1.35663
	3025.00000000		4.95005		-1.37734
	3030.00000000		4.90282		-1.35051
	3035.00000000		4.89464		-1.26808
	3040.00000000		4.88460		-1.22398
	3045.00000000		4.88276		-1.19137
	3050.00000000		4.90567		-1.19050
	3055.00000000		4.99236		-1.19391
	3060.00000000		4.98742		-1.16283
	3065.00000000		4.91356		-1.14174
	3070.00000000		4.92377		-1.10030
	3075.00000000		4.94156		-1.07356
	3080.00000000		4.95343		-1.06844
	3085.00000000		4.95411		-1.06859
	3090.00000000		4.96509		-1.08649
	3095.00000000		5.02595		-1.07573
	3100.00000000		4.97900		-1.06896
	3105.00000000		5.01401		-1.04009
	3110.00000000		4.97056		-1.03246
	3115.00000000		4.92475		-1.06671
	3120.00000000		4.90238		-1.06475
	3125.00000000		4.90195		-1.03490
	3130.00000000		4.94136		-0.95565
	3135.00000000		4.99086		-0.88553
	3140.00000000		5.00271		-0.87883
	3145.00000000		4.95605		-0.89748
	3150.00000000		4.96695		-0.94403
	3155.00000000		5.02557		-0.95155
	3160.00000000		4.95209		-0.90476
	3165.00000000		4.91334		-0.82289
	3170.00000000		4.87767		-0.76189
	3175.00000000		4.86612		-0.79478
	3180.00000000		4.90582		-0.83417
	3185.00000000		4.97409		-0.84637
	3190.00000000		5.01099		-0.83244
	3195.00000000		4.95417		-0.78850
	3200.00000000		4.97640		-0.76741
	3205.00000000		5.01123		-0.75706
	3210.00000000		4.93242		-0.76796
	3215.00000000		4.90839		-0.78595
	3220.00000000		4.92150		-0.78043
	3225.00000000		4.93594		-0.79490
	3230.00000000		4.94860		-0.79860
	3235.00000000		5.01570		-0.80418
	3240.00000000		4.97340		-0.82552
	3245.00000000		4.91904		-0.82292
	3250.00000000		4.93031		-0.82599
	3255.00000000		4.96597		-0.79425
	3260.00000000		5.01237		-0.76091
	3265.00000000		4.97195		-0.74602
	3270.00000000		4.96073		-0.73348
	3275.00000000		5.03040		-0.76013
	3280.00000000		4.95677		-0.79965
	3285.00000000		4.94288		-0.83019
	3290.00000000		4.94866		-0.80764
	3295.00000000		4.96329		-0.74469
	3300.00000000		4.95516		-0.72932
	3305.00000000		4.89409		-0.75386
	3310.00000000		4.88391		-0.82382
	3315.00000000		4.97627		-0.85945
	3320.00000000		5.00560		-0.85685
	3325.00000000		4.87195		-0.86076
	3330.00000000		4.81482		-0.83362
	3335.00000000		4.79706		-0.87361
	3340.00000000		4.78544		-0.92515
	3345.00000000		4.88399		-0.94576
	3350.00000000		5.02476		-0.94246
	3355.00000000		4.95989		-0.87300
	3360.00000000		4.93740		-0.82489
	3365.00000000		4.98369		-0.77053
	3370.00000000		4.99593		-0.72851
	3375.00000000		4.90904		-0.71810
	3380.00000000		4.93083		-0.67857
	3385.00000000		5.02320		-0.68622
	3390.00000000		4.95548		-0.69932
	3395.00000000		4.91836		-0.72823
	3400.00000000		4.93319		-0.76382
	3405.00000000		4.96489		-0.77179
	3410.00000000		4.98833		-0.80816
	3415.00000000		5.01770		-0.81227
	3420.00000000		4.98998		-0.82298
	3425.00000000		5.00023		-0.81325
	3430.00000000		5.00352		-0.75100
	3435.00000000		5.01045		-0.70980
	3440.00000000		4.99765		-0.65652
	3445.00000000		4.99000		-0.63307
	3450.00000000		4.99567		-0.61663
	3455.00000000		5.00093		-0.56320
	3460.00000000		4.96386		-0.51201
	3465.00000000		4.94865		-0.46269
	3470.00000000		4.90935		-0.48758
	3475.00000000		4.86849		-0.55740
	3480.00000000		4.86027		-0.60050
	3485.00000000		4.85751		-0.62154
	3490.00000000		4.90217		-0.59569
	3495.00000000		4.99860		-0.58340
	3500.00000000		4.98334		-0.59319
	3505.00000000		4.87748		-0.62257
	3510.00000000		4.83841		-0.64352
	3515.00000000		4.87869		-0.61770
	3520.00000000		4.93888		-0.59027
	3525.00000000		5.00092		-0.55753
	3530.00000000		4.98465		-0.53815
	3535.00000000		4.94961		-0.51136
	3540.00000000		4.99063		-0.42840
	3545.00000000		4.99872		-0.37532
	3550.00000000		4.97619		-0.36060
	3555.00000000		4.97027		-0.40290
	3560.00000000		4.99521		-0.47209
	3565.00000000		4.99063		-0.54199
	3570.00000000		4.93573		-0.59881
	3575.00000000		4.93692		-0.60556
	3580.00000000		4.98758		-0.62221
	3585.00000000		5.00345		-0.63537
	3590.00000000		4.97708		-0.63018
	3595.00000000		4.99079		-0.61602
	3600.00000000		5.00440		-0.56332
	3605.00000000		4.96639		-0.53829
	3610.00000000		5.00849		-0.48091
	3615.00000000		4.97835		-0.39564
	3620.00000000		4.91390		-0.33315
	3625.00000000		4.91845		-0.26359
	3630.00000000		4.96585		-0.25856
	3635.00000000		5.00427		-0.27953
	3640.00000000		4.98380		-0.31555
	3645.00000000		4.95478		-0.35443
	3650.00000000		4.97206		-0.35857
	3655.00000000		5.01753		-0.40337
	3660.00000000		4.97688		-0.44983
	3665.00000000		5.00062		-0.48880
	3670.00000000		4.99223		-0.49793
	3675.00000000		4.92813		-0.44892
	3680.00000000		4.87914		-0.42034
	3685.00000000		4.88575		-0.40276
	3690.00000000		4.94540		-0.42513
	3695.00000000		5.02529		-0.41592
	3700.00000000		4.96326		-0.33198
	3705.00000000		4.96457		-0.22904
	3710.00000000		5.01212		-0.10722
	3715.00000000		4.96834		-0.06463
	3720.00000000		4.94715		-0.05948
	3725.00000000		4.97578		-0.07423
	3730.00000000		5.01554		-0.11983
	3735.00000000		4.97268		-0.12357
	3740.00000000		4.97211		-0.14454
	3745.00000000		5.00221		-0.14881
	3750.00000000		4.98869		-0.15472
	3755.00000000		4.98853		-0.18295
	3760.00000000		5.00803		-0.17134
	3765.00000000		4.96481		-0.17467
	3770.00000000		4.96957		-0.13214
	3775.00000000		5.02011		-0.06677
	3780.00000000		4.97843		-0.02133
	3785.00000000		4.97163		0.02465
	3790.00000000		4.98647		0.01394
	3795.00000000		5.01212		0.06043
	3800.00000000		4.96671		0.13447
	3805.00000000		4.96347		0.21971
	3810.00000000		4.97655		0.29104
	3815.00000000		4.97870		0.23536
	3820.00000000		5.01006		0.16793
	3825.00000000		4.98202		0.09328
	3830.00000000		4.99118		0.07872
	3835.00000000		5.00502		0.13324
	3840.00000000		4.99099		0.14639
	3845.00000000		5.00753		0.16371
	3850.00000000		4.95822		0.12419
	3855.00000000		4.94310		0.09058
	3860.00000000		4.93983		0.11544
	3865.00000000		4.94932		0.15808
	3870.00000000		4.97278		0.25708
	3875.00000000		5.01494		0.31902
	3880.00000000		4.98376		0.37338
	3885.00000000		4.97690		0.41349
	3890.00000000		5.01063		0.41525
	3895.00000000		4.98903		0.45967
	3900.00000000		4.98928		0.47926
	3905.00000000		5.00541		0.49932
	3910.00000000		4.99716		0.48308
	3915.00000000		5.00419		0.40855
	3920.00000000		5.00659		0.36761
	3925.00000000		4.99598		0.32864
	3930.00000000		4.98720		0.37813
	3935.00000000		5.01186		0.43699
	3940.00000000		4.98317		0.45574
	3945.00000000		5.00255		0.44994
	3950.00000000		4.99185		0.39337
	3955.00000000		4.97848		0.40690
	3960.00000000		5.01503		0.48285
	3965.00000000		4.93988		0.59268
	3970.00000000		4.87121		0.69969
	3975.00000000		4.82850		0.69550
	3980.00000000		4.82203		0.66060
	3985.00000000		4.88219		0.64105
	3990.00000000		4.99205		0.66151
	3995.00000000		4.98081		0.72983
	4000.00000000		4.86274		0.74476
	4005.00000000		4.82093		0.71866
	4010.00000000		4.88179		0.65847
	4015.00000000		5.02536		0.61987
	4020.00000000		4.94337		0.63515
	4025.00000000		4.80327		0.65603
	4030.00000000		4.73933		0.69136
	4035.00000000		4.76723		0.71247
	4040.00000000		4.84171		0.73056
	4045.00000000		4.92119		0.74478
	4050.00000000		4.98531		0.74416
	4055.00000000		5.00592		0.77065
	4060.00000000		4.96039		0.81912
	4065.00000000		5.01636		0.87902
	4070.00000000		4.96799		0.93069
	4075.00000000		4.86911		0.90020
	4080.00000000		4.79387		0.82689
	4085.00000000		4.74476		0.75589
	4090.00000000		4.70935		0.74991
	4095.00000000		4.71265		0.79984
	4100.00000000		4.79577		0.82203
	4105.00000000		4.96288		0.78935
	4110.00000000		4.99883		0.70189
	4115.00000000		4.84151		0.65300
	4120.00000000		4.76725		0.68896
	4125.00000000		4.78138		0.77788
	4130.00000000		4.83961		0.86332
	4135.00000000		4.91520		0.86292
	4140.00000000		4.99459		0.84756
	4145.00000000		4.99112		0.85871
	4150.00000000		4.95673		0.90041
	4155.00000000		4.99969		0.97209
	4160.00000000		4.98781		1.00202
	4165.00000000		4.91277		1.01875
	4170.00000000		4.86409		1.02234
	4175.00000000		4.83849		1.02138
	4180.00000000		4.83817		1.06547
	4185.00000000		4.88159		1.09276
	4190.00000000		4.98350		1.14421
	4195.00000000		4.99090		1.21337
	4200.00000000		4.87698		1.25764
	4205.00000000		4.83437		1.29100
	4210.00000000		4.85794		1.27065
	4215.00000000		4.94744		1.27206
	4220.00000000		5.02494		1.31813
	4225.00000000		4.91167		1.39081
	4230.00000000		4.85808		1.44977
	4235.00000000		4.86092		1.41088
	4240.00000000		4.92709		1.34248
	4245.00000000		5.02495		1.28113
	4250.00000000		4.94668		1.28416
	4255.00000000		4.85669		1.33660
	4260.00000000		4.81633		1.35392
	4265.00000000		4.83177		1.33158
	4270.00000000		4.90218		1.24526
	4275.00000000		5.01689		1.17960
	4280.00000000		4.96478		1.20956
	4285.00000000		4.88204		1.28643
	4290.00000000		4.86023		1.38761
	4295.00000000		4.88277		1.38915
	4300.00000000		4.93962		1.34557
	4305.00000000		5.02655		1.31941
	4310.00000000		4.94811		1.36122
	4315.00000000		4.88245		1.46458
	4320.00000000		4.87267		1.50993
	4325.00000000		4.92708		1.47791
	4330.00000000		5.01572		1.39756
	4335.00000000		4.96435		1.32942
	4340.00000000		4.89056		1.33315
	4345.00000000		4.83063		1.37230
	4350.00000000		4.83145		1.41396
	4355.00000000		4.89904		1.41661
	4360.00000000		5.00706		1.39580
	4365.00000000		4.97084		1.39247
	4370.00000000		4.88735		1.40129
	4375.00000000		4.88058		1.43040
	4380.00000000		4.93822		1.46286
	4385.00000000		5.03718		1.50880
	4390.00000000		4.89490		1.56611
	4395.00000000		4.73306		1.58719
	4400.00000000		4.59788		1.56930
	4405.00000000		4.50285		1.54099
	4410.00000000		4.45227		1.55462
	4415.00000000		4.44916		1.60746
	4420.00000000		4.48106		1.65551
	4425.00000000		4.55907		1.66807
	4430.00000000		4.69049		1.62262
	4435.00000000		4.85994		1.58861
	4440.00000000		5.05056		1.59034
	4445.00000000		4.89251		1.66438
	4450.00000000		4.74011		1.75519
	4455.00000000		4.64822		1.79580
	4460.00000000		4.63481		1.79625
	4465.00000000		4.67707		1.75858
	4470.00000000		4.72554		1.76271
	4475.00000000		4.78273		1.82847
	4480.00000000		4.88118		1.88149
	4485.00000000		5.03874		1.91129
	4490.00000000		4.92582		1.87745
	4495.00000000		4.84250		1.82171
	4500.00000000		4.83533		1.79984
	4505.00000000		4.86321		1.82100
	4510.00000000		4.90617		1.89418
	4515.00000000		4.97901		1.95075
	4520.00000000		5.00608		1.98084
	4525.00000000		4.95329		1.98370
	4530.00000000		5.03020		1.97301
	4535.00000000		4.96007		2.02571
	4540.00000000		4.89389		2.10288
	4545.00000000		4.83857		2.21527
	4550.00000000		4.76835		2.30747
	4555.00000000		4.72861		2.32705
	4560.00000000		4.76764		2.30341
	4565.00000000		4.88961		2.24279
	4570.00000000		5.04403		2.21788
	4575.00000000		4.90654		2.22771
	4580.00000000		4.76058		2.23039
	4585.00000000		4.65381		2.22182
	4590.00000000		4.61094		2.16920
	4595.00000000		4.64260		2.12425
	4600.00000000		4.73603		2.09494
	4605.00000000		4.87188		2.09053
	4610.00000000		5.01360		2.12154
	4615.00000000		4.95554		2.16653
	4620.00000000		4.84105		2.23027
	4625.00000000		4.78897		2.27318
	4630.00000000		4.79602		2.30288
	4635.00000000		4.84694		2.35546
	4640.00000000		4.91264		2.41355
	4645.00000000		4.97734		2.47809
	4650.00000000		5.01381		2.48038
	4655.00000000		4.99679		2.44159
	4660.00000000		5.00252		2.39216
	4665.00000000		4.97428		2.36477
	4670.00000000		4.97283		2.40232
	4675.00000000		4.99222		2.43525
	4680.00000000		5.00266		2.45025
	4685.00000000		4.95535		2.43159
	4690.00000000		4.95359		2.37858
	4695.00000000		5.01259		2.38319
	4700.00000000		4.97407		2.42496
	4705.00000000		4.92285		2.49920
	4710.00000000		4.89529		2.57559
	4715.00000000		4.91066		2.62245
	4720.00000000		4.95627		2.68115
	4725.00000000		5.02579		2.71196
	4730.00000000		4.96631		2.75665
	4735.00000000		4.95080		2.78041
	4740.00000000		4.97123		2.77294
	4745.00000000		5.00757		2.75671
	4750.00000000		4.99009		2.72324
	4755.00000000		4.96860		2.72258
	4760.00000000		4.97191		2.71998
	4765.00000000		4.99273		2.72101
	4770.00000000		5.00900		2.72620
	4775.00000000		4.98162		2.70196
	4780.00000000		4.99875		2.70477
	4785.00000000		4.99780		2.70576
	4790.00000000		4.96814		2.73610
	4795.00000000		4.98041		2.82012
	4800.00000000		5.01396		2.90277
	4805.00000000		5.00135		2.99770
	4810.00000000		5.00206		3.03572
	4815.00000000		4.98892		3.03002
	4820.00000000		4.98681		3.01464
	4825.00000000		4.98177		2.99229
	4830.00000000		5.00044		3.02141
	4835.00000000		4.99499		3.05484
	4840.00000000		4.99162		3.05820
	4845.00000000		5.00334		3.02414
	4850.00000000		4.93952		2.94411
	4855.00000000		4.89355		2.89050
	4860.00000000		4.84835		2.87471
	4865.00000000		4.83395		2.89820
	4870.00000000		4.86994		2.90713
	4875.00000000		4.94415		2.89489
	4880.00000000		5.02596		2.89603
	4885.00000000		4.93704		2.93554
	4890.00000000		4.86790		3.03741
	4895.00000000		4.85073		-3.13850
	4900.00000000		4.89590		-3.09360
	4905.00000000		5.00865		-3.11001
	4910.00000000		4.96758		3.11790
	4915.00000000		4.84797		3.11606
	4920.00000000		4.74272		-3.11674
	4925.00000000		4.69453		-3.04333
	4930.00000000		4.69791		-3.00650
	4935.00000000		4.70888		-3.04846
	4940.00000000		4.74798		-3.13398
	4945.00000000		4.84895		3.06671
	4950.00000000		4.99872		3.03560
	4955.00000000		4.97210		3.06508
	4960.00000000		4.87145		3.11692
	4965.00000000		4.86391		-3.13033
	4970.00000000		4.94523		-3.13235
	4975.00000000		5.02070		-3.13619
	4980.00000000		4.94505		-3.11341
	4985.00000000		4.88141		-3.04967
	4990.00000000		4.86102		-2.98691
	4995.00000000		4.90566		-2.96212
	5000.00000000		5.04720		-2.95336
	5005.00000000		4.93039		-2.93899
	5010.00000000		4.83514		-2.89695
	5015.00000000		4.77628		-2.82047
	5020.00000000		4.76244		-2.74405
	5025.00000000		4.77481		-2.70676
	5030.00000000		4.79628		-2.72744
	5035.00000000		4.85185		-2.77700
	5040.00000000		4.95120		-2.82088
	5045.00000000		5.02675		-2.84162
	5050.00000000		4.90715		-2.82407
	5055.00000000		4.85529		-2.77058
	5060.00000000		4.86811		-2.69300
	5065.00000000		4.92738		-2.64242
	5070.00000000		4.99536		-2.65895
	5075.00000000		4.99335		-2.71213
	5080.00000000		4.96545		-2.74000
	5085.00000000		5.00223		-2.69828
	5090.00000000		4.98921		-2.61060
	5095.00000000		4.93559		-2.52241
	5100.00000000		4.87992		-2.49158
	5105.00000000		4.83168		-2.50693
	5110.00000000		4.81728		-2.51237
	5115.00000000		4.88073		-2.46983
	5120.00000000		4.99878		-2.39744
	5125.00000000		4.98134		-2.36864
	5130.00000000		4.87441		-2.38236
	5135.00000000		4.81437		-2.41452
	5140.00000000		4.80075		-2.40378
	5145.00000000		4.80248		-2.32003
	5150.00000000		4.81578		-2.23201
	5155.00000000		4.83913		-2.18506
	5160.00000000		4.88622		-2.20808
	5165.00000000		4.97446		-2.25148
	5170.00000000		5.00788		-2.27689
	5175.00000000		4.94297		-2.26901
	5180.00000000		4.93249		-2.21470
	5185.00000000		4.95384		-2.16148
	5190.00000000		5.00570		-2.11012
	5195.00000000		4.98849		-2.10058
	5200.00000000		4.95929		-2.12145
	5205.00000000		4.96383		-2.14643
	5210.00000000		5.00624		-2.16279
	5215.00000000		4.98449		-2.13566
	5220.00000000		4.94135		-2.09045
	5225.00000000		4.91210		-2.04291
	5230.00000000		4.91852		-2.03837
	5235.00000000		4.99019		-2.06784
	5240.00000000		4.98679		-2.07316
	5245.00000000		4.89987		-2.07304
	5250.00000000		4.87989		-2.04267
	5255.00000000		4.94127		-2.04518
	5260.00000000		5.01317		-2.10106
	5265.00000000		4.98175		-2.12887
	5270.00000000		5.01018		-2.09692
	5275.00000000		4.98547		-1.99124
	5280.00000000		4.96369		-1.90201
	5285.00000000		5.00812		-1.88919
	5290.00000000		4.98496		-1.92501
	5295.00000000		4.94161		-1.97209
	5300.00000000		4.90503		-1.94445
	5305.00000000		4.90075		-1.84654
	5310.00000000		4.94775		-1.71822
	5315.00000000		5.01661		-1.62841
	5320.00000000		4.97203		-1.63102
	5325.00000000		4.96490		-1.66688
	5330.00000000		5.02706		-1.70453
	5335.00000000		4.94507		-1.72024
	5340.00000000		4.87769		-1.71909
	5345.00000000		4.86585		-1.71756
	5350.00000000		4.91170		-1.68262
	5355.00000000		4.98529		-1.65309
	5360.00000000		5.00301		-1.61253
	5365.00000000		4.96085		-1.57450
	5370.00000000		4.98662		-1.54093
	5375.00000000		5.00185		-1.48654
	5380.00000000		4.94204		-1.45275
	5385.00000000		4.93563		-1.39827
	5390.00000000		4.96895		-1.34706
	5395.00000000		5.02071		-1.30603
	5400.00000000		4.97769		-1.26595
	5405.00000000		5.00965		-1.22655
	5410.00000000		4.97855		-1.18272
	5415.00000000		4.90775		-1.17471
	5420.00000000		4.86717		-1.19821
	5425.00000000		4.87723		-1.22385
	5430.00000000		4.91780		-1.24373
	5435.00000000		4.96973		-1.19398
	5440.00000000		5.01786		-1.12070
	5445.00000000		4.96456		-1.08138
	5450.00000000		4.97144		-1.07070
	5455.00000000		5.02143		-1.09129
	5460.00000000		4.97270		-1.06299
	5465.00000000		4.97570		-0.99991
	5470.00000000		5.01147		-0.94169
	5475.00000000		4.97957		-0.90726
	5480.00000000		4.95090		-0.90547
	5485.00000000		4.94582		-0.87697
	5490.00000000		4.94521		-0.86011
	5495.00000000		4.96419		-0.85304
	5500.00000000		5.01694		-0.85834
	5505.00000000		4.97042		-0.91751
	5510.00000000		4.93534		-0.97727
	5515.00000000		4.95175		-1.02903
	5520.00000000		5.03031		-1.01546
	5525.00000000		4.94719		-0.96422
	5530.00000000		4.90547		-0.91918
	5535.00000000		4.91351		-0.87978
	5540.00000000		4.93205		-0.86306
	5545.00000000		4.94974		-0.83829
	5550.00000000		4.96354		-0.79294
	5555.00000000		5.03556		-0.74059
	5560.00000000		4.96611		-0.68564
	5565.00000000		5.00826		-0.62785
	5570.00000000		4.97356		-0.56608
	5575.00000000		4.89062		-0.55182
	5580.00000000		4.85448		-0.58056
	5585.00000000		4.83924		-0.62640
	5590.00000000		4.85822		-0.67168
	5595.00000000		4.95588		-0.67828
	5600.00000000		5.02475		-0.68126
	5605.00000000		4.91896		-0.69919
	5610.00000000		4.89648		-0.71877
	5615.00000000		4.95320		-0.71110
	5620.00000000		5.02319		-0.63004
	5625.00000000		4.92730		-0.53914
	5630.00000000		4.88927		-0.45140
	5635.00000000		4.91905		-0.40086
	5640.00000000		4.99799		-0.39160
	5645.00000000		4.97872		-0.36596
	5650.00000000		4.90150		-0.30999
	5655.00000000		4.86309		-0.21526
	5660.00000000		4.85978		-0.13630
	5665.00000000		4.90316		-0.12920
	5670.00000000		4.98071		-0.16226
	5675.00000000		5.00261		-0.20387
	5680.00000000		4.94503		-0.21437
	5685.00000000		4.93313		-0.21532
	5690.00000000		4.99239		-0.23138
	5695.00000000		4.99390		-0.25637
	5700.00000000		4.90722		-0.27074
	5705.00000000		4.84155		-0.24534
	5710.00000000		4.78873		-0.18850
	5715.00000000		4.74967		-0.13804
	5720.00000000		4.74812		-0.11148
	5725.00000000		4.82194		-0.08773
	5730.00000000		4.95820		-0.04729
	5735.00000000		5.00989		0.00913
	5740.00000000		4.88955		0.06656
	5745.00000000		4.84558		0.10737
	5750.00000000		4.87100		0.14762
	5755.00000000		4.92130		0.17057
	5760.00000000		4.99707		0.17314
	5765.00000000		4.99116		0.12625
	5770.00000000		4.96164		0.04205
	5775.00000000		4.98470		-0.00039
	5780.00000000		5.01409		0.02649
	5785.00000000		4.96598		0.10858
	5790.00000000		4.95325		0.16865
	5795.00000000		5.00603		0.17069
	5800.00000000		4.98416		0.16508
	5805.00000000		4.97409		0.18764
	5810.00000000		5.01156		0.25565
	5815.00000000		4.97707		0.33949
	5820.00000000		5.02146		0.37719
	5825.00000000		4.96569		0.37881
	5830.00000000		4.93665		0.39544
	5835.00000000		4.93797		0.49481
	5840.00000000		4.99625		0.61760
	5845.00000000		4.98793		0.64818
	5850.00000000		4.93195		0.58238
	5855.00000000		4.97255		0.44666
	5860.00000000		5.01185		0.35560
	5865.00000000		4.93077		0.38765
	5870.00000000		4.91275		0.47081
	5875.00000000		4.94685		0.52634
	5880.00000000		5.02764		0.52407
	5885.00000000		4.93976		0.52736
	5890.00000000		4.88582		0.56037
	5895.00000000		4.89272		0.61436
	5900.00000000		4.97421		0.67635
	5905.00000000		5.00117		0.70312
	5910.00000000		4.88129		0.74549
	5915.00000000		4.81968		0.78901
	5920.00000000		4.78850		0.82699
	5925.00000000		4.80036		0.85697
	5930.00000000		4.85388		0.83002
	5935.00000000		4.92092		0.80223
	5940.00000000		5.01501		0.76975
	5945.00000000		4.97467		0.75280
	5950.00000000		4.94840		0.75594
	5955.00000000		4.96669		0.71606
	5960.00000000		5.02151		0.71372
	5965.00000000		4.95751		0.72681
	5970.00000000		4.89954		0.75647
	5975.00000000		4.86355		0.80867
	5980.00000000		4.87393		0.79491
	5985.00000000		4.93826		0.78186
	5990.00000000		5.01914		0.75802
	5995.00000000		4.95795		0.78543
	6000.00000000		4.89113		0.88077
	6005.00000000		4.87721		0.92803
	6010.00000000		4.91626		0.96122
	6015.00000000		4.99263		0.92820
	6020.00000000		4.98935		0.90113
	6025.00000000		4.91396		0.93554
	6030.00000000		4.88292		0.94973
	6035.00000000		4.90350		0.97754
	6040.00000000		5.00069		0.95599
	6045.00000000		4.97242		0.95136
	6050.00000000		4.85516		0.99558
	6055.00000000		4.78709		1.04704
	6060.00000000		4.74944		1.13172
	6065.00000000		4.74209		1.15717
	6070.00000000		4.75548		1.17115
	6075.00000000		4.82153		1.16352
	6080.00000000		4.99336		1.16317
	6085.00000000		4.97637		1.23243
	6090.00000000		4.86321		1.27770
	6095.00000000		4.85244		1.33544
	6100.00000000		4.88845		1.35170
	6105.00000000		4.93212		1.34541
	6110.00000000		4.96808		1.35104
	6115.00000000		5.02387		1.31802
	6120.00000000		4.95765		1.32191
	6125.00000000		4.97358		1.31673
	6130.00000000		5.01387		1.32068
	6135.00000000		4.92738		1.35175
	6140.00000000		4.88898		1.33813
	6145.00000000		4.87056		1.33786
	6150.00000000		4.88618		1.32600
	6155.00000000		4.96172		1.33516
	6160.00000000		5.01990		1.35737
	6165.00000000		4.90138		1.36864
	6170.00000000		4.81710		1.39272
	6175.00000000		4.78338		1.38620
	6180.00000000		4.78032		1.42381
	6185.00000000		4.79777		1.49429
	6190.00000000		4.84444		1.54394
	6195.00000000		4.92101		1.58439
	6200.00000000		5.02071		1.55538
	6205.00000000		4.95958		1.52969
	6210.00000000		4.91256		1.52420
	6215.00000000		4.90504		1.55233
	6220.00000000		4.93503		1.63207
	6225.00000000		4.95937		1.67929
	6230.00000000		4.97808		1.69514
	6235.00000000		5.01223		1.67418
	6240.00000000		4.99724		1.66102
	6245.00000000		5.01098		1.69778
	6250.00000000		4.97228		1.74901
	6255.00000000		4.97315		1.78194
	6260.00000000		4.96601		1.78744
	6265.00000000		4.94264		1.80137
	6270.00000000		4.93474		1.83488
	6275.00000000		4.97310		1.86841
	6280.00000000		5.01875		1.91162
	6285.00000000		4.93183		1.95422
	6290.00000000		4.88214		1.98793
	6295.00000000		4.83635		2.00963
	6300.00000000		4.80557		2.03258
	6305.00000000		4.82661		2.07087
	6310.00000000		4.89748		2.10876
	6315.00000000		5.00610		2.15393
	6320.00000000		4.97017		2.18101
	6325.00000000		4.89079		2.17615
	6330.00000000		4.86119		2.15107
	6335.00000000		4.88509		2.12502
	6340.00000000		4.92732		2.13801
	6345.00000000		4.95133		2.16673
	6350.00000000		5.00034		2.18638
	6355.00000000		4.99464		2.16544
	6360.00000000		4.97592		2.11625
	6365.00000000		5.01815		2.10662
	6370.00000000		4.95633		2.12679
	6375.00000000		4.90766		2.16919
	6380.00000000		4.89527		2.17917
	6385.00000000		4.95918		2.16454
	6390.00000000		5.02077		2.18467
	6395.00000000		4.94528		2.23604
	6400.00000000		4.92421		2.35507
	6405.00000000		4.90631		2.43794
	6410.00000000		4.93457		2.45235
	6415.00000000		5.02529		2.44213
	6420.00000000		4.96100		2.41497
	6425.00000000		4.90097		2.42804
	6430.00000000		4.92464		2.44684
	6435.00000000		5.04094		2.46741
	6440.00000000		4.92618		2.48471
	6445.00000000		4.86315		2.47443
	6450.00000000		4.82003		2.47992
	6455.00000000		4.79828		2.48232
	6460.00000000		4.89044		2.50157
	6465.00000000		5.05687		2.53432
	6470.00000000		4.91248		2.58234
	6475.00000000		4.83578		2.66184
	6480.00000000		4.82019		2.73158
	6485.00000000		4.82122		2.78826
	6490.00000000		4.82116		2.81264
	6495.00000000		4.86115		2.82600
	6500.00000000		4.97632		2.84628
	6505.00000000		5.00137		2.85730
	6510.00000000		4.91979		2.84764
	6515.00000000		4.90973		2.79649
	6520.00000000		4.91740		2.72670
	6525.00000000		4.95070		2.69203
	6530.00000000		5.01857		2.70770
	6535.00000000		4.97482		2.74991
	6540.00000000		4.94014		2.77085
	6545.00000000		4.99673		2.75348
	6550.00000000		4.98442		2.73034
	6555.00000000		4.87705		2.76117
	6560.00000000		4.81530		2.87558
	6565.00000000		4.81080		3.02204
	6570.00000000		4.88242		-3.13330
	6575.00000000		5.00012		-3.07384
	6580.00000000		4.97906		-3.06409
	6585.00000000		4.88792		-3.05453
	6590.00000000		4.84407		-3.02985
	6595.00000000		4.83611		-3.00922
	6600.00000000		4.85742		-3.02189
	6605.00000000		4.92360		-3.06470
	6610.00000000		5.04268		-3.10584
	6615.00000000		4.92250		3.13084
	6620.00000000		4.84345		3.07719
	6625.00000000		4.86538		3.03601
	6630.00000000		4.94099		3.00862
	6635.00000000		4.99729		3.01425
	6640.00000000		4.99618		3.04337
	6645.00000000		4.99457		3.07313
	6650.00000000		5.00871		3.09174
	6655.00000000		4.99599		3.10742
	6660.00000000		5.00279		-3.13822
	6665.00000000		4.96681		-3.08735
	6670.00000000		4.93578		-3.04364
	6675.00000000		4.90439		-3.05201
	6680.00000000		4.93021		-3.11623
	6685.00000000		5.02645		3.10098
	6690.00000000		4.96307		3.07614
	6695.00000000		4.91817		3.10102
	6700.00000000		4.96062		3.12651
	6705.00000000		5.02133		3.10471
	6710.00000000		4.92137		3.06042
	6715.00000000		4.85523		3.03011
	6720.00000000		4.85768		3.06467
	6725.00000000		4.92812		-3.13153
	6730.00000000		5.03881		-3.04882
	6735.00000000		4.92175		-2.98919
	6740.00000000		4.81279		-2.95611
	6745.00000000		4.72906		-2.92136
	6750.00000000		4.70122		-2.86962
	6755.00000000		4.72827		-2.81484
	6760.00000000		4.79491		-2.76558
	6765.00000000		4.88412		-2.75580
	6770.00000000		4.99757		-2.77491
	6775.00000000		4.98484		-2.80523
	6780.00000000		4.92285		-2.81337
	6785.00000000		4.93943		-2.81829
	6790.00000000		4.98147		-2.83518
	6795.00000000		5.00016		-2.85352
	6800.00000000		5.00198		-2.87735
	6805.00000000		5.00861		-2.86419
	6810.00000000		5.00380		-2.82688
	6815.00000000		5.00516		-2.78125
	6820.00000000		5.00550		-2.71735
	6825.00000000		4.99188		-2.68521
	6830.00000000		4.95890		-2.63591
	6835.00000000		4.93375		-2.58346
	6840.00000000		4.96288		-2.53948
	6845.00000000		5.02706		-2.49768
	6850.00000000		4.95395		-2.48541
	6855.00000000		4.91973		-2.45539
	6860.00000000		4.93775		-2.44100
	6865.00000000		4.96374		-2.44409
	6870.00000000		4.97489		-2.46209
	6875.00000000		4.99750		-2.52636
	6880.00000000		5.00159		-2.55891
	6885.00000000		5.01214		-2.56839
	6890.00000000		4.99620		-2.55558
	6895.00000000		5.00537		-2.52649
	6900.00000000		4.99113		-2.52562
	6905.00000000		4.99379		-2.50248
	6910.00000000		5.00468		-2.47956
	6915.00000000		4.97156		-2.43396
	6920.00000000		4.97294		-2.37789
	6925.00000000		5.02501		-2.35190
	6930.00000000		4.95557		-2.32622
	6935.00000000		4.93268		-2.32683
	6940.00000000		4.93803		-2.30909
	6945.00000000		4.97487		-2.26486
	6950.00000000		5.01416		-2.22707
	6955.00000000		4.93787		-2.19617
	6960.00000000		4.91152		-2.23079
	6965.00000000		4.95291		-2.26089
	6970.00000000		5.02637		-2.26769
	6975.00000000		4.93008		-2.23980
	6980.00000000		4.85220		-2.15318
	6985.00000000		4.80082		-2.10100
	6990.00000000		4.78763		-2.06264
	6995.00000000		4.83326		-2.05371
	7000.00000000		4.95402		-2.04980
	7005.00000000		5.01262		-2.01179
	7010.00000000		4.84503		-1.99831
	7015.00000000		4.73414		-1.97534
	7020.00000000		4.66030		-1.99147
	7025.00000000		4.62085		-2.01594
	7030.00000000		4.63775		-2.01844
	7035.00000000		4.69863		-2.01881
	7040.00000000		4.82063		-1.99351
	7045.00000000		4.99264		-1.99635
	7050.00000000		4.97769		-2.02392
	7055.00000000		4.87069		-2.04633
	7060.00000000		4.83735		-2.06559
	7065.00000000		4.90513		-2.04510
	7070.00000000		5.03209		-2.00778
	7075.00000000		4.94748		-1.97907
	7080.00000000		4.86917		-1.96042
	7085.00000000		4.83372		-1.98043
	7090.00000000		4.86916		-1.97938
	7095.00000000		4.92316		-1.97811
	7100.00000000		4.98635		-1.92953
	7105.00000000		4.99736		-1.85700
	7110.00000000		4.96167		-1.80535
	7115.00000000		5.00891		-1.74650
	7120.00000000		4.98128		-1.75523
	7125.00000000		4.96222		-1.77304
	7130.00000000		5.00096		-1.79792
	7135.00000000		4.98760		-1.83104
	7140.00000000		4.92797		-1.83128
	7145.00000000		4.92593		-1.83994
	7150.00000000		4.97218		-1.81469
	7155.00000000		5.01198		-1.80074
	7160.00000000		4.98042		-1.79848
	7165.00000000		4.98955		-1.77711
	7170.00000000		5.00536		-1.78264
	7175.00000000		4.97789		-1.76813
	7180.00000000		5.01845		-1.77341
	7185.00000000		4.96875		-1.78507
	7190.00000000		4.92490		-1.78656
	7195.00000000		4.91364		-1.82111
	7200.00000000		4.93532		-1.80221
	7205.00000000		5.03445		-1.77637
	7210.00000000		4.94141		-1.76931
	7215.00000000		4.87555		-1.78885
	7220.00000000		4.85309		-1.85783
	7225.00000000		4.85577		-1.89415
	7230.00000000		4.90016		-1.89111
	7235.00000000		4.97491		-1.82762
	7240.00000000		5.01236		-1.75189
	7245.00000000		4.97087		-1.75034
	7250.00000000		5.02436		-1.77668
	7255.00000000		4.96116		-1.82434
	7260.00000000		4.90691		-1.84563
	7265.00000000		4.86853		-1.83934
	7270.00000000		4.85703		-1.82849
	7275.00000000		4.89200		-1.82444
	7280.00000000		4.95428		-1.84110
	7285.00000000		5.02669		-1.84632
	7290.00000000		4.92916		-1.85768
	7295.00000000		4.85707		-1.86020
	7300.00000000		4.85569		-1.86323
	7305.00000000		4.92032		-1.87272
	7310.00000000		5.03295		-1.86785
	7315.00000000		4.93554		-1.88597
	7320.00000000		4.82729		-1.90427
	7325.00000000		4.77316		-1.91438
	7330.00000000		4.77374		-1.91025
	7335.00000000		4.82130		-1.88093
	7340.00000000		4.86508		-1.86967
	7345.00000000		4.91452		-1.88516
	7350.00000000		4.98871		-1.92980
	7355.00000000		4.99832		-1.97265
	7360.00000000		4.97319		-1.96782
	7365.00000000		5.01381		-1.91680
	7370.00000000		4.98261		-1.86976
	7375.00000000		4.94684		-1.88547
	7380.00000000		4.92105		-1.95121
	7385.00000000		4.92641		-2.01119
	7390.00000000		4.95358		-2.03544
	7395.00000000		4.98409		-1.99844
	7400.00000000		5.01333		-1.95570
	7405.00000000		4.97578		-1.95050
	7410.00000000		4.96994		-1.97370
	7415.00000000		4.98598		-2.02397
	7420.00000000		5.01230		-2.04997
	7425.00000000		4.98895		-2.06793
	7430.00000000		5.00643		-2.09883
	7435.00000000		4.99535		-2.14044
	7440.00000000		5.01370		-2.21252
	7445.00000000		4.98435		-2.27142
	7450.00000000		5.00659		-2.31362
	7455.00000000		4.97825		-2.34405
	7460.00000000		4.94468		-2.35783
	7465.00000000		4.96086		-2.37006
	7470.00000000		5.00048		-2.36606
	7475.00000000		4.99993		-2.36551
	7480.00000000		4.99760		-2.36449
	7485.00000000		5.00204		-2.34429
	7490.00000000		4.95157		-2.31381
	7495.00000000		4.88337		-2.26272
	7500.00000000		4.84813		-2.21616
	7505.00000000		4.87360		-2.19700
	7510.00000000		4.95937		-2.19519
	7515.00000000		5.01661		-2.23296
	7520.00000000		4.93892		-2.27107
	7525.00000000		4.94117		-2.30489
	7530.00000000		5.00075		-2.32844
	7535.00000000		4.98630		-2.33728
	7540.00000000		4.91588		-2.36344
	7545.00000000		4.89688		-2.36812
	7550.00000000		4.92725		-2.38703
	7555.00000000		4.98147		-2.40845
	7560.00000000		5.00634		-2.41592
	7565.00000000		4.94880		-2.44433
	7570.00000000		4.95825		-2.43677
	7575.00000000		5.01996		-2.42518
	7580.00000000		4.97101		-2.40051
	7585.00000000		4.92372		-2.36340
	7590.00000000		4.90244		-2.36292
	7595.00000000		4.90419		-2.35665
	7600.00000000		4.91030		-2.38304
	7605.00000000		4.96477		-2.40551
	7610.00000000		5.01753		-2.42483
	7615.00000000		4.95887		-2.46114
	7620.00000000		4.94714		-2.45761
	7625.00000000		4.93699		-2.47528
	7630.00000000		4.94184		-2.47815
	7635.00000000		5.00954		-2.48540
	7640.00000000		4.97971		-2.52877
	7645.00000000		4.92509		-2.53909
	7650.00000000		4.95423		-2.56067
	7655.00000000		5.02161		-2.53541
	7660.00000000		4.94258		-2.50687
	7665.00000000		4.82080		-2.48460
	7670.00000000		4.74263		-2.44449
	7675.00000000		4.76142		-2.43504
	7680.00000000		4.85615		-2.40879
	7685.00000000		4.94433		-2.40416
	7690.00000000		5.00774		-2.42816
	7695.00000000		4.99078		-2.46478
	7700.00000000		4.97272		-2.52012
	7705.00000000		5.00472		-2.53629
	7710.00000000		4.99338		-2.55159
	7715.00000000		4.99715		-2.56303
	7720.00000000		4.99529		-2.59276
	7725.00000000		4.93660		-2.63683
	7730.00000000		4.90146		-2.64113
	7735.00000000		4.95453		-2.61099
	7740.00000000		5.03577		-2.52476
	7745.00000000		4.94324		-2.44599
	7750.00000000		4.92308		-2.36856
	7755.00000000		4.96279		-2.30297
	7760.00000000		4.98712		-2.26808
	7765.00000000		4.97642		-2.22406
	7770.00000000		5.02012		-2.24076
	7775.00000000		4.97821		-2.29291
	7780.00000000		4.96490		-2.33211
	7785.00000000		5.00877		-2.36783
	7790.00000000		4.98394		-2.35446
	7795.00000000		4.95535		-2.38752
	7800.00000000		4.93585		-2.42409
	7805.00000000		4.95215		-2.45317
	7810.00000000		5.02921		-2.46807
	7815.00000000		4.95548		-2.42057
	7820.00000000		4.88743		-2.38968
	7825.00000000		4.86578		-2.35926
	7830.00000000		4.87863		-2.33760
	7835.00000000		4.91371		-2.33111
	7840.00000000		4.97631		-2.26994
	7845.00000000		5.01191		-2.23202
	7850.00000000		4.94845		-2.22243
	7855.00000000		4.92845		-2.25311
	7860.00000000		4.95758		-2.33889
	7865.00000000		5.02538		-2.40460
	7870.00000000		4.94346		-2.46990
	7875.00000000		4.88763		-2.50011
	7880.00000000		4.87674		-2.51406
	7885.00000000		4.93275		-2.53916
	7890.00000000		5.03323		-2.54626
	7895.00000000		4.92432		-2.58387
	7900.00000000		4.81946		-2.60406
	7905.00000000		4.78263		-2.60293
	7910.00000000		4.81847		-2.59418
	7915.00000000		4.90984		-2.54153
	7920.00000000		5.01407		-2.48650
	7925.00000000		4.96699		-2.42319
	7930.00000000		4.89833		-2.41071
	7935.00000000		4.89941		-2.47323
	7940.00000000		4.93692		-2.53848
	7945.00000000		4.98897		-2.60999
	7950.00000000		5.00026		-2.65466
	7955.00000000		4.95359		-2.71743
	7960.00000000		4.97283		-2.80342
	7965.00000000		5.02257		-2.85885
	7970.00000000		4.92864		-2.91561
	7975.00000000		4.87278		-2.92003
	7980.00000000		4.84003		-2.92676
	7985.00000000		4.87299		-2.95370
	7990.00000000		4.97957		-2.96633
	7995.00000000		4.99561		-2.97340
	8000.00000000		4.88888		-2.88199
	8005.00000000		4.88391		-2.77222
	8010.00000000		4.99275		-2.68017
	8015.00000000		4.97585		-2.62430
	8020.00000000		4.85933		-2.65669
	8025.00000000		4.80307		-2.68731
	8030.00000000		4.83473		-2.74401
	8035.00000000		4.93187		-2.77597
	8040.00000000		5.03361		-2.77344
	8045.00000000		4.90800		-2.78693
	8050.00000000		4.80971		-2.78103
	8055.00000000		4.77940		-2.81739
	8060.00000000		4.83934		-2.84830
	8065.00000000		4.94984		-2.84932
	8070.00000000		5.02191		-2.82777
	8075.00000000		4.92113		-2.75301
	8080.00000000		4.89427		-2.70482
	8085.00000000		4.96185		-2.64493
	8090.00000000		5.01461		-2.60561
	8095.00000000		4.90330		-2.58252
	8100.00000000		4.82043		-2.52969
	8105.00000000		4.74879		-2.50239
	8110.00000000		4.72830		-2.47052
	8115.00000000		4.74954		-2.47112
	8120.00000000		4.82609		-2.50300
	8125.00000000		4.96370		-2.51482
	8130.00000000		5.00914		-2.54202
	8135.00000000		4.89969		-2.52253
	8140.00000000		4.82845		-2.51050
	8145.00000000		4.81484		-2.50385
	8150.00000000		4.84622		-2.48457
	8155.00000000		4.88620		-2.50483
	8160.00000000		4.93395		-2.48455
	8165.00000000		4.98716		-2.46798
	8170.00000000		5.00483		-2.42112
	8175.00000000		4.95934		-2.34839
	8180.00000000		4.98593		-2.32468
	8185.00000000		5.00481		-2.30772
	8190.00000000		4.95502		-2.34938
	8195.00000000		4.91283		-2.38012
	8200.00000000		4.90457		-2.37698
	8205.00000000		4.93682		-2.37839
	8210.00000000		5.01004		-2.37265
	8215.00000000		4.98272		-2.42992
	8220.00000000		4.91784		-2.47082
	8225.00000000		4.86895		-2.48178
	8230.00000000		4.83963		-2.45687
	8235.00000000		4.85074		-2.38165
	8240.00000000		4.94479		-2.35885
	8245.00000000		5.02274		-2.34250
	8250.00000000		4.95555		-2.34286
	8255.00000000		4.97988		-2.32899
	8260.00000000		5.01043		-2.27688
	8265.00000000		4.95060		-2.26352
	8270.00000000		4.92987		-2.23015
	8275.00000000		4.95816		-2.22292
	8280.00000000		5.00263		-2.23137
	8285.00000000		4.99704		-2.24122
	8290.00000000		5.01456		-2.26774
	8295.00000000		4.98813		-2.26290
	8300.00000000		5.01348		-2.24966
	8305.00000000		4.98282		-2.22606
	8310.00000000		4.98280		-2.21486
	8315.00000000		5.01083		-2.22528
	8320.00000000		4.97018		-2.21586
	8325.00000000		4.94184		-2.18923
	8330.00000000		4.98660		-2.13348
	8335.00000000		4.99711		-2.09829
	8340.00000000		4.90809		-2.12536
	8345.00000000		4.87236		-2.16616
	8350.00000000		4.86375		-2.20193
	8355.00000000		4.86363		-2.17424
	8360.00000000		4.87922		-2.12237
	8365.00000000		4.94109		-2.09176
	8370.00000000		5.03284		-2.10093
	8375.00000000		4.92780		-2.16261
	8380.00000000		4.86276		-2.20055
	8385.00000000		4.85539		-2.20674
	8390.00000000		4.90057		-2.16720
	8395.00000000		5.00435		-2.11769
	8400.00000000		4.98017		-2.10194
	8405.00000000		4.93799		-2.09145
	8410.00000000		4.95920		-2.09758
	8415.00000000		5.02490		-2.09000
	8420.00000000		4.95625		-2.08653
	8425.00000000		4.88303		-2.06707
	8430.00000000		4.87339		-2.02772
	8435.00000000		4.87128		-2.03548
	8440.00000000		4.90839		-2.05642
	8445.00000000		4.99869		-2.09719
	8450.00000000		4.97886		-2.12089
	8455.00000000		4.89438		-2.08969
	8460.00000000		4.86908		-2.06668
	8465.00000000		4.91887		-2.05297
	8470.00000000		4.99975		-2.08535
	8475.00000000		4.98854		-2.12644
	8480.00000000		4.96459		-2.12286
	8485.00000000		5.00970		-2.08596
	8490.00000000		4.98590		-2.02654
	8495.00000000		4.96749		-2.01392
	8500.00000000		4.99581		-2.02606
	8505.00000000		4.99329		-2.04210
	8510.00000000		4.96203		-2.06322
	8515.00000000		4.95477		-2.04634
	8520.00000000		5.02135		-2.03026
	8525.00000000		4.96218		-2.01168
	8530.00000000		4.89309		-2.01887
	8535.00000000		4.88789		-2.06041
	8540.00000000		4.92302		-2.08078
	8545.00000000		4.96253		-2.12004
	8550.00000000		5.00424		-2.13123
	8555.00000000		5.00128		-2.12635
	8560.00000000		5.01155		-2.11929
	8565.00000000		4.98309		-2.09559
	8570.00000000		5.01107		-2.10212
	8575.00000000		4.96887		-2.10262
	8580.00000000		4.89326		-2.08905
	8585.00000000		4.82423		-2.06714
	8590.00000000		4.79141		-2.01006
	8595.00000000		4.86058		-1.98982
	8600.00000000		5.02010		-1.97519
	8605.00000000		4.94387		-1.99856
	8610.00000000		4.80411		-2.02664
	8615.00000000		4.68591		-2.01280
	8620.00000000		4.62650		-2.00552
	8625.00000000		4.62614		-1.98603
	8630.00000000		4.67465		-2.01534
	8635.00000000		4.75979		-2.06875
	8640.00000000		4.86712		-2.08589
	8645.00000000		4.96763		-2.09768
	8650.00000000		5.01674		-2.06222
	8655.00000000		4.92969		-2.04196
	8660.00000000		4.91847		-2.01931
	8665.00000000		4.97256		-1.99457
	8670.00000000		5.01050		-2.00772
	8675.00000000		4.94803		-2.00802
	8680.00000000		4.89077		-2.00929
	8685.00000000		4.86076		-2.00315
	8690.00000000		4.91698		-1.98745
	8695.00000000		4.99989		-2.00900
	8700.00000000		4.98513		-2.03932
	8705.00000000		4.90161		-2.09353
	8710.00000000		4.84398		-2.13542
	8715.00000000		4.83432		-2.13584
	8720.00000000		4.84559		-2.14161
	8725.00000000		4.87559		-2.12792
	8730.00000000		4.95062		-2.15601
	8735.00000000		5.02336		-2.18056
	8740.00000000		4.94183		-2.17246
	8745.00000000		4.90446		-2.15416
	8750.00000000		4.92519		-2.09052
	8755.00000000		4.98170		-2.08001
	8760.00000000		5.00048		-2.09243
	8765.00000000		4.95059		-2.12045
	8770.00000000		4.95051		-2.16833
	8775.00000000		4.97180		-2.15401
	8780.00000000		5.02364		-2.14669
	8785.00000000		4.93803		-2.14031
	8790.00000000		4.91221		-2.14698
	8795.00000000		4.89324		-2.20575
	8800.00000000		4.86173		-2.24093
	8805.00000000		4.89702		-2.27199
	8810.00000000		5.01357		-2.24251
	8815.00000000		4.96743		-2.18812
	8820.00000000		4.90213		-2.16246
	8825.00000000		4.91935		-2.13406
	8830.00000000		4.96601		-2.14067
	8835.00000000		4.95915		-2.10899
	8840.00000000		4.98394		-2.05579
	8845.00000000		5.01007		-1.99486
	8850.00000000		4.93405		-1.92875
	8855.00000000		4.90411		-1.94642
	8860.00000000		4.92876		-1.96298
	8865.00000000		4.96778		-1.98434
	8870.00000000		4.96297		-1.99432
	8875.00000000		4.94367		-1.94551
	8880.00000000		4.97339		-1.92627
	8885.00000000		5.02041		-1.90944
	8890.00000000		4.93735		-1.95749
	8895.00000000		4.92090		-2.02361
	8900.00000000		4.96083		-2.02595
	8905.00000000		4.99340		-1.99150
	8910.00000000		5.00138		-1.87961
	8915.00000000		4.98810		-1.81302
	8920.00000000		5.01805		-1.81814
	8925.00000000		4.97279		-1.84285
	8930.00000000		4.95189		-1.87802
	8935.00000000		4.94977		-1.84755
	8940.00000000		4.91637		-1.79284
	8945.00000000		4.91181		-1.72569
	8950.00000000		4.94881		-1.69324
	8955.00000000		5.02472		-1.74873
	8960.00000000		4.96679		-1.82516
	8965.00000000		4.89380		-1.90946
	8970.00000000		4.88019		-1.93118
	8975.00000000		4.89011		-1.89246
	8980.00000000		4.90141		-1.88839
	8985.00000000		4.93210		-1.89082
	8990.00000000		4.99044		-1.93679
	8995.00000000		4.99992		-1.97109
	9000.00000000		4.94066		-1.93830
	9005.00000000		4.94987		-1.88515
	9010.00000000		5.01394		-1.81913
	9015.00000000		4.96940		-1.82481
	9020.00000000		4.92217		-1.88287
	9025.00000000		4.90033		-1.95544
	9030.00000000		4.93144		-2.00625
	9035.00000000		5.01283		-1.97003
	9040.00000000		4.96982		-1.93913
	9045.00000000		4.87860		-1.94336
	9050.00000000		4.78955		-2.02686
	9055.00000000		4.76649		-2.16128
	9060.00000000		4.81613		-2.25588
	9065.00000000		4.90528		-2.30451
	9070.00000000		5.02771		-2.26156
	9075.00000000		4.95888		-2.22828
	9080.00000000		4.90212		-2.24335
	9085.00000000		4.88828		-2.28075
	9090.00000000		4.92109		-2.35267
	9095.00000000		4.95770		-2.35906
	9100.00000000		5.00203		-2.32370
	9105.00000000		4.99175		-2.27322
	9110.00000000		4.99690		-2.22978
	9115.00000000		4.99893		-2.28028
	9120.00000000		4.93242		-2.36359
	9125.00000000		4.87914		-2.44463
	9130.00000000		4.83916		-2.48409
	9135.00000000		4.84033		-2.46969
	9140.00000000		4.89911		-2.46510
	9145.00000000		4.99250		-2.47601
	9150.00000000		4.99064		-2.53480
	9155.00000000		4.90001		-2.60924
	9160.00000000		4.86660		-2.64767
	9165.00000000		4.86756		-2.64017
	9170.00000000		4.88921		-2.56792
	9175.00000000		4.94296		-2.51616
	9180.00000000		5.03399		-2.49952
	9185.00000000		4.94147		-2.50936
	9190.00000000		4.88946		-2.52402
	9195.00000000		4.88353		-2.48895
	9200.00000000		4.88397		-2.45680
	9205.00000000		4.86625		-2.44724
	9210.00000000		4.87345		-2.47493
	9215.00000000		4.95691		-2.54092
	9220.00000000		5.01914		-2.58410
	9225.00000000		4.91241		-2.58957
	9230.00000000		4.86472		-2.56017
	9235.00000000		4.88233		-2.54530
	9240.00000000		4.94840		-2.57024
	9245.00000000		5.01004		-2.61462
	9250.00000000		4.97748		-2.64437
	9255.00000000		4.94486		-2.62145
	9260.00000000		5.00681		-2.56637
	9265.00000000		4.97615		-2.49816
	9270.00000000		4.88340		-2.44586
	9275.00000000		4.82559		-2.42608
	9280.00000000		4.79567		-2.41513
	9285.00000000		4.79544		-2.42043
	9290.00000000		4.85369		-2.41319
	9295.00000000		4.97113		-2.38578
	9300.00000000		4.99731		-2.37713
	9305.00000000		4.85098		-2.38703
	9310.00000000		4.77167		-2.42958
	9315.00000000		4.77320		-2.46869
	9320.00000000		4.84136		-2.47319
	9325.00000000		4.93906		-2.45115
	9330.00000000		5.02241		-2.41421
	9335.00000000		4.94361		-2.42301
	9340.00000000		4.92934		-2.45431
	9345.00000000		5.01948		-2.47958
	9350.00000000		4.95785		-2.46520
	9355.00000000		4.85737		-2.38870
	9360.00000000		4.78159		-2.29700
	9365.00000000		4.71124		-2.22992
	9370.00000000		4.63986		-2.25146
	9375.00000000		4.58045		-2.32986
	9380.00000000		4.61234		-2.36222
	9385.00000000		4.72733		-2.35428
	9390.00000000		4.87825		-2.31471
	9395.00000000		5.03643		-2.30770
	9400.00000000		4.92356		-2.33560
	9405.00000000		4.83531		-2.36678
	9410.00000000		4.82484		-2.41884
	9415.00000000		4.89324		-2.46280
	9420.00000000		5.01401		-2.51872
	9425.00000000		4.96162		-2.54761
	9430.00000000		4.84301		-2.53046
	9435.00000000		4.75990		-2.50122
	9440.00000000		4.77640		-2.42953
	9445.00000000		4.89812		-2.37431
	9450.00000000		5.03268		-2.34427
	9455.00000000		4.92692		-2.33596
	9460.00000000		4.79012		-2.33626
	9465.00000000		4.70347		-2.30915
	9470.00000000		4.66454		-2.32633
	9475.00000000		4.70392		-2.34849
	9480.00000000		4.82437		-2.35289
	9485.00000000		4.94494		-2.35428
	9490.00000000		5.02926		-2.34664
	9495.00000000		4.92355		-2.41213
	9500.00000000		4.88719		-2.51526
	9505.00000000		4.94413		-2.60755
	9510.00000000		5.01781		-2.65895
	9515.00000000		4.95904		-2.63413
	9520.00000000		4.89593		-2.58696
	9525.00000000		4.90169		-2.53122
	9530.00000000		4.98788		-2.50787
	9535.00000000		4.99607		-2.51367
	9540.00000000		4.91274		-2.51218
	9545.00000000		4.83954		-2.52349
	9550.00000000		4.78754		-2.51956
	9555.00000000		4.76130		-2.52141
	9560.00000000		4.76110		-2.51241
	9565.00000000		4.78533		-2.48183
	9570.00000000		4.83088		-2.45477
	9575.00000000		4.91472		-2.42365
	9580.00000000		5.01644		-2.45483
	9585.00000000		4.97470		-2.53458
	9590.00000000		4.94855		-2.61095
	9595.00000000		4.97740		-2.67403
	9600.00000000		5.00995		-2.67590
	9605.00000000		4.94881		-2.66975
	9610.00000000		4.91511		-2.63724
	9615.00000000		4.92262		-2.59755
	9620.00000000		4.98194		-2.56740
	9625.00000000		5.00368		-2.53412
	9630.00000000		4.92418		-2.54571
	9635.00000000		4.90768		-2.53957
	9640.00000000		4.92534		-2.52915
	9645.00000000		4.94300		-2.49979
	9650.00000000		4.98829		-2.43925
	9655.00000000		5.00184		-2.42642
	9660.00000000		4.93784		-2.41718
	9665.00000000		4.94457		-2.43652
	9670.00000000		5.00459		-2.46194
	9675.00000000		4.98748		-2.47974
	9680.00000000		4.97269		-2.54186
	9685.00000000		5.00022		-2.57175
	9690.00000000		4.99777		-2.59799
	9695.00000000		4.97461		-2.58513
	9700.00000000		4.99597		-2.52534
	9705.00000000		4.99325		-2.50703
	9710.00000000		4.92981		-2.48722
	9715.00000000		4.95965		-2.49574
	9720.00000000		5.02051		-2.48543
	9725.00000000		4.97095		-2.45325
	9730.00000000		5.00416		-2.43089
	9735.00000000		4.99134		-2.40010
	9740.00000000		4.97474		-2.40350
	9745.00000000		4.97746		-2.37880
	9750.00000000		5.00936		-2.34241
	9755.00000000		4.98639		-2.32661
	9760.00000000		4.98125		-2.30863
	9765.00000000		5.01617		-2.32501
	9770.00000000		4.95554		-2.34093
	9775.00000000		4.94351		-2.35181
	9780.00000000		4.98196		-2.34331
	9785.00000000		5.00920		-2.30969
	9790.00000000		4.96410		-2.28316
	9795.00000000		4.95550		-2.24350
	9800.00000000		4.97498		-2.22516
	9805.00000000		4.99929		-2.22467
	9810.00000000		4.99643		-2.24962
	9815.00000000		4.99109		-2.29226
	9820.00000000		5.01020		-2.29081
	9825.00000000		4.97427		-2.26913
	9830.00000000		4.98752		-2.22302
	9835.00000000		5.00120		-2.19885
	9840.00000000		4.97738		-2.23434
	9845.00000000		4.97315		-2.27735
	9850.00000000		5.00948		-2.31051
	9855.00000000		4.99665		-2.30490
	9860.00000000		5.00361		-2.29210
	9865.00000000		4.99878		-2.33374
	9870.00000000		5.00682		-2.37749
	9875.00000000		4.97710		-2.42514
	9880.00000000		4.96085		-2.42690
	9885.00000000		4.96869		-2.37130
	9890.00000000		5.01923		-2.33246
	9895.00000000		4.97867		-2.32923
	9900.00000000		4.92329		-2.38054
	9905.00000000		4.90375		-2.43675
	9910.00000000		4.91500		-2.42695
	9915.00000000		4.94974		-2.39169
	9920.00000000		5.03096		-2.33532
	9925.00000000		4.96296		-2.31831
	9930.00000000		4.98136		-2.31892
	9935.00000000		5.00466		-2.31363
	9940.00000000		4.92496		-2.33806
	9945.00000000		4.90133		-2.33905
	9950.00000000		4.93428		-2.33760
	9955.00000000		5.00495		-2.31522
	9960.00000000		4.98252		-2.27821
	9965.00000000		4.97293		-2.27294
	9970.00000000		5.02301		-2.26881
	9975.00000000		4.96015		-2.29383
	9980.00000000		4.95580		-2.28099
	9985.00000000		5.00926		-2.21516
	9990.00000000		4.98596		-2.17098
	9995.00000000		4.98025		-2.14359
	10000.00000000		5.01573		-2.18503
	10005.00000000		4.96746		-2.20903
	10010.00000000		4.94982		-2.17773
	10015.00000000		4.94645		-2.10380
	10020.00000000		4.96643		-2.01185
	10025.00000000		5.02984		-1.99271
	10030.00000000		4.96024		-2.03964
	10035.00000000		5.00577		-2.11467
	10040.00000000		4.98048		-2.14519
	10045.00000000		4.93834		-2.06554
	10050.00000000		4.95602		-1.96403
	10055.00000000		4.99745		-1.89788
	10060.00000000		4.99330		-1.94827
	10065.00000000		4.99693		-2.02011
	10070.00000000		5.00436		-2.05132
	10075.00000000		4.97176		-2.03597
	10080.00000000		5.01476		-1.96097
	10085.00000000		4.98312		-1.91794
	10090.00000000		4.97660		-1.88588
	10095.00000000		5.01492		-1.85853
	10100.00000000		4.94003		-1.85378
	10105.00000000		4.90867		-1.81426
	10110.00000000		4.94583		-1.77173
	10115.00000000		5.00296		-1.72145
	10120.00000000		4.98844		-1.68774
	10125.00000000		4.96614		-1.69614
	10130.00000000		5.00067		-1.70688
	10135.00000000		4.99303		-1.74196
	10140.00000000		4.97376		-1.74968
	10145.00000000		5.00377		-1.73907
	10150.00000000		4.99382		-1.74962
	10155.00000000		4.97448		-1.77909
	10160.00000000		4.98932		-1.85304
	10165.00000000		5.00438		-1.89468
	10170.00000000		4.96335		-1.90757
	10175.00000000		4.99423		-1.88510
	10180.00000000		4.99415		-1.83808
	10185.00000000		4.94925		-1.84087
	10190.00000000		4.97089		-1.83210
	10195.00000000		5.02172		-1.82653
	10200.00000000		4.96741		-1.82575
	10205.00000000		4.95637		-1.78471
	10210.00000000		4.99275		-1.77452
	10215.00000000		4.99541		-1.78661
	10220.00000000		4.91638		-1.84928
	10225.00000000		4.88209		-1.92388
	10230.00000000		4.89720		-1.94108
	10235.00000000		4.95382		-1.95543
	10240.00000000		5.02224		-1.95865
	10245.00000000		4.96269		-2.00354
	10250.00000000		4.94277		-2.06079
	10255.00000000		4.99113		-2.09329
	10260.00000000		4.99612		-2.12690
	10265.00000000		4.93312		-2.11491
	10270.00000000		4.86830		-2.09633
	10275.00000000		4.80849		-2.09925
	10280.00000000		4.80000		-2.12813
	10285.00000000		4.90802		-2.21277
	10290.00000000		5.05129		-2.26940
	10295.00000000		4.88700		-2.31978
	10300.00000000		4.81008		-2.36002
	10305.00000000		4.81707		-2.39021
	10310.00000000		4.89383		-2.45403
	10315.00000000		5.01728		-2.47658
	10320.00000000		4.97325		-2.50749
	10325.00000000		4.90969		-2.52370
	10330.00000000		4.92494		-2.50545
	10335.00000000		5.01330		-2.49089
	10340.00000000		4.97648		-2.44748
	10345.00000000		4.97868		-2.41409
	10350.00000000		5.01623		-2.37461
	10355.00000000		4.98644		-2.35729
	10360.00000000		5.01216		-2.34097
	10365.00000000		4.96457		-2.29595
	10370.00000000		4.92619		-2.27325
	10375.00000000		4.95579		-2.24846
	10380.00000000		5.02020		-2.24007
	10385.00000000		4.97399		-2.23621
	10390.00000000		4.94118		-2.21005
	10395.00000000		4.93471		-2.19366
	10400.00000000		4.98498		-2.16470
	10405.00000000		5.00077		-2.18109
	10410.00000000		4.96581		-2.21721
	10415.00000000		4.98381		-2.21384
	10420.00000000		5.01926		-2.18315
	10425.00000000		4.98129		-2.12463
	10430.00000000		4.93667		-2.09944
	10435.00000000		4.95097		-2.09621
	10440.00000000		4.98721		-2.09688
	10445.00000000		5.00977		-2.09101
	10450.00000000		4.99685		-2.04902
	10455.00000000		5.00655		-1.99562
	10460.00000000		5.00546		-1.94678
	10465.00000000		4.99294		-1.92082
	10470.00000000		4.98280		-1.90135
	10475.00000000		5.00733		-1.85160
	10480.00000000		4.98761		-1.82305
	10485.00000000		4.96800		-1.81563
	10490.00000000		4.97876		-1.84216
	10495.00000000		5.01361		-1.87483
	10500.00000000		4.98071		-1.87375
	10505.00000000		4.98755		-1.87362
	10510.00000000		5.01789		-1.86040
	10515.00000000		4.99660		-1.87067
	10520.00000000		5.00916		-1.87771
	10525.00000000		5.00490		-1.86033
	10530.00000000		4.99305		-1.87672
	10535.00000000		4.98819		-1.89910
	10540.00000000		5.00371		-1.94945
	10545.00000000		4.97559		-1.98597
	10550.00000000		4.98773		-1.95068
	10555.00000000		5.00850		-1.90364
	10560.00000000		4.96871		-1.87231
	10565.00000000		4.98345		-1.90705
	10570.00000000		5.01604		-1.97170
	10575.00000000		4.98861		-2.02586
	10580.00000000		5.00623		-2.06961
	10585.00000000		4.99146		-2.08232
	10590.00000000		4.99834		-2.10727
	10595.00000000		5.00320		-2.13688
	10600.00000000		4.98660		-2.14835
	10605.00000000		5.00809		-2.14674
	10610.00000000		4.98032		-2.15034
	10615.00000000		5.01771		-2.17484
	10620.00000000		4.99343		-2.22071
	10625.00000000		5.01339		-2.25260
	10630.00000000		4.99346		-2.27444
	10635.00000000		5.00967		-2.28543
	10640.00000000		4.97879		-2.32155
	10645.00000000		5.01537		-2.37756
	10650.00000000		4.98160		-2.43899
	10655.00000000		4.99928		-2.47419
	10660.00000000		4.99253		-2.48996
	10665.00000000		4.93434		-2.52591
	10670.00000000		4.95601		-2.60550
	10675.00000000		5.02768		-2.69470
	10680.00000000		4.95179		-2.74518
	10685.00000000		4.97580		-2.71092
	10690.00000000		5.00000		-2.65259
	10695.00000000		5.00238		-2.64603
	10700.00000000		5.00961		-2.71337
	10705.00000000		4.99552		-2.82165
	10710.00000000		4.95859		-2.87652
	10715.00000000		4.94507		-2.85389
	10720.00000000		5.03294		-2.81855
	10725.00000000		4.92873		-2.83524
	10730.00000000		4.90275		-2.92969
	10735.00000000		4.92828		-3.04556
	10740.00000000		4.99156		-3.10531
	10745.00000000		4.98749		-3.13202
	10750.00000000		4.91460		3.12097
	10755.00000000		4.90762		3.07468
	10760.00000000		4.91528		3.01977
	10765.00000000		4.99751		3.00504
	10770.00000000		4.98398		3.02711
	10775.00000000		4.92943		3.05472
	10780.00000000		4.97407		3.06832
	10785.00000000		5.01248		3.04791
	10790.00000000		4.97246		3.03076
	10795.00000000		4.95243		3.02904
	10800.00000000		4.94506		3.02506
	10805.00000000		4.95700		3.03409
	10810.00000000		5.00928		3.03262
	10815.00000000		4.98393		3.03825
	10820.00000001		4.92605		3.04187
	10825.00000001		4.90994		3.02008
	10830.00000001		4.95326		2.98997
	10835.00000001		5.01610		2.93255
	10840.00000001		4.98268		2.89028
	10845.00000001		4.98056		2.87872
	10850.00000001		5.02165		2.88275
	10855.00000001		4.97533		2.91711
	10860.00000001		4.99157		2.91721
	10865.00000001		5.00057		2.89956
	10870.00000001		4.96338		2.87685
	10875.00000001		4.95658		2.85955
	10880.00000001		5.01847		2.88183
	10885.00000001		4.97418		2.88201
	10890.00000001		4.99195		2.87052
	10895.00000001		4.99928		2.82641
	10900.00000001		4.96458		2.77217
	10905.00000001		4.99068		2.75303
	10910.00000001		5.00184		2.73461
	10915.00000001		4.94541		2.72050
	10920.00000001		4.92952		2.66241
	10925.00000001		4.98100		2.59031
	10930.00000001		5.01113		2.54174
	10935.00000001		4.95905		2.50450
	10940.00000001		4.97163		2.50432
	10945.00000001		5.02816		2.48083
	10950.00000001		4.95070		2.44687
	10955.00000001		4.92434		2.41296
	10960.00000001		4.94669		2.35666
	10965.00000001		4.98350		2.33000
	10970.00000001		5.01349		2.28731
	10975.00000001		4.94879		2.24353
	10980.00000001		4.95100		2.21211
	10985.00000001		5.02818		2.18390
	10990.00000001		4.96782		2.20029
	10995.00000001		4.98086		2.19273
	11000.00000001		5.00659		2.16825
	11005.00000001		4.96546		2.14245
	11010.00000001		4.93759		2.14732
	11015.00000001		4.93788		2.20705
	11020.00000001		4.97431		2.24659
	11025.00000001		5.01280		2.26924
	11030.00000001		4.95697		2.25513
	11035.00000001		4.92602		2.22806
	11040.00000001		4.94219		2.24633
	11045.00000001		5.01022		2.26221
	11050.00000001		4.98283		2.27275
	11055.00000001		4.93778		2.23387
	11060.00000001		4.93257		2.14787
	11065.00000001		4.95858		2.08583
	11070.00000001		4.98697		2.05251
	11075.00000001		5.00489		2.05980
	11080.00000001		4.98154		2.07303
	11085.00000001		4.99449		2.04314
	11090.00000001		5.00612		2.00187
	11095.00000001		4.99225		1.95840
	11100.00000001		5.00717		1.95852
	11105.00000001		4.96140		1.99409
	11110.00000001		4.96359		2.01523
	11115.00000001		5.01901		2.03070
	11120.00000001		4.96733		2.03467
	11125.00000001		4.92855		2.04217
	11130.00000001		4.93694		2.04055
	11135.00000001		4.96112		2.01090
	11140.00000001		4.99672		1.98516
	11145.00000001		4.99771		1.93400
	11150.00000001		4.99576		1.89896
	11155.00000001		5.00404		1.87420
	11160.00000001		4.99053		1.84123
	11165.00000001		5.00868		1.80189
	11170.00000001		4.96875		1.74320
	11175.00000001		4.94177		1.70891
	11180.00000001		4.94016		1.68639
	11185.00000001		4.98022		1.65754
	11190.00000001		5.00997		1.63707
	11195.00000001		4.96979		1.60466
	11200.00000001		5.01871		1.60698
	11205.00000001		4.97767		1.63017
	11210.00000001		4.96857		1.64968
	11215.00000001		4.99865		1.62216
	11220.00000001		4.99871		1.52800
	11225.00000001		4.99408		1.45326
	11230.00000001		5.01075		1.38894
	11235.00000001		5.00731		1.36687
	11240.00000001		5.00165		1.34331
	11245.00000001		5.01046		1.27475
	11250.00000001		4.99418		1.20738
	11255.00000001		5.00827		1.11263
	11260.00000001		4.98240		1.07790
	11265.00000001		4.96436		1.06983
	11270.00000001		4.99349		1.06341
	11275.00000001		5.00427		1.08172
	11280.00000001		4.99926		1.06671
	11285.00000001		4.99468		1.07492
	11290.00000001		4.95655		1.09622
	11295.00000001		4.96286		1.11230
	11300.00000001		5.00049		1.12705
	11305.00000001		4.99288		1.08924
	11310.00000001		4.97233		1.03988
	11315.00000001		5.00424		0.96858
	11320.00000001		4.98997		0.91246
	11325.00000001		4.96137		0.88462
	11330.00000001		4.98541		0.85340
	11335.00000001		5.00833		0.83647
	11340.00000001		4.95552		0.78523
	11345.00000001		4.94821		0.72425
	11350.00000001		4.97741		0.69256
	11355.00000001		5.01195		0.69473
	11360.00000001		4.98244		0.75137
	11365.00000001		5.00865		0.79804
	11370.00000001		4.99482		0.84526
	11375.00000001		5.01534		0.87373
	11380.00000001		4.98333		0.87423
	11385.00000001		4.96572		0.88103
	11390.00000001		4.95611		0.88069
	11395.00000001		4.95052		0.88874
	11400.00000001		4.97783		0.87227
	11405.00000001		5.01690		0.81131
	11410.00000001		4.98239		0.73729
	11415.00000001		5.01731		0.64824
	11420.00000001		4.96876		0.60787
	11425.00000001		4.95322		0.58533
	11430.00000001		4.96136		0.57152
	11435.00000001		5.00051		0.54709
	11440.00000001		4.98808		0.49136
	11445.00000001		4.95354		0.47112
	11450.00000001		4.97515		0.47979
	11455.00000001		5.01843		0.54886
	11460.00000001		4.98555		0.63249
	11465.00000001		5.02048		0.67670
	11470.00000001		4.97087		0.69589
	11475.00000001		4.95688		0.61990
	11480.00000001		4.95341		0.53824
	11485.00000001		4.98265		0.49959
